-1589.9 0
-1589.7 3
-1589.5 5
-1589.3 3
-1589.1 1
-1588.9 3
-1588.7 1
-1588.5 3
-1588.3 5
-1588.1 0
-1587.9 6
-1587.7 4
-1587.5 1
-1587.3 1
-1587.1 0
-1586.9 0
-1586.7 2
-1586.5 2
-1586.3 3
-1586.1 2
-1585.9 2
-1585.7 2
-1585.5 2
-1585.3 1
-1585.1 3
-1584.9 2
-1584.7 3
-1584.5 5
-1584.3 1
-1584.1 2
-1583.9 3
-1583.7 4
-1583.5 4
-1583.3 3
-1583.1 2
-1582.9 1
-1582.7 3
-1582.5 2
-1582.3 6
-1582.1 4
-1581.9 5
-1581.7 1
-1581.5 0
-1581.3 2
-1581.1 1
-1580.9 6
-1580.7 5
-1580.5 5
-1580.3 1
-1580.1 1
-1579.9 3
-1579.7 3
-1579.5 6
-1579.3 5
-1579.1 7
-1578.9 4
-1578.7 6
-1578.5 3
-1578.3 12
-1578.1 3
-1577.9 8
-1577.7 10
-1577.5 10
-1577.3 12
-1577.1 16
-1576.9 23
-1576.7 32
-1576.5 24
-1576.3 31
-1576.1 42
-1575.9 56
-1575.7 29
-1575.5 76
-1575.3 57
-1575.1 75
-1574.9 80
-1574.7 92
-1574.5 94
-1574.3 99
-1574.1 116
-1573.9 153
-1573.7 152
-1573.5 160
-1573.3 177
-1573.1 185
-1572.9 219
-1572.7 192
-1572.5 193
-1572.3 240
-1572.1 221
-1571.9 256
-1571.7 280
-1571.5 321
-1571.3 297
-1571.1 361
-1570.9 358
-1570.7 399
-1570.5 444
-1570.3 428
-1570.1 462
-1569.9 483
-1569.7 489
-1569.5 536
-1569.3 559
-1569.1 606
-1568.9 566
-1568.7 632
-1568.5 652
-1568.3 698
-1568.1 734
-1567.9 709
-1567.7 778
-1567.5 805
-1567.3 800
-1567.1 795
-1566.9 862
-1566.7 896
-1566.5 887
-1566.3 916
-1566.1 923
-1565.9 913
-1565.7 906
-1565.5 1038
-1565.3 1049
-1565.1 1053
-1564.9 1082
-1564.7 1053
-1564.5 1141
-1564.3 1057
-1564.1 1120
-1563.9 1132
-1563.7 1182
-1563.5 1138
-1563.3 1116
-1563.1 1227
-1562.9 1194
-1562.7 1252
-1562.5 1169
-1562.3 1230
-1562.1 1197
-1561.9 1230
-1561.7 1253
-1561.5 1259
-1561.3 1209
-1561.1 1228
-1560.9 1233
-1560.7 1275
-1560.5 1260
-1560.3 1295
-1560.1 1296
-1559.9 1258
-1559.7 1283
-1559.5 1226
-1559.3 1281
-1559.1 1288
-1558.9 1335
-1558.7 1267
-1558.5 1236
-1558.3 1252
-1558.1 1233
-1557.9 1292
-1557.7 1222
-1557.5 1278
-1557.3 1232
-1557.1 1271
-1556.9 1236
-1556.7 1207
-1556.5 1244
-1556.3 1275
-1556.1 1175
-1555.9 1184
-1555.7 1240
-1555.5 1264
-1555.3 1213
-1555.1 1191
-1554.9 1198
-1554.7 1197
-1554.5 1157
-1554.3 1156
-1554.1 1134
-1553.9 1148
-1553.7 1143
-1553.5 1111
-1553.3 1177
-1553.1 1120
-1552.9 1103
-1552.7 1110
-1552.5 1171
-1552.3 1085
-1552.1 1079
-1551.9 1116
-1551.7 1058
-1551.5 1042
-1551.3 1057
-1551.1 1049
-1550.9 1023
-1550.7 1059
-1550.5 1077
-1550.3 1026
-1550.1 1022
-1549.9 1093
-1549.7 1016
-1549.5 997
-1549.3 1051
-1549.1 1006
-1548.9 1051
-1548.7 1054
-1548.5 986
-1548.3 1039
-1548.1 957
-1547.9 1006
-1547.7 968
-1547.5 998
-1547.3 918
-1547.1 951
-1546.9 916
-1546.7 973
-1546.5 989
-1546.3 985
-1546.1 897
-1545.9 930
-1545.7 951
-1545.5 914
-1545.3 976
-1545.1 928
-1544.9 937
-1544.7 925
-1544.5 914
-1544.3 966
-1544.1 986
-1543.9 964
-1543.7 984
-1543.5 967
-1543.3 926
-1543.1 962
-1542.9 946
-1542.7 944
-1542.5 942
-1542.3 926
-1542.1 1000
-1541.9 914
-1541.7 928
-1541.5 943
-1541.3 939
-1541.1 878
-1540.9 952
-1540.7 887
-1540.5 937
-1540.3 974
-1540.1 902
-1539.9 922
-1539.7 941
-1539.5 933
-1539.3 891
-1539.1 925
-1538.9 957
-1538.7 923
-1538.5 836
-1538.3 864
-1538.1 885
-1537.9 885
-1537.7 885
-1537.5 889
-1537.3 912
-1537.1 908
-1536.9 896
-1536.7 915
-1536.5 909
-1536.3 951
-1536.1 865
-1535.9 885
-1535.7 851
-1535.5 944
-1535.3 899
-1535.1 905
-1534.9 934
-1534.7 903
-1534.5 868
-1534.3 894
-1534.1 906
-1533.9 876
-1533.7 900
-1533.5 929
-1533.3 855
-1533.1 889
-1532.9 908
-1532.7 849
-1532.5 906
-1532.3 868
-1532.1 846
-1531.9 897
-1531.7 896
-1531.5 904
-1531.3 868
-1531.1 896
-1530.9 904
-1530.7 873
-1530.5 852
-1530.3 866
-1530.1 870
-1529.9 872
-1529.7 858
-1529.5 870
-1529.3 886
-1529.1 870
-1528.9 968
-1528.7 899
-1528.5 812
-1528.3 837
-1528.1 875
-1527.9 871
-1527.7 872
-1527.5 905
-1527.3 863
-1527.1 852
-1526.9 859
-1526.7 819
-1526.5 918
-1526.3 908
-1526.1 848
-1525.9 877
-1525.7 872
-1525.5 863
-1525.3 848
-1525.1 828
-1524.9 881
-1524.7 862
-1524.5 905
-1524.3 874
-1524.1 909
-1523.9 855
-1523.7 881
-1523.5 847
-1523.3 848
-1523.1 888
-1522.9 895
-1522.7 929
-1522.5 889
-1522.3 898
-1522.1 823
-1521.9 896
-1521.7 900
-1521.5 867
-1521.3 933
-1521.1 859
-1520.9 882
-1520.7 885
-1520.5 890
-1520.3 874
-1520.1 927
-1519.9 813
-1519.7 921
-1519.5 870
-1519.3 831
-1519.1 851
-1518.9 838
-1518.7 900
-1518.5 852
-1518.3 832
-1518.1 873
-1517.9 841
-1517.7 868
-1517.5 798
-1517.3 833
-1517.1 852
-1516.9 859
-1516.7 838
-1516.5 846
-1516.3 822
-1516.1 757
-1515.9 871
-1515.7 845
-1515.5 856
-1515.3 854
-1515.1 789
-1514.9 868
-1514.7 867
-1514.5 823
-1514.3 818
-1514.1 830
-1513.9 871
-1513.7 854
-1513.5 837
-1513.3 832
-1513.1 845
-1512.9 825
-1512.7 800
-1512.5 813
-1512.3 820
-1512.1 787
-1511.9 809
-1511.7 828
-1511.5 743
-1511.3 820
-1511.1 804
-1510.9 816
-1510.7 852
-1510.5 810
-1510.3 799
-1510.1 804
-1509.9 882
-1509.7 800
-1509.5 796
-1509.3 904
-1509.1 859
-1508.9 854
-1508.7 912
-1508.5 865
-1508.3 853
-1508.1 892
-1507.9 887
-1507.7 875
-1507.5 826
-1507.3 935
-1507.1 856
-1506.9 898
-1506.7 913
-1506.5 889
-1506.3 845
-1506.1 955
-1505.9 917
-1505.7 886
-1505.5 916
-1505.3 894
-1505.1 894
-1504.9 914
-1504.7 863
-1504.5 876
-1504.3 907
-1504.1 877
-1503.9 860
-1503.7 908
-1503.5 834
-1503.3 879
-1503.1 840
-1502.9 896
-1502.7 803
-1502.5 854
-1502.3 890
-1502.1 827
-1501.9 826
-1501.7 842
-1501.5 899
-1501.3 786
-1501.1 851
-1500.9 820
-1500.7 814
-1500.5 833
-1500.3 851
-1500.1 851
-1499.9 790
-1499.7 804
-1499.5 803
-1499.3 816
-1499.1 841
-1498.9 851
-1498.7 807
-1498.5 843
-1498.3 841
-1498.1 808
-1497.9 783
-1497.7 793
-1497.5 858
-1497.3 755
-1497.1 816
-1496.9 804
-1496.7 789
-1496.5 844
-1496.3 755
-1496.1 826
-1495.9 821
-1495.7 827
-1495.5 810
-1495.3 835
-1495.1 851
-1494.9 837
-1494.7 820
-1494.5 891
-1494.3 816
-1494.1 859
-1493.9 831
-1493.7 849
-1493.5 917
-1493.3 831
-1493.1 856
-1492.9 875
-1492.7 900
-1492.5 896
-1492.3 846
-1492.1 886
-1491.9 893
-1491.7 864
-1491.5 852
-1491.3 902
-1491.1 946
-1490.9 875
-1490.7 886
-1490.5 878
-1490.3 931
-1490.1 897
-1489.9 894
-1489.7 894
-1489.5 897
-1489.3 965
-1489.1 938
-1488.9 889
-1488.7 928
-1488.5 960
-1488.3 932
-1488.1 910
-1487.9 957
-1487.7 954
-1487.5 935
-1487.3 932
-1487.1 951
-1486.9 919
-1486.7 945
-1486.5 866
-1486.3 898
-1486.1 928
-1485.9 871
-1485.7 905
-1485.5 921
-1485.3 934
-1485.1 894
-1484.9 874
-1484.7 871
-1484.5 840
-1484.3 885
-1484.1 885
-1483.9 907
-1483.7 886
-1483.5 904
-1483.3 821
-1483.1 881
-1482.9 880
-1482.7 871
-1482.5 901
-1482.3 803
-1482.1 811
-1481.9 847
-1481.7 857
-1481.5 832
-1481.3 790
-1481.1 829
-1480.9 871
-1480.7 822
-1480.5 810
-1480.3 882
-1480.1 812
-1479.9 796
-1479.7 798
-1479.5 829
-1479.3 837
-1479.1 791
-1478.9 777
-1478.7 812
-1478.5 804
-1478.3 822
-1478.1 801
-1477.9 822
-1477.7 867
-1477.5 847
-1477.3 869
-1477.1 914
-1476.9 842
-1476.7 878
-1476.5 871
-1476.3 869
-1476.1 884
-1475.9 888
-1475.7 881
-1475.5 935
-1475.3 883
-1475.1 936
-1474.9 909
-1474.7 882
-1474.5 945
-1474.3 926
-1474.1 926
-1473.9 932
-1473.7 924
-1473.5 982
-1473.3 967
-1473.1 900
-1472.9 917
-1472.7 898
-1472.5 867
-1472.3 946
-1472.1 924
-1471.9 940
-1471.7 919
-1471.5 975
-1471.3 935
-1471.1 962
-1470.9 936
-1470.7 915
-1470.5 925
-1470.3 946
-1470.1 918
-1469.9 869
-1469.7 923
-1469.5 937
-1469.3 910
-1469.1 959
-1468.9 859
-1468.7 890
-1468.5 919
-1468.3 838
-1468.1 874
-1467.9 888
-1467.7 875
-1467.5 861
-1467.3 873
-1467.1 833
-1466.9 938
-1466.7 847
-1466.5 800
-1466.3 847
-1466.1 800
-1465.9 869
-1465.7 793
-1465.5 772
-1465.3 852
-1465.1 816
-1464.9 842
-1464.7 847
-1464.5 905
-1464.3 857
-1464.1 812
-1463.9 846
-1463.7 786
-1463.5 866
-1463.3 877
-1463.1 834
-1462.9 842
-1462.7 862
-1462.5 785
-1462.3 835
-1462.1 822
-1461.9 852
-1461.7 869
-1461.5 871
-1461.3 810
-1461.1 824
-1460.9 880
-1460.7 816
-1460.5 853
-1460.3 859
-1460.1 884
-1459.9 847
-1459.7 860
-1459.5 897
-1459.3 899
-1459.1 827
-1458.9 872
-1458.7 858
-1458.5 903
-1458.3 927
-1458.1 923
-1457.9 873
-1457.7 912
-1457.5 937
-1457.3 901
-1457.1 919
-1456.9 936
-1456.7 888
-1456.5 914
-1456.3 938
-1456.1 922
-1455.9 928
-1455.7 910
-1455.5 925
-1455.3 996
-1455.1 880
-1454.9 905
-1454.7 875
-1454.5 858
-1454.3 902
-1454.1 937
-1453.9 920
-1453.7 929
-1453.5 902
-1453.3 958
-1453.1 928
-1452.9 899
-1452.7 880
-1452.5 846
-1452.3 884
-1452.1 864
-1451.9 953
-1451.7 917
-1451.5 908
-1451.3 873
-1451.1 926
-1450.9 886
-1450.7 891
-1450.5 924
-1450.3 895
-1450.1 946
-1449.9 901
-1449.7 834
-1449.5 860
-1449.3 862
-1449.1 899
-1448.9 889
-1448.7 883
-1448.5 886
-1448.3 933
-1448.1 787
-1447.9 879
-1447.7 902
-1447.5 841
-1447.3 858
-1447.1 895
-1446.9 878
-1446.7 876
-1446.5 888
-1446.3 865
-1446.1 850
-1445.9 872
-1445.7 888
-1445.5 842
-1445.3 838
-1445.1 795
-1444.9 881
-1444.7 852
-1444.5 822
-1444.3 818
-1444.1 878
-1443.9 831
-1443.7 877
-1443.5 880
-1443.3 837
-1443.1 839
-1442.9 795
-1442.7 833
-1442.5 870
-1442.3 879
-1442.1 874
-1441.9 850
-1441.7 831
-1441.5 813
-1441.3 916
-1441.1 900
-1440.9 810
-1440.7 852
-1440.5 814
-1440.3 859
-1440.1 816
-1439.9 833
-1439.7 891
-1439.5 840
-1439.3 828
-1439.1 861
-1438.9 873
-1438.7 890
-1438.5 878
-1438.3 851
-1438.1 871
-1437.9 897
-1437.7 881
-1437.5 827
-1437.3 916
-1437.1 832
-1436.9 841
-1436.7 848
-1436.5 925
-1436.3 878
-1436.1 944
-1435.9 906
-1435.7 902
-1435.5 913
-1435.3 947
-1435.1 931
-1434.9 891
-1434.7 930
-1434.5 897
-1434.3 928
-1434.1 953
-1433.9 909
-1433.7 938
-1433.5 920
-1433.3 924
-1433.1 909
-1432.9 924
-1432.7 890
-1432.5 887
-1432.3 886
-1432.1 967
-1431.9 913
-1431.7 883
-1431.5 896
-1431.3 893
-1431.1 859
-1430.9 909
-1430.7 827
-1430.5 858
-1430.3 862
-1430.1 853
-1429.9 855
-1429.7 896
-1429.5 859
-1429.3 865
-1429.1 834
-1428.9 831
-1428.7 869
-1428.5 865
-1428.3 852
-1428.1 876
-1427.9 808
-1427.7 853
-1427.5 823
-1427.3 865
-1427.1 871
-1426.9 875
-1426.7 857
-1426.5 812
-1426.3 889
-1426.1 866
-1425.9 816
-1425.7 793
-1425.5 848
-1425.3 869
-1425.1 890
-1424.9 844
-1424.7 851
-1424.5 919
-1424.3 827
-1424.1 807
-1423.9 838
-1423.7 829
-1423.5 869
-1423.3 898
-1423.1 901
-1422.9 877
-1422.7 836
-1422.5 889
-1422.3 892
-1422.1 885
-1421.9 851
-1421.7 879
-1421.5 827
-1421.3 856
-1421.1 855
-1420.9 857
-1420.7 889
-1420.5 887
-1420.3 908
-1420.1 870
-1419.9 901
-1419.7 892
-1419.5 871
-1419.3 890
-1419.1 936
-1418.9 866
-1418.7 867
-1418.5 878
-1418.3 798
-1418.1 863
-1417.9 880
-1417.7 928
-1417.5 890
-1417.3 886
-1417.1 946
-1416.9 932
-1416.7 839
-1416.5 871
-1416.3 919
-1416.1 947
-1415.9 869
-1415.7 932
-1415.5 884
-1415.3 852
-1415.1 920
-1414.9 934
-1414.7 835
-1414.5 869
-1414.3 885
-1414.1 895
-1413.9 920
-1413.7 915
-1413.5 875
-1413.3 863
-1413.1 875
-1412.9 856
-1412.7 835
-1412.5 842
-1412.3 886
-1412.1 838
-1411.9 855
-1411.7 878
-1411.5 839
-1411.3 865
-1411.1 901
-1410.9 869
-1410.7 839
-1410.5 891
-1410.3 851
-1410.1 807
-1409.9 793
-1409.7 841
-1409.5 884
-1409.3 916
-1409.1 829
-1408.9 819
-1408.7 834
-1408.5 871
-1408.3 887
-1408.1 884
-1407.9 854
-1407.7 890
-1407.5 885
-1407.3 819
-1407.1 822
-1406.9 866
-1406.7 867
-1406.5 842
-1406.3 838
-1406.1 874
-1405.9 750
-1405.7 884
-1405.5 862
-1405.3 875
-1405.1 867
-1404.9 873
-1404.7 843
-1404.5 852
-1404.3 894
-1404.1 812
-1403.9 880
-1403.7 868
-1403.5 888
-1403.3 870
-1403.1 850
-1402.9 837
-1402.7 896
-1402.5 903
-1402.3 887
-1402.1 818
-1401.9 892
-1401.7 877
-1401.5 836
-1401.3 863
-1401.1 871
-1400.9 857
-1400.7 888
-1400.5 860
-1400.3 893
-1400.1 919
-1399.9 870
-1399.7 857
-1399.5 862
-1399.3 860
-1399.1 896
-1398.9 880
-1398.7 916
-1398.5 888
-1398.3 834
-1398.1 886
-1397.9 845
-1397.7 887
-1397.5 929
-1397.3 876
-1397.1 856
-1396.9 892
-1396.7 862
-1396.5 846
-1396.3 893
-1396.1 850
-1395.9 893
-1395.7 874
-1395.5 870
-1395.3 873
-1395.1 933
-1394.9 849
-1394.7 880
-1394.5 913
-1394.3 816
-1394.1 888
-1393.9 903
-1393.7 880
-1393.5 877
-1393.3 912
-1393.1 859
-1392.9 862
-1392.7 908
-1392.5 832
-1392.3 876
-1392.1 839
-1391.9 843
-1391.7 848
-1391.5 846
-1391.3 847
-1391.1 851
-1390.9 870
-1390.7 831
-1390.5 897
-1390.3 849
-1390.1 851
-1389.9 833
-1389.7 805
-1389.5 886
-1389.3 803
-1389.1 801
-1388.9 840
-1388.7 869
-1388.5 872
-1388.3 869
-1388.1 872
-1387.9 840
-1387.7 858
-1387.5 853
-1387.3 835
-1387.1 824
-1386.9 887
-1386.7 865
-1386.5 799
-1386.3 883
-1386.1 805
-1385.9 849
-1385.7 824
-1385.5 843
-1385.3 863
-1385.1 847
-1384.9 883
-1384.7 843
-1384.5 775
-1384.3 858
-1384.1 840
-1383.9 871
-1383.7 867
-1383.5 894
-1383.3 871
-1383.1 861
-1382.9 874
-1382.7 882
-1382.5 889
-1382.3 851
-1382.1 866
-1381.9 872
-1381.7 893
-1381.5 803
-1381.3 882
-1381.1 873
-1380.9 901
-1380.7 850
-1380.5 898
-1380.3 847
-1380.1 882
-1379.9 854
-1379.7 844
-1379.5 888
-1379.3 817
-1379.1 873
-1378.9 822
-1378.7 888
-1378.5 902
-1378.3 856
-1378.1 896
-1377.9 842
-1377.7 863
-1377.5 829
-1377.3 853
-1377.1 879
-1376.9 877
-1376.7 870
-1376.5 875
-1376.3 911
-1376.1 820
-1375.9 850
-1375.7 855
-1375.5 870
-1375.3 886
-1375.1 892
-1374.9 845
-1374.7 829
-1374.5 903
-1374.3 834
-1374.1 832
-1373.9 883
-1373.7 899
-1373.5 847
-1373.3 861
-1373.1 843
-1372.9 869
-1372.7 824
-1372.5 795
-1372.3 893
-1372.1 861
-1371.9 832
-1371.7 884
-1371.5 838
-1371.3 835
-1371.1 902
-1370.9 938
-1370.7 807
-1370.5 880
-1370.3 826
-1370.1 907
-1369.9 845
-1369.7 890
-1369.5 832
-1369.3 786
-1369.1 879
-1368.9 893
-1368.7 849
-1368.5 825
-1368.3 860
-1368.1 876
-1367.9 811
-1367.7 892
-1367.5 825
-1367.3 807
-1367.1 840
-1366.9 811
-1366.7 803
-1366.5 828
-1366.3 813
-1366.1 785
-1365.9 820
-1365.7 818
-1365.5 825
-1365.3 804
-1365.1 748
-1364.9 830
-1364.7 719
-1364.5 814
-1364.3 766
-1364.1 760
-1363.9 781
-1363.7 736
-1363.5 832
-1363.3 742
-1363.1 721
-1362.9 714
-1362.7 747
-1362.5 708
-1362.3 714
-1362.1 725
-1361.9 705
-1361.7 736
-1361.5 680
-1361.3 689
-1361.1 687
-1360.9 702
-1360.7 660
-1360.5 681
-1360.3 641
-1360.1 669
-1359.9 659
-1359.7 666
-1359.5 625
-1359.3 617
-1359.1 693
-1358.9 618
-1358.7 582
-1358.5 613
-1358.3 628
-1358.1 613
-1357.9 567
-1357.7 572
-1357.5 530
-1357.3 546
-1357.1 548
-1356.9 563
-1356.7 507
-1356.5 516
-1356.3 514
-1356.1 506
-1355.9 531
-1355.7 517
-1355.5 491
-1355.3 458
-1355.1 502
-1354.9 408
-1354.7 424
-1354.5 449
-1354.3 425
-1354.1 422
-1353.9 436
-1353.7 439
-1353.5 409
-1353.3 412
-1353.1 420
-1352.9 394
-1352.7 439
-1352.5 408
-1352.3 378
-1352.1 371
-1351.9 339
-1351.7 387
-1351.5 380
-1351.3 344
-1351.1 353
-1350.9 334
-1350.7 340
-1350.5 325
-1350.3 344
-1350.1 336
-1349.9 288
-1349.7 325
-1349.5 314
-1349.3 304
-1349.1 290
-1348.9 325
-1348.7 322
-1348.5 269
-1348.3 248
-1348.1 269
-1347.9 279
-1347.7 264
-1347.5 267
-1347.3 249
-1347.1 243
-1346.9 257
-1346.7 283
-1346.5 237
-1346.3 240
-1346.1 251
-1345.9 206
-1345.7 212
-1345.5 208
-1345.3 237
-1345.1 213
-1344.9 207
-1344.7 207
-1344.5 194
-1344.3 202
-1344.1 189
-1343.9 165
-1343.7 182
-1343.5 175
-1343.3 181
-1343.1 180
-1342.9 165
-1342.7 177
-1342.5 180
-1342.3 162
-1342.1 157
-1341.9 158
-1341.7 153
-1341.5 152
-1341.3 164
-1341.1 151
-1340.9 146
-1340.7 130
-1340.5 115
-1340.3 141
-1340.1 149
-1339.9 136
-1339.7 128
-1339.5 123
-1339.3 109
-1339.1 115
-1338.9 119
-1338.7 129
-1338.5 110
-1338.3 93
-1338.1 106
-1337.9 114
-1337.7 104
-1337.5 115
-1337.3 100
-1337.1 99
-1336.9 103
-1336.7 107
-1336.5 92
-1336.3 105
-1336.1 99
-1335.9 113
-1335.7 85
-1335.5 80
-1335.3 74
-1335.1 76
-1334.9 73
-1334.7 72
-1334.5 68
-1334.3 77
-1334.1 52
-1333.9 71
-1333.7 86
-1333.5 75
-1333.3 76
-1333.1 40
-1332.9 68
-1332.7 59
-1332.5 50
-1332.3 48
-1332.1 57
-1331.9 54
-1331.7 56
-1331.5 51
-1331.3 48
-1331.1 40
-1330.9 48
-1330.7 42
-1330.5 43
-1330.3 48
-1330.1 41
-1329.9 39
-1329.7 42
-1329.5 29
-1329.3 32
-1329.1 37
-1328.9 34
-1328.7 27
-1328.5 35
-1328.3 29
-1328.1 29
-1327.9 28
-1327.7 34
-1327.5 32
-1327.3 36
-1327.1 28
-1326.9 25
-1326.7 32
-1326.5 20
-1326.3 25
-1326.1 25
-1325.9 22
-1325.7 27
-1325.5 25
-1325.3 21
-1325.1 19
-1324.9 17
-1324.7 18
-1324.5 17
-1324.3 27
-1324.1 24
-1323.9 15
-1323.7 22
-1323.5 13
-1323.3 16
-1323.1 17
-1322.9 18
-1322.7 11
-1322.5 14
-1322.3 13
-1322.1 21
-1321.9 18
-1321.7 22
-1321.5 15
-1321.3 18
-1321.1 12
-1320.9 16
-1320.7 23
-1320.5 13
-1320.3 10
-1320.1 16
-1319.9 7
-1319.7 11
-1319.5 14
-1319.3 10
-1319.1 7
-1318.9 10
-1318.7 13
-1318.5 8
-1318.3 7
-1318.1 6
-1317.9 9
-1317.7 11
-1317.5 8
-1317.3 7
-1317.1 11
-1316.9 8
-1316.7 9
-1316.5 8
-1316.3 8
-1316.1 12
-1315.9 3
-1315.7 6
-1315.5 9
-1315.3 9
-1315.1 12
-1314.9 8
-1314.7 6
-1314.5 7
-1314.3 5
-1314.1 6
-1313.9 6
-1313.7 8
-1313.5 8
-1313.3 8
-1313.1 8
-1312.9 14
-1312.7 9
-1312.5 12
-1312.3 4
-1312.1 6
-1311.9 10
-1311.7 12
-1311.5 14
-1311.3 10
-1311.1 3
-1310.9 6
-1310.7 6
-1310.5 8
-1310.3 5
-1310.1 3
-1309.9 4
-1309.7 3
-1309.5 7
-1309.3 9
-1309.1 2
-1308.9 5
-1308.7 7
-1308.5 10
-1308.3 6
-1308.1 8
-1307.9 6
-1307.7 7
-1307.5 10
-1307.3 8
-1307.1 4
-1306.9 5
-1306.7 12
-1306.5 7
-1306.3 7
-1306.1 5
-1305.9 9
-1305.7 11
-1305.5 3
-1305.3 10
-1305.1 7
-1304.9 6
-1304.7 6
-1304.5 7
-1304.3 7
-1304.1 6
-1303.9 8
-1303.7 8
-1303.5 5
-1303.3 12
-1303.1 3
-1302.9 8
-1302.7 5
-1302.5 10
-1302.3 7
-1302.1 11
-1301.9 10
-1301.7 11
-1301.5 0
-1301.3 11
-1301.1 6
-1300.9 6
-1300.7 6
-1300.5 6
-1300.3 9
-1300.1 9
