-1589.9 0
-1589.7 5
-1589.5 1
-1589.3 5
-1589.1 5
-1588.9 4
-1588.7 2
-1588.5 1
-1588.3 2
-1588.1 2
-1587.9 2
-1587.7 7
-1587.5 1
-1587.3 4
-1587.1 4
-1586.9 4
-1586.7 2
-1586.5 5
-1586.3 3
-1586.1 3
-1585.9 1
-1585.7 3
-1585.5 7
-1585.3 3
-1585.1 5
-1584.9 3
-1584.7 1
-1584.5 4
-1584.3 4
-1584.1 4
-1583.9 3
-1583.7 1
-1583.5 2
-1583.3 6
-1583.1 1
-1582.9 1
-1582.7 5
-1582.5 2
-1582.3 1
-1582.1 6
-1581.9 3
-1581.7 8
-1581.5 0
-1581.3 5
-1581.1 3
-1580.9 6
-1580.7 2
-1580.5 8
-1580.3 1
-1580.1 4
-1579.9 5
-1579.7 1
-1579.5 5
-1579.3 2
-1579.1 4
-1578.9 2
-1578.7 9
-1578.5 5
-1578.3 9
-1578.1 10
-1577.9 9
-1577.7 18
-1577.5 14
-1577.3 20
-1577.1 15
-1576.9 21
-1576.7 21
-1576.5 22
-1576.3 20
-1576.1 44
-1575.9 50
-1575.7 46
-1575.5 56
-1575.3 62
-1575.1 62
-1574.9 97
-1574.7 83
-1574.5 98
-1574.3 117
-1574.1 118
-1573.9 133
-1573.7 126
-1573.5 150
-1573.3 179
-1573.1 203
-1572.9 204
-1572.7 211
-1572.5 225
-1572.3 254
-1572.1 294
-1571.9 294
-1571.7 351
-1571.5 362
-1571.3 321
-1571.1 405
-1570.9 380
-1570.7 440
-1570.5 427
-1570.3 484
-1570.1 521
-1569.9 538
-1569.7 583
-1569.5 613
-1569.3 615
-1569.1 617
-1568.9 679
-1568.7 661
-1568.5 728
-1568.3 744
-1568.1 795
-1567.9 796
-1567.7 810
-1567.5 904
-1567.3 833
-1567.1 881
-1566.9 993
-1566.7 950
-1566.5 1000
-1566.3 1015
-1566.1 1034
-1565.9 1062
-1565.7 1023
-1565.5 1094
-1565.3 1088
-1565.1 1154
-1564.9 1174
-1564.7 1157
-1564.5 1143
-1564.3 1162
-1564.1 1196
-1563.9 1188
-1563.7 1220
-1563.5 1223
-1563.3 1219
-1563.1 1296
-1562.9 1231
-1562.7 1276
-1562.5 1297
-1562.3 1329
-1562.1 1300
-1561.9 1387
-1561.7 1291
-1561.5 1238
-1561.3 1301
-1561.1 1293
-1560.9 1382
-1560.7 1306
-1560.5 1280
-1560.3 1305
-1560.1 1377
-1559.9 1375
-1559.7 1266
-1559.5 1251
-1559.3 1302
-1559.1 1280
-1558.9 1359
-1558.7 1267
-1558.5 1300
-1558.3 1296
-1558.1 1297
-1557.9 1285
-1557.7 1302
-1557.5 1233
-1557.3 1209
-1557.1 1267
-1556.9 1226
-1556.7 1284
-1556.5 1235
-1556.3 1232
-1556.1 1168
-1555.9 1202
-1555.7 1221
-1555.5 1113
-1555.3 1164
-1555.1 1203
-1554.9 1226
-1554.7 1188
-1554.5 1238
-1554.3 1163
-1554.1 1209
-1553.9 1131
-1553.7 1121
-1553.5 1117
-1553.3 1130
-1553.1 1118
-1552.9 1052
-1552.7 1109
-1552.5 1070
-1552.3 1048
-1552.1 1085
-1551.9 1091
-1551.7 1101
-1551.5 1075
-1551.3 1044
-1551.1 1030
-1550.9 1069
-1550.7 953
-1550.5 1005
-1550.3 1067
-1550.1 1013
-1549.9 1006
-1549.7 1027
-1549.5 1020
-1549.3 1001
-1549.1 1065
-1548.9 1028
-1548.7 1021
-1548.5 987
-1548.3 935
-1548.1 978
-1547.9 1031
-1547.7 1021
-1547.5 934
-1547.3 982
-1547.1 961
-1546.9 920
-1546.7 977
-1546.5 955
-1546.3 918
-1546.1 988
-1545.9 1015
-1545.7 955
-1545.5 952
-1545.3 930
-1545.1 959
-1544.9 973
-1544.7 996
-1544.5 870
-1544.3 985
-1544.1 888
-1543.9 947
-1543.7 944
-1543.5 965
-1543.3 917
-1543.1 940
-1542.9 983
-1542.7 979
-1542.5 935
-1542.3 913
-1542.1 970
-1541.9 903
-1541.7 928
-1541.5 892
-1541.3 875
-1541.1 847
-1540.9 945
-1540.7 910
-1540.5 928
-1540.3 886
-1540.1 931
-1539.9 925
-1539.7 877
-1539.5 980
-1539.3 937
-1539.1 953
-1538.9 845
-1538.7 885
-1538.5 921
-1538.3 926
-1538.1 877
-1537.9 906
-1537.7 880
-1537.5 911
-1537.3 902
-1537.1 940
-1536.9 911
-1536.7 907
-1536.5 961
-1536.3 951
-1536.1 843
-1535.9 884
-1535.7 924
-1535.5 880
-1535.3 881
-1535.1 928
-1534.9 928
-1534.7 971
-1534.5 913
-1534.3 908
-1534.1 920
-1533.9 925
-1533.7 938
-1533.5 938
-1533.3 980
-1533.1 880
-1532.9 936
-1532.7 921
-1532.5 892
-1532.3 960
-1532.1 923
-1531.9 913
-1531.7 872
-1531.5 884
-1531.3 942
-1531.1 940
-1530.9 870
-1530.7 921
-1530.5 873
-1530.3 851
-1530.1 871
-1529.9 899
-1529.7 903
-1529.5 834
-1529.3 908
-1529.1 864
-1528.9 871
-1528.7 854
-1528.5 846
-1528.3 856
-1528.1 879
-1527.9 885
-1527.7 843
-1527.5 861
-1527.3 891
-1527.1 763
-1526.9 867
-1526.7 859
-1526.5 844
-1526.3 883
-1526.1 850
-1525.9 842
-1525.7 867
-1525.5 881
-1525.3 795
-1525.1 846
-1524.9 846
-1524.7 919
-1524.5 815
-1524.3 901
-1524.1 816
-1523.9 836
-1523.7 855
-1523.5 861
-1523.3 878
-1523.1 878
-1522.9 900
-1522.7 859
-1522.5 849
-1522.3 841
-1522.1 920
-1521.9 905
-1521.7 809
-1521.5 837
-1521.3 853
-1521.1 868
-1520.9 891
-1520.7 918
-1520.5 866
-1520.3 887
-1520.1 821
-1519.9 841
-1519.7 888
-1519.5 880
-1519.3 871
-1519.1 867
-1518.9 867
-1518.7 854
-1518.5 888
-1518.3 896
-1518.1 878
-1517.9 910
-1517.7 838
-1517.5 904
-1517.3 872
-1517.1 905
-1516.9 838
-1516.7 835
-1516.5 915
-1516.3 895
-1516.1 849
-1515.9 878
-1515.7 870
-1515.5 868
-1515.3 834
-1515.1 913
-1514.9 847
-1514.7 846
-1514.5 836
-1514.3 878
-1514.1 880
-1513.9 831
-1513.7 864
-1513.5 831
-1513.3 822
-1513.1 864
-1512.9 808
-1512.7 877
-1512.5 879
-1512.3 846
-1512.1 887
-1511.9 857
-1511.7 847
-1511.5 842
-1511.3 857
-1511.1 876
-1510.9 830
-1510.7 851
-1510.5 862
-1510.3 892
-1510.1 858
-1509.9 791
-1509.7 858
-1509.5 858
-1509.3 811
-1509.1 843
-1508.9 804
-1508.7 886
-1508.5 800
-1508.3 885
-1508.1 862
-1507.9 838
-1507.7 900
-1507.5 840
-1507.3 864
-1507.1 869
-1506.9 810
-1506.7 850
-1506.5 892
-1506.3 804
-1506.1 831
-1505.9 863
-1505.7 873
-1505.5 819
-1505.3 859
-1505.1 836
-1504.9 845
-1504.7 829
-1504.5 828
-1504.3 832
-1504.1 868
-1503.9 825
-1503.7 828
-1503.5 858
-1503.3 808
-1503.1 863
-1502.9 872
-1502.7 860
-1502.5 847
-1502.3 860
-1502.1 839
-1501.9 871
-1501.7 847
-1501.5 878
-1501.3 849
-1501.1 850
-1500.9 855
-1500.7 881
-1500.5 856
-1500.3 861
-1500.1 823
-1499.9 835
-1499.7 872
-1499.5 864
-1499.3 883
-1499.1 838
-1498.9 905
-1498.7 882
-1498.5 877
-1498.3 901
-1498.1 876
-1497.9 894
-1497.7 864
-1497.5 896
-1497.3 843
-1497.1 862
-1496.9 868
-1496.7 860
-1496.5 889
-1496.3 907
-1496.1 905
-1495.9 919
-1495.7 889
-1495.5 881
-1495.3 904
-1495.1 875
-1494.9 910
-1494.7 876
-1494.5 843
-1494.3 950
-1494.1 886
-1493.9 941
-1493.7 924
-1493.5 924
-1493.3 846
-1493.1 886
-1492.9 909
-1492.7 892
-1492.5 894
-1492.3 866
-1492.1 872
-1491.9 955
-1491.7 884
-1491.5 901
-1491.3 839
-1491.1 887
-1490.9 887
-1490.7 872
-1490.5 864
-1490.3 909
-1490.1 895
-1489.9 862
-1489.7 851
-1489.5 854
-1489.3 844
-1489.1 880
-1488.9 889
-1488.7 864
-1488.5 917
-1488.3 815
-1488.1 829
-1487.9 866
-1487.7 870
-1487.5 865
-1487.3 819
-1487.1 853
-1486.9 864
-1486.7 816
-1486.5 904
-1486.3 869
-1486.1 851
-1485.9 877
-1485.7 869
-1485.5 815
-1485.3 851
-1485.1 842
-1484.9 861
-1484.7 893
-1484.5 872
-1484.3 867
-1484.1 902
-1483.9 875
-1483.7 859
-1483.5 892
-1483.3 889
-1483.1 879
-1482.9 896
-1482.7 882
-1482.5 937
-1482.3 903
-1482.1 896
-1481.9 863
-1481.7 890
-1481.5 813
-1481.3 836
-1481.1 928
-1480.9 916
-1480.7 953
-1480.5 968
-1480.3 969
-1480.1 924
-1479.9 910
-1479.7 967
-1479.5 921
-1479.3 911
-1479.1 838
-1478.9 875
-1478.7 919
-1478.5 944
-1478.3 916
-1478.1 897
-1477.9 934
-1477.7 890
-1477.5 969
-1477.3 897
-1477.1 881
-1476.9 882
-1476.7 847
-1476.5 906
-1476.3 909
-1476.1 933
-1475.9 878
-1475.7 913
-1475.5 925
-1475.3 862
-1475.1 883
-1474.9 927
-1474.7 907
-1474.5 911
-1474.3 877
-1474.1 866
-1473.9 910
-1473.7 929
-1473.5 842
-1473.3 862
-1473.1 870
-1472.9 892
-1472.7 876
-1472.5 912
-1472.3 940
-1472.1 885
-1471.9 925
-1471.7 832
-1471.5 867
-1471.3 837
-1471.1 890
-1470.9 925
-1470.7 907
-1470.5 877
-1470.3 882
-1470.1 869
-1469.9 882
-1469.7 882
-1469.5 880
-1469.3 866
-1469.1 877
-1468.9 934
-1468.7 881
-1468.5 873
-1468.3 878
-1468.1 869
-1467.9 940
-1467.7 908
-1467.5 884
-1467.3 926
-1467.1 924
-1466.9 909
-1466.7 908
-1466.5 874
-1466.3 881
-1466.1 859
-1465.9 887
-1465.7 873
-1465.5 923
-1465.3 913
-1465.1 895
-1464.9 933
-1464.7 892
-1464.5 854
-1464.3 894
-1464.1 900
-1463.9 917
-1463.7 911
-1463.5 879
-1463.3 852
-1463.1 946
-1462.9 874
-1462.7 895
-1462.5 934
-1462.3 891
-1462.1 923
-1461.9 887
-1461.7 896
-1461.5 930
-1461.3 902
-1461.1 852
-1460.9 878
-1460.7 915
-1460.5 921
-1460.3 890
-1460.1 882
-1459.9 878
-1459.7 882
-1459.5 926
-1459.3 901
-1459.1 909
-1458.9 881
-1458.7 977
-1458.5 934
-1458.3 924
-1458.1 903
-1457.9 922
-1457.7 896
-1457.5 894
-1457.3 876
-1457.1 856
-1456.9 899
-1456.7 916
-1456.5 855
-1456.3 838
-1456.1 925
-1455.9 923
-1455.7 870
-1455.5 904
-1455.3 845
-1455.1 901
-1454.9 872
-1454.7 928
-1454.5 903
-1454.3 874
-1454.1 919
-1453.9 891
-1453.7 895
-1453.5 888
-1453.3 859
-1453.1 903
-1452.9 867
-1452.7 892
-1452.5 865
-1452.3 846
-1452.1 917
-1451.9 891
-1451.7 879
-1451.5 862
-1451.3 876
-1451.1 906
-1450.9 908
-1450.7 872
-1450.5 884
-1450.3 961
-1450.1 899
-1449.9 848
-1449.7 874
-1449.5 890
-1449.3 908
-1449.1 900
-1448.9 858
-1448.7 829
-1448.5 913
-1448.3 874
-1448.1 856
-1447.9 948
-1447.7 878
-1447.5 872
-1447.3 868
-1447.1 911
-1446.9 918
-1446.7 920
-1446.5 850
-1446.3 848
-1446.1 855
-1445.9 914
-1445.7 866
-1445.5 874
-1445.3 903
-1445.1 906
-1444.9 872
-1444.7 945
-1444.5 860
-1444.3 901
-1444.1 896
-1443.9 847
-1443.7 916
-1443.5 959
-1443.3 880
-1443.1 907
-1442.9 898
-1442.7 881
-1442.5 959
-1442.3 906
-1442.1 873
-1441.9 873
-1441.7 873
-1441.5 860
-1441.3 838
-1441.1 863
-1440.9 872
-1440.7 855
-1440.5 854
-1440.3 902
-1440.1 854
-1439.9 886
-1439.7 878
-1439.5 863
-1439.3 905
-1439.1 894
-1438.9 914
-1438.7 927
-1438.5 897
-1438.3 881
-1438.1 869
-1437.9 847
-1437.7 874
-1437.5 946
-1437.3 915
-1437.1 873
-1436.9 868
-1436.7 886
-1436.5 925
-1436.3 864
-1436.1 849
-1435.9 883
-1435.7 848
-1435.5 905
-1435.3 941
-1435.1 862
-1434.9 874
-1434.7 892
-1434.5 869
-1434.3 872
-1434.1 905
-1433.9 818
-1433.7 858
-1433.5 873
-1433.3 914
-1433.1 883
-1432.9 913
-1432.7 852
-1432.5 860
-1432.3 932
-1432.1 870
-1431.9 844
-1431.7 890
-1431.5 895
-1431.3 879
-1431.1 872
-1430.9 917
-1430.7 927
-1430.5 892
-1430.3 920
-1430.1 836
-1429.9 911
-1429.7 870
-1429.5 889
-1429.3 879
-1429.1 888
-1428.9 844
-1428.7 894
-1428.5 874
-1428.3 882
-1428.1 829
-1427.9 854
-1427.7 917
-1427.5 871
-1427.3 887
-1427.1 908
-1426.9 854
-1426.7 821
-1426.5 845
-1426.3 892
-1426.1 844
-1425.9 856
-1425.7 915
-1425.5 901
-1425.3 890
-1425.1 857
-1424.9 913
-1424.7 879
-1424.5 906
-1424.3 950
-1424.1 889
-1423.9 891
-1423.7 891
-1423.5 851
-1423.3 910
-1423.1 851
-1422.9 917
-1422.7 858
-1422.5 939
-1422.3 847
-1422.1 898
-1421.9 839
-1421.7 858
-1421.5 874
-1421.3 871
-1421.1 881
-1420.9 844
-1420.7 873
-1420.5 856
-1420.3 892
-1420.1 907
-1419.9 884
-1419.7 859
-1419.5 901
-1419.3 886
-1419.1 949
-1418.9 875
-1418.7 917
-1418.5 917
-1418.3 860
-1418.1 916
-1417.9 878
-1417.7 872
-1417.5 875
-1417.3 853
-1417.1 878
-1416.9 854
-1416.7 847
-1416.5 912
-1416.3 895
-1416.1 908
-1415.9 904
-1415.7 899
-1415.5 848
-1415.3 844
-1415.1 866
-1414.9 904
-1414.7 870
-1414.5 872
-1414.3 907
-1414.1 889
-1413.9 853
-1413.7 871
-1413.5 819
-1413.3 900
-1413.1 925
-1412.9 858
-1412.7 855
-1412.5 883
-1412.3 903
-1412.1 846
-1411.9 919
-1411.7 831
-1411.5 843
-1411.3 929
-1411.1 886
-1410.9 837
-1410.7 885
-1410.5 893
-1410.3 846
-1410.1 837
-1409.9 861
-1409.7 862
-1409.5 836
-1409.3 820
-1409.1 864
-1408.9 908
-1408.7 864
-1408.5 871
-1408.3 873
-1408.1 840
-1407.9 854
-1407.7 843
-1407.5 874
-1407.3 860
-1407.1 838
-1406.9 855
-1406.7 858
-1406.5 816
-1406.3 860
-1406.1 849
-1405.9 869
-1405.7 827
-1405.5 847
-1405.3 907
-1405.1 903
-1404.9 930
-1404.7 893
-1404.5 847
-1404.3 850
-1404.1 935
-1403.9 890
-1403.7 864
-1403.5 862
-1403.3 849
-1403.1 826
-1402.9 856
-1402.7 838
-1402.5 856
-1402.3 874
-1402.1 854
-1401.9 889
-1401.7 828
-1401.5 847
-1401.3 875
-1401.1 895
-1400.9 869
-1400.7 877
-1400.5 880
-1400.3 890
-1400.1 902
-1399.9 870
-1399.7 853
-1399.5 865
-1399.3 922
-1399.1 870
-1398.9 832
-1398.7 885
-1398.5 905
-1398.3 884
-1398.1 841
-1397.9 875
-1397.7 852
-1397.5 891
-1397.3 864
-1397.1 861
-1396.9 920
-1396.7 888
-1396.5 870
-1396.3 897
-1396.1 911
-1395.9 890
-1395.7 890
-1395.5 872
-1395.3 832
-1395.1 880
-1394.9 852
-1394.7 890
-1394.5 881
-1394.3 900
-1394.1 862
-1393.9 949
-1393.7 876
-1393.5 874
-1393.3 837
-1393.1 916
-1392.9 851
-1392.7 925
-1392.5 879
-1392.3 884
-1392.1 889
-1391.9 862
-1391.7 896
-1391.5 914
-1391.3 901
-1391.1 908
-1390.9 910
-1390.7 890
-1390.5 877
-1390.3 928
-1390.1 937
-1389.9 899
-1389.7 874
-1389.5 888
-1389.3 907
-1389.1 848
-1388.9 879
-1388.7 905
-1388.5 825
-1388.3 864
-1388.1 870
-1387.9 918
-1387.7 890
-1387.5 864
-1387.3 899
-1387.1 871
-1386.9 885
-1386.7 900
-1386.5 895
-1386.3 945
-1386.1 833
-1385.9 870
-1385.7 922
-1385.5 836
-1385.3 866
-1385.1 877
-1384.9 851
-1384.7 897
-1384.5 913
-1384.3 878
-1384.1 835
-1383.9 877
-1383.7 898
-1383.5 849
-1383.3 859
-1383.1 902
-1382.9 891
-1382.7 869
-1382.5 850
-1382.3 874
-1382.1 899
-1381.9 840
-1381.7 860
-1381.5 862
-1381.3 845
-1381.1 878
-1380.9 889
-1380.7 856
-1380.5 889
-1380.3 850
-1380.1 945
-1379.9 881
-1379.7 834
-1379.5 866
-1379.3 920
-1379.1 892
-1378.9 926
-1378.7 872
-1378.5 926
-1378.3 884
-1378.1 930
-1377.9 872
-1377.7 871
-1377.5 918
-1377.3 871
-1377.1 829
-1376.9 888
-1376.7 867
-1376.5 866
-1376.3 874
-1376.1 875
-1375.9 829
-1375.7 810
-1375.5 920
-1375.3 856
-1375.1 867
-1374.9 847
-1374.7 847
-1374.5 861
-1374.3 872
-1374.1 881
-1373.9 884
-1373.7 837
-1373.5 883
-1373.3 789
-1373.1 869
-1372.9 851
-1372.7 881
-1372.5 888
-1372.3 815
-1372.1 900
-1371.9 868
-1371.7 920
-1371.5 926
-1371.3 846
-1371.1 812
-1370.9 897
-1370.7 854
-1370.5 858
-1370.3 855
-1370.1 828
-1369.9 821
-1369.7 822
-1369.5 835
-1369.3 882
-1369.1 786
-1368.9 833
-1368.7 810
-1368.5 846
-1368.3 817
-1368.1 890
-1367.9 838
-1367.7 851
-1367.5 834
-1367.3 794
-1367.1 840
-1366.9 766
-1366.7 806
-1366.5 818
-1366.3 756
-1366.1 776
-1365.9 799
-1365.7 764
-1365.5 837
-1365.3 770
-1365.1 784
-1364.9 763
-1364.7 734
-1364.5 762
-1364.3 800
-1364.1 728
-1363.9 707
-1363.7 754
-1363.5 758
-1363.3 698
-1363.1 713
-1362.9 690
-1362.7 754
-1362.5 701
-1362.3 756
-1362.1 661
-1361.9 698
-1361.7 651
-1361.5 669
-1361.3 724
-1361.1 653
-1360.9 643
-1360.7 659
-1360.5 646
-1360.3 619
-1360.1 601
-1359.9 569
-1359.7 603
-1359.5 617
-1359.3 588
-1359.1 567
-1358.9 574
-1358.7 589
-1358.5 534
-1358.3 534
-1358.1 518
-1357.9 559
-1357.7 490
-1357.5 505
-1357.3 527
-1357.1 511
-1356.9 458
-1356.7 490
-1356.5 451
-1356.3 468
-1356.1 479
-1355.9 439
-1355.7 454
-1355.5 433
-1355.3 446
-1355.1 448
-1354.9 438
-1354.7 413
-1354.5 430
-1354.3 393
-1354.1 409
-1353.9 379
-1353.7 402
-1353.5 408
-1353.3 367
-1353.1 378
-1352.9 397
-1352.7 354
-1352.5 380
-1352.3 367
-1352.1 345
-1351.9 355
-1351.7 365
-1351.5 297
-1351.3 299
-1351.1 314
-1350.9 284
-1350.7 310
-1350.5 289
-1350.3 338
-1350.1 276
-1349.9 301
-1349.7 287
-1349.5 291
-1349.3 274
-1349.1 275
-1348.9 288
-1348.7 278
-1348.5 257
-1348.3 243
-1348.1 254
-1347.9 263
-1347.7 251
-1347.5 226
-1347.3 228
-1347.1 237
-1346.9 221
-1346.7 211
-1346.5 225
-1346.3 204
-1346.1 194
-1345.9 211
-1345.7 198
-1345.5 203
-1345.3 204
-1345.1 214
-1344.9 188
-1344.7 188
-1344.5 164
-1344.3 185
-1344.1 175
-1343.9 192
-1343.7 172
-1343.5 160
-1343.3 167
-1343.1 170
-1342.9 164
-1342.7 175
-1342.5 150
-1342.3 146
-1342.1 154
-1341.9 146
-1341.7 139
-1341.5 139
-1341.3 140
-1341.1 152
-1340.9 131
-1340.7 125
-1340.5 145
-1340.3 146
-1340.1 117
-1339.9 128
-1339.7 120
-1339.5 105
-1339.3 112
-1339.1 116
-1338.9 91
-1338.7 102
-1338.5 104
-1338.3 92
-1338.1 84
-1337.9 95
-1337.7 85
-1337.5 97
-1337.3 76
-1337.1 88
-1336.9 74
-1336.7 88
-1336.5 64
-1336.3 69
-1336.1 86
-1335.9 66
-1335.7 67
-1335.5 80
-1335.3 72
-1335.1 67
-1334.9 57
-1334.7 65
-1334.5 56
-1334.3 59
-1334.1 74
-1333.9 42
-1333.7 57
-1333.5 50
-1333.3 56
-1333.1 72
-1332.9 59
-1332.7 49
-1332.5 39
-1332.3 46
-1332.1 48
-1331.9 40
-1331.7 43
-1331.5 44
-1331.3 49
-1331.1 42
-1330.9 45
-1330.7 37
-1330.5 40
-1330.3 30
-1330.1 24
-1329.9 44
-1329.7 29
-1329.5 27
-1329.3 36
-1329.1 35
-1328.9 27
-1328.7 38
-1328.5 34
-1328.3 34
-1328.1 27
-1327.9 27
-1327.7 23
-1327.5 17
-1327.3 25
-1327.1 25
-1326.9 26
-1326.7 20
-1326.5 23
-1326.3 29
-1326.1 23
-1325.9 15
-1325.7 23
-1325.5 27
-1325.3 19
-1325.1 26
-1324.9 22
-1324.7 18
-1324.5 18
-1324.3 12
-1324.1 17
-1323.9 23
-1323.7 26
-1323.5 25
-1323.3 14
-1323.1 10
-1322.9 24
-1322.7 18
-1322.5 19
-1322.3 20
-1322.1 20
-1321.9 12
-1321.7 12
-1321.5 11
-1321.3 21
-1321.1 16
-1320.9 19
-1320.7 16
-1320.5 14
-1320.3 11
-1320.1 15
-1319.9 11
-1319.7 13
-1319.5 13
-1319.3 14
-1319.1 12
-1318.9 8
-1318.7 6
-1318.5 10
-1318.3 13
-1318.1 14
-1317.9 17
-1317.7 13
-1317.5 14
-1317.3 11
-1317.1 10
-1316.9 12
-1316.7 21
-1316.5 9
-1316.3 4
-1316.1 9
-1315.9 14
-1315.7 8
-1315.5 12
-1315.3 9
-1315.1 7
-1314.9 5
-1314.7 9
-1314.5 9
-1314.3 2
-1314.1 5
-1313.9 7
-1313.7 8
-1313.5 11
-1313.3 10
-1313.1 12
-1312.9 6
-1312.7 11
-1312.5 6
-1312.3 2
-1312.1 10
-1311.9 6
-1311.7 7
-1311.5 7
-1311.3 5
-1311.1 13
-1310.9 8
-1310.7 10
-1310.5 11
-1310.3 10
-1310.1 3
-1309.9 13
-1309.7 8
-1309.5 6
-1309.3 11
-1309.1 6
-1308.9 6
-1308.7 9
-1308.5 8
-1308.3 7
-1308.1 2
-1307.9 7
-1307.7 3
-1307.5 5
-1307.3 6
-1307.1 8
-1306.9 5
-1306.7 8
-1306.5 8
-1306.3 12
-1306.1 4
-1305.9 7
-1305.7 8
-1305.5 11
-1305.3 5
-1305.1 4
-1304.9 8
-1304.7 9
-1304.5 9
-1304.3 12
-1304.1 8
-1303.9 7
-1303.7 11
-1303.5 6
-1303.3 15
-1303.1 7
-1302.9 15
-1302.7 7
-1302.5 13
-1302.3 16
-1302.1 14
-1301.9 13
-1301.7 16
-1301.5 5
-1301.3 18
-1301.1 11
-1300.9 20
-1300.7 7
-1300.5 15
-1300.3 2
-1300.1 11
