-1589.9 0
-1589.7 2
-1589.5 1
-1589.3 6
-1589.1 3
-1588.9 4
-1588.7 5
-1588.5 1
-1588.3 2
-1588.1 2
-1587.9 2
-1587.7 2
-1587.5 0
-1587.3 0
-1587.1 4
-1586.9 5
-1586.7 1
-1586.5 1
-1586.3 1
-1586.1 3
-1585.9 2
-1585.7 3
-1585.5 2
-1585.3 1
-1585.1 1
-1584.9 0
-1584.7 2
-1584.5 1
-1584.3 5
-1584.1 2
-1583.9 1
-1583.7 1
-1583.5 1
-1583.3 1
-1583.1 4
-1582.9 3
-1582.7 5
-1582.5 3
-1582.3 1
-1582.1 5
-1581.9 1
-1581.7 0
-1581.5 4
-1581.3 4
-1581.1 3
-1580.9 3
-1580.7 3
-1580.5 5
-1580.3 2
-1580.1 1
-1579.9 3
-1579.7 9
-1579.5 7
-1579.3 3
-1579.1 5
-1578.9 3
-1578.7 3
-1578.5 10
-1578.3 6
-1578.1 3
-1577.9 10
-1577.7 13
-1577.5 14
-1577.3 22
-1577.1 15
-1576.9 34
-1576.7 25
-1576.5 37
-1576.3 40
-1576.1 47
-1575.9 53
-1575.7 67
-1575.5 63
-1575.3 92
-1575.1 71
-1574.9 85
-1574.7 96
-1574.5 104
-1574.3 117
-1574.1 115
-1573.9 155
-1573.7 163
-1573.5 170
-1573.3 196
-1573.1 226
-1572.9 232
-1572.7 228
-1572.5 254
-1572.3 251
-1572.1 283
-1571.9 256
-1571.7 328
-1571.5 373
-1571.3 359
-1571.1 392
-1570.9 443
-1570.7 414
-1570.5 499
-1570.3 510
-1570.1 507
-1569.9 536
-1569.7 541
-1569.5 624
-1569.3 608
-1569.1 663
-1568.9 701
-1568.7 695
-1568.5 732
-1568.3 719
-1568.1 797
-1567.9 816
-1567.7 833
-1567.5 769
-1567.3 865
-1567.1 890
-1566.9 920
-1566.7 935
-1566.5 965
-1566.3 985
-1566.1 1016
-1565.9 994
-1565.7 1022
-1565.5 1092
-1565.3 1055
-1565.1 1087
-1564.9 1108
-1564.7 1059
-1564.5 1102
-1564.3 1141
-1564.1 1158
-1563.9 1200
-1563.7 1193
-1563.5 1198
-1563.3 1135
-1563.1 1237
-1562.9 1268
-1562.7 1260
-1562.5 1223
-1562.3 1238
-1562.1 1279
-1561.9 1222
-1561.7 1347
-1561.5 1302
-1561.3 1320
-1561.1 1296
-1560.9 1276
-1560.7 1285
-1560.5 1283
-1560.3 1258
-1560.1 1265
-1559.9 1357
-1559.7 1254
-1559.5 1297
-1559.3 1264
-1559.1 1294
-1558.9 1315
-1558.7 1271
-1558.5 1317
-1558.3 1340
-1558.1 1292
-1557.9 1318
-1557.7 1312
-1557.5 1272
-1557.3 1240
-1557.1 1292
-1556.9 1228
-1556.7 1218
-1556.5 1242
-1556.3 1255
-1556.1 1302
-1555.9 1209
-1555.7 1211
-1555.5 1188
-1555.3 1261
-1555.1 1220
-1554.9 1153
-1554.7 1190
-1554.5 1195
-1554.3 1178
-1554.1 1170
-1553.9 1201
-1553.7 1201
-1553.5 1133
-1553.3 1209
-1553.1 1173
-1552.9 1148
-1552.7 1135
-1552.5 1114
-1552.3 1141
-1552.1 1096
-1551.9 1147
-1551.7 1102
-1551.5 1125
-1551.3 1113
-1551.1 1072
-1550.9 1083
-1550.7 1108
-1550.5 1143
-1550.3 1148
-1550.1 1119
-1549.9 1071
-1549.7 1103
-1549.5 1008
-1549.3 1039
-1549.1 999
-1548.9 1065
-1548.7 1082
-1548.5 1092
-1548.3 1104
-1548.1 1049
-1547.9 1076
-1547.7 1048
-1547.5 1098
-1547.3 1027
-1547.1 1042
-1546.9 1066
-1546.7 997
-1546.5 1008
-1546.3 1018
-1546.1 1024
-1545.9 1030
-1545.7 1069
-1545.5 1072
-1545.3 1031
-1545.1 983
-1544.9 986
-1544.7 1053
-1544.5 1026
-1544.3 1028
-1544.1 989
-1543.9 1043
-1543.7 1022
-1543.5 996
-1543.3 988
-1543.1 999
-1542.9 991
-1542.7 1005
-1542.5 984
-1542.3 1007
-1542.1 990
-1541.9 1033
-1541.7 992
-1541.5 1036
-1541.3 1016
-1541.1 949
-1540.9 924
-1540.7 981
-1540.5 989
-1540.3 922
-1540.1 946
-1539.9 937
-1539.7 938
-1539.5 959
-1539.3 998
-1539.1 978
-1538.9 991
-1538.7 997
-1538.5 942
-1538.3 894
-1538.1 978
-1537.9 1006
-1537.7 962
-1537.5 994
-1537.3 951
-1537.1 995
-1536.9 965
-1536.7 984
-1536.5 932
-1536.3 946
-1536.1 1046
-1535.9 958
-1535.7 988
-1535.5 936
-1535.3 924
-1535.1 944
-1534.9 998
-1534.7 919
-1534.5 907
-1534.3 955
-1534.1 986
-1533.9 920
-1533.7 936
-1533.5 966
-1533.3 949
-1533.1 970
-1532.9 995
-1532.7 927
-1532.5 963
-1532.3 974
-1532.1 934
-1531.9 926
-1531.7 923
-1531.5 934
-1531.3 925
-1531.1 886
-1530.9 934
-1530.7 939
-1530.5 991
-1530.3 945
-1530.1 948
-1529.9 993
-1529.7 999
-1529.5 967
-1529.3 916
-1529.1 958
-1528.9 961
-1528.7 924
-1528.5 940
-1528.3 936
-1528.1 950
-1527.9 934
-1527.7 975
-1527.5 952
-1527.3 935
-1527.1 951
-1526.9 920
-1526.7 942
-1526.5 965
-1526.3 947
-1526.1 874
-1525.9 969
-1525.7 901
-1525.5 942
-1525.3 918
-1525.1 925
-1524.9 909
-1524.7 905
-1524.5 905
-1524.3 910
-1524.1 954
-1523.9 905
-1523.7 936
-1523.5 883
-1523.3 928
-1523.1 885
-1522.9 908
-1522.7 930
-1522.5 921
-1522.3 878
-1522.1 886
-1521.9 836
-1521.7 875
-1521.5 921
-1521.3 983
-1521.1 884
-1520.9 878
-1520.7 908
-1520.5 909
-1520.3 877
-1520.1 876
-1519.9 961
-1519.7 876
-1519.5 882
-1519.3 904
-1519.1 869
-1518.9 939
-1518.7 880
-1518.5 875
-1518.3 917
-1518.1 918
-1517.9 906
-1517.7 919
-1517.5 935
-1517.3 898
-1517.1 912
-1516.9 892
-1516.7 954
-1516.5 914
-1516.3 899
-1516.1 912
-1515.9 917
-1515.7 885
-1515.5 899
-1515.3 903
-1515.1 905
-1514.9 988
-1514.7 905
-1514.5 959
-1514.3 945
-1514.1 918
-1513.9 936
-1513.7 916
-1513.5 926
-1513.3 965
-1513.1 887
-1512.9 943
-1512.7 977
-1512.5 914
-1512.3 951
-1512.1 946
-1511.9 944
-1511.7 941
-1511.5 968
-1511.3 944
-1511.1 923
-1510.9 956
-1510.7 933
-1510.5 934
-1510.3 883
-1510.1 861
-1509.9 918
-1509.7 867
-1509.5 946
-1509.3 908
-1509.1 891
-1508.9 940
-1508.7 867
-1508.5 931
-1508.3 911
-1508.1 885
-1507.9 915
-1507.7 898
-1507.5 875
-1507.3 851
-1507.1 930
-1506.9 905
-1506.7 933
-1506.5 835
-1506.3 873
-1506.1 925
-1505.9 885
-1505.7 933
-1505.5 838
-1505.3 867
-1505.1 851
-1504.9 925
-1504.7 817
-1504.5 877
-1504.3 870
-1504.1 843
-1503.9 868
-1503.7 927
-1503.5 886
-1503.3 905
-1503.1 894
-1502.9 901
-1502.7 951
-1502.5 894
-1502.3 911
-1502.1 892
-1501.9 859
-1501.7 930
-1501.5 955
-1501.3 894
-1501.1 866
-1500.9 946
-1500.7 965
-1500.5 957
-1500.3 911
-1500.1 898
-1499.9 938
-1499.7 945
-1499.5 896
-1499.3 978
-1499.1 959
-1498.9 944
-1498.7 943
-1498.5 925
-1498.3 975
-1498.1 957
-1497.9 991
-1497.7 956
-1497.5 908
-1497.3 946
-1497.1 960
-1496.9 915
-1496.7 894
-1496.5 984
-1496.3 953
-1496.1 976
-1495.9 927
-1495.7 944
-1495.5 914
-1495.3 941
-1495.1 970
-1494.9 977
-1494.7 948
-1494.5 964
-1494.3 960
-1494.1 984
-1493.9 929
-1493.7 963
-1493.5 967
-1493.3 946
-1493.1 974
-1492.9 913
-1492.7 899
-1492.5 928
-1492.3 974
-1492.1 931
-1491.9 995
-1491.7 961
-1491.5 972
-1491.3 950
-1491.1 955
-1490.9 944
-1490.7 893
-1490.5 964
-1490.3 942
-1490.1 952
-1489.9 931
-1489.7 963
-1489.5 1003
-1489.3 930
-1489.1 966
-1488.9 952
-1488.7 919
-1488.5 931
-1488.3 944
-1488.1 910
-1487.9 940
-1487.7 965
-1487.5 966
-1487.3 958
-1487.1 961
-1486.9 943
-1486.7 920
-1486.5 977
-1486.3 856
-1486.1 898
-1485.9 938
-1485.7 948
-1485.5 971
-1485.3 958
-1485.1 938
-1484.9 941
-1484.7 901
-1484.5 932
-1484.3 927
-1484.1 939
-1483.9 912
-1483.7 922
-1483.5 887
-1483.3 978
-1483.1 946
-1482.9 993
-1482.7 949
-1482.5 940
-1482.3 979
-1482.1 971
-1481.9 952
-1481.7 956
-1481.5 909
-1481.3 943
-1481.1 938
-1480.9 1010
-1480.7 894
-1480.5 965
-1480.3 916
-1480.1 945
-1479.9 959
-1479.7 927
-1479.5 912
-1479.3 967
-1479.1 971
-1478.9 1005
-1478.7 977
-1478.5 942
-1478.3 939
-1478.1 964
-1477.9 909
-1477.7 966
-1477.5 982
-1477.3 1004
-1477.1 968
-1476.9 1010
-1476.7 994
-1476.5 921
-1476.3 947
-1476.1 990
-1475.9 910
-1475.7 989
-1475.5 948
-1475.3 919
-1475.1 978
-1474.9 916
-1474.7 928
-1474.5 930
-1474.3 929
-1474.1 947
-1473.9 945
-1473.7 989
-1473.5 950
-1473.3 942
-1473.1 973
-1472.9 978
-1472.7 1019
-1472.5 953
-1472.3 892
-1472.1 986
-1471.9 926
-1471.7 933
-1471.5 953
-1471.3 967
-1471.1 990
-1470.9 942
-1470.7 987
-1470.5 946
-1470.3 968
-1470.1 923
-1469.9 963
-1469.7 963
-1469.5 945
-1469.3 977
-1469.1 948
-1468.9 945
-1468.7 936
-1468.5 904
-1468.3 909
-1468.1 957
-1467.9 905
-1467.7 958
-1467.5 956
-1467.3 975
-1467.1 920
-1466.9 960
-1466.7 987
-1466.5 962
-1466.3 910
-1466.1 933
-1465.9 920
-1465.7 948
-1465.5 887
-1465.3 917
-1465.1 1001
-1464.9 989
-1464.7 996
-1464.5 931
-1464.3 980
-1464.1 934
-1463.9 965
-1463.7 993
-1463.5 907
-1463.3 951
-1463.1 956
-1462.9 992
-1462.7 928
-1462.5 988
-1462.3 934
-1462.1 944
-1461.9 965
-1461.7 895
-1461.5 939
-1461.3 963
-1461.1 963
-1460.9 925
-1460.7 952
-1460.5 964
-1460.3 953
-1460.1 986
-1459.9 965
-1459.7 983
-1459.5 934
-1459.3 929
-1459.1 981
-1458.9 925
-1458.7 960
-1458.5 922
-1458.3 916
-1458.1 972
-1457.9 964
-1457.7 934
-1457.5 945
-1457.3 930
-1457.1 905
-1456.9 968
-1456.7 944
-1456.5 1002
-1456.3 959
-1456.1 945
-1455.9 974
-1455.7 925
-1455.5 960
-1455.3 887
-1455.1 940
-1454.9 910
-1454.7 939
-1454.5 956
-1454.3 982
-1454.1 979
-1453.9 953
-1453.7 969
-1453.5 949
-1453.3 885
-1453.1 911
-1452.9 970
-1452.7 965
-1452.5 922
-1452.3 955
-1452.1 974
-1451.9 934
-1451.7 978
-1451.5 931
-1451.3 966
-1451.1 971
-1450.9 1005
-1450.7 971
-1450.5 966
-1450.3 949
-1450.1 903
-1449.9 950
-1449.7 965
-1449.5 934
-1449.3 960
-1449.1 983
-1448.9 978
-1448.7 913
-1448.5 937
-1448.3 953
-1448.1 937
-1447.9 962
-1447.7 967
-1447.5 942
-1447.3 963
-1447.1 944
-1446.9 906
-1446.7 900
-1446.5 987
-1446.3 910
-1446.1 970
-1445.9 951
-1445.7 946
-1445.5 923
-1445.3 912
-1445.1 991
-1444.9 997
-1444.7 999
-1444.5 907
-1444.3 972
-1444.1 964
-1443.9 949
-1443.7 949
-1443.5 915
-1443.3 958
-1443.1 946
-1442.9 955
-1442.7 955
-1442.5 893
-1442.3 957
-1442.1 994
-1441.9 892
-1441.7 896
-1441.5 929
-1441.3 936
-1441.1 953
-1440.9 977
-1440.7 978
-1440.5 1008
-1440.3 947
-1440.1 936
-1439.9 914
-1439.7 922
-1439.5 901
-1439.3 898
-1439.1 955
-1438.9 931
-1438.7 948
-1438.5 963
-1438.3 961
-1438.1 900
-1437.9 935
-1437.7 939
-1437.5 899
-1437.3 977
-1437.1 949
-1436.9 894
-1436.7 947
-1436.5 945
-1436.3 923
-1436.1 892
-1435.9 943
-1435.7 912
-1435.5 905
-1435.3 898
-1435.1 903
-1434.9 1016
-1434.7 953
-1434.5 893
-1434.3 888
-1434.1 889
-1433.9 929
-1433.7 937
-1433.5 985
-1433.3 967
-1433.1 943
-1432.9 917
-1432.7 946
-1432.5 999
-1432.3 908
-1432.1 934
-1431.9 988
-1431.7 975
-1431.5 912
-1431.3 906
-1431.1 919
-1430.9 948
-1430.7 987
-1430.5 855
-1430.3 934
-1430.1 954
-1429.9 893
-1429.7 924
-1429.5 919
-1429.3 934
-1429.1 956
-1428.9 940
-1428.7 884
-1428.5 948
-1428.3 912
-1428.1 948
-1427.9 976
-1427.7 895
-1427.5 884
-1427.3 955
-1427.1 960
-1426.9 926
-1426.7 942
-1426.5 937
-1426.3 925
-1426.1 993
-1425.9 993
-1425.7 955
-1425.5 949
-1425.3 944
-1425.1 924
-1424.9 923
-1424.7 905
-1424.5 925
-1424.3 949
-1424.1 922
-1423.9 914
-1423.7 934
-1423.5 874
-1423.3 925
-1423.1 918
-1422.9 907
-1422.7 935
-1422.5 919
-1422.3 967
-1422.1 921
-1421.9 958
-1421.7 944
-1421.5 982
-1421.3 920
-1421.1 920
-1420.9 961
-1420.7 956
-1420.5 896
-1420.3 861
-1420.1 939
-1419.9 944
-1419.7 896
-1419.5 985
-1419.3 933
-1419.1 945
-1418.9 931
-1418.7 1004
-1418.5 922
-1418.3 926
-1418.1 894
-1417.9 940
-1417.7 911
-1417.5 989
-1417.3 967
-1417.1 972
-1416.9 950
-1416.7 918
-1416.5 902
-1416.3 924
-1416.1 935
-1415.9 934
-1415.7 974
-1415.5 995
-1415.3 955
-1415.1 955
-1414.9 871
-1414.7 938
-1414.5 996
-1414.3 985
-1414.1 926
-1413.9 963
-1413.7 936
-1413.5 964
-1413.3 908
-1413.1 938
-1412.9 919
-1412.7 977
-1412.5 955
-1412.3 916
-1412.1 936
-1411.9 946
-1411.7 941
-1411.5 934
-1411.3 919
-1411.1 977
-1410.9 911
-1410.7 961
-1410.5 977
-1410.3 1027
-1410.1 930
-1409.9 930
-1409.7 919
-1409.5 947
-1409.3 948
-1409.1 922
-1408.9 943
-1408.7 911
-1408.5 942
-1408.3 974
-1408.1 924
-1407.9 905
-1407.7 960
-1407.5 879
-1407.3 922
-1407.1 959
-1406.9 913
-1406.7 939
-1406.5 960
-1406.3 909
-1406.1 936
-1405.9 933
-1405.7 938
-1405.5 960
-1405.3 924
-1405.1 891
-1404.9 898
-1404.7 900
-1404.5 963
-1404.3 898
-1404.1 897
-1403.9 991
-1403.7 899
-1403.5 930
-1403.3 912
-1403.1 903
-1402.9 895
-1402.7 918
-1402.5 935
-1402.3 948
-1402.1 913
-1401.9 902
-1401.7 875
-1401.5 942
-1401.3 929
-1401.1 912
-1400.9 942
-1400.7 930
-1400.5 913
-1400.3 964
-1400.1 964
-1399.9 900
-1399.7 888
-1399.5 928
-1399.3 985
-1399.1 916
-1398.9 935
-1398.7 937
-1398.5 940
-1398.3 987
-1398.1 994
-1397.9 989
-1397.7 977
-1397.5 939
-1397.3 903
-1397.1 919
-1396.9 973
-1396.7 921
-1396.5 979
-1396.3 942
-1396.1 918
-1395.9 913
-1395.7 925
-1395.5 954
-1395.3 992
-1395.1 924
-1394.9 917
-1394.7 984
-1394.5 891
-1394.3 948
-1394.1 934
-1393.9 924
-1393.7 966
-1393.5 971
-1393.3 980
-1393.1 966
-1392.9 947
-1392.7 891
-1392.5 970
-1392.3 947
-1392.1 981
-1391.9 903
-1391.7 965
-1391.5 873
-1391.3 903
-1391.1 932
-1390.9 920
-1390.7 943
-1390.5 918
-1390.3 982
-1390.1 931
-1389.9 955
-1389.7 937
-1389.5 922
-1389.3 894
-1389.1 881
-1388.9 921
-1388.7 924
-1388.5 890
-1388.3 927
-1388.1 880
-1387.9 893
-1387.7 966
-1387.5 940
-1387.3 935
-1387.1 885
-1386.9 946
-1386.7 968
-1386.5 955
-1386.3 954
-1386.1 915
-1385.9 951
-1385.7 935
-1385.5 924
-1385.3 923
-1385.1 997
-1384.9 961
-1384.7 936
-1384.5 887
-1384.3 916
-1384.1 918
-1383.9 928
-1383.7 898
-1383.5 954
-1383.3 951
-1383.1 924
-1382.9 923
-1382.7 945
-1382.5 924
-1382.3 941
-1382.1 932
-1381.9 891
-1381.7 894
-1381.5 969
-1381.3 960
-1381.1 933
-1380.9 923
-1380.7 883
-1380.5 903
-1380.3 892
-1380.1 915
-1379.9 942
-1379.7 903
-1379.5 909
-1379.3 901
-1379.1 968
-1378.9 952
-1378.7 936
-1378.5 919
-1378.3 909
-1378.1 902
-1377.9 880
-1377.7 928
-1377.5 904
-1377.3 905
-1377.1 937
-1376.9 911
-1376.7 954
-1376.5 945
-1376.3 932
-1376.1 919
-1375.9 936
-1375.7 912
-1375.5 891
-1375.3 918
-1375.1 898
-1374.9 904
-1374.7 863
-1374.5 967
-1374.3 900
-1374.1 905
-1373.9 936
-1373.7 935
-1373.5 949
-1373.3 969
-1373.1 884
-1372.9 930
-1372.7 900
-1372.5 966
-1372.3 915
-1372.1 872
-1371.9 871
-1371.7 943
-1371.5 934
-1371.3 961
-1371.1 944
-1370.9 980
-1370.7 924
-1370.5 954
-1370.3 918
-1370.1 876
-1369.9 936
-1369.7 882
-1369.5 866
-1369.3 916
-1369.1 872
-1368.9 884
-1368.7 860
-1368.5 876
-1368.3 927
-1368.1 873
-1367.9 887
-1367.7 932
-1367.5 860
-1367.3 889
-1367.1 854
-1366.9 865
-1366.7 852
-1366.5 882
-1366.3 858
-1366.1 844
-1365.9 876
-1365.7 832
-1365.5 835
-1365.3 806
-1365.1 808
-1364.9 829
-1364.7 808
-1364.5 840
-1364.3 838
-1364.1 771
-1363.9 806
-1363.7 782
-1363.5 772
-1363.3 762
-1363.1 793
-1362.9 777
-1362.7 777
-1362.5 719
-1362.3 736
-1362.1 688
-1361.9 746
-1361.7 679
-1361.5 713
-1361.3 706
-1361.1 677
-1360.9 690
-1360.7 628
-1360.5 645
-1360.3 667
-1360.1 660
-1359.9 632
-1359.7 618
-1359.5 608
-1359.3 588
-1359.1 612
-1358.9 581
-1358.7 627
-1358.5 566
-1358.3 600
-1358.1 595
-1357.9 558
-1357.7 551
-1357.5 555
-1357.3 501
-1357.1 492
-1356.9 492
-1356.7 520
-1356.5 485
-1356.3 512
-1356.1 462
-1355.9 475
-1355.7 430
-1355.5 443
-1355.3 440
-1355.1 433
-1354.9 422
-1354.7 421
-1354.5 467
-1354.3 435
-1354.1 424
-1353.9 406
-1353.7 379
-1353.5 379
-1353.3 393
-1353.1 387
-1352.9 380
-1352.7 373
-1352.5 363
-1352.3 378
-1352.1 340
-1351.9 391
-1351.7 316
-1351.5 338
-1351.3 326
-1351.1 332
-1350.9 316
-1350.7 344
-1350.5 334
-1350.3 291
-1350.1 311
-1349.9 310
-1349.7 292
-1349.5 272
-1349.3 263
-1349.1 241
-1348.9 255
-1348.7 248
-1348.5 267
-1348.3 266
-1348.1 257
-1347.9 233
-1347.7 218
-1347.5 222
-1347.3 257
-1347.1 239
-1346.9 252
-1346.7 199
-1346.5 227
-1346.3 202
-1346.1 227
-1345.9 212
-1345.7 226
-1345.5 196
-1345.3 205
-1345.1 200
-1344.9 196
-1344.7 189
-1344.5 188
-1344.3 162
-1344.1 174
-1343.9 174
-1343.7 195
-1343.5 168
-1343.3 164
-1343.1 177
-1342.9 159
-1342.7 161
-1342.5 147
-1342.3 146
-1342.1 149
-1341.9 156
-1341.7 129
-1341.5 147
-1341.3 149
-1341.1 129
-1340.9 148
-1340.7 131
-1340.5 122
-1340.3 111
-1340.1 149
-1339.9 110
-1339.7 111
-1339.5 122
-1339.3 106
-1339.1 95
-1338.9 103
-1338.7 116
-1338.5 103
-1338.3 102
-1338.1 87
-1337.9 104
-1337.7 89
-1337.5 101
-1337.3 68
-1337.1 84
-1336.9 81
-1336.7 73
-1336.5 95
-1336.3 83
-1336.1 84
-1335.9 61
-1335.7 86
-1335.5 66
-1335.3 82
-1335.1 72
-1334.9 64
-1334.7 63
-1334.5 56
-1334.3 64
-1334.1 57
-1333.9 54
-1333.7 54
-1333.5 47
-1333.3 60
-1333.1 38
-1332.9 51
-1332.7 45
-1332.5 41
-1332.3 45
-1332.1 54
-1331.9 46
-1331.7 44
-1331.5 39
-1331.3 44
-1331.1 39
-1330.9 41
-1330.7 42
-1330.5 39
-1330.3 28
-1330.1 43
-1329.9 35
-1329.7 24
-1329.5 40
-1329.3 24
-1329.1 33
-1328.9 46
-1328.7 34
-1328.5 24
-1328.3 24
-1328.1 26
-1327.9 28
-1327.7 23
-1327.5 22
-1327.3 21
-1327.1 29
-1326.9 20
-1326.7 19
-1326.5 30
-1326.3 28
-1326.1 25
-1325.9 18
-1325.7 13
-1325.5 22
-1325.3 17
-1325.1 18
-1324.9 15
-1324.7 16
-1324.5 21
-1324.3 15
-1324.1 11
-1323.9 19
-1323.7 16
-1323.5 20
-1323.3 19
-1323.1 21
-1322.9 10
-1322.7 18
-1322.5 13
-1322.3 15
-1322.1 9
-1321.9 11
-1321.7 8
-1321.5 16
-1321.3 12
-1321.1 15
-1320.9 6
-1320.7 5
-1320.5 6
-1320.3 8
-1320.1 9
-1319.9 13
-1319.7 10
-1319.5 19
-1319.3 9
-1319.1 9
-1318.9 12
-1318.7 12
-1318.5 9
-1318.3 8
-1318.1 10
-1317.9 8
-1317.7 12
-1317.5 12
-1317.3 10
-1317.1 14
-1316.9 17
-1316.7 6
-1316.5 12
-1316.3 8
-1316.1 12
-1315.9 10
-1315.7 12
-1315.5 12
-1315.3 9
-1315.1 10
-1314.9 4
-1314.7 9
-1314.5 7
-1314.3 6
-1314.1 6
-1313.9 11
-1313.7 9
-1313.5 7
-1313.3 7
-1313.1 4
-1312.9 11
-1312.7 5
-1312.5 5
-1312.3 7
-1312.1 9
-1311.9 8
-1311.7 9
-1311.5 12
-1311.3 11
-1311.1 3
-1310.9 4
-1310.7 5
-1310.5 8
-1310.3 11
-1310.1 6
-1309.9 4
-1309.7 4
-1309.5 10
-1309.3 5
-1309.1 9
-1308.9 7
-1308.7 8
-1308.5 8
-1308.3 9
-1308.1 7
-1307.9 4
-1307.7 11
-1307.5 6
-1307.3 6
-1307.1 4
-1306.9 4
-1306.7 8
-1306.5 8
-1306.3 8
-1306.1 4
-1305.9 8
-1305.7 7
-1305.5 2
-1305.3 6
-1305.1 10
-1304.9 5
-1304.7 4
-1304.5 4
-1304.3 6
-1304.1 5
-1303.9 10
-1303.7 8
-1303.5 7
-1303.3 9
-1303.1 9
-1302.9 10
-1302.7 13
-1302.5 8
-1302.3 6
-1302.1 12
-1301.9 7
-1301.7 11
-1301.5 8
-1301.3 10
-1301.1 6
-1300.9 6
-1300.7 5
-1300.5 7
-1300.3 5
-1300.1 5
