-1589.9 0
-1589.7 1
-1589.5 1
-1589.3 1
-1589.1 0
-1588.9 1
-1588.7 2
-1588.5 0
-1588.3 1
-1588.1 3
-1587.9 0
-1587.7 1
-1587.5 1
-1587.3 1
-1587.1 2
-1586.9 0
-1586.7 1
-1586.5 1
-1586.3 2
-1586.1 1
-1585.9 1
-1585.7 0
-1585.5 2
-1585.3 0
-1585.1 2
-1584.9 2
-1584.7 1
-1584.5 0
-1584.3 1
-1584.1 0
-1583.9 1
-1583.7 1
-1583.5 0
-1583.3 1
-1583.1 0
-1582.9 0
-1582.7 0
-1582.5 0
-1582.3 1
-1582.1 2
-1581.9 2
-1581.7 1
-1581.5 2
-1581.3 2
-1581.1 0
-1580.9 0
-1580.7 1
-1580.5 0
-1580.3 2
-1580.1 0
-1579.9 2
-1579.7 0
-1579.5 0
-1579.3 3
-1579.1 1
-1578.9 3
-1578.7 0
-1578.5 4
-1578.3 5
-1578.1 0
-1577.9 0
-1577.7 2
-1577.5 4
-1577.3 0
-1577.1 3
-1576.9 1
-1576.7 1
-1576.5 0
-1576.3 2
-1576.1 4
-1575.9 3
-1575.7 5
-1575.5 5
-1575.3 1
-1575.1 6
-1574.9 3
-1574.7 3
-1574.5 4
-1574.3 9
-1574.1 3
-1573.9 9
-1573.7 3
-1573.5 6
-1573.3 8
-1573.1 12
-1572.9 6
-1572.7 9
-1572.5 12
-1572.3 10
-1572.1 17
-1571.9 13
-1571.7 13
-1571.5 16
-1571.3 21
-1571.1 21
-1570.9 24
-1570.7 27
-1570.5 30
-1570.3 32
-1570.1 26
-1569.9 26
-1569.7 29
-1569.5 34
-1569.3 38
-1569.1 32
-1568.9 36
-1568.7 56
-1568.5 52
-1568.3 45
-1568.1 47
-1567.9 48
-1567.7 53
-1567.5 58
-1567.3 65
-1567.1 64
-1566.9 57
-1566.7 62
-1566.5 69
-1566.3 65
-1566.1 70
-1565.9 76
-1565.7 53
-1565.5 82
-1565.3 80
-1565.1 81
-1564.9 103
-1564.7 101
-1564.5 99
-1564.3 101
-1564.1 107
-1563.9 109
-1563.7 108
-1563.5 128
-1563.3 125
-1563.1 111
-1562.9 112
-1562.7 127
-1562.5 126
-1562.3 143
-1562.1 141
-1561.9 138
-1561.7 137
-1561.5 131
-1561.3 151
-1561.1 162
-1560.9 158
-1560.7 139
-1560.5 179
-1560.3 150
-1560.1 157
-1559.9 166
-1559.7 181
-1559.5 187
-1559.3 184
-1559.1 190
-1558.9 189
-1558.7 203
-1558.5 225
-1558.3 195
-1558.1 208
-1557.9 219
-1557.7 214
-1557.5 220
-1557.3 203
-1557.1 215
-1556.9 225
-1556.7 229
-1556.5 243
-1556.3 205
-1556.1 226
-1555.9 249
-1555.7 250
-1555.5 242
-1555.3 225
-1555.1 230
-1554.9 259
-1554.7 269
-1554.5 289
-1554.3 234
-1554.1 261
-1553.9 278
-1553.7 260
-1553.5 262
-1553.3 251
-1553.1 235
-1552.9 282
-1552.7 282
-1552.5 259
-1552.3 287
-1552.1 261
-1551.9 284
-1551.7 267
-1551.5 268
-1551.3 289
-1551.1 305
-1550.9 274
-1550.7 311
-1550.5 272
-1550.3 282
-1550.1 265
-1549.9 299
-1549.7 312
-1549.5 330
-1549.3 296
-1549.1 286
-1548.9 298
-1548.7 321
-1548.5 301
-1548.3 342
-1548.1 327
-1547.9 317
-1547.7 289
-1547.5 316
-1547.3 322
-1547.1 313
-1546.9 303
-1546.7 324
-1546.5 320
-1546.3 318
-1546.1 333
-1545.9 325
-1545.7 310
-1545.5 295
-1545.3 332
-1545.1 346
-1544.9 310
-1544.7 335
-1544.5 354
-1544.3 308
-1544.1 322
-1543.9 303
-1543.7 325
-1543.5 309
-1543.3 301
-1543.1 315
-1542.9 305
-1542.7 334
-1542.5 350
-1542.3 292
-1542.1 320
-1541.9 348
-1541.7 346
-1541.5 328
-1541.3 356
-1541.1 330
-1540.9 344
-1540.7 327
-1540.5 311
-1540.3 302
-1540.1 322
-1539.9 298
-1539.7 341
-1539.5 312
-1539.3 326
-1539.1 324
-1538.9 334
-1538.7 328
-1538.5 331
-1538.3 332
-1538.1 342
-1537.9 328
-1537.7 349
-1537.5 340
-1537.3 317
-1537.1 348
-1536.9 292
-1536.7 322
-1536.5 348
-1536.3 322
-1536.1 307
-1535.9 317
-1535.7 331
-1535.5 325
-1535.3 319
-1535.1 304
-1534.9 313
-1534.7 322
-1534.5 298
-1534.3 291
-1534.1 300
-1533.9 341
-1533.7 308
-1533.5 301
-1533.3 323
-1533.1 313
-1532.9 296
-1532.7 283
-1532.5 325
-1532.3 330
-1532.1 309
-1531.9 279
-1531.7 283
-1531.5 275
-1531.3 338
-1531.1 323
-1530.9 311
-1530.7 293
-1530.5 309
-1530.3 297
-1530.1 296
-1529.9 312
-1529.7 285
-1529.5 302
-1529.3 289
-1529.1 250
-1528.9 251
-1528.7 302
-1528.5 259
-1528.3 314
-1528.1 251
-1527.9 295
-1527.7 282
-1527.5 287
-1527.3 282
-1527.1 285
-1526.9 281
-1526.7 285
-1526.5 283
-1526.3 266
-1526.1 267
-1525.9 271
-1525.7 278
-1525.5 305
-1525.3 283
-1525.1 298
-1524.9 259
-1524.7 281
-1524.5 313
-1524.3 273
-1524.1 288
-1523.9 316
-1523.7 277
-1523.5 337
-1523.3 302
-1523.1 310
-1522.9 306
-1522.7 319
-1522.5 276
-1522.3 337
-1522.1 285
-1521.9 295
-1521.7 295
-1521.5 289
-1521.3 288
-1521.1 309
-1520.9 289
-1520.7 287
-1520.5 309
-1520.3 301
-1520.1 286
-1519.9 303
-1519.7 297
-1519.5 286
-1519.3 267
-1519.1 297
-1518.9 301
-1518.7 282
-1518.5 267
-1518.3 310
-1518.1 256
-1517.9 290
-1517.7 282
-1517.5 291
-1517.3 272
-1517.1 276
-1516.9 282
-1516.7 265
-1516.5 271
-1516.3 264
-1516.1 249
-1515.9 267
-1515.7 261
-1515.5 249
-1515.3 281
-1515.1 270
-1514.9 256
-1514.7 266
-1514.5 269
-1514.3 221
-1514.1 263
-1513.9 280
-1513.7 252
-1513.5 260
-1513.3 231
-1513.1 283
-1512.9 252
-1512.7 227
-1512.5 238
-1512.3 226
-1512.1 235
-1511.9 216
-1511.7 265
-1511.5 244
-1511.3 266
-1511.1 243
-1510.9 272
-1510.7 231
-1510.5 260
-1510.3 264
-1510.1 239
-1509.9 228
-1509.7 248
-1509.5 260
-1509.3 248
-1509.1 283
-1508.9 281
-1508.7 301
-1508.5 255
-1508.3 291
-1508.1 265
-1507.9 275
-1507.7 286
-1507.5 282
-1507.3 303
-1507.1 254
-1506.9 304
-1506.7 296
-1506.5 310
-1506.3 276
-1506.1 316
-1505.9 286
-1505.7 312
-1505.5 305
-1505.3 293
-1505.1 290
-1504.9 314
-1504.7 286
-1504.5 309
-1504.3 289
-1504.1 268
-1503.9 288
-1503.7 298
-1503.5 277
-1503.3 294
-1503.1 272
-1502.9 251
-1502.7 270
-1502.5 265
-1502.3 296
-1502.1 286
-1501.9 268
-1501.7 274
-1501.5 289
-1501.3 292
-1501.1 278
-1500.9 253
-1500.7 275
-1500.5 275
-1500.3 252
-1500.1 253
-1499.9 217
-1499.7 245
-1499.5 214
-1499.3 235
-1499.1 223
-1498.9 243
-1498.7 262
-1498.5 243
-1498.3 266
-1498.1 245
-1497.9 207
-1497.7 257
-1497.5 257
-1497.3 228
-1497.1 236
-1496.9 240
-1496.7 242
-1496.5 257
-1496.3 230
-1496.1 228
-1495.9 232
-1495.7 268
-1495.5 235
-1495.3 239
-1495.1 239
-1494.9 219
-1494.7 218
-1494.5 245
-1494.3 233
-1494.1 218
-1493.9 251
-1493.7 244
-1493.5 229
-1493.3 257
-1493.1 255
-1492.9 253
-1492.7 245
-1492.5 262
-1492.3 273
-1492.1 262
-1491.9 249
-1491.7 273
-1491.5 272
-1491.3 298
-1491.1 265
-1490.9 278
-1490.7 293
-1490.5 297
-1490.3 260
-1490.1 298
-1489.9 309
-1489.7 287
-1489.5 317
-1489.3 272
-1489.1 325
-1488.9 287
-1488.7 308
-1488.5 308
-1488.3 304
-1488.1 285
-1487.9 279
-1487.7 280
-1487.5 303
-1487.3 318
-1487.1 271
-1486.9 302
-1486.7 270
-1486.5 270
-1486.3 273
-1486.1 271
-1485.9 302
-1485.7 261
-1485.5 267
-1485.3 276
-1485.1 274
-1484.9 264
-1484.7 283
-1484.5 277
-1484.3 253
-1484.1 276
-1483.9 243
-1483.7 272
-1483.5 244
-1483.3 240
-1483.1 246
-1482.9 249
-1482.7 233
-1482.5 243
-1482.3 255
-1482.1 248
-1481.9 210
-1481.7 245
-1481.5 272
-1481.3 254
-1481.1 237
-1480.9 223
-1480.7 217
-1480.5 249
-1480.3 251
-1480.1 273
-1479.9 244
-1479.7 257
-1479.5 262
-1479.3 238
-1479.1 232
-1478.9 250
-1478.7 239
-1478.5 249
-1478.3 263
-1478.1 250
-1477.9 254
-1477.7 249
-1477.5 247
-1477.3 256
-1477.1 234
-1476.9 255
-1476.7 253
-1476.5 233
-1476.3 241
-1476.1 236
-1475.9 256
-1475.7 254
-1475.5 271
-1475.3 252
-1475.1 275
-1474.9 266
-1474.7 311
-1474.5 266
-1474.3 280
-1474.1 267
-1473.9 302
-1473.7 289
-1473.5 306
-1473.3 323
-1473.1 282
-1472.9 291
-1472.7 304
-1472.5 280
-1472.3 302
-1472.1 245
-1471.9 323
-1471.7 260
-1471.5 316
-1471.3 273
-1471.1 303
-1470.9 283
-1470.7 274
-1470.5 295
-1470.3 287
-1470.1 313
-1469.9 284
-1469.7 285
-1469.5 276
-1469.3 282
-1469.1 265
-1468.9 263
-1468.7 272
-1468.5 268
-1468.3 308
-1468.1 258
-1467.9 268
-1467.7 282
-1467.5 298
-1467.3 274
-1467.1 282
-1466.9 289
-1466.7 272
-1466.5 245
-1466.3 264
-1466.1 244
-1465.9 246
-1465.7 239
-1465.5 255
-1465.3 261
-1465.1 264
-1464.9 248
-1464.7 230
-1464.5 249
-1464.3 267
-1464.1 270
-1463.9 267
-1463.7 243
-1463.5 258
-1463.3 248
-1463.1 266
-1462.9 232
-1462.7 257
-1462.5 242
-1462.3 239
-1462.1 261
-1461.9 255
-1461.7 263
-1461.5 227
-1461.3 232
-1461.1 236
-1460.9 252
-1460.7 218
-1460.5 270
-1460.3 264
-1460.1 266
-1459.9 266
-1459.7 262
-1459.5 259
-1459.3 275
-1459.1 267
-1458.9 269
-1458.7 261
-1458.5 282
-1458.3 257
-1458.1 281
-1457.9 257
-1457.7 311
-1457.5 310
-1457.3 288
-1457.1 284
-1456.9 276
-1456.7 314
-1456.5 255
-1456.3 290
-1456.1 280
-1455.9 297
-1455.7 281
-1455.5 301
-1455.3 291
-1455.1 270
-1454.9 276
-1454.7 282
-1454.5 285
-1454.3 272
-1454.1 273
-1453.9 269
-1453.7 299
-1453.5 277
-1453.3 319
-1453.1 298
-1452.9 271
-1452.7 255
-1452.5 266
-1452.3 306
-1452.1 279
-1451.9 277
-1451.7 291
-1451.5 283
-1451.3 303
-1451.1 279
-1450.9 275
-1450.7 287
-1450.5 278
-1450.3 288
-1450.1 279
-1449.9 284
-1449.7 268
-1449.5 269
-1449.3 264
-1449.1 270
-1448.9 269
-1448.7 286
-1448.5 276
-1448.3 288
-1448.1 265
-1447.9 268
-1447.7 298
-1447.5 262
-1447.3 231
-1447.1 253
-1446.9 268
-1446.7 249
-1446.5 274
-1446.3 269
-1446.1 260
-1445.9 267
-1445.7 261
-1445.5 261
-1445.3 241
-1445.1 287
-1444.9 278
-1444.7 258
-1444.5 248
-1444.3 277
-1444.1 214
-1443.9 258
-1443.7 256
-1443.5 255
-1443.3 249
-1443.1 257
-1442.9 227
-1442.7 242
-1442.5 276
-1442.3 259
-1442.1 263
-1441.9 278
-1441.7 252
-1441.5 256
-1441.3 289
-1441.1 265
-1440.9 266
-1440.7 259
-1440.5 259
-1440.3 237
-1440.1 274
-1439.9 289
-1439.7 258
-1439.5 283
-1439.3 254
-1439.1 283
-1438.9 279
-1438.7 263
-1438.5 297
-1438.3 283
-1438.1 263
-1437.9 237
-1437.7 270
-1437.5 266
-1437.3 293
-1437.1 302
-1436.9 267
-1436.7 272
-1436.5 252
-1436.3 287
-1436.1 249
-1435.9 270
-1435.7 283
-1435.5 285
-1435.3 281
-1435.1 278
-1434.9 249
-1434.7 272
-1434.5 291
-1434.3 294
-1434.1 289
-1433.9 287
-1433.7 297
-1433.5 280
-1433.3 277
-1433.1 296
-1432.9 289
-1432.7 293
-1432.5 266
-1432.3 290
-1432.1 283
-1431.9 253
-1431.7 274
-1431.5 288
-1431.3 262
-1431.1 272
-1430.9 268
-1430.7 319
-1430.5 256
-1430.3 288
-1430.1 254
-1429.9 276
-1429.7 256
-1429.5 282
-1429.3 277
-1429.1 260
-1428.9 253
-1428.7 270
-1428.5 256
-1428.3 274
-1428.1 270
-1427.9 269
-1427.7 258
-1427.5 265
-1427.3 283
-1427.1 261
-1426.9 286
-1426.7 256
-1426.5 273
-1426.3 260
-1426.1 257
-1425.9 241
-1425.7 282
-1425.5 256
-1425.3 273
-1425.1 252
-1424.9 253
-1424.7 270
-1424.5 251
-1424.3 272
-1424.1 250
-1423.9 244
-1423.7 258
-1423.5 260
-1423.3 266
-1423.1 267
-1422.9 263
-1422.7 284
-1422.5 253
-1422.3 275
-1422.1 259
-1421.9 257
-1421.7 278
-1421.5 278
-1421.3 261
-1421.1 308
-1420.9 275
-1420.7 267
-1420.5 287
-1420.3 282
-1420.1 255
-1419.9 269
-1419.7 255
-1419.5 274
-1419.3 277
-1419.1 284
-1418.9 269
-1418.7 288
-1418.5 266
-1418.3 318
-1418.1 311
-1417.9 268
-1417.7 255
-1417.5 304
-1417.3 262
-1417.1 262
-1416.9 259
-1416.7 291
-1416.5 246
-1416.3 269
-1416.1 265
-1415.9 289
-1415.7 305
-1415.5 249
-1415.3 282
-1415.1 270
-1414.9 292
-1414.7 270
-1414.5 297
-1414.3 275
-1414.1 281
-1413.9 277
-1413.7 272
-1413.5 271
-1413.3 285
-1413.1 251
-1412.9 267
-1412.7 265
-1412.5 260
-1412.3 272
-1412.1 290
-1411.9 300
-1411.7 268
-1411.5 253
-1411.3 270
-1411.1 279
-1410.9 279
-1410.7 252
-1410.5 275
-1410.3 248
-1410.1 276
-1409.9 252
-1409.7 293
-1409.5 259
-1409.3 268
-1409.1 254
-1408.9 255
-1408.7 272
-1408.5 263
-1408.3 276
-1408.1 265
-1407.9 249
-1407.7 235
-1407.5 279
-1407.3 256
-1407.1 266
-1406.9 252
-1406.7 276
-1406.5 244
-1406.3 250
-1406.1 234
-1405.9 241
-1405.7 282
-1405.5 237
-1405.3 250
-1405.1 243
-1404.9 278
-1404.7 265
-1404.5 270
-1404.3 274
-1404.1 269
-1403.9 248
-1403.7 255
-1403.5 258
-1403.3 288
-1403.1 252
-1402.9 270
-1402.7 277
-1402.5 285
-1402.3 261
-1402.1 262
-1401.9 279
-1401.7 265
-1401.5 268
-1401.3 291
-1401.1 304
-1400.9 253
-1400.7 261
-1400.5 279
-1400.3 264
-1400.1 311
-1399.9 249
-1399.7 285
-1399.5 281
-1399.3 280
-1399.1 298
-1398.9 291
-1398.7 299
-1398.5 304
-1398.3 252
-1398.1 311
-1397.9 278
-1397.7 271
-1397.5 260
-1397.3 311
-1397.1 307
-1396.9 291
-1396.7 277
-1396.5 292
-1396.3 262
-1396.1 268
-1395.9 270
-1395.7 298
-1395.5 271
-1395.3 270
-1395.1 257
-1394.9 278
-1394.7 277
-1394.5 272
-1394.3 266
-1394.1 253
-1393.9 277
-1393.7 233
-1393.5 263
-1393.3 258
-1393.1 254
-1392.9 269
-1392.7 278
-1392.5 289
-1392.3 254
-1392.1 251
-1391.9 289
-1391.7 282
-1391.5 263
-1391.3 260
-1391.1 249
-1390.9 295
-1390.7 254
-1390.5 284
-1390.3 271
-1390.1 308
-1389.9 235
-1389.7 247
-1389.5 283
-1389.3 255
-1389.1 268
-1388.9 265
-1388.7 267
-1388.5 270
-1388.3 233
-1388.1 274
-1387.9 270
-1387.7 266
-1387.5 266
-1387.3 258
-1387.1 285
-1386.9 283
-1386.7 233
-1386.5 277
-1386.3 261
-1386.1 257
-1385.9 275
-1385.7 265
-1385.5 265
-1385.3 265
-1385.1 260
-1384.9 270
-1384.7 269
-1384.5 247
-1384.3 253
-1384.1 261
-1383.9 238
-1383.7 282
-1383.5 260
-1383.3 242
-1383.1 259
-1382.9 265
-1382.7 296
-1382.5 244
-1382.3 239
-1382.1 247
-1381.9 265
-1381.7 250
-1381.5 228
-1381.3 296
-1381.1 240
-1380.9 262
-1380.7 255
-1380.5 253
-1380.3 321
-1380.1 267
-1379.9 267
-1379.7 280
-1379.5 278
-1379.3 272
-1379.1 288
-1378.9 309
-1378.7 307
-1378.5 271
-1378.3 267
-1378.1 286
-1377.9 281
-1377.7 268
-1377.5 241
-1377.3 263
-1377.1 298
-1376.9 288
-1376.7 250
-1376.5 268
-1376.3 278
-1376.1 266
-1375.9 290
-1375.7 284
-1375.5 257
-1375.3 255
-1375.1 302
-1374.9 268
-1374.7 257
-1374.5 277
-1374.3 258
-1374.1 272
-1373.9 262
-1373.7 280
-1373.5 278
-1373.3 277
-1373.1 298
-1372.9 255
-1372.7 264
-1372.5 258
-1372.3 280
-1372.1 274
-1371.9 245
-1371.7 275
-1371.5 277
-1371.3 257
-1371.1 268
-1370.9 265
-1370.7 257
-1370.5 246
-1370.3 263
-1370.1 276
-1369.9 267
-1369.7 279
-1369.5 251
-1369.3 279
-1369.1 255
-1368.9 250
-1368.7 254
-1368.5 273
-1368.3 265
-1368.1 264
-1367.9 255
-1367.7 279
-1367.5 269
-1367.3 261
-1367.1 241
-1366.9 270
-1366.7 255
-1366.5 266
-1366.3 237
-1366.1 263
-1365.9 273
-1365.7 272
-1365.5 261
-1365.3 274
-1365.1 257
-1364.9 255
-1364.7 296
-1364.5 312
-1364.3 266
-1364.1 272
-1363.9 278
-1363.7 237
-1363.5 266
-1363.3 287
-1363.1 259
-1362.9 264
-1362.7 321
-1362.5 251
-1362.3 264
-1362.1 258
-1361.9 305
-1361.7 290
-1361.5 266
-1361.3 254
-1361.1 270
-1360.9 263
-1360.7 259
-1360.5 292
-1360.3 274
-1360.1 250
-1359.9 254
-1359.7 262
-1359.5 263
-1359.3 245
-1359.1 288
-1358.9 273
-1358.7 265
-1358.5 260
-1358.3 290
-1358.1 290
-1357.9 251
-1357.7 261
-1357.5 268
-1357.3 252
-1357.1 269
-1356.9 260
-1356.7 284
-1356.5 276
-1356.3 240
-1356.1 290
-1355.9 278
-1355.7 269
-1355.5 238
-1355.3 237
-1355.1 252
-1354.9 227
-1354.7 246
-1354.5 269
-1354.3 259
-1354.1 244
-1353.9 235
-1353.7 231
-1353.5 243
-1353.3 220
-1353.1 250
-1352.9 226
-1352.7 244
-1352.5 254
-1352.3 224
-1352.1 239
-1351.9 200
-1351.7 232
-1351.5 248
-1351.3 227
-1351.1 223
-1350.9 244
-1350.7 223
-1350.5 229
-1350.3 249
-1350.1 217
-1349.9 203
-1349.7 188
-1349.5 208
-1349.3 193
-1349.1 218
-1348.9 215
-1348.7 244
-1348.5 207
-1348.3 179
-1348.1 205
-1347.9 206
-1347.7 196
-1347.5 206
-1347.3 220
-1347.1 185
-1346.9 170
-1346.7 195
-1346.5 202
-1346.3 168
-1346.1 178
-1345.9 159
-1345.7 193
-1345.5 164
-1345.3 184
-1345.1 170
-1344.9 161
-1344.7 165
-1344.5 167
-1344.3 160
-1344.1 174
-1343.9 163
-1343.7 187
-1343.5 141
-1343.3 162
-1343.1 154
-1342.9 139
-1342.7 132
-1342.5 154
-1342.3 142
-1342.1 141
-1341.9 151
-1341.7 135
-1341.5 120
-1341.3 125
-1341.1 128
-1340.9 106
-1340.7 133
-1340.5 105
-1340.3 120
-1340.1 123
-1339.9 121
-1339.7 121
-1339.5 106
-1339.3 109
-1339.1 117
-1338.9 114
-1338.7 114
-1338.5 101
-1338.3 104
-1338.1 102
-1337.9 102
-1337.7 86
-1337.5 88
-1337.3 88
-1337.1 105
-1336.9 84
-1336.7 81
-1336.5 64
-1336.3 72
-1336.1 89
-1335.9 81
-1335.7 78
-1335.5 74
-1335.3 89
-1335.1 65
-1334.9 67
-1334.7 64
-1334.5 57
-1334.3 55
-1334.1 66
-1333.9 62
-1333.7 48
-1333.5 51
-1333.3 62
-1333.1 48
-1332.9 51
-1332.7 73
-1332.5 53
-1332.3 48
-1332.1 39
-1331.9 33
-1331.7 43
-1331.5 43
-1331.3 34
-1331.1 35
-1330.9 36
-1330.7 41
-1330.5 29
-1330.3 31
-1330.1 31
-1329.9 32
-1329.7 26
-1329.5 31
-1329.3 28
-1329.1 22
-1328.9 27
-1328.7 26
-1328.5 21
-1328.3 23
-1328.1 24
-1327.9 23
-1327.7 17
-1327.5 18
-1327.3 20
-1327.1 28
-1326.9 20
-1326.7 22
-1326.5 14
-1326.3 14
-1326.1 20
-1325.9 15
-1325.7 13
-1325.5 16
-1325.3 20
-1325.1 16
-1324.9 15
-1324.7 18
-1324.5 15
-1324.3 11
-1324.1 18
-1323.9 13
-1323.7 13
-1323.5 13
-1323.3 14
-1323.1 17
-1322.9 9
-1322.7 7
-1322.5 11
-1322.3 13
-1322.1 9
-1321.9 12
-1321.7 6
-1321.5 9
-1321.3 21
-1321.1 12
-1320.9 9
-1320.7 16
-1320.5 12
-1320.3 5
-1320.1 10
-1319.9 14
-1319.7 13
-1319.5 11
-1319.3 10
-1319.1 10
-1318.9 9
-1318.7 10
-1318.5 11
-1318.3 12
-1318.1 10
-1317.9 10
-1317.7 9
-1317.5 8
-1317.3 10
-1317.1 12
-1316.9 10
-1316.7 7
-1316.5 5
-1316.3 10
-1316.1 8
-1315.9 11
-1315.7 8
-1315.5 7
-1315.3 7
-1315.1 9
-1314.9 12
-1314.7 6
-1314.5 1
-1314.3 7
-1314.1 11
-1313.9 6
-1313.7 6
-1313.5 11
-1313.3 8
-1313.1 9
-1312.9 7
-1312.7 12
-1312.5 10
-1312.3 11
-1312.1 10
-1311.9 6
-1311.7 7
-1311.5 4
-1311.3 16
-1311.1 12
-1310.9 4
-1310.7 7
-1310.5 3
-1310.3 6
-1310.1 6
-1309.9 2
-1309.7 12
-1309.5 5
-1309.3 11
-1309.1 12
-1308.9 9
-1308.7 8
-1308.5 8
-1308.3 7
-1308.1 9
-1307.9 6
-1307.7 2
-1307.5 14
-1307.3 4
-1307.1 13
-1306.9 5
-1306.7 4
-1306.5 8
-1306.3 7
-1306.1 11
-1305.9 7
-1305.7 7
-1305.5 9
-1305.3 6
-1305.1 12
-1304.9 5
-1304.7 10
-1304.5 5
-1304.3 6
-1304.1 8
-1303.9 8
-1303.7 10
-1303.5 3
-1303.3 4
-1303.1 7
-1302.9 7
-1302.7 9
-1302.5 10
-1302.3 14
-1302.1 11
-1301.9 7
-1301.7 6
-1301.5 4
-1301.3 5
-1301.1 3
-1300.9 7
-1300.7 8
-1300.5 4
-1300.3 8
-1300.1 7
