-1589.9 0
-1589.7 2
-1589.5 3
-1589.3 2
-1589.1 0
-1588.9 1
-1588.7 1
-1588.5 0
-1588.3 1
-1588.1 0
-1587.9 0
-1587.7 2
-1587.5 0
-1587.3 2
-1587.1 1
-1586.9 2
-1586.7 2
-1586.5 2
-1586.3 0
-1586.1 1
-1585.9 0
-1585.7 3
-1585.5 0
-1585.3 1
-1585.1 1
-1584.9 1
-1584.7 1
-1584.5 1
-1584.3 3
-1584.1 0
-1583.9 1
-1583.7 1
-1583.5 0
-1583.3 1
-1583.1 1
-1582.9 3
-1582.7 3
-1582.5 2
-1582.3 0
-1582.1 1
-1581.9 1
-1581.7 1
-1581.5 1
-1581.3 0
-1581.1 1
-1580.9 2
-1580.7 0
-1580.5 0
-1580.3 3
-1580.1 4
-1579.9 2
-1579.7 3
-1579.5 0
-1579.3 3
-1579.1 2
-1578.9 0
-1578.7 4
-1578.5 1
-1578.3 4
-1578.1 2
-1577.9 0
-1577.7 2
-1577.5 2
-1577.3 1
-1577.1 4
-1576.9 2
-1576.7 4
-1576.5 1
-1576.3 0
-1576.1 3
-1575.9 1
-1575.7 3
-1575.5 8
-1575.3 3
-1575.1 1
-1574.9 4
-1574.7 3
-1574.5 4
-1574.3 4
-1574.1 7
-1573.9 6
-1573.7 4
-1573.5 4
-1573.3 10
-1573.1 7
-1572.9 4
-1572.7 11
-1572.5 4
-1572.3 9
-1572.1 12
-1571.9 18
-1571.7 20
-1571.5 19
-1571.3 23
-1571.1 25
-1570.9 22
-1570.7 32
-1570.5 17
-1570.3 34
-1570.1 35
-1569.9 44
-1569.7 32
-1569.5 46
-1569.3 37
-1569.1 42
-1568.9 40
-1568.7 45
-1568.5 46
-1568.3 46
-1568.1 67
-1567.9 48
-1567.7 43
-1567.5 66
-1567.3 61
-1567.1 55
-1566.9 57
-1566.7 63
-1566.5 85
-1566.3 75
-1566.1 95
-1565.9 78
-1565.7 83
-1565.5 107
-1565.3 89
-1565.1 84
-1564.9 82
-1564.7 104
-1564.5 86
-1564.3 98
-1564.1 84
-1563.9 95
-1563.7 110
-1563.5 132
-1563.3 119
-1563.1 139
-1562.9 130
-1562.7 122
-1562.5 137
-1562.3 129
-1562.1 126
-1561.9 166
-1561.7 137
-1561.5 161
-1561.3 170
-1561.1 150
-1560.9 185
-1560.7 166
-1560.5 164
-1560.3 170
-1560.1 169
-1559.9 172
-1559.7 215
-1559.5 194
-1559.3 187
-1559.1 200
-1558.9 206
-1558.7 204
-1558.5 213
-1558.3 215
-1558.1 231
-1557.9 222
-1557.7 212
-1557.5 251
-1557.3 267
-1557.1 245
-1556.9 248
-1556.7 248
-1556.5 267
-1556.3 249
-1556.1 253
-1555.9 263
-1555.7 249
-1555.5 240
-1555.3 293
-1555.1 279
-1554.9 272
-1554.7 259
-1554.5 278
-1554.3 255
-1554.1 266
-1553.9 268
-1553.7 309
-1553.5 289
-1553.3 297
-1553.1 286
-1552.9 279
-1552.7 343
-1552.5 317
-1552.3 273
-1552.1 278
-1551.9 330
-1551.7 330
-1551.5 311
-1551.3 317
-1551.1 310
-1550.9 308
-1550.7 333
-1550.5 313
-1550.3 324
-1550.1 337
-1549.9 327
-1549.7 318
-1549.5 292
-1549.3 316
-1549.1 338
-1548.9 320
-1548.7 333
-1548.5 329
-1548.3 369
-1548.1 337
-1547.9 320
-1547.7 332
-1547.5 315
-1547.3 350
-1547.1 324
-1546.9 367
-1546.7 296
-1546.5 337
-1546.3 317
-1546.1 351
-1545.9 370
-1545.7 344
-1545.5 368
-1545.3 394
-1545.1 384
-1544.9 343
-1544.7 365
-1544.5 352
-1544.3 347
-1544.1 361
-1543.9 324
-1543.7 310
-1543.5 365
-1543.3 413
-1543.1 362
-1542.9 348
-1542.7 335
-1542.5 359
-1542.3 329
-1542.1 344
-1541.9 361
-1541.7 351
-1541.5 361
-1541.3 339
-1541.1 337
-1540.9 383
-1540.7 342
-1540.5 318
-1540.3 368
-1540.1 333
-1539.9 339
-1539.7 359
-1539.5 336
-1539.3 350
-1539.1 329
-1538.9 352
-1538.7 350
-1538.5 376
-1538.3 358
-1538.1 362
-1537.9 333
-1537.7 370
-1537.5 355
-1537.3 358
-1537.1 377
-1536.9 348
-1536.7 348
-1536.5 338
-1536.3 349
-1536.1 350
-1535.9 351
-1535.7 363
-1535.5 332
-1535.3 332
-1535.1 379
-1534.9 344
-1534.7 344
-1534.5 342
-1534.3 355
-1534.1 297
-1533.9 360
-1533.7 312
-1533.5 344
-1533.3 348
-1533.1 355
-1532.9 357
-1532.7 351
-1532.5 337
-1532.3 330
-1532.1 333
-1531.9 355
-1531.7 359
-1531.5 351
-1531.3 375
-1531.1 351
-1530.9 342
-1530.7 340
-1530.5 352
-1530.3 349
-1530.1 298
-1529.9 330
-1529.7 333
-1529.5 324
-1529.3 326
-1529.1 323
-1528.9 317
-1528.7 317
-1528.5 336
-1528.3 301
-1528.1 312
-1527.9 287
-1527.7 301
-1527.5 330
-1527.3 330
-1527.1 319
-1526.9 320
-1526.7 304
-1526.5 320
-1526.3 303
-1526.1 300
-1525.9 294
-1525.7 298
-1525.5 292
-1525.3 258
-1525.1 287
-1524.9 295
-1524.7 304
-1524.5 286
-1524.3 289
-1524.1 321
-1523.9 283
-1523.7 292
-1523.5 307
-1523.3 280
-1523.1 259
-1522.9 283
-1522.7 264
-1522.5 291
-1522.3 290
-1522.1 278
-1521.9 300
-1521.7 301
-1521.5 305
-1521.3 315
-1521.1 281
-1520.9 287
-1520.7 320
-1520.5 287
-1520.3 298
-1520.1 274
-1519.9 304
-1519.7 288
-1519.5 310
-1519.3 301
-1519.1 289
-1518.9 284
-1518.7 293
-1518.5 296
-1518.3 331
-1518.1 308
-1517.9 292
-1517.7 305
-1517.5 291
-1517.3 332
-1517.1 302
-1516.9 329
-1516.7 312
-1516.5 309
-1516.3 303
-1516.1 316
-1515.9 317
-1515.7 330
-1515.5 276
-1515.3 289
-1515.1 311
-1514.9 259
-1514.7 336
-1514.5 310
-1514.3 284
-1514.1 307
-1513.9 305
-1513.7 315
-1513.5 304
-1513.3 306
-1513.1 335
-1512.9 295
-1512.7 294
-1512.5 301
-1512.3 303
-1512.1 291
-1511.9 280
-1511.7 336
-1511.5 322
-1511.3 338
-1511.1 306
-1510.9 278
-1510.7 313
-1510.5 311
-1510.3 289
-1510.1 315
-1509.9 342
-1509.7 273
-1509.5 281
-1509.3 306
-1509.1 291
-1508.9 305
-1508.7 279
-1508.5 287
-1508.3 280
-1508.1 298
-1507.9 259
-1507.7 294
-1507.5 310
-1507.3 292
-1507.1 274
-1506.9 285
-1506.7 293
-1506.5 274
-1506.3 254
-1506.1 286
-1505.9 259
-1505.7 249
-1505.5 270
-1505.3 275
-1505.1 256
-1504.9 264
-1504.7 270
-1504.5 286
-1504.3 258
-1504.1 295
-1503.9 276
-1503.7 278
-1503.5 288
-1503.3 278
-1503.1 307
-1502.9 294
-1502.7 288
-1502.5 315
-1502.3 301
-1502.1 294
-1501.9 287
-1501.7 274
-1501.5 284
-1501.3 312
-1501.1 302
-1500.9 277
-1500.7 314
-1500.5 289
-1500.3 289
-1500.1 306
-1499.9 288
-1499.7 257
-1499.5 298
-1499.3 292
-1499.1 291
-1498.9 315
-1498.7 318
-1498.5 321
-1498.3 281
-1498.1 280
-1497.9 325
-1497.7 293
-1497.5 299
-1497.3 293
-1497.1 287
-1496.9 325
-1496.7 318
-1496.5 313
-1496.3 290
-1496.1 304
-1495.9 334
-1495.7 307
-1495.5 287
-1495.3 319
-1495.1 329
-1494.9 318
-1494.7 336
-1494.5 301
-1494.3 291
-1494.1 337
-1493.9 338
-1493.7 279
-1493.5 320
-1493.3 311
-1493.1 290
-1492.9 276
-1492.7 257
-1492.5 289
-1492.3 301
-1492.1 300
-1491.9 287
-1491.7 263
-1491.5 277
-1491.3 260
-1491.1 319
-1490.9 285
-1490.7 324
-1490.5 292
-1490.3 306
-1490.1 302
-1489.9 304
-1489.7 281
-1489.5 255
-1489.3 259
-1489.1 274
-1488.9 286
-1488.7 244
-1488.5 274
-1488.3 258
-1488.1 272
-1487.9 256
-1487.7 270
-1487.5 250
-1487.3 278
-1487.1 271
-1486.9 284
-1486.7 272
-1486.5 274
-1486.3 280
-1486.1 266
-1485.9 294
-1485.7 300
-1485.5 266
-1485.3 320
-1485.1 283
-1484.9 270
-1484.7 274
-1484.5 282
-1484.3 275
-1484.1 282
-1483.9 273
-1483.7 286
-1483.5 268
-1483.3 278
-1483.1 296
-1482.9 312
-1482.7 283
-1482.5 247
-1482.3 290
-1482.1 297
-1481.9 283
-1481.7 320
-1481.5 307
-1481.3 286
-1481.1 306
-1480.9 275
-1480.7 329
-1480.5 297
-1480.3 288
-1480.1 281
-1479.9 274
-1479.7 314
-1479.5 310
-1479.3 295
-1479.1 284
-1478.9 319
-1478.7 330
-1478.5 337
-1478.3 319
-1478.1 319
-1477.9 282
-1477.7 312
-1477.5 299
-1477.3 297
-1477.1 284
-1476.9 299
-1476.7 292
-1476.5 337
-1476.3 280
-1476.1 331
-1475.9 303
-1475.7 302
-1475.5 287
-1475.3 284
-1475.1 307
-1474.9 297
-1474.7 286
-1474.5 288
-1474.3 289
-1474.1 306
-1473.9 274
-1473.7 298
-1473.5 281
-1473.3 273
-1473.1 295
-1472.9 286
-1472.7 274
-1472.5 284
-1472.3 274
-1472.1 281
-1471.9 269
-1471.7 296
-1471.5 294
-1471.3 286
-1471.1 271
-1470.9 261
-1470.7 256
-1470.5 311
-1470.3 285
-1470.1 295
-1469.9 270
-1469.7 253
-1469.5 287
-1469.3 290
-1469.1 286
-1468.9 270
-1468.7 289
-1468.5 294
-1468.3 282
-1468.1 313
-1467.9 276
-1467.7 297
-1467.5 283
-1467.3 304
-1467.1 296
-1466.9 301
-1466.7 286
-1466.5 279
-1466.3 293
-1466.1 270
-1465.9 270
-1465.7 287
-1465.5 262
-1465.3 314
-1465.1 253
-1464.9 307
-1464.7 293
-1464.5 297
-1464.3 294
-1464.1 270
-1463.9 270
-1463.7 278
-1463.5 279
-1463.3 303
-1463.1 276
-1462.9 285
-1462.7 277
-1462.5 296
-1462.3 320
-1462.1 287
-1461.9 289
-1461.7 321
-1461.5 317
-1461.3 282
-1461.1 281
-1460.9 280
-1460.7 286
-1460.5 275
-1460.3 288
-1460.1 303
-1459.9 276
-1459.7 301
-1459.5 304
-1459.3 260
-1459.1 305
-1458.9 308
-1458.7 293
-1458.5 294
-1458.3 284
-1458.1 304
-1457.9 296
-1457.7 290
-1457.5 293
-1457.3 294
-1457.1 289
-1456.9 314
-1456.7 265
-1456.5 276
-1456.3 264
-1456.1 275
-1455.9 299
-1455.7 303
-1455.5 303
-1455.3 297
-1455.1 313
-1454.9 296
-1454.7 302
-1454.5 284
-1454.3 288
-1454.1 309
-1453.9 318
-1453.7 290
-1453.5 280
-1453.3 279
-1453.1 251
-1452.9 306
-1452.7 304
-1452.5 296
-1452.3 313
-1452.1 289
-1451.9 292
-1451.7 278
-1451.5 289
-1451.3 299
-1451.1 291
-1450.9 317
-1450.7 279
-1450.5 297
-1450.3 262
-1450.1 293
-1449.9 309
-1449.7 304
-1449.5 323
-1449.3 313
-1449.1 292
-1448.9 255
-1448.7 311
-1448.5 265
-1448.3 282
-1448.1 275
-1447.9 324
-1447.7 284
-1447.5 320
-1447.3 270
-1447.1 298
-1446.9 295
-1446.7 312
-1446.5 293
-1446.3 307
-1446.1 285
-1445.9 306
-1445.7 294
-1445.5 281
-1445.3 269
-1445.1 277
-1444.9 313
-1444.7 300
-1444.5 301
-1444.3 294
-1444.1 258
-1443.9 305
-1443.7 283
-1443.5 330
-1443.3 321
-1443.1 301
-1442.9 282
-1442.7 287
-1442.5 255
-1442.3 288
-1442.1 260
-1441.9 290
-1441.7 272
-1441.5 258
-1441.3 344
-1441.1 294
-1440.9 269
-1440.7 313
-1440.5 278
-1440.3 285
-1440.1 294
-1439.9 294
-1439.7 318
-1439.5 313
-1439.3 274
-1439.1 280
-1438.9 329
-1438.7 326
-1438.5 277
-1438.3 291
-1438.1 286
-1437.9 298
-1437.7 342
-1437.5 298
-1437.3 325
-1437.1 323
-1436.9 285
-1436.7 294
-1436.5 296
-1436.3 285
-1436.1 294
-1435.9 296
-1435.7 298
-1435.5 314
-1435.3 281
-1435.1 295
-1434.9 266
-1434.7 271
-1434.5 276
-1434.3 289
-1434.1 313
-1433.9 289
-1433.7 292
-1433.5 313
-1433.3 267
-1433.1 297
-1432.9 300
-1432.7 257
-1432.5 294
-1432.3 318
-1432.1 296
-1431.9 270
-1431.7 282
-1431.5 320
-1431.3 298
-1431.1 307
-1430.9 305
-1430.7 288
-1430.5 313
-1430.3 338
-1430.1 317
-1429.9 278
-1429.7 270
-1429.5 284
-1429.3 284
-1429.1 288
-1428.9 270
-1428.7 315
-1428.5 272
-1428.3 296
-1428.1 287
-1427.9 311
-1427.7 285
-1427.5 276
-1427.3 276
-1427.1 308
-1426.9 291
-1426.7 288
-1426.5 320
-1426.3 308
-1426.1 313
-1425.9 274
-1425.7 301
-1425.5 284
-1425.3 298
-1425.1 313
-1424.9 300
-1424.7 290
-1424.5 298
-1424.3 321
-1424.1 304
-1423.9 265
-1423.7 261
-1423.5 317
-1423.3 290
-1423.1 299
-1422.9 256
-1422.7 284
-1422.5 311
-1422.3 283
-1422.1 320
-1421.9 297
-1421.7 345
-1421.5 310
-1421.3 296
-1421.1 330
-1420.9 323
-1420.7 280
-1420.5 310
-1420.3 303
-1420.1 299
-1419.9 288
-1419.7 300
-1419.5 321
-1419.3 321
-1419.1 339
-1418.9 272
-1418.7 272
-1418.5 315
-1418.3 281
-1418.1 267
-1417.9 294
-1417.7 294
-1417.5 274
-1417.3 308
-1417.1 296
-1416.9 314
-1416.7 308
-1416.5 297
-1416.3 293
-1416.1 290
-1415.9 285
-1415.7 312
-1415.5 287
-1415.3 306
-1415.1 283
-1414.9 287
-1414.7 297
-1414.5 273
-1414.3 300
-1414.1 291
-1413.9 286
-1413.7 280
-1413.5 310
-1413.3 273
-1413.1 277
-1412.9 297
-1412.7 321
-1412.5 287
-1412.3 266
-1412.1 282
-1411.9 318
-1411.7 310
-1411.5 298
-1411.3 298
-1411.1 274
-1410.9 285
-1410.7 250
-1410.5 291
-1410.3 287
-1410.1 297
-1409.9 305
-1409.7 285
-1409.5 281
-1409.3 307
-1409.1 285
-1408.9 306
-1408.7 291
-1408.5 286
-1408.3 279
-1408.1 299
-1407.9 295
-1407.7 280
-1407.5 290
-1407.3 306
-1407.1 284
-1406.9 312
-1406.7 295
-1406.5 295
-1406.3 329
-1406.1 260
-1405.9 299
-1405.7 274
-1405.5 280
-1405.3 279
-1405.1 311
-1404.9 299
-1404.7 321
-1404.5 285
-1404.3 304
-1404.1 305
-1403.9 296
-1403.7 287
-1403.5 313
-1403.3 294
-1403.1 279
-1402.9 308
-1402.7 294
-1402.5 269
-1402.3 288
-1402.1 318
-1401.9 302
-1401.7 286
-1401.5 301
-1401.3 316
-1401.1 311
-1400.9 295
-1400.7 308
-1400.5 308
-1400.3 297
-1400.1 262
-1399.9 293
-1399.7 314
-1399.5 295
-1399.3 314
-1399.1 306
-1398.9 331
-1398.7 313
-1398.5 296
-1398.3 330
-1398.1 313
-1397.9 335
-1397.7 307
-1397.5 292
-1397.3 269
-1397.1 298
-1396.9 293
-1396.7 298
-1396.5 303
-1396.3 311
-1396.1 281
-1395.9 281
-1395.7 314
-1395.5 260
-1395.3 322
-1395.1 328
-1394.9 297
-1394.7 263
-1394.5 314
-1394.3 299
-1394.1 283
-1393.9 311
-1393.7 285
-1393.5 346
-1393.3 306
-1393.1 312
-1392.9 265
-1392.7 264
-1392.5 311
-1392.3 290
-1392.1 292
-1391.9 272
-1391.7 278
-1391.5 306
-1391.3 283
-1391.1 311
-1390.9 277
-1390.7 311
-1390.5 309
-1390.3 326
-1390.1 265
-1389.9 290
-1389.7 304
-1389.5 294
-1389.3 287
-1389.1 300
-1388.9 270
-1388.7 281
-1388.5 287
-1388.3 281
-1388.1 278
-1387.9 263
-1387.7 291
-1387.5 280
-1387.3 258
-1387.1 274
-1386.9 292
-1386.7 297
-1386.5 283
-1386.3 277
-1386.1 293
-1385.9 269
-1385.7 272
-1385.5 284
-1385.3 264
-1385.1 325
-1384.9 261
-1384.7 274
-1384.5 283
-1384.3 267
-1384.1 293
-1383.9 307
-1383.7 282
-1383.5 294
-1383.3 294
-1383.1 318
-1382.9 299
-1382.7 263
-1382.5 299
-1382.3 333
-1382.1 268
-1381.9 294
-1381.7 286
-1381.5 300
-1381.3 276
-1381.1 302
-1380.9 315
-1380.7 283
-1380.5 280
-1380.3 299
-1380.1 279
-1379.9 270
-1379.7 301
-1379.5 299
-1379.3 299
-1379.1 279
-1378.9 282
-1378.7 328
-1378.5 296
-1378.3 310
-1378.1 305
-1377.9 311
-1377.7 274
-1377.5 312
-1377.3 305
-1377.1 280
-1376.9 337
-1376.7 288
-1376.5 271
-1376.3 279
-1376.1 302
-1375.9 285
-1375.7 287
-1375.5 286
-1375.3 337
-1375.1 299
-1374.9 302
-1374.7 284
-1374.5 299
-1374.3 304
-1374.1 307
-1373.9 293
-1373.7 303
-1373.5 332
-1373.3 315
-1373.1 294
-1372.9 308
-1372.7 296
-1372.5 303
-1372.3 285
-1372.1 284
-1371.9 289
-1371.7 280
-1371.5 323
-1371.3 306
-1371.1 312
-1370.9 297
-1370.7 291
-1370.5 293
-1370.3 300
-1370.1 284
-1369.9 295
-1369.7 284
-1369.5 263
-1369.3 252
-1369.1 301
-1368.9 287
-1368.7 296
-1368.5 309
-1368.3 283
-1368.1 280
-1367.9 292
-1367.7 287
-1367.5 312
-1367.3 259
-1367.1 288
-1366.9 305
-1366.7 268
-1366.5 329
-1366.3 277
-1366.1 275
-1365.9 289
-1365.7 306
-1365.5 297
-1365.3 279
-1365.1 257
-1364.9 298
-1364.7 270
-1364.5 293
-1364.3 270
-1364.1 303
-1363.9 291
-1363.7 307
-1363.5 275
-1363.3 316
-1363.1 313
-1362.9 278
-1362.7 258
-1362.5 324
-1362.3 325
-1362.1 272
-1361.9 280
-1361.7 316
-1361.5 298
-1361.3 276
-1361.1 321
-1360.9 270
-1360.7 312
-1360.5 258
-1360.3 285
-1360.1 290
-1359.9 296
-1359.7 289
-1359.5 292
-1359.3 309
-1359.1 263
-1358.9 288
-1358.7 299
-1358.5 293
-1358.3 274
-1358.1 296
-1357.9 290
-1357.7 272
-1357.5 260
-1357.3 290
-1357.1 287
-1356.9 260
-1356.7 264
-1356.5 282
-1356.3 290
-1356.1 273
-1355.9 277
-1355.7 262
-1355.5 272
-1355.3 291
-1355.1 256
-1354.9 242
-1354.7 287
-1354.5 290
-1354.3 276
-1354.1 251
-1353.9 253
-1353.7 252
-1353.5 263
-1353.3 275
-1353.1 271
-1352.9 267
-1352.7 251
-1352.5 234
-1352.3 258
-1352.1 247
-1351.9 230
-1351.7 252
-1351.5 245
-1351.3 240
-1351.1 236
-1350.9 226
-1350.7 214
-1350.5 238
-1350.3 260
-1350.1 231
-1349.9 261
-1349.7 256
-1349.5 217
-1349.3 219
-1349.1 258
-1348.9 242
-1348.7 240
-1348.5 248
-1348.3 200
-1348.1 221
-1347.9 205
-1347.7 207
-1347.5 198
-1347.3 194
-1347.1 187
-1346.9 222
-1346.7 196
-1346.5 211
-1346.3 209
-1346.1 174
-1345.9 211
-1345.7 183
-1345.5 174
-1345.3 177
-1345.1 167
-1344.9 197
-1344.7 168
-1344.5 170
-1344.3 183
-1344.1 174
-1343.9 160
-1343.7 180
-1343.5 172
-1343.3 203
-1343.1 179
-1342.9 136
-1342.7 164
-1342.5 163
-1342.3 146
-1342.1 150
-1341.9 150
-1341.7 147
-1341.5 150
-1341.3 132
-1341.1 121
-1340.9 131
-1340.7 136
-1340.5 141
-1340.3 140
-1340.1 128
-1339.9 128
-1339.7 131
-1339.5 120
-1339.3 102
-1339.1 115
-1338.9 89
-1338.7 103
-1338.5 83
-1338.3 110
-1338.1 101
-1337.9 112
-1337.7 85
-1337.5 75
-1337.3 103
-1337.1 101
-1336.9 88
-1336.7 86
-1336.5 67
-1336.3 77
-1336.1 72
-1335.9 75
-1335.7 95
-1335.5 72
-1335.3 71
-1335.1 61
-1334.9 59
-1334.7 64
-1334.5 50
-1334.3 59
-1334.1 52
-1333.9 57
-1333.7 50
-1333.5 59
-1333.3 51
-1333.1 46
-1332.9 54
-1332.7 39
-1332.5 52
-1332.3 47
-1332.1 38
-1331.9 37
-1331.7 34
-1331.5 28
-1331.3 22
-1331.1 39
-1330.9 30
-1330.7 37
-1330.5 34
-1330.3 45
-1330.1 36
-1329.9 26
-1329.7 31
-1329.5 40
-1329.3 31
-1329.1 22
-1328.9 28
-1328.7 30
-1328.5 30
-1328.3 28
-1328.1 32
-1327.9 20
-1327.7 23
-1327.5 20
-1327.3 24
-1327.1 20
-1326.9 15
-1326.7 25
-1326.5 25
-1326.3 13
-1326.1 18
-1325.9 25
-1325.7 21
-1325.5 20
-1325.3 19
-1325.1 14
-1324.9 23
-1324.7 21
-1324.5 13
-1324.3 11
-1324.1 18
-1323.9 15
-1323.7 11
-1323.5 17
-1323.3 14
-1323.1 9
-1322.9 9
-1322.7 15
-1322.5 18
-1322.3 12
-1322.1 12
-1321.9 7
-1321.7 11
-1321.5 10
-1321.3 9
-1321.1 11
-1320.9 14
-1320.7 9
-1320.5 13
-1320.3 13
-1320.1 10
-1319.9 15
-1319.7 10
-1319.5 8
-1319.3 13
-1319.1 14
-1318.9 9
-1318.7 6
-1318.5 5
-1318.3 10
-1318.1 10
-1317.9 15
-1317.7 16
-1317.5 8
-1317.3 10
-1317.1 3
-1316.9 9
-1316.7 11
-1316.5 12
-1316.3 10
-1316.1 7
-1315.9 3
-1315.7 10
-1315.5 5
-1315.3 7
-1315.1 11
-1314.9 9
-1314.7 9
-1314.5 7
-1314.3 9
-1314.1 11
-1313.9 9
-1313.7 8
-1313.5 12
-1313.3 11
-1313.1 6
-1312.9 5
-1312.7 4
-1312.5 5
-1312.3 13
-1312.1 8
-1311.9 8
-1311.7 6
-1311.5 10
-1311.3 6
-1311.1 8
-1310.9 4
-1310.7 5
-1310.5 9
-1310.3 11
-1310.1 5
-1309.9 10
-1309.7 14
-1309.5 10
-1309.3 3
-1309.1 6
-1308.9 4
-1308.7 5
-1308.5 9
-1308.3 8
-1308.1 6
-1307.9 13
-1307.7 10
-1307.5 12
-1307.3 15
-1307.1 4
-1306.9 10
-1306.7 9
-1306.5 5
-1306.3 10
-1306.1 13
-1305.9 6
-1305.7 7
-1305.5 10
-1305.3 4
-1305.1 9
-1304.9 6
-1304.7 8
-1304.5 3
-1304.3 9
-1304.1 5
-1303.9 7
-1303.7 6
-1303.5 8
-1303.3 6
-1303.1 12
-1302.9 6
-1302.7 6
-1302.5 10
-1302.3 8
-1302.1 11
-1301.9 7
-1301.7 10
-1301.5 8
-1301.3 5
-1301.1 7
-1300.9 6
-1300.7 12
-1300.5 7
-1300.3 6
-1300.1 6
