-1589.9 0
-1589.7 0
-1589.5 1
-1589.3 2
-1589.1 0
-1588.9 0
-1588.7 0
-1588.5 0
-1588.3 0
-1588.1 1
-1587.9 0
-1587.7 2
-1587.5 0
-1587.3 0
-1587.1 1
-1586.9 0
-1586.7 1
-1586.5 0
-1586.3 1
-1586.1 1
-1585.9 0
-1585.7 0
-1585.5 0
-1585.3 1
-1585.1 0
-1584.9 0
-1584.7 0
-1584.5 1
-1584.3 2
-1584.1 0
-1583.9 0
-1583.7 1
-1583.5 0
-1583.3 1
-1583.1 0
-1582.9 1
-1582.7 0
-1582.5 0
-1582.3 0
-1582.1 0
-1581.9 2
-1581.7 1
-1581.5 1
-1581.3 1
-1581.1 0
-1580.9 0
-1580.7 0
-1580.5 0
-1580.3 0
-1580.1 0
-1579.9 0
-1579.7 1
-1579.5 2
-1579.3 0
-1579.1 0
-1578.9 0
-1578.7 0
-1578.5 0
-1578.3 0
-1578.1 0
-1577.9 0
-1577.7 0
-1577.5 0
-1577.3 1
-1577.1 0
-1576.9 0
-1576.7 0
-1576.5 0
-1576.3 0
-1576.1 0
-1575.9 0
-1575.7 1
-1575.5 0
-1575.3 0
-1575.1 0
-1574.9 1
-1574.7 0
-1574.5 2
-1574.3 0
-1574.1 0
-1573.9 0
-1573.7 0
-1573.5 1
-1573.3 0
-1573.1 0
-1572.9 0
-1572.7 0
-1572.5 0
-1572.3 0
-1572.1 0
-1571.9 1
-1571.7 0
-1571.5 1
-1571.3 0
-1571.1 1
-1570.9 0
-1570.7 2
-1570.5 3
-1570.3 0
-1570.1 0
-1569.9 0
-1569.7 0
-1569.5 0
-1569.3 1
-1569.1 1
-1568.9 1
-1568.7 0
-1568.5 0
-1568.3 2
-1568.1 0
-1567.9 0
-1567.7 1
-1567.5 1
-1567.3 1
-1567.1 0
-1566.9 0
-1566.7 0
-1566.5 0
-1566.3 0
-1566.1 2
-1565.9 0
-1565.7 1
-1565.5 0
-1565.3 2
-1565.1 2
-1564.9 0
-1564.7 0
-1564.5 4
-1564.3 1
-1564.1 2
-1563.9 2
-1563.7 3
-1563.5 6
-1563.3 4
-1563.1 6
-1562.9 3
-1562.7 5
-1562.5 16
-1562.3 10
-1562.1 1
-1561.9 14
-1561.7 15
-1561.5 12
-1561.3 12
-1561.1 12
-1560.9 21
-1560.7 15
-1560.5 18
-1560.3 32
-1560.1 25
-1559.9 25
-1559.7 32
-1559.5 23
-1559.3 38
-1559.1 42
-1558.9 34
-1558.7 40
-1558.5 36
-1558.3 36
-1558.1 43
-1557.9 59
-1557.7 56
-1557.5 53
-1557.3 46
-1557.1 49
-1556.9 60
-1556.7 55
-1556.5 53
-1556.3 56
-1556.1 64
-1555.9 87
-1555.7 81
-1555.5 76
-1555.3 96
-1555.1 98
-1554.9 83
-1554.7 77
-1554.5 80
-1554.3 95
-1554.1 87
-1553.9 95
-1553.7 103
-1553.5 116
-1553.3 123
-1553.1 120
-1552.9 129
-1552.7 115
-1552.5 121
-1552.3 135
-1552.1 139
-1551.9 137
-1551.7 161
-1551.5 123
-1551.3 143
-1551.1 160
-1550.9 152
-1550.7 180
-1550.5 161
-1550.3 178
-1550.1 162
-1549.9 189
-1549.7 194
-1549.5 186
-1549.3 194
-1549.1 213
-1548.9 205
-1548.7 189
-1548.5 216
-1548.3 239
-1548.1 243
-1547.9 218
-1547.7 256
-1547.5 223
-1547.3 238
-1547.1 249
-1546.9 239
-1546.7 235
-1546.5 250
-1546.3 243
-1546.1 231
-1545.9 281
-1545.7 283
-1545.5 255
-1545.3 273
-1545.1 266
-1544.9 289
-1544.7 280
-1544.5 274
-1544.3 313
-1544.1 285
-1543.9 282
-1543.7 275
-1543.5 297
-1543.3 294
-1543.1 277
-1542.9 289
-1542.7 338
-1542.5 342
-1542.3 285
-1542.1 296
-1541.9 327
-1541.7 353
-1541.5 343
-1541.3 308
-1541.1 329
-1540.9 348
-1540.7 332
-1540.5 333
-1540.3 307
-1540.1 332
-1539.9 314
-1539.7 330
-1539.5 344
-1539.3 306
-1539.1 293
-1538.9 346
-1538.7 320
-1538.5 342
-1538.3 339
-1538.1 341
-1537.9 336
-1537.7 328
-1537.5 315
-1537.3 347
-1537.1 343
-1536.9 323
-1536.7 346
-1536.5 365
-1536.3 324
-1536.1 351
-1535.9 365
-1535.7 372
-1535.5 334
-1535.3 335
-1535.1 323
-1534.9 349
-1534.7 355
-1534.5 363
-1534.3 327
-1534.1 334
-1533.9 318
-1533.7 378
-1533.5 349
-1533.3 353
-1533.1 332
-1532.9 342
-1532.7 342
-1532.5 348
-1532.3 357
-1532.1 328
-1531.9 341
-1531.7 357
-1531.5 352
-1531.3 333
-1531.1 334
-1530.9 320
-1530.7 358
-1530.5 332
-1530.3 353
-1530.1 342
-1529.9 331
-1529.7 346
-1529.5 355
-1529.3 333
-1529.1 315
-1528.9 355
-1528.7 333
-1528.5 325
-1528.3 316
-1528.1 345
-1527.9 339
-1527.7 353
-1527.5 348
-1527.3 342
-1527.1 355
-1526.9 349
-1526.7 393
-1526.5 324
-1526.3 332
-1526.1 356
-1525.9 348
-1525.7 315
-1525.5 327
-1525.3 353
-1525.1 402
-1524.9 365
-1524.7 383
-1524.5 382
-1524.3 364
-1524.1 356
-1523.9 375
-1523.7 368
-1523.5 359
-1523.3 374
-1523.1 382
-1522.9 387
-1522.7 346
-1522.5 346
-1522.3 369
-1522.1 364
-1521.9 350
-1521.7 332
-1521.5 329
-1521.3 335
-1521.1 337
-1520.9 342
-1520.7 316
-1520.5 303
-1520.3 340
-1520.1 313
-1519.9 324
-1519.7 326
-1519.5 307
-1519.3 298
-1519.1 268
-1518.9 307
-1518.7 302
-1518.5 330
-1518.3 305
-1518.1 307
-1517.9 289
-1517.7 276
-1517.5 274
-1517.3 262
-1517.1 254
-1516.9 289
-1516.7 274
-1516.5 242
-1516.3 250
-1516.1 256
-1515.9 259
-1515.7 265
-1515.5 236
-1515.3 248
-1515.1 272
-1514.9 242
-1514.7 256
-1514.5 268
-1514.3 201
-1514.1 240
-1513.9 260
-1513.7 277
-1513.5 238
-1513.3 239
-1513.1 260
-1512.9 231
-1512.7 272
-1512.5 264
-1512.3 241
-1512.1 252
-1511.9 272
-1511.7 238
-1511.5 278
-1511.3 252
-1511.1 301
-1510.9 289
-1510.7 310
-1510.5 299
-1510.3 280
-1510.1 306
-1509.9 297
-1509.7 293
-1509.5 284
-1509.3 315
-1509.1 355
-1508.9 326
-1508.7 338
-1508.5 303
-1508.3 343
-1508.1 305
-1507.9 356
-1507.7 360
-1507.5 349
-1507.3 313
-1507.1 332
-1506.9 348
-1506.7 345
-1506.5 348
-1506.3 359
-1506.1 351
-1505.9 346
-1505.7 360
-1505.5 322
-1505.3 373
-1505.1 358
-1504.9 339
-1504.7 337
-1504.5 344
-1504.3 325
-1504.1 349
-1503.9 278
-1503.7 299
-1503.5 307
-1503.3 345
-1503.1 286
-1502.9 302
-1502.7 305
-1502.5 306
-1502.3 323
-1502.1 277
-1501.9 278
-1501.7 318
-1501.5 308
-1501.3 271
-1501.1 271
-1500.9 243
-1500.7 270
-1500.5 239
-1500.3 260
-1500.1 263
-1499.9 242
-1499.7 236
-1499.5 227
-1499.3 231
-1499.1 226
-1498.9 170
-1498.7 237
-1498.5 212
-1498.3 213
-1498.1 239
-1497.9 216
-1497.7 201
-1497.5 214
-1497.3 221
-1497.1 204
-1496.9 218
-1496.7 218
-1496.5 227
-1496.3 224
-1496.1 216
-1495.9 215
-1495.7 232
-1495.5 220
-1495.3 229
-1495.1 227
-1494.9 232
-1494.7 263
-1494.5 236
-1494.3 247
-1494.1 265
-1493.9 245
-1493.7 267
-1493.5 266
-1493.3 238
-1493.1 241
-1492.9 277
-1492.7 302
-1492.5 292
-1492.3 293
-1492.1 307
-1491.9 311
-1491.7 293
-1491.5 317
-1491.3 310
-1491.1 348
-1490.9 321
-1490.7 317
-1490.5 323
-1490.3 307
-1490.1 340
-1489.9 348
-1489.7 331
-1489.5 371
-1489.3 350
-1489.1 338
-1488.9 356
-1488.7 334
-1488.5 378
-1488.3 339
-1488.1 316
-1487.9 353
-1487.7 335
-1487.5 345
-1487.3 322
-1487.1 320
-1486.9 288
-1486.7 317
-1486.5 323
-1486.3 331
-1486.1 301
-1485.9 309
-1485.7 283
-1485.5 295
-1485.3 285
-1485.1 262
-1484.9 284
-1484.7 280
-1484.5 270
-1484.3 227
-1484.1 236
-1483.9 304
-1483.7 292
-1483.5 268
-1483.3 234
-1483.1 276
-1482.9 260
-1482.7 253
-1482.5 248
-1482.3 227
-1482.1 213
-1481.9 242
-1481.7 254
-1481.5 249
-1481.3 240
-1481.1 244
-1480.9 224
-1480.7 208
-1480.5 224
-1480.3 236
-1480.1 240
-1479.9 239
-1479.7 251
-1479.5 255
-1479.3 248
-1479.1 248
-1478.9 218
-1478.7 231
-1478.5 232
-1478.3 257
-1478.1 251
-1477.9 265
-1477.7 248
-1477.5 226
-1477.3 254
-1477.1 260
-1476.9 281
-1476.7 249
-1476.5 259
-1476.3 261
-1476.1 257
-1475.9 293
-1475.7 277
-1475.5 246
-1475.3 264
-1475.1 280
-1474.9 282
-1474.7 325
-1474.5 321
-1474.3 280
-1474.1 277
-1473.9 313
-1473.7 287
-1473.5 328
-1473.3 330
-1473.1 308
-1472.9 307
-1472.7 366
-1472.5 325
-1472.3 351
-1472.1 310
-1471.9 337
-1471.7 341
-1471.5 298
-1471.3 310
-1471.1 314
-1470.9 335
-1470.7 319
-1470.5 330
-1470.3 331
-1470.1 312
-1469.9 314
-1469.7 317
-1469.5 296
-1469.3 302
-1469.1 266
-1468.9 289
-1468.7 296
-1468.5 275
-1468.3 273
-1468.1 300
-1467.9 287
-1467.7 284
-1467.5 300
-1467.3 312
-1467.1 250
-1466.9 280
-1466.7 255
-1466.5 239
-1466.3 263
-1466.1 239
-1465.9 282
-1465.7 253
-1465.5 261
-1465.3 253
-1465.1 247
-1464.9 277
-1464.7 251
-1464.5 232
-1464.3 234
-1464.1 272
-1463.9 234
-1463.7 238
-1463.5 224
-1463.3 247
-1463.1 243
-1462.9 243
-1462.7 262
-1462.5 256
-1462.3 237
-1462.1 256
-1461.9 225
-1461.7 243
-1461.5 229
-1461.3 249
-1461.1 270
-1460.9 232
-1460.7 238
-1460.5 220
-1460.3 249
-1460.1 252
-1459.9 241
-1459.7 265
-1459.5 260
-1459.3 295
-1459.1 246
-1458.9 261
-1458.7 255
-1458.5 239
-1458.3 274
-1458.1 291
-1457.9 270
-1457.7 320
-1457.5 300
-1457.3 327
-1457.1 286
-1456.9 303
-1456.7 302
-1456.5 341
-1456.3 321
-1456.1 324
-1455.9 311
-1455.7 343
-1455.5 313
-1455.3 346
-1455.1 357
-1454.9 337
-1454.7 355
-1454.5 344
-1454.3 330
-1454.1 347
-1453.9 331
-1453.7 335
-1453.5 321
-1453.3 340
-1453.1 346
-1452.9 318
-1452.7 298
-1452.5 337
-1452.3 339
-1452.1 306
-1451.9 322
-1451.7 329
-1451.5 322
-1451.3 291
-1451.1 298
-1450.9 287
-1450.7 297
-1450.5 286
-1450.3 287
-1450.1 282
-1449.9 290
-1449.7 270
-1449.5 299
-1449.3 290
-1449.1 262
-1448.9 254
-1448.7 275
-1448.5 257
-1448.3 233
-1448.1 278
-1447.9 243
-1447.7 271
-1447.5 256
-1447.3 266
-1447.1 293
-1446.9 276
-1446.7 233
-1446.5 229
-1446.3 260
-1446.1 245
-1445.9 218
-1445.7 227
-1445.5 234
-1445.3 237
-1445.1 242
-1444.9 249
-1444.7 241
-1444.5 240
-1444.3 240
-1444.1 264
-1443.9 233
-1443.7 252
-1443.5 271
-1443.3 272
-1443.1 264
-1442.9 243
-1442.7 273
-1442.5 267
-1442.3 237
-1442.1 282
-1441.9 255
-1441.7 258
-1441.5 272
-1441.3 275
-1441.1 276
-1440.9 276
-1440.7 277
-1440.5 263
-1440.3 264
-1440.1 280
-1439.9 269
-1439.7 268
-1439.5 308
-1439.3 284
-1439.1 297
-1438.9 293
-1438.7 278
-1438.5 280
-1438.3 307
-1438.1 319
-1437.9 280
-1437.7 324
-1437.5 294
-1437.3 309
-1437.1 342
-1436.9 354
-1436.7 297
-1436.5 309
-1436.3 296
-1436.1 308
-1435.9 317
-1435.7 329
-1435.5 328
-1435.3 316
-1435.1 334
-1434.9 328
-1434.7 323
-1434.5 313
-1434.3 284
-1434.1 292
-1433.9 315
-1433.7 328
-1433.5 297
-1433.3 338
-1433.1 321
-1432.9 310
-1432.7 312
-1432.5 287
-1432.3 309
-1432.1 289
-1431.9 312
-1431.7 296
-1431.5 309
-1431.3 293
-1431.1 303
-1430.9 261
-1430.7 291
-1430.5 289
-1430.3 295
-1430.1 290
-1429.9 289
-1429.7 278
-1429.5 273
-1429.3 284
-1429.1 316
-1428.9 257
-1428.7 259
-1428.5 274
-1428.3 278
-1428.1 287
-1427.9 270
-1427.7 280
-1427.5 232
-1427.3 233
-1427.1 267
-1426.9 268
-1426.7 245
-1426.5 259
-1426.3 263
-1426.1 259
-1425.9 281
-1425.7 258
-1425.5 243
-1425.3 287
-1425.1 288
-1424.9 289
-1424.7 253
-1424.5 256
-1424.3 261
-1424.1 255
-1423.9 243
-1423.7 276
-1423.5 257
-1423.3 247
-1423.1 263
-1422.9 283
-1422.7 286
-1422.5 305
-1422.3 285
-1422.1 300
-1421.9 282
-1421.7 285
-1421.5 274
-1421.3 268
-1421.1 295
-1420.9 276
-1420.7 283
-1420.5 310
-1420.3 305
-1420.1 304
-1419.9 314
-1419.7 309
-1419.5 325
-1419.3 305
-1419.1 328
-1418.9 306
-1418.7 299
-1418.5 338
-1418.3 317
-1418.1 298
-1417.9 303
-1417.7 299
-1417.5 333
-1417.3 316
-1417.1 344
-1416.9 311
-1416.7 326
-1416.5 326
-1416.3 333
-1416.1 313
-1415.9 342
-1415.7 295
-1415.5 293
-1415.3 306
-1415.1 313
-1414.9 279
-1414.7 343
-1414.5 304
-1414.3 306
-1414.1 301
-1413.9 299
-1413.7 313
-1413.5 312
-1413.3 293
-1413.1 284
-1412.9 277
-1412.7 324
-1412.5 301
-1412.3 273
-1412.1 292
-1411.9 328
-1411.7 258
-1411.5 307
-1411.3 306
-1411.1 299
-1410.9 248
-1410.7 276
-1410.5 294
-1410.3 285
-1410.1 287
-1409.9 294
-1409.7 267
-1409.5 256
-1409.3 274
-1409.1 295
-1408.9 284
-1408.7 250
-1408.5 266
-1408.3 295
-1408.1 254
-1407.9 267
-1407.7 262
-1407.5 248
-1407.3 261
-1407.1 252
-1406.9 276
-1406.7 275
-1406.5 286
-1406.3 282
-1406.1 292
-1405.9 296
-1405.7 300
-1405.5 279
-1405.3 268
-1405.1 249
-1404.9 264
-1404.7 276
-1404.5 288
-1404.3 277
-1404.1 257
-1403.9 242
-1403.7 298
-1403.5 272
-1403.3 309
-1403.1 263
-1402.9 279
-1402.7 295
-1402.5 284
-1402.3 293
-1402.1 322
-1401.9 312
-1401.7 307
-1401.5 288
-1401.3 320
-1401.1 292
-1400.9 310
-1400.7 288
-1400.5 311
-1400.3 313
-1400.1 294
-1399.9 320
-1399.7 303
-1399.5 320
-1399.3 342
-1399.1 305
-1398.9 320
-1398.7 320
-1398.5 325
-1398.3 284
-1398.1 339
-1397.9 290
-1397.7 289
-1397.5 311
-1397.3 306
-1397.1 316
-1396.9 309
-1396.7 327
-1396.5 297
-1396.3 303
-1396.1 299
-1395.9 328
-1395.7 324
-1395.5 305
-1395.3 300
-1395.1 328
-1394.9 318
-1394.7 279
-1394.5 302
-1394.3 309
-1394.1 302
-1393.9 309
-1393.7 269
-1393.5 307
-1393.3 273
-1393.1 292
-1392.9 289
-1392.7 287
-1392.5 286
-1392.3 275
-1392.1 259
-1391.9 267
-1391.7 274
-1391.5 278
-1391.3 277
-1391.1 265
-1390.9 266
-1390.7 284
-1390.5 268
-1390.3 321
-1390.1 256
-1389.9 257
-1389.7 238
-1389.5 243
-1389.3 257
-1389.1 258
-1388.9 278
-1388.7 257
-1388.5 262
-1388.3 269
-1388.1 283
-1387.9 274
-1387.7 284
-1387.5 255
-1387.3 274
-1387.1 266
-1386.9 277
-1386.7 264
-1386.5 239
-1386.3 267
-1386.1 264
-1385.9 249
-1385.7 284
-1385.5 269
-1385.3 291
-1385.1 270
-1384.9 301
-1384.7 311
-1384.5 282
-1384.3 297
-1384.1 289
-1383.9 307
-1383.7 302
-1383.5 273
-1383.3 270
-1383.1 272
-1382.9 291
-1382.7 283
-1382.5 297
-1382.3 278
-1382.1 302
-1381.9 276
-1381.7 323
-1381.5 273
-1381.3 289
-1381.1 293
-1380.9 297
-1380.7 298
-1380.5 274
-1380.3 316
-1380.1 322
-1379.9 282
-1379.7 305
-1379.5 328
-1379.3 335
-1379.1 295
-1378.9 313
-1378.7 337
-1378.5 311
-1378.3 293
-1378.1 316
-1377.9 309
-1377.7 302
-1377.5 288
-1377.3 287
-1377.1 293
-1376.9 298
-1376.7 278
-1376.5 300
-1376.3 296
-1376.1 283
-1375.9 295
-1375.7 317
-1375.5 285
-1375.3 291
-1375.1 294
-1374.9 241
-1374.7 290
-1374.5 291
-1374.3 279
-1374.1 274
-1373.9 295
-1373.7 292
-1373.5 291
-1373.3 260
-1373.1 268
-1372.9 278
-1372.7 260
-1372.5 267
-1372.3 268
-1372.1 258
-1371.9 253
-1371.7 291
-1371.5 309
-1371.3 247
-1371.1 256
-1370.9 273
-1370.7 285
-1370.5 264
-1370.3 308
-1370.1 275
-1369.9 265
-1369.7 268
-1369.5 253
-1369.3 280
-1369.1 288
-1368.9 283
-1368.7 294
-1368.5 293
-1368.3 264
-1368.1 286
-1367.9 280
-1367.7 298
-1367.5 329
-1367.3 278
-1367.1 330
-1366.9 296
-1366.7 274
-1366.5 288
-1366.3 310
-1366.1 306
-1365.9 305
-1365.7 312
-1365.5 308
-1365.3 279
-1365.1 268
-1364.9 303
-1364.7 308
-1364.5 300
-1364.3 315
-1364.1 354
-1363.9 316
-1363.7 317
-1363.5 301
-1363.3 314
-1363.1 311
-1362.9 320
-1362.7 322
-1362.5 279
-1362.3 320
-1362.1 305
-1361.9 322
-1361.7 319
-1361.5 270
-1361.3 290
-1361.1 314
-1360.9 314
-1360.7 270
-1360.5 308
-1360.3 308
-1360.1 304
-1359.9 288
-1359.7 266
-1359.5 295
-1359.3 319
-1359.1 291
-1358.9 315
-1358.7 303
-1358.5 304
-1358.3 291
-1358.1 309
-1357.9 335
-1357.7 327
-1357.5 303
-1357.3 298
-1357.1 266
-1356.9 289
-1356.7 303
-1356.5 288
-1356.3 263
-1356.1 289
-1355.9 292
-1355.7 284
-1355.5 273
-1355.3 289
-1355.1 290
-1354.9 295
-1354.7 274
-1354.5 282
-1354.3 263
-1354.1 263
-1353.9 256
-1353.7 314
-1353.5 271
-1353.3 283
-1353.1 272
-1352.9 275
-1352.7 290
-1352.5 271
-1352.3 267
-1352.1 297
-1351.9 286
-1351.7 280
-1351.5 275
-1351.3 282
-1351.1 285
-1350.9 269
-1350.7 282
-1350.5 244
-1350.3 268
-1350.1 266
-1349.9 260
-1349.7 263
-1349.5 249
-1349.3 280
-1349.1 253
-1348.9 244
-1348.7 273
-1348.5 247
-1348.3 286
-1348.1 253
-1347.9 294
-1347.7 292
-1347.5 291
-1347.3 263
-1347.1 285
-1346.9 297
-1346.7 276
-1346.5 269
-1346.3 277
-1346.1 246
-1345.9 280
-1345.7 298
-1345.5 272
-1345.3 281
-1345.1 266
-1344.9 276
-1344.7 249
-1344.5 263
-1344.3 274
-1344.1 260
-1343.9 264
-1343.7 242
-1343.5 275
-1343.3 276
-1343.1 299
-1342.9 260
-1342.7 257
-1342.5 293
-1342.3 277
-1342.1 230
-1341.9 250
-1341.7 239
-1341.5 268
-1341.3 253
-1341.1 231
-1340.9 255
-1340.7 241
-1340.5 250
-1340.3 255
-1340.1 249
-1339.9 256
-1339.7 215
-1339.5 236
-1339.3 236
-1339.1 270
-1338.9 231
-1338.7 216
-1338.5 204
-1338.3 245
-1338.1 213
-1337.9 238
-1337.7 224
-1337.5 233
-1337.3 224
-1337.1 218
-1336.9 224
-1336.7 222
-1336.5 192
-1336.3 210
-1336.1 199
-1335.9 199
-1335.7 191
-1335.5 216
-1335.3 185
-1335.1 199
-1334.9 197
-1334.7 208
-1334.5 176
-1334.3 192
-1334.1 191
-1333.9 195
-1333.7 181
-1333.5 192
-1333.3 176
-1333.1 183
-1332.9 171
-1332.7 168
-1332.5 171
-1332.3 167
-1332.1 163
-1331.9 174
-1331.7 144
-1331.5 154
-1331.3 147
-1331.1 132
-1330.9 130
-1330.7 130
-1330.5 121
-1330.3 128
-1330.1 130
-1329.9 143
-1329.7 158
-1329.5 128
-1329.3 119
-1329.1 138
-1328.9 114
-1328.7 115
-1328.5 118
-1328.3 120
-1328.1 122
-1327.9 105
-1327.7 120
-1327.5 110
-1327.3 123
-1327.1 97
-1326.9 92
-1326.7 84
-1326.5 104
-1326.3 95
-1326.1 91
-1325.9 109
-1325.7 101
-1325.5 92
-1325.3 89
-1325.1 82
-1324.9 84
-1324.7 88
-1324.5 90
-1324.3 74
-1324.1 75
-1323.9 84
-1323.7 67
-1323.5 57
-1323.3 68
-1323.1 53
-1322.9 71
-1322.7 66
-1322.5 52
-1322.3 59
-1322.1 64
-1321.9 59
-1321.7 51
-1321.5 53
-1321.3 42
-1321.1 45
-1320.9 54
-1320.7 45
-1320.5 37
-1320.3 44
-1320.1 42
-1319.9 38
-1319.7 31
-1319.5 31
-1319.3 43
-1319.1 42
-1318.9 42
-1318.7 32
-1318.5 34
-1318.3 32
-1318.1 28
-1317.9 30
-1317.7 23
-1317.5 29
-1317.3 23
-1317.1 25
-1316.9 27
-1316.7 11
-1316.5 28
-1316.3 27
-1316.1 21
-1315.9 34
-1315.7 27
-1315.5 15
-1315.3 20
-1315.1 17
-1314.9 20
-1314.7 29
-1314.5 15
-1314.3 16
-1314.1 15
-1313.9 14
-1313.7 14
-1313.5 17
-1313.3 14
-1313.1 19
-1312.9 25
-1312.7 9
-1312.5 13
-1312.3 18
-1312.1 9
-1311.9 14
-1311.7 12
-1311.5 11
-1311.3 17
-1311.1 11
-1310.9 14
-1310.7 16
-1310.5 10
-1310.3 5
-1310.1 9
-1309.9 11
-1309.7 10
-1309.5 7
-1309.3 14
-1309.1 13
-1308.9 6
-1308.7 14
-1308.5 11
-1308.3 9
-1308.1 8
-1307.9 9
-1307.7 8
-1307.5 10
-1307.3 8
-1307.1 8
-1306.9 4
-1306.7 11
-1306.5 2
-1306.3 17
-1306.1 9
-1305.9 5
-1305.7 9
-1305.5 7
-1305.3 10
-1305.1 4
-1304.9 2
-1304.7 6
-1304.5 10
-1304.3 8
-1304.1 10
-1303.9 9
-1303.7 6
-1303.5 6
-1303.3 4
-1303.1 12
-1302.9 9
-1302.7 6
-1302.5 5
-1302.3 3
-1302.1 12
-1301.9 5
-1301.7 12
-1301.5 12
-1301.3 5
-1301.1 6
-1300.9 6
-1300.7 10
-1300.5 9
-1300.3 7
-1300.1 7
