-1589.9 0
-1589.7 0
-1589.5 1
-1589.3 2
-1589.1 1
-1588.9 0
-1588.7 0
-1588.5 2
-1588.3 0
-1588.1 0
-1587.9 1
-1587.7 2
-1587.5 2
-1587.3 1
-1587.1 0
-1586.9 0
-1586.7 1
-1586.5 2
-1586.3 1
-1586.1 1
-1585.9 0
-1585.7 0
-1585.5 2
-1585.3 0
-1585.1 0
-1584.9 0
-1584.7 1
-1584.5 0
-1584.3 0
-1584.1 0
-1583.9 0
-1583.7 0
-1583.5 1
-1583.3 0
-1583.1 0
-1582.9 1
-1582.7 0
-1582.5 1
-1582.3 2
-1582.1 3
-1581.9 1
-1581.7 0
-1581.5 0
-1581.3 3
-1581.1 0
-1580.9 1
-1580.7 1
-1580.5 1
-1580.3 1
-1580.1 0
-1579.9 0
-1579.7 0
-1579.5 1
-1579.3 1
-1579.1 2
-1578.9 0
-1578.7 0
-1578.5 0
-1578.3 2
-1578.1 3
-1577.9 2
-1577.7 3
-1577.5 2
-1577.3 2
-1577.1 1
-1576.9 3
-1576.7 2
-1576.5 4
-1576.3 4
-1576.1 2
-1575.9 3
-1575.7 3
-1575.5 1
-1575.3 2
-1575.1 9
-1574.9 8
-1574.7 6
-1574.5 6
-1574.3 7
-1574.1 6
-1573.9 4
-1573.7 8
-1573.5 8
-1573.3 6
-1573.1 12
-1572.9 11
-1572.7 17
-1572.5 10
-1572.3 10
-1572.1 23
-1571.9 25
-1571.7 32
-1571.5 29
-1571.3 19
-1571.1 33
-1570.9 25
-1570.7 42
-1570.5 35
-1570.3 37
-1570.1 32
-1569.9 39
-1569.7 40
-1569.5 42
-1569.3 47
-1569.1 53
-1568.9 67
-1568.7 49
-1568.5 50
-1568.3 72
-1568.1 63
-1567.9 58
-1567.7 61
-1567.5 59
-1567.3 52
-1567.1 65
-1566.9 71
-1566.7 91
-1566.5 81
-1566.3 81
-1566.1 101
-1565.9 85
-1565.7 86
-1565.5 99
-1565.3 104
-1565.1 121
-1564.9 109
-1564.7 125
-1564.5 108
-1564.3 104
-1564.1 129
-1563.9 124
-1563.7 107
-1563.5 106
-1563.3 136
-1563.1 112
-1562.9 120
-1562.7 138
-1562.5 155
-1562.3 159
-1562.1 134
-1561.9 148
-1561.7 172
-1561.5 132
-1561.3 187
-1561.1 173
-1560.9 170
-1560.7 191
-1560.5 180
-1560.3 182
-1560.1 181
-1559.9 202
-1559.7 214
-1559.5 178
-1559.3 220
-1559.1 216
-1558.9 199
-1558.7 224
-1558.5 229
-1558.3 212
-1558.1 207
-1557.9 213
-1557.7 218
-1557.5 238
-1557.3 232
-1557.1 230
-1556.9 235
-1556.7 231
-1556.5 269
-1556.3 251
-1556.1 265
-1555.9 251
-1555.7 276
-1555.5 279
-1555.3 259
-1555.1 242
-1554.9 259
-1554.7 263
-1554.5 275
-1554.3 311
-1554.1 269
-1553.9 292
-1553.7 265
-1553.5 288
-1553.3 326
-1553.1 297
-1552.9 298
-1552.7 330
-1552.5 300
-1552.3 294
-1552.1 298
-1551.9 326
-1551.7 309
-1551.5 322
-1551.3 305
-1551.1 322
-1550.9 333
-1550.7 341
-1550.5 295
-1550.3 330
-1550.1 298
-1549.9 325
-1549.7 334
-1549.5 326
-1549.3 326
-1549.1 347
-1548.9 318
-1548.7 322
-1548.5 317
-1548.3 312
-1548.1 361
-1547.9 330
-1547.7 349
-1547.5 344
-1547.3 326
-1547.1 344
-1546.9 334
-1546.7 360
-1546.5 353
-1546.3 367
-1546.1 329
-1545.9 358
-1545.7 337
-1545.5 322
-1545.3 343
-1545.1 336
-1544.9 359
-1544.7 303
-1544.5 322
-1544.3 348
-1544.1 358
-1543.9 330
-1543.7 338
-1543.5 324
-1543.3 340
-1543.1 356
-1542.9 331
-1542.7 347
-1542.5 338
-1542.3 301
-1542.1 313
-1541.9 353
-1541.7 345
-1541.5 371
-1541.3 336
-1541.1 333
-1540.9 322
-1540.7 354
-1540.5 320
-1540.3 336
-1540.1 337
-1539.9 348
-1539.7 332
-1539.5 348
-1539.3 355
-1539.1 322
-1538.9 322
-1538.7 334
-1538.5 328
-1538.3 337
-1538.1 330
-1537.9 372
-1537.7 354
-1537.5 355
-1537.3 335
-1537.1 321
-1536.9 343
-1536.7 338
-1536.5 369
-1536.3 325
-1536.1 332
-1535.9 293
-1535.7 359
-1535.5 314
-1535.3 331
-1535.1 328
-1534.9 339
-1534.7 326
-1534.5 340
-1534.3 355
-1534.1 310
-1533.9 326
-1533.7 342
-1533.5 309
-1533.3 319
-1533.1 348
-1532.9 279
-1532.7 307
-1532.5 357
-1532.3 308
-1532.1 348
-1531.9 314
-1531.7 322
-1531.5 323
-1531.3 301
-1531.1 306
-1530.9 326
-1530.7 329
-1530.5 324
-1530.3 320
-1530.1 306
-1529.9 299
-1529.7 299
-1529.5 302
-1529.3 317
-1529.1 309
-1528.9 345
-1528.7 291
-1528.5 308
-1528.3 297
-1528.1 317
-1527.9 296
-1527.7 324
-1527.5 324
-1527.3 316
-1527.1 310
-1526.9 309
-1526.7 308
-1526.5 300
-1526.3 268
-1526.1 304
-1525.9 308
-1525.7 310
-1525.5 332
-1525.3 313
-1525.1 290
-1524.9 327
-1524.7 295
-1524.5 303
-1524.3 307
-1524.1 301
-1523.9 317
-1523.7 294
-1523.5 291
-1523.3 290
-1523.1 302
-1522.9 288
-1522.7 269
-1522.5 323
-1522.3 299
-1522.1 288
-1521.9 268
-1521.7 277
-1521.5 290
-1521.3 288
-1521.1 282
-1520.9 277
-1520.7 292
-1520.5 272
-1520.3 310
-1520.1 276
-1519.9 274
-1519.7 318
-1519.5 261
-1519.3 293
-1519.1 299
-1518.9 289
-1518.7 311
-1518.5 296
-1518.3 267
-1518.1 271
-1517.9 291
-1517.7 282
-1517.5 283
-1517.3 307
-1517.1 297
-1516.9 285
-1516.7 293
-1516.5 305
-1516.3 287
-1516.1 273
-1515.9 292
-1515.7 281
-1515.5 279
-1515.3 271
-1515.1 306
-1514.9 277
-1514.7 337
-1514.5 311
-1514.3 327
-1514.1 280
-1513.9 281
-1513.7 288
-1513.5 323
-1513.3 297
-1513.1 319
-1512.9 302
-1512.7 309
-1512.5 308
-1512.3 317
-1512.1 284
-1511.9 331
-1511.7 292
-1511.5 312
-1511.3 273
-1511.1 304
-1510.9 302
-1510.7 300
-1510.5 297
-1510.3 324
-1510.1 317
-1509.9 321
-1509.7 279
-1509.5 286
-1509.3 272
-1509.1 289
-1508.9 269
-1508.7 318
-1508.5 291
-1508.3 292
-1508.1 274
-1507.9 276
-1507.7 255
-1507.5 276
-1507.3 333
-1507.1 275
-1506.9 273
-1506.7 290
-1506.5 296
-1506.3 268
-1506.1 292
-1505.9 270
-1505.7 249
-1505.5 289
-1505.3 255
-1505.1 263
-1504.9 266
-1504.7 302
-1504.5 303
-1504.3 260
-1504.1 274
-1503.9 280
-1503.7 284
-1503.5 262
-1503.3 259
-1503.1 294
-1502.9 295
-1502.7 256
-1502.5 262
-1502.3 304
-1502.1 287
-1501.9 305
-1501.7 302
-1501.5 263
-1501.3 284
-1501.1 271
-1500.9 279
-1500.7 271
-1500.5 309
-1500.3 272
-1500.1 277
-1499.9 320
-1499.7 321
-1499.5 266
-1499.3 265
-1499.1 285
-1498.9 293
-1498.7 280
-1498.5 262
-1498.3 305
-1498.1 319
-1497.9 302
-1497.7 285
-1497.5 269
-1497.3 271
-1497.1 313
-1496.9 310
-1496.7 288
-1496.5 308
-1496.3 300
-1496.1 314
-1495.9 300
-1495.7 287
-1495.5 261
-1495.3 301
-1495.1 274
-1494.9 295
-1494.7 285
-1494.5 288
-1494.3 319
-1494.1 267
-1493.9 279
-1493.7 292
-1493.5 264
-1493.3 314
-1493.1 286
-1492.9 264
-1492.7 276
-1492.5 285
-1492.3 303
-1492.1 274
-1491.9 282
-1491.7 306
-1491.5 275
-1491.3 260
-1491.1 296
-1490.9 310
-1490.7 269
-1490.5 293
-1490.3 299
-1490.1 286
-1489.9 285
-1489.7 294
-1489.5 282
-1489.3 298
-1489.1 275
-1488.9 257
-1488.7 262
-1488.5 282
-1488.3 312
-1488.1 296
-1487.9 288
-1487.7 271
-1487.5 299
-1487.3 249
-1487.1 293
-1486.9 286
-1486.7 308
-1486.5 315
-1486.3 317
-1486.1 286
-1485.9 295
-1485.7 280
-1485.5 283
-1485.3 275
-1485.1 319
-1484.9 278
-1484.7 295
-1484.5 283
-1484.3 284
-1484.1 295
-1483.9 275
-1483.7 290
-1483.5 286
-1483.3 268
-1483.1 267
-1482.9 282
-1482.7 306
-1482.5 304
-1482.3 295
-1482.1 270
-1481.9 289
-1481.7 277
-1481.5 277
-1481.3 290
-1481.1 289
-1480.9 317
-1480.7 311
-1480.5 303
-1480.3 313
-1480.1 265
-1479.9 292
-1479.7 327
-1479.5 295
-1479.3 327
-1479.1 305
-1478.9 303
-1478.7 305
-1478.5 281
-1478.3 301
-1478.1 288
-1477.9 280
-1477.7 251
-1477.5 282
-1477.3 286
-1477.1 305
-1476.9 319
-1476.7 296
-1476.5 314
-1476.3 313
-1476.1 277
-1475.9 249
-1475.7 274
-1475.5 286
-1475.3 303
-1475.1 266
-1474.9 289
-1474.7 277
-1474.5 303
-1474.3 289
-1474.1 280
-1473.9 309
-1473.7 283
-1473.5 285
-1473.3 279
-1473.1 278
-1472.9 274
-1472.7 279
-1472.5 292
-1472.3 269
-1472.1 312
-1471.9 314
-1471.7 292
-1471.5 317
-1471.3 299
-1471.1 288
-1470.9 319
-1470.7 296
-1470.5 289
-1470.3 320
-1470.1 296
-1469.9 294
-1469.7 287
-1469.5 265
-1469.3 304
-1469.1 303
-1468.9 293
-1468.7 286
-1468.5 289
-1468.3 279
-1468.1 279
-1467.9 284
-1467.7 281
-1467.5 300
-1467.3 265
-1467.1 280
-1466.9 279
-1466.7 296
-1466.5 280
-1466.3 280
-1466.1 260
-1465.9 271
-1465.7 307
-1465.5 255
-1465.3 275
-1465.1 273
-1464.9 290
-1464.7 311
-1464.5 244
-1464.3 303
-1464.1 276
-1463.9 255
-1463.7 312
-1463.5 281
-1463.3 325
-1463.1 299
-1462.9 309
-1462.7 267
-1462.5 298
-1462.3 292
-1462.1 295
-1461.9 281
-1461.7 301
-1461.5 302
-1461.3 287
-1461.1 307
-1460.9 295
-1460.7 295
-1460.5 285
-1460.3 292
-1460.1 319
-1459.9 310
-1459.7 258
-1459.5 289
-1459.3 318
-1459.1 257
-1458.9 288
-1458.7 284
-1458.5 326
-1458.3 272
-1458.1 311
-1457.9 310
-1457.7 314
-1457.5 289
-1457.3 284
-1457.1 282
-1456.9 304
-1456.7 293
-1456.5 273
-1456.3 272
-1456.1 275
-1455.9 273
-1455.7 314
-1455.5 261
-1455.3 274
-1455.1 309
-1454.9 286
-1454.7 277
-1454.5 279
-1454.3 331
-1454.1 283
-1453.9 291
-1453.7 274
-1453.5 303
-1453.3 307
-1453.1 297
-1452.9 279
-1452.7 263
-1452.5 268
-1452.3 243
-1452.1 273
-1451.9 281
-1451.7 311
-1451.5 280
-1451.3 277
-1451.1 306
-1450.9 289
-1450.7 292
-1450.5 259
-1450.3 320
-1450.1 303
-1449.9 294
-1449.7 275
-1449.5 281
-1449.3 259
-1449.1 286
-1448.9 297
-1448.7 322
-1448.5 284
-1448.3 319
-1448.1 287
-1447.9 274
-1447.7 265
-1447.5 284
-1447.3 282
-1447.1 321
-1446.9 285
-1446.7 309
-1446.5 305
-1446.3 287
-1446.1 314
-1445.9 296
-1445.7 304
-1445.5 304
-1445.3 262
-1445.1 278
-1444.9 324
-1444.7 320
-1444.5 302
-1444.3 303
-1444.1 311
-1443.9 294
-1443.7 284
-1443.5 303
-1443.3 321
-1443.1 295
-1442.9 283
-1442.7 279
-1442.5 287
-1442.3 282
-1442.1 278
-1441.9 305
-1441.7 302
-1441.5 316
-1441.3 289
-1441.1 280
-1440.9 272
-1440.7 268
-1440.5 287
-1440.3 296
-1440.1 266
-1439.9 302
-1439.7 284
-1439.5 278
-1439.3 289
-1439.1 295
-1438.9 245
-1438.7 287
-1438.5 262
-1438.3 296
-1438.1 307
-1437.9 293
-1437.7 294
-1437.5 294
-1437.3 283
-1437.1 295
-1436.9 294
-1436.7 306
-1436.5 323
-1436.3 294
-1436.1 288
-1435.9 297
-1435.7 278
-1435.5 296
-1435.3 265
-1435.1 303
-1434.9 277
-1434.7 277
-1434.5 279
-1434.3 275
-1434.1 269
-1433.9 291
-1433.7 293
-1433.5 276
-1433.3 286
-1433.1 279
-1432.9 268
-1432.7 285
-1432.5 309
-1432.3 286
-1432.1 285
-1431.9 273
-1431.7 325
-1431.5 294
-1431.3 301
-1431.1 312
-1430.9 306
-1430.7 294
-1430.5 293
-1430.3 315
-1430.1 314
-1429.9 303
-1429.7 300
-1429.5 294
-1429.3 299
-1429.1 291
-1428.9 294
-1428.7 278
-1428.5 331
-1428.3 324
-1428.1 279
-1427.9 271
-1427.7 293
-1427.5 312
-1427.3 297
-1427.1 295
-1426.9 299
-1426.7 310
-1426.5 284
-1426.3 280
-1426.1 288
-1425.9 287
-1425.7 258
-1425.5 299
-1425.3 297
-1425.1 288
-1424.9 310
-1424.7 322
-1424.5 295
-1424.3 329
-1424.1 306
-1423.9 302
-1423.7 277
-1423.5 308
-1423.3 282
-1423.1 286
-1422.9 281
-1422.7 301
-1422.5 313
-1422.3 322
-1422.1 300
-1421.9 264
-1421.7 282
-1421.5 274
-1421.3 301
-1421.1 294
-1420.9 299
-1420.7 278
-1420.5 273
-1420.3 312
-1420.1 265
-1419.9 250
-1419.7 275
-1419.5 311
-1419.3 276
-1419.1 286
-1418.9 275
-1418.7 266
-1418.5 263
-1418.3 297
-1418.1 303
-1417.9 266
-1417.7 277
-1417.5 285
-1417.3 302
-1417.1 269
-1416.9 290
-1416.7 272
-1416.5 310
-1416.3 302
-1416.1 298
-1415.9 283
-1415.7 282
-1415.5 296
-1415.3 280
-1415.1 266
-1414.9 343
-1414.7 289
-1414.5 289
-1414.3 310
-1414.1 321
-1413.9 331
-1413.7 267
-1413.5 305
-1413.3 282
-1413.1 299
-1412.9 314
-1412.7 286
-1412.5 283
-1412.3 310
-1412.1 298
-1411.9 296
-1411.7 280
-1411.5 278
-1411.3 310
-1411.1 288
-1410.9 307
-1410.7 293
-1410.5 299
-1410.3 292
-1410.1 272
-1409.9 312
-1409.7 333
-1409.5 296
-1409.3 284
-1409.1 334
-1408.9 277
-1408.7 277
-1408.5 315
-1408.3 264
-1408.1 307
-1407.9 273
-1407.7 316
-1407.5 298
-1407.3 281
-1407.1 288
-1406.9 283
-1406.7 266
-1406.5 288
-1406.3 300
-1406.1 288
-1405.9 295
-1405.7 290
-1405.5 294
-1405.3 260
-1405.1 264
-1404.9 264
-1404.7 302
-1404.5 267
-1404.3 306
-1404.1 278
-1403.9 284
-1403.7 275
-1403.5 314
-1403.3 289
-1403.1 283
-1402.9 310
-1402.7 259
-1402.5 316
-1402.3 281
-1402.1 299
-1401.9 291
-1401.7 287
-1401.5 310
-1401.3 306
-1401.1 296
-1400.9 315
-1400.7 291
-1400.5 284
-1400.3 331
-1400.1 292
-1399.9 302
-1399.7 302
-1399.5 308
-1399.3 283
-1399.1 300
-1398.9 312
-1398.7 296
-1398.5 303
-1398.3 298
-1398.1 301
-1397.9 295
-1397.7 303
-1397.5 328
-1397.3 299
-1397.1 287
-1396.9 293
-1396.7 320
-1396.5 293
-1396.3 292
-1396.1 312
-1395.9 280
-1395.7 282
-1395.5 270
-1395.3 307
-1395.1 310
-1394.9 282
-1394.7 338
-1394.5 282
-1394.3 283
-1394.1 273
-1393.9 261
-1393.7 292
-1393.5 279
-1393.3 307
-1393.1 293
-1392.9 291
-1392.7 287
-1392.5 298
-1392.3 285
-1392.1 256
-1391.9 264
-1391.7 275
-1391.5 286
-1391.3 296
-1391.1 265
-1390.9 284
-1390.7 316
-1390.5 283
-1390.3 294
-1390.1 307
-1389.9 270
-1389.7 293
-1389.5 284
-1389.3 277
-1389.1 289
-1388.9 267
-1388.7 302
-1388.5 281
-1388.3 274
-1388.1 287
-1387.9 317
-1387.7 267
-1387.5 304
-1387.3 270
-1387.1 298
-1386.9 250
-1386.7 284
-1386.5 291
-1386.3 272
-1386.1 244
-1385.9 273
-1385.7 283
-1385.5 286
-1385.3 265
-1385.1 276
-1384.9 332
-1384.7 272
-1384.5 278
-1384.3 281
-1384.1 281
-1383.9 286
-1383.7 267
-1383.5 299
-1383.3 285
-1383.1 299
-1382.9 277
-1382.7 267
-1382.5 304
-1382.3 278
-1382.1 292
-1381.9 317
-1381.7 303
-1381.5 264
-1381.3 276
-1381.1 266
-1380.9 286
-1380.7 264
-1380.5 274
-1380.3 266
-1380.1 258
-1379.9 286
-1379.7 261
-1379.5 291
-1379.3 267
-1379.1 327
-1378.9 312
-1378.7 294
-1378.5 336
-1378.3 301
-1378.1 281
-1377.9 272
-1377.7 308
-1377.5 268
-1377.3 284
-1377.1 283
-1376.9 281
-1376.7 296
-1376.5 282
-1376.3 301
-1376.1 299
-1375.9 291
-1375.7 283
-1375.5 296
-1375.3 282
-1375.1 275
-1374.9 318
-1374.7 306
-1374.5 297
-1374.3 311
-1374.1 313
-1373.9 273
-1373.7 280
-1373.5 273
-1373.3 293
-1373.1 244
-1372.9 294
-1372.7 303
-1372.5 301
-1372.3 271
-1372.1 310
-1371.9 293
-1371.7 286
-1371.5 294
-1371.3 333
-1371.1 291
-1370.9 293
-1370.7 282
-1370.5 301
-1370.3 305
-1370.1 260
-1369.9 300
-1369.7 309
-1369.5 270
-1369.3 300
-1369.1 310
-1368.9 281
-1368.7 265
-1368.5 290
-1368.3 291
-1368.1 308
-1367.9 270
-1367.7 298
-1367.5 259
-1367.3 281
-1367.1 280
-1366.9 303
-1366.7 290
-1366.5 284
-1366.3 282
-1366.1 262
-1365.9 308
-1365.7 314
-1365.5 283
-1365.3 319
-1365.1 308
-1364.9 288
-1364.7 308
-1364.5 276
-1364.3 304
-1364.1 314
-1363.9 258
-1363.7 268
-1363.5 295
-1363.3 299
-1363.1 281
-1362.9 284
-1362.7 287
-1362.5 307
-1362.3 264
-1362.1 264
-1361.9 296
-1361.7 291
-1361.5 272
-1361.3 307
-1361.1 277
-1360.9 264
-1360.7 306
-1360.5 306
-1360.3 270
-1360.1 293
-1359.9 286
-1359.7 282
-1359.5 293
-1359.3 277
-1359.1 273
-1358.9 295
-1358.7 275
-1358.5 304
-1358.3 261
-1358.1 263
-1357.9 277
-1357.7 271
-1357.5 294
-1357.3 250
-1357.1 273
-1356.9 295
-1356.7 279
-1356.5 266
-1356.3 264
-1356.1 256
-1355.9 238
-1355.7 279
-1355.5 261
-1355.3 274
-1355.1 277
-1354.9 263
-1354.7 237
-1354.5 247
-1354.3 243
-1354.1 271
-1353.9 250
-1353.7 238
-1353.5 250
-1353.3 271
-1353.1 241
-1352.9 252
-1352.7 236
-1352.5 271
-1352.3 238
-1352.1 257
-1351.9 220
-1351.7 244
-1351.5 230
-1351.3 209
-1351.1 229
-1350.9 228
-1350.7 253
-1350.5 238
-1350.3 234
-1350.1 205
-1349.9 229
-1349.7 213
-1349.5 236
-1349.3 218
-1349.1 212
-1348.9 187
-1348.7 160
-1348.5 219
-1348.3 202
-1348.1 216
-1347.9 202
-1347.7 192
-1347.5 186
-1347.3 190
-1347.1 182
-1346.9 186
-1346.7 206
-1346.5 198
-1346.3 174
-1346.1 159
-1345.9 176
-1345.7 164
-1345.5 170
-1345.3 167
-1345.1 177
-1344.9 183
-1344.7 162
-1344.5 157
-1344.3 176
-1344.1 169
-1343.9 147
-1343.7 154
-1343.5 160
-1343.3 151
-1343.1 145
-1342.9 129
-1342.7 130
-1342.5 129
-1342.3 125
-1342.1 151
-1341.9 128
-1341.7 157
-1341.5 129
-1341.3 123
-1341.1 132
-1340.9 112
-1340.7 121
-1340.5 93
-1340.3 115
-1340.1 113
-1339.9 99
-1339.7 110
-1339.5 85
-1339.3 114
-1339.1 96
-1338.9 99
-1338.7 100
-1338.5 100
-1338.3 96
-1338.1 102
-1337.9 66
-1337.7 86
-1337.5 76
-1337.3 74
-1337.1 61
-1336.9 83
-1336.7 64
-1336.5 80
-1336.3 70
-1336.1 60
-1335.9 69
-1335.7 64
-1335.5 56
-1335.3 44
-1335.1 59
-1334.9 54
-1334.7 64
-1334.5 57
-1334.3 48
-1334.1 46
-1333.9 55
-1333.7 53
-1333.5 43
-1333.3 31
-1333.1 46
-1332.9 32
-1332.7 28
-1332.5 39
-1332.3 38
-1332.1 43
-1331.9 34
-1331.7 37
-1331.5 28
-1331.3 31
-1331.1 26
-1330.9 36
-1330.7 28
-1330.5 34
-1330.3 31
-1330.1 26
-1329.9 25
-1329.7 22
-1329.5 28
-1329.3 23
-1329.1 35
-1328.9 25
-1328.7 15
-1328.5 29
-1328.3 20
-1328.1 24
-1327.9 19
-1327.7 19
-1327.5 14
-1327.3 20
-1327.1 15
-1326.9 8
-1326.7 12
-1326.5 12
-1326.3 17
-1326.1 12
-1325.9 8
-1325.7 15
-1325.5 10
-1325.3 14
-1325.1 10
-1324.9 14
-1324.7 15
-1324.5 7
-1324.3 16
-1324.1 11
-1323.9 13
-1323.7 10
-1323.5 15
-1323.3 13
-1323.1 14
-1322.9 8
-1322.7 18
-1322.5 12
-1322.3 11
-1322.1 7
-1321.9 4
-1321.7 12
-1321.5 12
-1321.3 9
-1321.1 9
-1320.9 11
-1320.7 5
-1320.5 9
-1320.3 10
-1320.1 12
-1319.9 17
-1319.7 12
-1319.5 8
-1319.3 6
-1319.1 7
-1318.9 3
-1318.7 7
-1318.5 11
-1318.3 11
-1318.1 16
-1317.9 12
-1317.7 6
-1317.5 12
-1317.3 6
-1317.1 6
-1316.9 11
-1316.7 9
-1316.5 8
-1316.3 12
-1316.1 2
-1315.9 7
-1315.7 18
-1315.5 7
-1315.3 5
-1315.1 7
-1314.9 7
-1314.7 11
-1314.5 10
-1314.3 5
-1314.1 11
-1313.9 4
-1313.7 7
-1313.5 8
-1313.3 9
-1313.1 8
-1312.9 11
-1312.7 5
-1312.5 10
-1312.3 5
-1312.1 4
-1311.9 9
-1311.7 9
-1311.5 13
-1311.3 6
-1311.1 5
-1310.9 2
-1310.7 9
-1310.5 10
-1310.3 4
-1310.1 7
-1309.9 3
-1309.7 4
-1309.5 9
-1309.3 6
-1309.1 11
-1308.9 4
-1308.7 7
-1308.5 4
-1308.3 13
-1308.1 10
-1307.9 12
-1307.7 6
-1307.5 12
-1307.3 5
-1307.1 4
-1306.9 9
-1306.7 5
-1306.5 11
-1306.3 5
-1306.1 6
-1305.9 4
-1305.7 3
-1305.5 8
-1305.3 4
-1305.1 7
-1304.9 10
-1304.7 6
-1304.5 5
-1304.3 7
-1304.1 4
-1303.9 7
-1303.7 7
-1303.5 15
-1303.3 2
-1303.1 8
-1302.9 9
-1302.7 10
-1302.5 7
-1302.3 9
-1302.1 7
-1301.9 4
-1301.7 5
-1301.5 7
-1301.3 10
-1301.1 6
-1300.9 8
-1300.7 10
-1300.5 7
-1300.3 10
-1300.1 6
