-1589.9 0
-1589.7 0
-1589.5 0
-1589.3 0
-1589.1 0
-1588.9 0
-1588.7 0
-1588.5 0
-1588.3 0
-1588.1 0
-1587.9 1
-1587.7 3
-1587.5 0
-1587.3 1
-1587.1 0
-1586.9 1
-1586.7 0
-1586.5 0
-1586.3 0
-1586.1 3
-1585.9 0
-1585.7 0
-1585.5 0
-1585.3 0
-1585.1 0
-1584.9 1
-1584.7 1
-1584.5 1
-1584.3 1
-1584.1 0
-1583.9 1
-1583.7 0
-1583.5 1
-1583.3 0
-1583.1 0
-1582.9 0
-1582.7 2
-1582.5 0
-1582.3 0
-1582.1 1
-1581.9 0
-1581.7 0
-1581.5 2
-1581.3 4
-1581.1 2
-1580.9 1
-1580.7 3
-1580.5 0
-1580.3 0
-1580.1 0
-1579.9 6
-1579.7 0
-1579.5 2
-1579.3 2
-1579.1 2
-1578.9 4
-1578.7 5
-1578.5 7
-1578.3 4
-1578.1 2
-1577.9 7
-1577.7 3
-1577.5 8
-1577.3 6
-1577.1 15
-1576.9 8
-1576.7 12
-1576.5 14
-1576.3 15
-1576.1 31
-1575.9 27
-1575.7 24
-1575.5 24
-1575.3 20
-1575.1 17
-1574.9 24
-1574.7 25
-1574.5 39
-1574.3 34
-1574.1 37
-1573.9 31
-1573.7 26
-1573.5 44
-1573.3 37
-1573.1 30
-1572.9 45
-1572.7 50
-1572.5 45
-1572.3 40
-1572.1 60
-1571.9 52
-1571.7 61
-1571.5 65
-1571.3 65
-1571.1 73
-1570.9 74
-1570.7 74
-1570.5 79
-1570.3 69
-1570.1 89
-1569.9 81
-1569.7 96
-1569.5 104
-1569.3 95
-1569.1 90
-1568.9 102
-1568.7 90
-1568.5 120
-1568.3 93
-1568.1 119
-1567.9 125
-1567.7 120
-1567.5 121
-1567.3 140
-1567.1 148
-1566.9 135
-1566.7 144
-1566.5 130
-1566.3 139
-1566.1 150
-1565.9 149
-1565.7 152
-1565.5 155
-1565.3 167
-1565.1 150
-1564.9 173
-1564.7 178
-1564.5 157
-1564.3 208
-1564.1 189
-1563.9 175
-1563.7 185
-1563.5 188
-1563.3 183
-1563.1 180
-1562.9 204
-1562.7 219
-1562.5 218
-1562.3 206
-1562.1 236
-1561.9 207
-1561.7 226
-1561.5 211
-1561.3 229
-1561.1 231
-1560.9 246
-1560.7 249
-1560.5 238
-1560.3 275
-1560.1 243
-1559.9 280
-1559.7 252
-1559.5 259
-1559.3 290
-1559.1 271
-1558.9 273
-1558.7 295
-1558.5 292
-1558.3 299
-1558.1 306
-1557.9 299
-1557.7 288
-1557.5 311
-1557.3 271
-1557.1 310
-1556.9 285
-1556.7 274
-1556.5 317
-1556.3 283
-1556.1 297
-1555.9 256
-1555.7 323
-1555.5 317
-1555.3 286
-1555.1 301
-1554.9 306
-1554.7 298
-1554.5 308
-1554.3 300
-1554.1 331
-1553.9 302
-1553.7 334
-1553.5 333
-1553.3 332
-1553.1 330
-1552.9 336
-1552.7 321
-1552.5 336
-1552.3 321
-1552.1 333
-1551.9 307
-1551.7 308
-1551.5 324
-1551.3 312
-1551.1 295
-1550.9 322
-1550.7 319
-1550.5 318
-1550.3 337
-1550.1 351
-1549.9 343
-1549.7 302
-1549.5 326
-1549.3 323
-1549.1 320
-1548.9 334
-1548.7 324
-1548.5 303
-1548.3 320
-1548.1 341
-1547.9 342
-1547.7 342
-1547.5 346
-1547.3 334
-1547.1 324
-1546.9 338
-1546.7 354
-1546.5 349
-1546.3 334
-1546.1 343
-1545.9 323
-1545.7 332
-1545.5 331
-1545.3 355
-1545.1 337
-1544.9 318
-1544.7 322
-1544.5 319
-1544.3 321
-1544.1 339
-1543.9 321
-1543.7 346
-1543.5 298
-1543.3 314
-1543.1 331
-1542.9 316
-1542.7 326
-1542.5 334
-1542.3 320
-1542.1 325
-1541.9 301
-1541.7 350
-1541.5 299
-1541.3 319
-1541.1 312
-1540.9 298
-1540.7 291
-1540.5 308
-1540.3 277
-1540.1 324
-1539.9 321
-1539.7 287
-1539.5 292
-1539.3 287
-1539.1 315
-1538.9 298
-1538.7 282
-1538.5 324
-1538.3 310
-1538.1 269
-1537.9 303
-1537.7 296
-1537.5 299
-1537.3 293
-1537.1 313
-1536.9 297
-1536.7 304
-1536.5 303
-1536.3 293
-1536.1 304
-1535.9 299
-1535.7 312
-1535.5 298
-1535.3 312
-1535.1 286
-1534.9 314
-1534.7 326
-1534.5 309
-1534.3 361
-1534.1 313
-1533.9 322
-1533.7 313
-1533.5 309
-1533.3 270
-1533.1 301
-1532.9 286
-1532.7 318
-1532.5 325
-1532.3 303
-1532.1 312
-1531.9 331
-1531.7 295
-1531.5 315
-1531.3 314
-1531.1 283
-1530.9 284
-1530.7 289
-1530.5 282
-1530.3 296
-1530.1 251
-1529.9 280
-1529.7 294
-1529.5 305
-1529.3 291
-1529.1 287
-1528.9 305
-1528.7 263
-1528.5 277
-1528.3 291
-1528.1 276
-1527.9 250
-1527.7 259
-1527.5 269
-1527.3 266
-1527.1 271
-1526.9 255
-1526.7 260
-1526.5 256
-1526.3 260
-1526.1 260
-1525.9 242
-1525.7 250
-1525.5 239
-1525.3 230
-1525.1 234
-1524.9 251
-1524.7 219
-1524.5 247
-1524.3 255
-1524.1 229
-1523.9 248
-1523.7 259
-1523.5 241
-1523.3 253
-1523.1 215
-1522.9 217
-1522.7 238
-1522.5 268
-1522.3 252
-1522.1 273
-1521.9 240
-1521.7 254
-1521.5 265
-1521.3 274
-1521.1 254
-1520.9 272
-1520.7 269
-1520.5 272
-1520.3 273
-1520.1 287
-1519.9 260
-1519.7 271
-1519.5 259
-1519.3 309
-1519.1 274
-1518.9 279
-1518.7 289
-1518.5 271
-1518.3 301
-1518.1 301
-1517.9 291
-1517.7 281
-1517.5 331
-1517.3 307
-1517.1 290
-1516.9 313
-1516.7 314
-1516.5 305
-1516.3 311
-1516.1 294
-1515.9 290
-1515.7 302
-1515.5 302
-1515.3 304
-1515.1 300
-1514.9 308
-1514.7 294
-1514.5 291
-1514.3 288
-1514.1 277
-1513.9 293
-1513.7 281
-1513.5 278
-1513.3 292
-1513.1 261
-1512.9 266
-1512.7 292
-1512.5 261
-1512.3 299
-1512.1 310
-1511.9 301
-1511.7 306
-1511.5 272
-1511.3 273
-1511.1 269
-1510.9 281
-1510.7 299
-1510.5 258
-1510.3 264
-1510.1 271
-1509.9 267
-1509.7 273
-1509.5 266
-1509.3 281
-1509.1 252
-1508.9 252
-1508.7 276
-1508.5 258
-1508.3 211
-1508.1 242
-1507.9 220
-1507.7 226
-1507.5 239
-1507.3 230
-1507.1 242
-1506.9 221
-1506.7 229
-1506.5 207
-1506.3 233
-1506.1 234
-1505.9 230
-1505.7 220
-1505.5 211
-1505.3 260
-1505.1 236
-1504.9 217
-1504.7 275
-1504.5 252
-1504.3 231
-1504.1 254
-1503.9 241
-1503.7 250
-1503.5 218
-1503.3 241
-1503.1 273
-1502.9 285
-1502.7 243
-1502.5 261
-1502.3 251
-1502.1 296
-1501.9 269
-1501.7 266
-1501.5 277
-1501.3 279
-1501.1 315
-1500.9 284
-1500.7 321
-1500.5 303
-1500.3 319
-1500.1 287
-1499.9 299
-1499.7 300
-1499.5 295
-1499.3 343
-1499.1 311
-1498.9 297
-1498.7 335
-1498.5 319
-1498.3 279
-1498.1 308
-1497.9 319
-1497.7 306
-1497.5 314
-1497.3 306
-1497.1 310
-1496.9 328
-1496.7 318
-1496.5 360
-1496.3 313
-1496.1 329
-1495.9 331
-1495.7 300
-1495.5 309
-1495.3 297
-1495.1 318
-1494.9 276
-1494.7 269
-1494.5 298
-1494.3 332
-1494.1 256
-1493.9 277
-1493.7 288
-1493.5 278
-1493.3 274
-1493.1 280
-1492.9 306
-1492.7 244
-1492.5 258
-1492.3 243
-1492.1 226
-1491.9 253
-1491.7 239
-1491.5 259
-1491.3 219
-1491.1 236
-1490.9 253
-1490.7 246
-1490.5 236
-1490.3 213
-1490.1 209
-1489.9 239
-1489.7 223
-1489.5 207
-1489.3 212
-1489.1 170
-1488.9 228
-1488.7 242
-1488.5 220
-1488.3 230
-1488.1 241
-1487.9 218
-1487.7 233
-1487.5 234
-1487.3 210
-1487.1 206
-1486.9 227
-1486.7 219
-1486.5 237
-1486.3 237
-1486.1 241
-1485.9 231
-1485.7 254
-1485.5 237
-1485.3 270
-1485.1 258
-1484.9 227
-1484.7 262
-1484.5 239
-1484.3 260
-1484.1 268
-1483.9 269
-1483.7 271
-1483.5 295
-1483.3 292
-1483.1 320
-1482.9 292
-1482.7 295
-1482.5 268
-1482.3 310
-1482.1 301
-1481.9 289
-1481.7 310
-1481.5 304
-1481.3 290
-1481.1 303
-1480.9 319
-1480.7 320
-1480.5 292
-1480.3 339
-1480.1 305
-1479.9 330
-1479.7 296
-1479.5 334
-1479.3 304
-1479.1 315
-1478.9 312
-1478.7 289
-1478.5 304
-1478.3 294
-1478.1 296
-1477.9 325
-1477.7 302
-1477.5 315
-1477.3 266
-1477.1 280
-1476.9 312
-1476.7 275
-1476.5 308
-1476.3 279
-1476.1 285
-1475.9 283
-1475.7 285
-1475.5 266
-1475.3 250
-1475.1 283
-1474.9 268
-1474.7 234
-1474.5 238
-1474.3 278
-1474.1 286
-1473.9 243
-1473.7 258
-1473.5 245
-1473.3 253
-1473.1 218
-1472.9 245
-1472.7 217
-1472.5 253
-1472.3 245
-1472.1 260
-1471.9 232
-1471.7 229
-1471.5 254
-1471.3 237
-1471.1 224
-1470.9 245
-1470.7 222
-1470.5 261
-1470.3 245
-1470.1 246
-1469.9 272
-1469.7 248
-1469.5 240
-1469.3 239
-1469.1 259
-1468.9 262
-1468.7 272
-1468.5 280
-1468.3 295
-1468.1 245
-1467.9 297
-1467.7 275
-1467.5 296
-1467.3 283
-1467.1 284
-1466.9 277
-1466.7 267
-1466.5 275
-1466.3 295
-1466.1 276
-1465.9 296
-1465.7 262
-1465.5 308
-1465.3 304
-1465.1 334
-1464.9 304
-1464.7 344
-1464.5 272
-1464.3 301
-1464.1 308
-1463.9 320
-1463.7 283
-1463.5 314
-1463.3 337
-1463.1 310
-1462.9 317
-1462.7 353
-1462.5 312
-1462.3 309
-1462.1 331
-1461.9 307
-1461.7 318
-1461.5 305
-1461.3 290
-1461.1 306
-1460.9 293
-1460.7 288
-1460.5 288
-1460.3 269
-1460.1 279
-1459.9 271
-1459.7 293
-1459.5 292
-1459.3 297
-1459.1 289
-1458.9 315
-1458.7 272
-1458.5 269
-1458.3 261
-1458.1 283
-1457.9 301
-1457.7 280
-1457.5 241
-1457.3 268
-1457.1 230
-1456.9 267
-1456.7 271
-1456.5 245
-1456.3 248
-1456.1 241
-1455.9 237
-1455.7 244
-1455.5 256
-1455.3 231
-1455.1 250
-1454.9 238
-1454.7 233
-1454.5 251
-1454.3 248
-1454.1 236
-1453.9 250
-1453.7 228
-1453.5 218
-1453.3 232
-1453.1 243
-1452.9 217
-1452.7 218
-1452.5 230
-1452.3 257
-1452.1 234
-1451.9 250
-1451.7 257
-1451.5 270
-1451.3 263
-1451.1 267
-1450.9 246
-1450.7 261
-1450.5 240
-1450.3 265
-1450.1 269
-1449.9 257
-1449.7 297
-1449.5 289
-1449.3 259
-1449.1 290
-1448.9 270
-1448.7 297
-1448.5 309
-1448.3 293
-1448.1 293
-1447.9 302
-1447.7 302
-1447.5 293
-1447.3 282
-1447.1 262
-1446.9 309
-1446.7 310
-1446.5 325
-1446.3 306
-1446.1 287
-1445.9 306
-1445.7 290
-1445.5 299
-1445.3 297
-1445.1 308
-1444.9 293
-1444.7 319
-1444.5 325
-1444.3 345
-1444.1 310
-1443.9 281
-1443.7 285
-1443.5 305
-1443.3 277
-1443.1 279
-1442.9 283
-1442.7 282
-1442.5 262
-1442.3 289
-1442.1 303
-1441.9 307
-1441.7 313
-1441.5 282
-1441.3 292
-1441.1 298
-1440.9 298
-1440.7 293
-1440.5 270
-1440.3 286
-1440.1 273
-1439.9 280
-1439.7 244
-1439.5 262
-1439.3 276
-1439.1 251
-1438.9 283
-1438.7 260
-1438.5 239
-1438.3 262
-1438.1 280
-1437.9 269
-1437.7 252
-1437.5 266
-1437.3 273
-1437.1 282
-1436.9 258
-1436.7 250
-1436.5 240
-1436.3 242
-1436.1 279
-1435.9 278
-1435.7 241
-1435.5 279
-1435.3 233
-1435.1 276
-1434.9 250
-1434.7 253
-1434.5 264
-1434.3 261
-1434.1 288
-1433.9 261
-1433.7 285
-1433.5 271
-1433.3 257
-1433.1 272
-1432.9 282
-1432.7 275
-1432.5 269
-1432.3 284
-1432.1 302
-1431.9 285
-1431.7 275
-1431.5 270
-1431.3 266
-1431.1 307
-1430.9 274
-1430.7 320
-1430.5 270
-1430.3 313
-1430.1 282
-1429.9 288
-1429.7 310
-1429.5 296
-1429.3 284
-1429.1 297
-1428.9 301
-1428.7 313
-1428.5 287
-1428.3 326
-1428.1 277
-1427.9 281
-1427.7 280
-1427.5 264
-1427.3 291
-1427.1 306
-1426.9 293
-1426.7 287
-1426.5 321
-1426.3 289
-1426.1 309
-1425.9 267
-1425.7 302
-1425.5 250
-1425.3 288
-1425.1 278
-1424.9 287
-1424.7 263
-1424.5 289
-1424.3 270
-1424.1 291
-1423.9 260
-1423.7 300
-1423.5 279
-1423.3 241
-1423.1 288
-1422.9 264
-1422.7 274
-1422.5 304
-1422.3 246
-1422.1 288
-1421.9 262
-1421.7 285
-1421.5 259
-1421.3 251
-1421.1 271
-1420.9 283
-1420.7 252
-1420.5 268
-1420.3 258
-1420.1 280
-1419.9 253
-1419.7 267
-1419.5 274
-1419.3 268
-1419.1 251
-1418.9 241
-1418.7 286
-1418.5 245
-1418.3 271
-1418.1 277
-1417.9 279
-1417.7 295
-1417.5 248
-1417.3 249
-1417.1 280
-1416.9 267
-1416.7 289
-1416.5 287
-1416.3 276
-1416.1 295
-1415.9 300
-1415.7 258
-1415.5 286
-1415.3 288
-1415.1 273
-1414.9 265
-1414.7 305
-1414.5 296
-1414.3 263
-1414.1 325
-1413.9 277
-1413.7 268
-1413.5 274
-1413.3 276
-1413.1 271
-1412.9 281
-1412.7 299
-1412.5 308
-1412.3 279
-1412.1 253
-1411.9 265
-1411.7 274
-1411.5 267
-1411.3 286
-1411.1 281
-1410.9 270
-1410.7 263
-1410.5 278
-1410.3 280
-1410.1 266
-1409.9 268
-1409.7 253
-1409.5 281
-1409.3 265
-1409.1 252
-1408.9 297
-1408.7 258
-1408.5 277
-1408.3 253
-1408.1 302
-1407.9 275
-1407.7 275
-1407.5 278
-1407.3 286
-1407.1 292
-1406.9 266
-1406.7 251
-1406.5 287
-1406.3 266
-1406.1 259
-1405.9 279
-1405.7 285
-1405.5 265
-1405.3 270
-1405.1 267
-1404.9 313
-1404.7 275
-1404.5 299
-1404.3 253
-1404.1 226
-1403.9 274
-1403.7 274
-1403.5 295
-1403.3 257
-1403.1 289
-1402.9 255
-1402.7 270
-1402.5 283
-1402.3 263
-1402.1 290
-1401.9 251
-1401.7 285
-1401.5 279
-1401.3 266
-1401.1 259
-1400.9 255
-1400.7 261
-1400.5 260
-1400.3 232
-1400.1 248
-1399.9 250
-1399.7 282
-1399.5 269
-1399.3 259
-1399.1 254
-1398.9 262
-1398.7 276
-1398.5 264
-1398.3 272
-1398.1 248
-1397.9 249
-1397.7 258
-1397.5 287
-1397.3 242
-1397.1 268
-1396.9 261
-1396.7 241
-1396.5 279
-1396.3 272
-1396.1 299
-1395.9 289
-1395.7 273
-1395.5 299
-1395.3 311
-1395.1 269
-1394.9 281
-1394.7 250
-1394.5 257
-1394.3 287
-1394.1 278
-1393.9 284
-1393.7 244
-1393.5 293
-1393.3 303
-1393.1 327
-1392.9 289
-1392.7 275
-1392.5 286
-1392.3 285
-1392.1 289
-1391.9 258
-1391.7 266
-1391.5 278
-1391.3 279
-1391.1 278
-1390.9 252
-1390.7 273
-1390.5 260
-1390.3 243
-1390.1 268
-1389.9 282
-1389.7 266
-1389.5 291
-1389.3 265
-1389.1 258
-1388.9 286
-1388.7 273
-1388.5 275
-1388.3 278
-1388.1 288
-1387.9 269
-1387.7 249
-1387.5 280
-1387.3 265
-1387.1 298
-1386.9 261
-1386.7 263
-1386.5 254
-1386.3 268
-1386.1 281
-1385.9 289
-1385.7 269
-1385.5 267
-1385.3 236
-1385.1 264
-1384.9 289
-1384.7 272
-1384.5 259
-1384.3 285
-1384.1 297
-1383.9 283
-1383.7 270
-1383.5 260
-1383.3 267
-1383.1 287
-1382.9 243
-1382.7 275
-1382.5 274
-1382.3 265
-1382.1 275
-1381.9 275
-1381.7 292
-1381.5 284
-1381.3 284
-1381.1 286
-1380.9 292
-1380.7 281
-1380.5 292
-1380.3 312
-1380.1 274
-1379.9 272
-1379.7 288
-1379.5 306
-1379.3 254
-1379.1 269
-1378.9 285
-1378.7 297
-1378.5 272
-1378.3 281
-1378.1 271
-1377.9 295
-1377.7 326
-1377.5 289
-1377.3 278
-1377.1 285
-1376.9 293
-1376.7 321
-1376.5 303
-1376.3 302
-1376.1 277
-1375.9 284
-1375.7 279
-1375.5 278
-1375.3 274
-1375.1 304
-1374.9 299
-1374.7 288
-1374.5 301
-1374.3 301
-1374.1 264
-1373.9 288
-1373.7 292
-1373.5 262
-1373.3 303
-1373.1 286
-1372.9 285
-1372.7 268
-1372.5 293
-1372.3 269
-1372.1 280
-1371.9 288
-1371.7 247
-1371.5 278
-1371.3 314
-1371.1 264
-1370.9 259
-1370.7 277
-1370.5 252
-1370.3 278
-1370.1 275
-1369.9 273
-1369.7 279
-1369.5 247
-1369.3 238
-1369.1 286
-1368.9 272
-1368.7 285
-1368.5 295
-1368.3 259
-1368.1 311
-1367.9 279
-1367.7 252
-1367.5 280
-1367.3 276
-1367.1 263
-1366.9 274
-1366.7 267
-1366.5 261
-1366.3 272
-1366.1 247
-1365.9 267
-1365.7 266
-1365.5 252
-1365.3 263
-1365.1 303
-1364.9 283
-1364.7 235
-1364.5 241
-1364.3 268
-1364.1 245
-1363.9 266
-1363.7 274
-1363.5 271
-1363.3 266
-1363.1 316
-1362.9 258
-1362.7 238
-1362.5 282
-1362.3 288
-1362.1 264
-1361.9 263
-1361.7 276
-1361.5 274
-1361.3 275
-1361.1 281
-1360.9 273
-1360.7 275
-1360.5 250
-1360.3 254
-1360.1 238
-1359.9 257
-1359.7 308
-1359.5 243
-1359.3 287
-1359.1 284
-1358.9 236
-1358.7 275
-1358.5 249
-1358.3 253
-1358.1 257
-1357.9 239
-1357.7 269
-1357.5 245
-1357.3 245
-1357.1 244
-1356.9 271
-1356.7 241
-1356.5 261
-1356.3 256
-1356.1 248
-1355.9 264
-1355.7 227
-1355.5 233
-1355.3 212
-1355.1 253
-1354.9 220
-1354.7 203
-1354.5 224
-1354.3 210
-1354.1 201
-1353.9 229
-1353.7 221
-1353.5 201
-1353.3 221
-1353.1 257
-1352.9 173
-1352.7 221
-1352.5 233
-1352.3 205
-1352.1 195
-1351.9 222
-1351.7 191
-1351.5 166
-1351.3 195
-1351.1 191
-1350.9 197
-1350.7 186
-1350.5 190
-1350.3 221
-1350.1 180
-1349.9 179
-1349.7 185
-1349.5 184
-1349.3 176
-1349.1 194
-1348.9 181
-1348.7 167
-1348.5 184
-1348.3 177
-1348.1 153
-1347.9 173
-1347.7 175
-1347.5 158
-1347.3 181
-1347.1 145
-1346.9 161
-1346.7 158
-1346.5 163
-1346.3 149
-1346.1 160
-1345.9 160
-1345.7 157
-1345.5 151
-1345.3 123
-1345.1 144
-1344.9 150
-1344.7 132
-1344.5 117
-1344.3 149
-1344.1 113
-1343.9 135
-1343.7 118
-1343.5 111
-1343.3 107
-1343.1 110
-1342.9 125
-1342.7 142
-1342.5 105
-1342.3 110
-1342.1 96
-1341.9 101
-1341.7 90
-1341.5 96
-1341.3 107
-1341.1 87
-1340.9 84
-1340.7 99
-1340.5 102
-1340.3 92
-1340.1 87
-1339.9 80
-1339.7 93
-1339.5 93
-1339.3 73
-1339.1 62
-1338.9 75
-1338.7 77
-1338.5 66
-1338.3 61
-1338.1 65
-1337.9 77
-1337.7 47
-1337.5 57
-1337.3 72
-1337.1 53
-1336.9 37
-1336.7 51
-1336.5 38
-1336.3 53
-1336.1 56
-1335.9 50
-1335.7 38
-1335.5 32
-1335.3 40
-1335.1 33
-1334.9 24
-1334.7 40
-1334.5 33
-1334.3 38
-1334.1 27
-1333.9 24
-1333.7 29
-1333.5 25
-1333.3 16
-1333.1 24
-1332.9 32
-1332.7 29
-1332.5 21
-1332.3 19
-1332.1 26
-1331.9 21
-1331.7 20
-1331.5 19
-1331.3 18
-1331.1 20
-1330.9 20
-1330.7 15
-1330.5 12
-1330.3 19
-1330.1 18
-1329.9 17
-1329.7 13
-1329.5 8
-1329.3 16
-1329.1 9
-1328.9 10
-1328.7 10
-1328.5 8
-1328.3 14
-1328.1 13
-1327.9 17
-1327.7 15
-1327.5 12
-1327.3 10
-1327.1 12
-1326.9 12
-1326.7 16
-1326.5 12
-1326.3 9
-1326.1 13
-1325.9 7
-1325.7 12
-1325.5 15
-1325.3 9
-1325.1 9
-1324.9 8
-1324.7 9
-1324.5 11
-1324.3 11
-1324.1 7
-1323.9 11
-1323.7 8
-1323.5 11
-1323.3 10
-1323.1 11
-1322.9 9
-1322.7 9
-1322.5 11
-1322.3 15
-1322.1 3
-1321.9 8
-1321.7 7
-1321.5 6
-1321.3 12
-1321.1 7
-1320.9 6
-1320.7 6
-1320.5 7
-1320.3 13
-1320.1 5
-1319.9 8
-1319.7 18
-1319.5 9
-1319.3 6
-1319.1 2
-1318.9 6
-1318.7 5
-1318.5 8
-1318.3 9
-1318.1 12
-1317.9 9
-1317.7 9
-1317.5 4
-1317.3 10
-1317.1 7
-1316.9 7
-1316.7 7
-1316.5 9
-1316.3 8
-1316.1 8
-1315.9 4
-1315.7 5
-1315.5 8
-1315.3 8
-1315.1 7
-1314.9 9
-1314.7 5
-1314.5 5
-1314.3 3
-1314.1 5
-1313.9 7
-1313.7 7
-1313.5 9
-1313.3 4
-1313.1 7
-1312.9 9
-1312.7 3
-1312.5 7
-1312.3 8
-1312.1 8
-1311.9 13
-1311.7 5
-1311.5 5
-1311.3 8
-1311.1 12
-1310.9 4
-1310.7 4
-1310.5 5
-1310.3 8
-1310.1 3
-1309.9 8
-1309.7 8
-1309.5 4
-1309.3 3
-1309.1 4
-1308.9 5
-1308.7 5
-1308.5 10
-1308.3 10
-1308.1 5
-1307.9 7
-1307.7 13
-1307.5 5
-1307.3 9
-1307.1 7
-1306.9 6
-1306.7 10
-1306.5 8
-1306.3 8
-1306.1 9
-1305.9 8
-1305.7 7
-1305.5 6
-1305.3 5
-1305.1 6
-1304.9 9
-1304.7 5
-1304.5 5
-1304.3 5
-1304.1 10
-1303.9 4
-1303.7 9
-1303.5 3
-1303.3 7
-1303.1 13
-1302.9 8
-1302.7 11
-1302.5 7
-1302.3 4
-1302.1 8
-1301.9 3
-1301.7 12
-1301.5 8
-1301.3 10
-1301.1 7
-1300.9 7
-1300.7 7
-1300.5 9
-1300.3 10
-1300.1 5
