1239
-199.1 6.5716e-05
-198.9 6.5716e-05
-198.7 6.5716e-05
-198.5 6.5716e-05
-198.3 6.5716e-05
-198.1 6.5716e-05
-197.9 6.5716e-05
-197.7 6.5716e-05
-197.5 6.5716e-05
-197.3 6.5716e-05
-197.1 0.000131432
-196.9 0.000131432
-196.7 0.000197148
-196.5 0.000197148
-196.3 0.00032858
-196.1 0.000591444
-195.9 0.000591444
-195.7 0.000788592
-195.5 0.00144575
-195.3 0.00184005
-195.1 0.00230006
-194.9 0.00295722
-194.7 0.00394296
-194.5 0.00446869
-194.3 0.00525728
-194.1 0.00716304
-193.9 0.00867451
-193.7 0.0103174
-193.5 0.011566
-193.3 0.0126175
-193.1 0.0138661
-192.9 0.0155747
-192.7 0.0176119
-192.5 0.0196491
-192.3 0.021292
-192.1 0.0233949
-191.9 0.0254978
-191.7 0.0276007
-191.5 0.0292436
-191.3 0.031478
-191.1 0.0338437
-190.9 0.035158
-190.7 0.0371295
-190.5 0.039561
-190.3 0.0419925
-190.1 0.0437668
-189.9 0.0455412
-189.7 0.0479069
-189.5 0.0490898
-189.3 0.0507327
-189.1 0.0523756
-188.9 0.0546757
-188.7 0.0559243
-188.5 0.0575672
-188.3 0.0589472
-188.1 0.0604587
-187.9 0.0621673
-187.7 0.0640731
-187.5 0.0653874
-187.3 0.0670303
-187.1 0.0691332
-186.9 0.0711704
-186.7 0.0726162
-186.5 0.0736019
-186.3 0.0748505
-186.1 0.0772163
-185.9 0.0785306
-185.7 0.0803706
-185.5 0.0820135
-185.3 0.0836564
-185.1 0.0857593
-184.9 0.0873365
-184.7 0.0889137
-184.5 0.0906223
-184.3 0.0922652
-184.1 0.093711
-183.9 0.0949596
-183.7 0.0973911
-183.5 0.0997569
-183.3 0.101465
-183.1 0.103306
-182.9 0.105211
-182.7 0.106526
-182.5 0.10876
-182.3 0.110534
-182.1 0.11198
-181.9 0.113294
-181.7 0.115069
-181.5 0.116449
-181.3 0.118157
-181.1 0.120063
-180.9 0.121575
-180.7 0.123152
-180.5 0.124532
-180.3 0.126043
-180.1 0.127752
-179.9 0.129263
-179.7 0.13038
-179.5 0.131958
-179.3 0.133798
-179.1 0.135572
-178.9 0.136952
-178.7 0.138464
-178.5 0.139975
-178.3 0.141421
-178.1 0.143195
-177.9 0.144641
-177.7 0.145824
-177.5 0.146941
-177.3 0.147927
-177.1 0.149372
-176.9 0.150818
-176.7 0.152461
-176.5 0.153381
-176.3 0.154564
-176.1 0.15555
-175.9 0.15693
-175.7 0.15785
-175.5 0.158967
-175.3 0.160084
-175.1 0.161267
-174.9 0.162318
-174.7 0.16291
-174.5 0.163567
-174.3 0.164553
-174.1 0.165736
-173.9 0.166656
-173.7 0.167839
-173.5 0.169021
-173.3 0.169679
-173.1 0.170599
-172.9 0.171256
-172.7 0.172439
-172.5 0.173293
-172.3 0.174476
-172.1 0.175002
-171.9 0.175725
-171.7 0.176973
-171.5 0.178222
-171.3 0.179733
-171.1 0.180916
-170.9 0.18177
-170.7 0.182625
-170.5 0.183348
-170.3 0.184465
-170.1 0.185845
-169.9 0.186765
-169.7 0.187619
-169.5 0.188802
-169.3 0.189788
-169.1 0.190642
-168.9 0.191628
-168.7 0.192942
-168.5 0.193468
-168.3 0.194059
-168.1 0.195045
-167.9 0.195636
-167.7 0.196359
-167.5 0.197279
-167.3 0.198134
-167.1 0.199185
-166.9 0.200171
-166.7 0.201222
-166.5 0.202339
-166.3 0.203982
-166.1 0.204968
-165.9 0.206217
-165.7 0.207597
-165.5 0.208714
-165.3 0.209963
-165.1 0.211145
-164.9 0.212525
-164.7 0.21292
-164.5 0.213906
-164.3 0.214826
-164.1 0.215548
-163.9 0.216337
-163.7 0.217651
-163.5 0.218506
-163.3 0.219426
-163.1 0.220411
-162.9 0.221397
-162.7 0.222449
-162.5 0.2235
-162.3 0.224223
-162.1 0.225143
-161.9 0.225932
-161.7 0.227312
-161.5 0.227969
-161.3 0.228494
-161.1 0.22948
-160.9 0.22994
-160.7 0.230729
-160.5 0.231452
-160.3 0.232766
-160.1 0.233949
-159.9 0.234803
-159.7 0.235789
-159.5 0.236578
-159.3 0.236709
-159.1 0.237432
-158.9 0.238746
-158.7 0.239732
-158.5 0.24052
-158.3 0.241572
-158.1 0.242229
-157.9 0.243281
-157.7 0.243675
-157.5 0.244332
-157.3 0.244989
-157.1 0.245646
-156.9 0.246303
-156.7 0.246961
-156.5 0.247881
-156.3 0.248341
-156.1 0.248998
-155.9 0.249786
-155.7 0.250378
-155.5 0.251626
-155.3 0.252481
-155.1 0.253532
-154.9 0.254124
-154.7 0.254715
-154.5 0.255241
-154.3 0.256029
-154.1 0.256555
-153.9 0.257278
-153.7 0.257869
-153.5 0.25879
-153.3 0.25971
-153.1 0.260564
-152.9 0.26109
-152.7 0.26201
-152.5 0.262864
-152.3 0.263587
-152.1 0.26431
-151.9 0.26477
-151.7 0.265295
-151.5 0.266347
-151.3 0.266938
-151.1 0.267924
-150.9 0.268318
-150.7 0.268844
-150.5 0.26983
-150.3 0.270947
-150.1 0.272064
-149.9 0.272524
-149.7 0.273247
-149.5 0.273904
-149.3 0.274561
-149.1 0.27535
-148.9 0.275744
-148.7 0.276599
-148.5 0.277387
-148.3 0.278241
-148.1 0.279096
-147.9 0.27995
-147.7 0.280344
-147.5 0.281133
-147.3 0.281922
-147.1 0.282907
-146.9 0.283827
-146.7 0.284419
-146.5 0.285273
-146.3 0.285996
-146.1 0.286982
-145.9 0.287902
-145.7 0.288362
-145.5 0.289085
-145.3 0.289873
-145.1 0.290925
-144.9 0.291713
-144.7 0.292962
-144.5 0.293488
-144.3 0.294079
-144.1 0.294868
-143.9 0.295919
-143.7 0.29697
-143.5 0.297759
-143.3 0.298613
-143.1 0.299271
-142.9 0.300256
-142.7 0.301571
-142.5 0.302162
-142.3 0.302819
-142.1 0.303805
-141.9 0.304462
-141.7 0.305119
-141.5 0.305711
-141.3 0.307025
-141.1 0.308471
-140.9 0.309522
-140.7 0.310705
-140.5 0.311559
-140.3 0.312611
-140.1 0.313991
-139.9 0.314911
-139.7 0.315897
-139.5 0.316554
-139.3 0.317277
-139.1 0.318065
-138.9 0.31892
-138.7 0.319708
-138.5 0.320628
-138.3 0.321285
-138.1 0.322074
-137.9 0.323323
-137.7 0.32398
-137.5 0.324965
-137.3 0.32582
-137.1 0.326477
-136.9 0.327463
-136.7 0.32858
-136.5 0.329566
-136.3 0.330683
-136.1 0.331669
-135.9 0.332589
-135.7 0.333574
-135.5 0.334889
-135.3 0.33594
-135.1 0.336729
-134.9 0.337649
-134.7 0.338372
-134.5 0.339226
-134.3 0.340212
-134.1 0.34054
-133.9 0.341526
-133.7 0.342775
-133.5 0.34376
-133.3 0.345075
-133.1 0.345929
-132.9 0.346849
-132.7 0.348032
-132.5 0.348755
-132.3 0.349675
-132.1 0.350266
-131.9 0.351712
-131.7 0.352566
-131.5 0.353092
-131.3 0.353881
-131.1 0.354801
-130.9 0.355655
-130.7 0.356115
-130.5 0.357166
-130.3 0.358481
-130.1 0.359729
-129.9 0.360649
-129.7 0.361701
-129.5 0.362489
-129.3 0.363278
-129.1 0.364001
-128.9 0.364592
-128.7 0.365644
-128.5 0.366301
-128.3 0.367221
-128.1 0.368009
-127.9 0.368995
-127.7 0.369587
-127.5 0.370507
-127.3 0.371164
-127.1 0.372412
-126.9 0.373267
-126.7 0.373727
-126.5 0.374647
-126.3 0.375567
-126.1 0.376487
-125.9 0.377473
-125.7 0.378721
-125.5 0.379838
-125.3 0.380561
-125.1 0.381876
-124.9 0.382598
-124.7 0.383453
-124.5 0.384373
-124.3 0.385227
-124.1 0.386016
-123.9 0.387001
-123.7 0.388119
-123.5 0.388907
-123.3 0.390024
-123.1 0.39101
-122.9 0.391799
-122.7 0.393047
-122.5 0.394033
-122.3 0.394624
-122.1 0.39515
-121.9 0.395939
-121.7 0.397122
-121.5 0.397845
-121.3 0.398765
-121.1 0.399553
-120.9 0.40021
-120.7 0.401459
-120.5 0.402445
-120.3 0.403299
-120.1 0.404285
-119.9 0.405533
-119.7 0.406388
-119.5 0.406979
-119.3 0.408228
-119.1 0.409542
-118.9 0.410331
-118.7 0.410988
-118.5 0.412499
-118.3 0.413485
-118.1 0.414142
-117.9 0.414996
-117.7 0.416048
-117.5 0.417034
-117.3 0.417756
-117.1 0.418611
-116.9 0.419268
-116.7 0.420122
-116.5 0.421042
-116.3 0.421897
-116.1 0.422685
-115.9 0.423474
-115.7 0.424394
-115.5 0.425248
-115.3 0.426168
-115.1 0.427022
-114.9 0.427811
-114.7 0.428665
-114.5 0.42952
-114.3 0.430308
-114.1 0.430834
-113.9 0.431688
-113.7 0.432608
-113.5 0.433791
-113.3 0.434514
-113.1 0.435237
-112.9 0.436288
-112.7 0.437668
-112.5 0.438588
-112.3 0.439443
-112.1 0.440363
-111.9 0.441611
-111.7 0.442597
-111.5 0.443911
-111.3 0.445357
-111.1 0.446014
-110.9 0.446737
-110.7 0.448249
-110.5 0.449366
-110.3 0.449957
-110.1 0.45068
-109.9 0.451272
-109.7 0.451929
-109.5 0.452849
-109.3 0.453637
-109.1 0.455149
-108.9 0.456135
-108.7 0.456792
-108.5 0.457515
-108.3 0.458632
-108.1 0.459683
-107.9 0.460406
-107.7 0.460932
-107.5 0.461852
-107.3 0.4631
-107.1 0.463758
-106.9 0.464546
-106.7 0.465532
-106.5 0.466123
-106.3 0.466978
-106.1 0.467832
-105.9 0.468621
-105.7 0.469541
-105.5 0.470461
-105.3 0.471118
-105.1 0.471446
-104.9 0.472235
-104.7 0.472892
-104.5 0.473746
-104.3 0.474404
-104.1 0.475455
-103.9 0.476244
-103.7 0.476835
-103.5 0.477755
-103.3 0.478347
-103.1 0.479135
-102.9 0.479727
-102.7 0.480712
-102.5 0.48137
-102.3 0.481698
-102.1 0.48275
-101.9 0.48413
-101.7 0.485115
-101.5 0.48597
-101.3 0.486693
-101.1 0.487481
-100.9 0.488533
-100.7 0.48919
-100.5 0.489847
-100.3 0.490175
-100.1 0.490701
-99.9 0.491358
-99.7 0.492476
-99.5 0.493198
-99.3 0.494184
-99.1 0.495038
-98.9 0.495827
-98.7 0.496287
-98.5 0.497273
-98.3 0.498127
-98.1 0.498653
-97.9 0.499507
-97.7 0.500296
-97.5 0.501019
-97.3 0.501544
-97.1 0.502464
-96.9 0.503122
-96.7 0.50345
-96.5 0.504173
-96.3 0.50483
-96.1 0.505684
-95.9 0.506604
-95.7 0.507327
-95.5 0.507656
-95.3 0.50851
-95.1 0.509365
-94.9 0.51035
-94.7 0.51127
-94.5 0.512256
-94.3 0.512716
-94.1 0.513505
-93.9 0.514228
-93.7 0.51495
-93.5 0.515608
-93.3 0.51633
-93.1 0.517185
-92.9 0.517776
-92.7 0.518893
-92.5 0.519945
-92.3 0.520931
-92.1 0.522508
-91.9 0.523033
-91.7 0.524282
-91.5 0.524873
-91.3 0.525991
-91.1 0.526845
-90.9 0.527436
-90.7 0.528685
-90.5 0.529474
-90.3 0.529802
-90.1 0.530328
-89.9 0.530657
-89.7 0.531511
-89.5 0.532168
-89.3 0.532825
-89.1 0.533811
-88.9 0.534534
-88.7 0.535059
-88.5 0.535519
-88.3 0.53644
-88.1 0.537097
-87.9 0.537688
-87.7 0.538477
-87.5 0.539265
-87.3 0.539791
-87.1 0.540711
-86.9 0.541434
-86.7 0.542091
-86.5 0.542748
-86.3 0.543603
-86.1 0.544194
-85.9 0.544785
-85.7 0.545245
-85.5 0.546165
-85.3 0.546954
-85.1 0.547611
-84.9 0.548466
-84.7 0.549517
-84.5 0.550108
-84.3 0.550634
-84.1 0.551357
-83.9 0.551948
-83.7 0.552934
-83.5 0.553131
-83.3 0.554117
-83.1 0.55484
-82.9 0.55576
-82.7 0.556549
-82.5 0.557271
-82.3 0.558126
-82.1 0.55898
-81.9 0.559637
-81.7 0.56036
-81.5 0.561083
-81.3 0.562003
-81.1 0.562726
-80.9 0.563777
-80.7 0.5645
-80.5 0.565223
-80.3 0.566077
-80.1 0.566735
-79.9 0.56726
-79.7 0.56818
-79.5 0.56864
-79.3 0.569495
-79.1 0.57048
-78.9 0.570678
-78.7 0.5714
-78.5 0.57232
-78.3 0.572978
-78.1 0.5737
-77.9 0.574226
-77.7 0.574883
-77.5 0.575343
-77.3 0.576132
-77.1 0.576723
-76.9 0.577512
-76.7 0.578366
-76.5 0.579418
-76.3 0.580141
-76.1 0.580798
-75.9 0.581521
-75.7 0.582375
-75.5 0.583098
-75.3 0.584084
-75.1 0.585595
-74.9 0.586581
-74.7 0.587304
-74.5 0.587567
-74.3 0.588487
-74.1 0.589407
-73.9 0.590129
-73.7 0.591115
-73.5 0.591904
-73.3 0.592955
-73.1 0.59335
-72.9 0.594335
-72.7 0.594992
-72.5 0.59565
-72.3 0.596438
-72.1 0.597358
-71.9 0.59795
-71.7 0.59887
-71.5 0.599921
-71.3 0.601235
-71.1 0.602155
-70.9 0.602944
-70.7 0.603733
-70.5 0.605047
-70.3 0.605836
-70.1 0.606493
-69.9 0.60715
-69.7 0.608136
-69.5 0.608859
-69.3 0.60945
-69.1 0.609976
-68.9 0.61037
-68.7 0.611093
-68.5 0.611553
-68.3 0.612539
-68.1 0.613327
-67.9 0.614379
-67.7 0.615496
-67.5 0.616482
-67.3 0.617599
-67.1 0.618322
-66.9 0.618913
-66.7 0.620096
-66.5 0.621213
-66.3 0.622067
-66.1 0.622659
-65.9 0.623513
-65.7 0.623842
-65.5 0.624565
-65.3 0.62509
-65.1 0.62555
-64.9 0.626405
-64.7 0.627325
-64.5 0.628376
-64.3 0.629165
-64.1 0.62969
-63.9 0.630216
-63.7 0.631005
-63.5 0.631596
-63.3 0.632713
-63.1 0.633699
-62.9 0.634422
-62.7 0.635473
-62.5 0.636722
-62.3 0.637445
-62.1 0.638168
-61.9 0.639811
-61.7 0.640862
-61.5 0.641979
-61.3 0.642505
-61.1 0.643622
-60.9 0.644805
-60.7 0.645528
-60.5 0.646711
-60.3 0.647105
-60.1 0.64796
-59.9 0.648945
-59.7 0.6498
-59.5 0.651245
-59.3 0.652297
-59.1 0.653217
-58.9 0.654137
-58.7 0.654925
-58.5 0.655648
-58.3 0.656765
-58.1 0.657423
-57.9 0.658671
-57.7 0.659328
-57.5 0.66038
-57.3 0.661366
-57.1 0.662023
-56.9 0.663074
-56.7 0.663994
-56.5 0.664651
-56.3 0.66544
-56.1 0.666294
-55.9 0.66728
-55.7 0.668331
-55.5 0.66912
-55.3 0.670237
-55.1 0.671354
-54.9 0.672669
-54.7 0.67372
-54.5 0.674509
-54.3 0.674772
-54.1 0.675429
-53.9 0.676349
-53.7 0.677137
-53.5 0.678715
-53.3 0.679635
-53.1 0.680686
-52.9 0.681409
-52.7 0.682592
-52.5 0.68384
-52.3 0.684826
-52.1 0.685418
-51.9 0.686141
-51.7 0.687061
-51.5 0.687783
-51.3 0.688703
-51.1 0.689755
-50.9 0.690938
-50.7 0.691858
-50.5 0.692515
-50.3 0.693106
-50.1 0.693764
-49.9 0.694355
-49.7 0.695012
-49.5 0.695669
-49.3 0.696458
-49.1 0.696786
-48.9 0.698101
-48.7 0.698429
-48.5 0.699152
-48.3 0.700664
-48.1 0.701781
-47.9 0.702767
-47.7 0.703292
-47.5 0.704081
-47.3 0.705001
-47.1 0.705527
-46.9 0.706315
-46.7 0.707235
-46.5 0.708024
-46.3 0.709338
-46.1 0.709798
-45.9 0.710915
-45.7 0.712295
-45.5 0.713084
-45.3 0.71361
-45.1 0.714398
-44.9 0.715647
-44.7 0.71683
-44.5 0.717553
-44.3 0.718407
-44.1 0.71959
-43.9 0.720641
-43.7 0.72143
-43.5 0.722481
-43.3 0.72373
-43.1 0.724519
-42.9 0.725373
-42.7 0.726293
-42.5 0.727213
-42.3 0.728199
-42.1 0.728659
-41.9 0.729447
-41.7 0.730696
-41.5 0.731353
-41.3 0.731879
-41.1 0.732799
-40.9 0.733785
-40.7 0.734376
-40.5 0.735165
-40.3 0.735756
-40.1 0.73661
-39.9 0.737333
-39.7 0.738319
-39.5 0.739633
-39.3 0.740422
-39.1 0.740948
-38.9 0.741933
-38.7 0.743182
-38.5 0.743773
-38.3 0.744759
-38.1 0.745745
-37.9 0.746665
-37.7 0.747519
-37.5 0.747848
-37.3 0.748571
-37.1 0.749096
-36.9 0.749951
-36.7 0.750805
-36.5 0.751856
-36.3 0.752842
-36.1 0.753762
-35.9 0.754682
-35.7 0.755537
-35.5 0.756457
-35.3 0.757639
-35.1 0.758099
-34.9 0.758954
-34.7 0.75994
-34.5 0.76086
-34.3 0.761714
-34.1 0.762305
-33.9 0.763225
-33.7 0.764408
-33.5 0.765131
-33.3 0.76592
-33.1 0.766248
-32.9 0.766708
-32.7 0.767825
-32.5 0.76868
-32.3 0.769797
-32.1 0.770783
-31.9 0.771243
-31.7 0.772031
-31.5 0.773083
-31.3 0.774003
-31.1 0.774923
-30.9 0.775974
-30.7 0.7765
-30.5 0.777289
-30.3 0.778274
-30.1 0.778931
-29.9 0.779589
-29.7 0.780246
-29.5 0.780969
-29.3 0.782152
-29.1 0.783334
-28.9 0.784189
-28.7 0.785109
-28.5 0.785963
-28.3 0.787015
-28.1 0.78754
-27.9 0.788657
-27.7 0.789249
-27.5 0.789906
-27.3 0.790563
-27.1 0.791417
-26.9 0.792403
-26.7 0.792863
-26.5 0.793652
-26.3 0.794506
-26.1 0.795032
-25.9 0.795886
-25.7 0.797069
-25.5 0.797989
-25.3 0.798646
-25.1 0.799172
-24.9 0.800026
-24.7 0.800881
-24.5 0.801472
-24.3 0.802129
-24.1 0.802655
-23.9 0.803509
-23.7 0.804232
-23.5 0.805086
-23.3 0.806138
-23.1 0.807058
-22.9 0.807978
-22.7 0.808701
-22.5 0.809161
-22.3 0.810147
-22.1 0.811264
-21.9 0.812052
-21.7 0.812841
-21.5 0.813695
-21.3 0.81501
-21.1 0.815601
-20.9 0.816258
-20.7 0.817178
-20.5 0.818098
-20.3 0.818821
-20.1 0.819675
-19.9 0.820201
-19.7 0.821384
-19.5 0.822107
-19.3 0.82329
-19.1 0.82421
-18.9 0.824933
-18.7 0.825393
-18.5 0.826444
-18.3 0.827364
-18.1 0.828153
-17.9 0.828941
-17.7 0.829796
-17.5 0.830518
-17.3 0.830913
-17.1 0.831833
-16.9 0.832621
-16.7 0.833279
-16.5 0.834461
-16.3 0.835644
-16.1 0.836302
-15.9 0.837156
-15.7 0.838142
-15.5 0.839193
-15.3 0.84031
-15.1 0.84123
-14.9 0.841822
-14.7 0.842545
-14.5 0.843333
-14.3 0.844385
-14.1 0.845173
-13.9 0.845962
-13.7 0.847079
-13.5 0.84767
-13.3 0.848196
-13.1 0.849182
-12.9 0.850102
-12.7 0.851548
-12.5 0.852928
-12.3 0.853651
-12.1 0.854505
-11.9 0.855162
-11.7 0.855688
-11.5 0.856673
-11.3 0.857725
-11.1 0.858776
-10.9 0.859302
-10.7 0.860222
-10.5 0.861142
-10.3 0.861734
-10.1 0.862391
-9.9 0.863376
-9.7 0.864428
-9.5 0.865085
-9.3 0.866005
-9.1 0.866662
-8.9 0.867714
-8.7 0.868699
-8.5 0.869554
-8.3 0.87054
-8.1 0.871262
-7.9 0.871985
-7.7 0.872642
-7.5 0.873628
-7.3 0.874088
-7.1 0.875008
-6.9 0.875994
-6.7 0.876848
-6.5 0.877703
-6.3 0.87836
-6.1 0.879411
-5.9 0.881514
-5.7 0.8825
-5.5 0.883617
-5.3 0.884471
-5.1 0.885128
-4.9 0.885851
-4.7 0.886509
-4.5 0.887166
-4.3 0.887757
-4.1 0.889071
-3.9 0.890057
-3.7 0.890714
-3.5 0.891503
-3.3 0.892226
-3.1 0.892554
-2.9 0.893737
-2.7 0.894329
-2.5 0.894789
-2.3 0.895906
-2.1 0.896892
-1.9 0.898075
-1.7 0.899126
-1.5 0.90044
-1.3 0.900966
-1.1 0.902477
-0.899999 0.903332
-0.699999 0.903792
-0.499999 0.904712
-0.299999 0.905763
-0.0999994 0.90642
0.100001 0.90688
0.300001 0.907603
0.500001 0.908195
0.700001 0.908983
0.900001 0.909838
1.1 0.910823
1.3 0.911546
1.5 0.912269
1.7 0.912795
1.9 0.913255
2.1 0.914701
2.3 0.915226
2.5 0.916015
2.7 0.917066
2.9 0.917789
3.1 0.918512
3.3 0.919235
3.5 0.919892
3.7 0.920944
3.9 0.921798
4.1 0.922784
4.3 0.923572
4.5 0.924295
4.7 0.925084
4.9 0.925741
5.1 0.927055
5.3 0.92791
5.5 0.928567
5.7 0.929224
5.9 0.930407
6.1 0.931655
6.3 0.931984
6.5 0.933035
6.7 0.933693
6.9 0.93481
7.1 0.935598
7.3 0.936256
7.5 0.937438
7.7 0.938096
7.9 0.938884
8.1 0.93987
8.3 0.940921
8.5 0.941973
8.7 0.943024
8.9 0.943681
9.1 0.944207
9.3 0.945061
9.5 0.945916
9.7 0.946901
9.9 0.947887
10.1 0.94861
10.3 0.949793
10.5 0.950516
10.7 0.951567
10.9 0.952553
11.1 0.95321
11.3 0.953999
11.5 0.954787
11.7 0.95551
11.9 0.95643
12.1 0.957285
12.3 0.958468
12.5 0.959125
12.7 0.960176
12.9 0.960965
13.1 0.961819
13.3 0.962148
13.5 0.96287
13.7 0.963593
13.9 0.964711
14.1 0.965828
14.3 0.966682
14.5 0.967471
14.7 0.967931
14.9 0.968785
15.1 0.969639
15.3 0.970231
15.5 0.970822
15.7 0.971676
15.9 0.972268
16.1 0.972662
16.3 0.973122
16.5 0.973648
16.7 0.974305
16.9 0.974831
17.1 0.975554
17.3 0.976211
17.5 0.976934
17.7 0.977328
17.9 0.977985
18.1 0.978445
18.3 0.979299
18.5 0.979759
18.7 0.980285
18.9 0.980745
19.1 0.98114
19.3 0.981468
19.5 0.982125
19.7 0.982388
19.9 0.983111
20.1 0.983834
20.3 0.984557
20.5 0.985148
20.7 0.98574
20.9 0.985937
21.1 0.986725
21.3 0.986988
21.5 0.987514
21.7 0.98804
21.9 0.988565
22.1 0.989025
22.3 0.989485
22.5 0.990011
22.7 0.990603
22.9 0.991128
23.1 0.991391
23.3 0.991917
23.5 0.992114
23.7 0.992443
23.9 0.992837
24.1 0.993166
24.3 0.993494
24.5 0.993757
24.7 0.993954
24.9 0.994348
25.1 0.99448
25.3 0.994611
25.5 0.994677
25.7 0.994677
25.9 0.994874
26.1 0.995071
26.3 0.995071
26.5 0.995268
26.7 0.995334
26.9 0.995663
27.1 0.99586
27.3 0.996057
27.5 0.996386
27.7 0.996517
27.9 0.996714
28.1 0.996977
28.3 0.997174
28.5 0.997371
28.7 0.997634
28.9 0.9977
29.1 0.997766
29.3 0.997831
29.5 0.997897
29.7 0.997963
29.9 0.997963
30.1 0.99816
30.3 0.998291
30.5 0.998357
30.7 0.998489
30.9 0.998554
31.1 0.998751
31.3 0.998949
31.5 0.99908
31.7 0.999146
31.9 0.999343
32.1 0.999343
32.3 0.999343
32.5 0.999409
32.7 0.999474
32.9 0.999474
33.1 0.999474
33.3 0.99954
33.5 0.99954
33.7 0.99954
33.9 0.99954
34.1 0.99954
34.3 0.99954
34.5 0.999606
34.7 0.999606
34.9 0.999671
35.1 0.999737
35.3 0.999869
35.5 0.999869
35.7 0.999869
35.9 0.999869
36.1 0.999869
36.3 0.999869
36.5 0.999869
36.7 0.999869
36.9 0.999869
37.1 0.999869
37.3 0.999869
37.5 0.999934
37.7 0.999934
37.9 0.999934
38.1 0.999934
38.3 0.999934
38.5 0.999934
38.7 0.999934
38.9 0.999934
39.1 0.999934
39.3 0.999934
39.5 0.999934
39.7 0.999934
39.9 0.999934
40.1 0.999934
40.3 0.999934
40.5 0.999934
40.7 0.999934
40.9 0.999934
41.1 0.999934
41.3 0.999934
41.5 0.999934
41.7 0.999934
41.9 0.999934
42.1 0.999934
42.3 0.999934
42.5 0.999934
42.7 0.999934
42.9 0.999934
43.1 0.999934
43.3 0.999934
43.5 0.999934
43.7 0.999934
43.9 0.999934
44.1 0.999934
44.3 0.999934
44.5 0.999934
44.7 0.999934
44.9 0.999934
45.1 0.999934
45.3 0.999934
45.5 0.999934
45.7 0.999934
45.9 0.999934
46.1 0.999934
46.3 0.999934
46.5 0.999934
46.7 0.999934
46.9 0.999934
47.1 0.999934
47.3 0.999934
47.5 0.999934
47.7 0.999934
47.9 0.999934
48.1 0.999934
48.3 0.999934
48.5 1
