1233
-199.3 7.18494e-05
-199.1 7.18494e-05
-198.9 7.18494e-05
-198.7 7.18494e-05
-198.5 7.18494e-05
-198.3 0.000215548
-198.1 0.000287398
-197.9 0.000287398
-197.7 0.000431096
-197.5 0.000431096
-197.3 0.000502946
-197.1 0.000718494
-196.9 0.000790343
-196.7 0.00100589
-196.5 0.00122144
-196.3 0.00143699
-196.1 0.00172439
-195.9 0.00215548
-195.7 0.00273028
-195.5 0.00294583
-195.3 0.00359247
-195.1 0.00431096
-194.9 0.00510131
-194.7 0.00661015
-194.5 0.00754419
-194.3 0.00840638
-194.1 0.00919672
-193.9 0.0102745
-193.7 0.0114241
-193.5 0.0127173
-193.3 0.0143699
-193.1 0.0154476
-192.9 0.0165254
-192.7 0.0178187
-192.5 0.0189682
-192.3 0.0198304
-192.1 0.0212674
-191.9 0.0226326
-191.7 0.0243569
-191.5 0.026225
-191.3 0.0275902
-191.1 0.0290272
-190.9 0.0306797
-190.7 0.0329789
-190.5 0.0347033
-190.3 0.0368587
-190.1 0.0384394
-189.9 0.0399483
-189.7 0.0414571
-189.5 0.0431096
-189.3 0.0444748
-189.1 0.046271
-188.9 0.0475643
-188.7 0.048642
-188.5 0.050582
-188.3 0.052019
-188.1 0.0535278
-187.9 0.0546055
-187.7 0.0554677
-187.5 0.0569766
-187.3 0.0581262
-187.1 0.0599943
-186.9 0.0616468
-186.7 0.0636586
-186.5 0.0650956
-186.3 0.066317
-186.1 0.0686162
-185.9 0.070125
-185.7 0.0716339
-185.5 0.0735738
-185.3 0.0750826
-185.1 0.0763041
-184.9 0.0775255
-184.7 0.0793217
-184.5 0.0806869
-184.3 0.0821957
-184.1 0.0838483
-183.9 0.0849978
-183.7 0.0860756
-183.5 0.089237
-183.3 0.0917517
-183.1 0.0933324
-182.9 0.0952005
-182.7 0.0964937
-182.5 0.0974278
-182.3 0.0990085
-182.1 0.100733
-181.9 0.102098
-181.7 0.103319
-181.5 0.104253
-181.3 0.105762
-181.1 0.106912
-180.9 0.108277
-180.7 0.109714
-180.5 0.111007
-180.3 0.111941
-180.1 0.113235
-179.9 0.114312
-179.7 0.115678
-179.5 0.116755
-179.3 0.118192
-179.1 0.118983
-178.9 0.119917
-178.7 0.12121
-178.5 0.122791
-178.3 0.124156
-178.1 0.125377
-177.9 0.126599
-177.7 0.127892
-177.5 0.128826
-177.3 0.13055
-177.1 0.132275
-176.9 0.133424
-176.7 0.13443
-176.5 0.135724
-176.3 0.13637
-176.1 0.137232
-175.9 0.138382
-175.7 0.13946
-175.5 0.140106
-175.3 0.1414
-175.1 0.142765
-174.9 0.143627
-174.7 0.144705
-174.5 0.145279
-174.3 0.146357
-174.1 0.147363
-173.9 0.148297
-173.7 0.149734
-173.5 0.150525
-173.3 0.151459
-173.1 0.152824
-172.9 0.15383
-172.7 0.15462
-172.5 0.155338
-172.3 0.156201
-172.1 0.157206
-171.9 0.157781
-171.7 0.1585
-171.5 0.159793
-171.3 0.16044
-171.1 0.161374
-170.9 0.162236
-170.7 0.163386
-170.5 0.164248
-170.3 0.165469
-170.1 0.166331
-169.9 0.166906
-169.7 0.167768
-169.5 0.168631
-169.3 0.169565
-169.1 0.170139
-168.9 0.171361
-168.7 0.172295
-168.5 0.173588
-168.3 0.174738
-168.1 0.1756
-167.9 0.176247
-167.7 0.176965
-167.5 0.177612
-167.3 0.178546
-167.1 0.17948
-166.9 0.180342
-166.7 0.18142
-166.5 0.182497
-166.3 0.183432
-166.1 0.184581
-165.9 0.185371
-165.7 0.186449
-165.5 0.187383
-165.3 0.18882
-165.1 0.18997
-164.9 0.190904
-164.7 0.191622
-164.5 0.192844
-164.3 0.193922
-164.1 0.195071
-163.9 0.196508
-163.7 0.197658
-163.5 0.198735
-163.3 0.200172
-163.1 0.201394
-162.9 0.202112
-162.7 0.203262
-162.5 0.204052
-162.3 0.204843
-162.1 0.205489
-161.9 0.205633
-161.7 0.20628
-161.5 0.207214
-161.3 0.208435
-161.1 0.2098
-160.9 0.210662
-160.7 0.211596
-160.5 0.212818
-160.3 0.213321
-160.1 0.214255
-159.9 0.215045
-159.7 0.215836
-159.5 0.216554
-159.3 0.217416
-159.1 0.218566
-158.9 0.219356
-158.7 0.220578
-158.5 0.221368
-158.3 0.222661
-158.1 0.223523
-157.9 0.224386
-157.7 0.225032
-157.5 0.225751
-157.3 0.226541
-157.1 0.227547
-156.9 0.228194
-156.7 0.229128
-156.5 0.230062
-156.3 0.231211
-156.1 0.232289
-155.9 0.232792
-155.7 0.233798
-155.5 0.23581
-155.3 0.236672
-155.1 0.237319
-154.9 0.238612
-154.7 0.23933
-154.5 0.239905
-154.3 0.240911
-154.1 0.241558
-153.9 0.242851
-153.7 0.243785
-153.5 0.244288
-153.3 0.244863
-153.1 0.245438
-152.9 0.245941
-152.7 0.246803
-152.5 0.247593
-152.3 0.248527
-152.1 0.249102
-151.9 0.250036
-151.7 0.251257
-151.5 0.252191
-151.3 0.253054
-151.1 0.2537
-150.9 0.254562
-150.7 0.255281
-150.5 0.256646
-150.3 0.257796
-150.1 0.258586
-149.9 0.259592
-149.7 0.260598
-149.5 0.261676
-149.3 0.262538
-149.1 0.263328
-148.9 0.264118
-148.7 0.264693
-148.5 0.265843
-148.3 0.266705
-148.1 0.267495
-147.9 0.268645
-147.7 0.269651
-147.5 0.270513
-147.3 0.271519
-147.1 0.272525
-146.9 0.273531
-146.7 0.274608
-146.5 0.275327
-146.3 0.276117
-146.1 0.277051
-145.9 0.277913
-145.7 0.278848
-145.5 0.27971
-145.3 0.281075
-145.1 0.281506
-144.9 0.282081
-144.7 0.282871
-144.5 0.28359
-144.3 0.284164
-144.1 0.285386
-143.9 0.286392
-143.7 0.287038
-143.5 0.288116
-143.3 0.28905
-143.1 0.290415
-142.9 0.29099
-142.7 0.292068
-142.5 0.292786
-142.3 0.293577
-142.1 0.294367
-141.9 0.294942
-141.7 0.296163
-141.5 0.296738
-141.3 0.297457
-141.1 0.29875
-140.9 0.299468
-140.7 0.300187
-140.5 0.301193
-140.3 0.301696
-140.1 0.30227
-139.9 0.303204
-139.7 0.30421
-139.5 0.304929
-139.3 0.30615
-139.1 0.306797
-138.9 0.307731
-138.7 0.308449
-138.5 0.309527
-138.3 0.310246
-138.1 0.311036
-137.9 0.311611
-137.7 0.31276
-137.5 0.313407
-137.3 0.314054
-137.1 0.314916
-136.9 0.315922
-136.7 0.317359
-136.5 0.317934
-136.3 0.31894
-136.1 0.319658
-135.9 0.320736
-135.7 0.321598
-135.5 0.322388
-135.3 0.32325
-135.1 0.324328
-134.9 0.32519
-134.7 0.32634
-134.5 0.32749
-134.3 0.328639
-134.1 0.329573
-133.9 0.33022
-133.7 0.331082
-133.5 0.33216
-133.3 0.333381
-133.1 0.334315
-132.9 0.33489
-132.7 0.335896
-132.5 0.337046
-132.3 0.338195
-132.1 0.339129
-131.9 0.340063
-131.7 0.340638
-131.5 0.341788
-131.3 0.342075
-131.1 0.343009
-130.9 0.344518
-130.7 0.345596
-130.5 0.346745
-130.3 0.347751
-130.1 0.348326
-129.9 0.34926
-129.7 0.35005
-129.5 0.350481
-129.3 0.351056
-129.1 0.351775
-128.9 0.352637
-128.7 0.35314
-128.5 0.354218
-128.3 0.354864
-128.1 0.35587
-127.9 0.356804
-127.7 0.357954
-127.5 0.358888
-127.3 0.359534
-127.1 0.36054
-126.9 0.361618
-126.7 0.362696
-126.5 0.363486
-126.3 0.364276
-126.1 0.365282
-125.9 0.366432
-125.7 0.367294
-125.5 0.3683
-125.3 0.36945
-125.1 0.370887
-124.9 0.371605
-124.7 0.372683
-124.5 0.373545
-124.3 0.374479
-124.1 0.375341
-123.9 0.376491
-123.7 0.377138
-123.5 0.378287
-123.3 0.379437
-123.1 0.380011
-122.9 0.380802
-122.7 0.381736
-122.5 0.382814
-122.3 0.383676
-122.1 0.384466
-121.9 0.3854
-121.7 0.386334
-121.5 0.387196
-121.3 0.387987
-121.1 0.388633
-120.9 0.389855
-120.7 0.390933
-120.5 0.391938
-120.3 0.392513
-120.1 0.393232
-119.9 0.394238
-119.7 0.395315
-119.5 0.395962
-119.3 0.396681
-119.1 0.397543
-118.9 0.398549
-118.7 0.399555
-118.5 0.400489
-118.3 0.401494
-118.1 0.402141
-117.9 0.402931
-117.7 0.40365
-117.5 0.404584
-117.3 0.40559
-117.1 0.406811
-116.9 0.407386
-116.7 0.407961
-116.5 0.409182
-116.3 0.409685
-116.1 0.410547
-115.9 0.411122
-115.7 0.411841
-115.5 0.412128
-115.3 0.412919
-115.1 0.41335
-114.9 0.413996
-114.7 0.415361
-114.5 0.41608
-114.3 0.417517
-114.1 0.418307
-113.9 0.419026
-113.7 0.419888
-113.5 0.420463
-113.3 0.421612
-113.1 0.422618
-112.9 0.423337
-112.7 0.424199
-112.5 0.424917
-112.3 0.42578
-112.1 0.426354
-111.9 0.427288
-111.7 0.428366
-111.5 0.428941
-111.3 0.429803
-111.1 0.431096
-110.9 0.432533
-110.7 0.433611
-110.5 0.434473
-110.3 0.435407
-110.1 0.436341
-109.9 0.436988
-109.7 0.438281
-109.5 0.439144
-109.3 0.440078
-109.1 0.441515
-108.9 0.442592
-108.7 0.443814
-108.5 0.44446
-108.3 0.444892
-108.1 0.445466
-107.9 0.446472
-107.7 0.447191
-107.5 0.448053
-107.3 0.448987
-107.1 0.450352
-106.9 0.451214
-106.7 0.451717
-106.5 0.452867
-106.3 0.453873
-106.1 0.454807
-105.9 0.455884
-105.7 0.457465
-105.5 0.458974
-105.3 0.460124
-105.1 0.461632
-104.9 0.462135
-104.7 0.463572
-104.5 0.464506
-104.3 0.465081
-104.1 0.466231
-103.9 0.467021
-103.7 0.468099
-103.5 0.469464
-103.3 0.47047
-103.1 0.47126
-102.9 0.471763
-102.7 0.472266
-102.5 0.473488
-102.3 0.474278
-102.1 0.475212
-101.9 0.476146
-101.7 0.476936
-101.5 0.477942
-101.3 0.479379
-101.1 0.48017
-100.9 0.480744
-100.7 0.481678
-100.5 0.482469
-100.3 0.483906
-100.1 0.484983
-99.9 0.485989
-99.7 0.487426
-99.5 0.48872
-99.3 0.48951
-99.1 0.4903
-98.9 0.491163
-98.7 0.492168
-98.5 0.493031
-98.3 0.49418
-98.1 0.495114
-97.9 0.496192
-97.7 0.496982
-97.5 0.497916
-97.3 0.498707
-97.1 0.499353
-96.9 0.499856
-96.7 0.500216
-96.5 0.501293
-96.3 0.501653
-96.1 0.502443
-95.9 0.50309
-95.7 0.504455
-95.5 0.505317
-95.3 0.506107
-95.1 0.507257
-94.9 0.507903
-94.7 0.508981
-94.5 0.509772
-94.3 0.511209
-94.1 0.511999
-93.9 0.512933
-93.7 0.513939
-93.5 0.51437
-93.3 0.515591
-93.1 0.516382
-92.9 0.516956
-92.7 0.518034
-92.5 0.519184
-92.3 0.520046
-92.1 0.52098
-91.9 0.521986
-91.7 0.522992
-91.5 0.523495
-91.3 0.524285
-91.1 0.525075
-90.9 0.525722
-90.7 0.526872
-90.5 0.527806
-90.3 0.529171
-90.1 0.529818
-89.9 0.530823
-89.7 0.531542
-89.5 0.532332
-89.3 0.532691
-89.1 0.533482
-88.9 0.534775
-88.7 0.535637
-88.5 0.536284
-88.3 0.537218
-88.1 0.537936
-87.9 0.539158
-87.7 0.539733
-87.5 0.540595
-87.3 0.541457
-87.1 0.542463
-86.9 0.543541
-86.7 0.54469
-86.5 0.545481
-86.3 0.545984
-86.1 0.546846
-85.9 0.548139
-85.7 0.549145
-85.5 0.549935
-85.3 0.550798
-85.1 0.552019
-84.9 0.552666
-84.7 0.554031
-84.5 0.554534
-84.3 0.555324
-84.1 0.556114
-83.9 0.556833
-83.7 0.557839
-83.5 0.55906
-83.3 0.560066
-83.1 0.561216
-82.9 0.562293
-82.7 0.563012
-82.5 0.564018
-82.3 0.564736
-82.1 0.565742
-81.9 0.566676
-81.7 0.56761
-81.5 0.568257
-81.3 0.569622
-81.1 0.570556
-80.9 0.571418
-80.7 0.572281
-80.5 0.572855
-80.3 0.574292
-80.1 0.575226
-79.9 0.575801
-79.7 0.576807
-79.5 0.57731
-79.3 0.577957
-79.1 0.578531
-78.9 0.579681
-78.7 0.580256
-78.5 0.580831
-78.3 0.581693
-78.1 0.582196
-77.9 0.582914
-77.7 0.58392
-77.5 0.584998
-77.3 0.585788
-77.1 0.586435
-76.9 0.587225
-76.7 0.587872
-76.5 0.588734
-76.3 0.589596
-76.1 0.590458
-75.9 0.591177
-75.7 0.592183
-75.5 0.593045
-75.3 0.59441
-75.1 0.595416
-74.9 0.596422
-74.7 0.597069
-74.5 0.5975
-74.3 0.598721
-74.1 0.599368
-73.9 0.600374
-73.7 0.601523
-73.5 0.60217
-73.3 0.602745
-73.1 0.603104
-72.9 0.603751
-72.7 0.604756
-72.5 0.605188
-72.3 0.605834
-72.1 0.606553
-71.9 0.607487
-71.7 0.608133
-71.5 0.609067
-71.3 0.60993
-71.1 0.610864
-70.9 0.612229
-70.7 0.61345
-70.5 0.614169
-70.3 0.615175
-70.1 0.61618
-69.9 0.616827
-69.7 0.61733
-69.5 0.617833
-69.3 0.619054
-69.1 0.620132
-68.9 0.621138
-68.7 0.622431
-68.5 0.623365
-68.3 0.624515
-68.1 0.625593
-67.9 0.626455
-67.7 0.627245
-67.5 0.628036
-67.3 0.62897
-67.1 0.630047
-66.9 0.630838
-66.7 0.6317
-66.5 0.632634
-66.3 0.633496
-66.1 0.634646
-65.9 0.63558
-65.7 0.636729
-65.5 0.637879
-65.3 0.638741
-65.1 0.639316
-64.9 0.639891
-64.7 0.64104
-64.5 0.642334
-64.3 0.643411
-64.1 0.644561
-63.9 0.645351
-63.7 0.646429
-63.5 0.647507
-63.3 0.648441
-63.1 0.649447
-62.9 0.650237
-62.7 0.651099
-62.5 0.651818
-62.3 0.652896
-62.1 0.653614
-61.9 0.654476
-61.7 0.655626
-61.5 0.656272
-61.3 0.656991
-61.1 0.658356
-60.9 0.659218
-60.7 0.660512
-60.5 0.661374
-60.3 0.662164
-60.1 0.663026
-59.9 0.663745
-59.7 0.664966
-59.5 0.665972
-59.3 0.666834
-59.1 0.667697
-58.9 0.66899
-58.7 0.669708
-58.5 0.67093
-58.3 0.672151
-58.1 0.673085
-57.9 0.674235
-57.7 0.675241
-57.5 0.676031
-57.3 0.677396
-57.1 0.678187
-56.9 0.679192
-56.7 0.679983
-56.5 0.680989
-56.3 0.681923
-56.1 0.682641
-55.9 0.683288
-55.7 0.684366
-55.5 0.684869
-55.3 0.685946
-55.1 0.686377
-54.9 0.687096
-54.7 0.687814
-54.5 0.688748
-54.3 0.68997
-54.1 0.690401
-53.9 0.691263
-53.7 0.692413
-53.5 0.692987
-53.3 0.693706
-53.1 0.694281
-52.9 0.695287
-52.7 0.69658
-52.5 0.697227
-52.3 0.698233
-52.1 0.699023
-51.9 0.699741
-51.7 0.700388
-51.5 0.701106
-51.3 0.702112
-51.1 0.702687
-50.9 0.703549
-50.7 0.704555
-50.5 0.705417
-50.3 0.706495
-50.1 0.707286
-49.9 0.708794
-49.7 0.709369
-49.5 0.709872
-49.3 0.710591
-49.1 0.711381
-48.9 0.712171
-48.7 0.712531
-48.5 0.713824
-48.3 0.71447
-48.1 0.71562
-47.9 0.716554
-47.7 0.717129
-47.5 0.718063
-47.3 0.718997
-47.1 0.72029
-46.9 0.721224
-46.7 0.72223
-46.5 0.723021
-46.3 0.724242
-46.1 0.725463
-45.9 0.726254
-45.7 0.726972
-45.5 0.727763
-45.3 0.728409
-45.1 0.729487
-44.9 0.730565
-44.7 0.731858
-44.5 0.732864
-44.3 0.733798
-44.1 0.734804
-43.9 0.73581
-43.7 0.736385
-43.5 0.737247
-43.3 0.738109
-43.1 0.738756
-42.9 0.73969
-42.7 0.740767
-42.5 0.741486
-42.3 0.742348
-42.1 0.742995
-41.9 0.744575
-41.7 0.74515
-41.5 0.746443
-41.3 0.747306
-41.1 0.748312
-40.9 0.749246
-40.7 0.75018
-40.5 0.751114
-40.3 0.75212
-40.1 0.753341
-39.9 0.753916
-39.7 0.754922
-39.5 0.75564
-39.3 0.757149
-39.1 0.758299
-38.9 0.758945
-38.7 0.75952
-38.5 0.760382
-38.3 0.761604
-38.1 0.762394
-37.9 0.763184
-37.7 0.763975
-37.5 0.764693
-37.3 0.765412
-37.1 0.766489
-36.9 0.767495
-36.7 0.768717
-36.5 0.769866
-36.3 0.770657
-36.1 0.771591
-35.9 0.77274
-35.7 0.773531
-35.5 0.774393
-35.3 0.775758
-35.1 0.776764
-34.9 0.777626
-34.7 0.77856
-34.5 0.779063
-34.3 0.780069
-34.1 0.780859
-33.9 0.781722
-33.7 0.782727
-33.5 0.78359
-33.3 0.784452
-33.1 0.785601
-32.9 0.785961
-32.7 0.786679
-32.5 0.787541
-32.3 0.788332
-32.1 0.789194
-31.9 0.790056
-31.7 0.791134
-31.5 0.792212
-31.3 0.793361
-31.1 0.794008
-30.9 0.794583
-30.7 0.795229
-30.5 0.79602
-30.3 0.797097
-30.1 0.798175
-29.9 0.799109
-29.7 0.800043
-29.5 0.801049
-29.3 0.802127
-29.1 0.802845
-28.9 0.803779
-28.7 0.804498
-28.5 0.805144
-28.3 0.806222
-28.1 0.807156
-27.9 0.807875
-27.7 0.808809
-27.5 0.809958
-27.3 0.810892
-27.1 0.811898
-26.9 0.812832
-26.7 0.814054
-26.5 0.814844
-26.3 0.815563
-26.1 0.816353
-25.9 0.817431
-25.7 0.81858
-25.5 0.819586
-25.3 0.820664
-25.1 0.821742
-24.9 0.822532
-24.7 0.823322
-24.5 0.824113
-24.3 0.825047
-24.1 0.825765
-23.9 0.826771
-23.7 0.827561
-23.5 0.828424
-23.3 0.82907
-23.1 0.829573
-22.9 0.830795
-22.7 0.831729
-22.5 0.83295
-22.3 0.833884
-22.1 0.834675
-21.9 0.835968
-21.7 0.83683
-21.5 0.837692
-21.3 0.839057
-21.1 0.839488
-20.9 0.840207
-20.7 0.840782
-20.5 0.841716
-20.3 0.842219
-20.1 0.843225
-19.9 0.844087
-19.7 0.844446
-19.5 0.845093
-19.3 0.845811
-19.1 0.846961
-18.9 0.847607
-18.7 0.848685
-18.5 0.849404
-18.3 0.850194
-18.1 0.851128
-17.9 0.852206
-17.7 0.853068
-17.5 0.854002
-17.3 0.854721
-17.1 0.855655
-16.9 0.856517
-16.7 0.857451
-16.5 0.858385
-16.3 0.859319
-16.1 0.860109
-15.9 0.860756
-15.7 0.861474
-15.5 0.862121
-15.3 0.862839
-15.1 0.863558
-14.9 0.864779
-14.7 0.865713
-14.5 0.866719
-14.3 0.867653
-14.1 0.868516
-13.9 0.869521
-13.7 0.870312
-13.5 0.871174
-13.3 0.871533
-13.1 0.872898
-12.9 0.873689
-12.7 0.875269
-12.5 0.875701
-12.3 0.876563
-12.1 0.877138
-11.9 0.877928
-11.7 0.878646
-11.5 0.87958
-11.3 0.880371
-11.1 0.881089
-10.9 0.881664
-10.7 0.882598
-10.5 0.883748
-10.3 0.885041
-10.1 0.885975
-9.9 0.887053
-9.7 0.887484
-9.5 0.888059
-9.3 0.888921
-9.1 0.889783
-8.9 0.890502
-8.7 0.891579
-8.5 0.892801
-8.3 0.893232
-8.1 0.894669
-7.9 0.895315
-7.7 0.895962
-7.5 0.896609
-7.3 0.897471
-7.1 0.898477
-6.9 0.898908
-6.7 0.899626
-6.5 0.90056
-6.3 0.901494
-6.1 0.902141
-5.9 0.902788
-5.7 0.90365
-5.5 0.904728
-5.3 0.905949
-5.1 0.907171
-4.9 0.907961
-4.7 0.908536
-4.5 0.909542
-4.3 0.910476
-4.1 0.911482
-3.9 0.912703
-3.7 0.913206
-3.5 0.91414
-3.3 0.915002
-3.1 0.915505
-2.9 0.916439
-2.7 0.917804
-2.5 0.918451
-2.3 0.919313
-2.1 0.919888
-1.9 0.920678
-1.7 0.921469
-1.5 0.922618
-1.3 0.923265
-1.1 0.92384
-0.899999 0.924774
-0.699999 0.925492
-0.499999 0.926283
-0.299999 0.927217
-0.0999994 0.927935
0.100001 0.92851
0.300001 0.929372
0.500001 0.930234
0.700001 0.931312
0.900001 0.932102
1.1 0.932677
1.3 0.933683
1.5 0.93433
1.7 0.935695
1.9 0.937132
2.1 0.93821
2.3 0.939431
2.5 0.940221
2.7 0.941012
2.9 0.941658
3.1 0.942377
3.3 0.943095
3.5 0.943886
3.7 0.944748
3.9 0.945826
4.1 0.946544
4.3 0.947334
4.5 0.9487
4.7 0.949921
4.9 0.950927
5.1 0.951789
5.3 0.952723
5.5 0.953298
5.7 0.954232
5.9 0.954663
6.1 0.955741
6.3 0.956316
6.5 0.957393
6.7 0.958327
6.9 0.959046
7.1 0.959836
7.3 0.960267
7.5 0.960842
7.7 0.961632
7.9 0.962495
8.1 0.963069
8.3 0.963716
8.5 0.964363
8.7 0.965297
8.9 0.96659
9.1 0.967524
9.3 0.968099
9.5 0.968746
9.7 0.969392
9.9 0.970111
10.1 0.970973
10.3 0.971835
10.5 0.97241
10.7 0.973272
10.9 0.973847
11.1 0.974206
11.3 0.974996
11.5 0.975499
11.7 0.975859
11.9 0.976074
12.1 0.976721
12.3 0.977152
12.5 0.97787
12.7 0.978661
12.9 0.979164
13.1 0.979595
13.3 0.980673
13.5 0.981032
13.7 0.98175
13.9 0.982253
14.1 0.983187
14.3 0.983906
14.5 0.984624
14.7 0.985199
14.9 0.98563
15.1 0.986205
15.3 0.986564
15.5 0.986923
15.7 0.987211
15.9 0.98757
16.1 0.988145
16.3 0.98836
16.5 0.988648
16.7 0.989007
16.9 0.989438
17.1 0.989654
17.3 0.990013
17.5 0.9903
17.7 0.990588
17.9 0.99066
18.1 0.991091
18.3 0.991306
18.5 0.991522
18.7 0.991737
18.9 0.99224
19.1 0.992528
19.3 0.992959
19.5 0.993102
19.7 0.993534
19.9 0.993749
20.1 0.993893
20.3 0.99418
20.5 0.994324
20.7 0.994683
20.9 0.995042
21.1 0.995402
21.3 0.995402
21.5 0.995761
21.7 0.99612
21.9 0.996551
22.1 0.996839
22.3 0.997054
22.5 0.997126
22.7 0.997342
22.9 0.997342
23.1 0.997485
23.3 0.997485
23.5 0.997557
23.7 0.997773
23.9 0.997845
24.1 0.997845
24.3 0.997916
24.5 0.997916
24.7 0.998132
24.9 0.998204
25.1 0.998276
25.3 0.998419
25.5 0.998563
25.7 0.998635
25.9 0.99885
26.1 0.999138
26.3 0.999353
26.5 0.999353
26.7 0.999425
26.9 0.999425
27.1 0.999497
27.3 0.999497
27.5 0.999497
27.7 0.999497
27.9 0.999569
28.1 0.999713
28.3 0.999713
28.5 0.999784
28.7 0.999784
28.9 0.999784
29.1 0.999784
29.3 0.999856
29.5 0.999928
29.7 0.999928
29.9 0.999928
30.1 0.999928
30.3 0.999928
30.5 0.999928
30.7 0.999928
30.9 0.999928
31.1 0.999928
31.3 0.999928
31.5 0.999928
31.7 0.999928
31.9 0.999928
32.1 0.999928
32.3 0.999928
32.5 0.999928
32.7 0.999928
32.9 0.999928
33.1 0.999928
33.3 0.999928
33.5 0.999928
33.7 0.999928
33.9 0.999928
34.1 0.999928
34.3 0.999928
34.5 0.999928
34.7 0.999928
34.9 0.999928
35.1 0.999928
35.3 0.999928
35.5 0.999928
35.7 0.999928
35.9 0.999928
36.1 0.999928
36.3 0.999928
36.5 0.999928
36.7 0.999928
36.9 0.999928
37.1 0.999928
37.3 0.999928
37.5 0.999928
37.7 0.999928
37.9 0.999928
38.1 0.999928
38.3 0.999928
38.5 0.999928
38.7 0.999928
38.9 0.999928
39.1 0.999928
39.3 0.999928
39.5 0.999928
39.7 0.999928
39.9 0.999928
40.1 0.999928
40.3 0.999928
40.5 0.999928
40.7 0.999928
40.9 0.999928
41.1 0.999928
41.3 0.999928
41.5 0.999928
41.7 0.999928
41.9 0.999928
42.1 0.999928
42.3 0.999928
42.5 0.999928
42.7 0.999928
42.9 0.999928
43.1 0.999928
43.3 0.999928
43.5 0.999928
43.7 0.999928
43.9 0.999928
44.1 0.999928
44.3 0.999928
44.5 0.999928
44.7 0.999928
44.9 0.999928
45.1 0.999928
45.3 0.999928
45.5 0.999928
45.7 0.999928
45.9 0.999928
46.1 0.999928
46.3 0.999928
46.5 0.999928
46.7 0.999928
46.9 0.999928
47.1 1
