1192
-198.5 7.13572e-05
-198.3 7.13572e-05
-198.1 7.13572e-05
-197.9 7.13572e-05
-197.7 0.000142714
-197.5 0.000142714
-197.3 0.000142714
-197.1 0.000356786
-196.9 0.0004995
-196.7 0.000784929
-196.5 0.00107036
-196.3 0.00121307
-196.1 0.00142714
-195.9 0.00178393
-195.7 0.00235479
-195.5 0.00313972
-195.3 0.00406736
-195.1 0.004995
-194.9 0.00627943
-194.7 0.00699301
-194.5 0.00770658
-194.3 0.00842015
-194.1 0.00956187
-193.9 0.010989
-193.7 0.0127016
-193.5 0.013986
-193.3 0.0154132
-193.1 0.0164122
-192.9 0.0174112
-192.7 0.0188383
-192.5 0.01998
-192.3 0.0209077
-192.1 0.0224775
-191.9 0.0242615
-191.7 0.0256172
-191.5 0.0280434
-191.3 0.0298273
-191.1 0.031754
-190.9 0.0331811
-190.7 0.0354645
-190.5 0.0372485
-190.3 0.0388897
-190.1 0.0406736
-189.9 0.0423862
-189.7 0.0444555
-189.5 0.045954
-189.3 0.0475239
-189.1 0.0492365
-188.9 0.0512345
-188.7 0.0531611
-188.5 0.0553732
-188.3 0.056729
-188.1 0.0585129
-187.9 0.0599401
-187.7 0.0614386
-187.5 0.062723
-187.3 0.0643642
-187.1 0.0657914
-186.9 0.067718
-186.7 0.0691451
-186.5 0.0702155
-186.3 0.0716426
-186.1 0.0734979
-185.9 0.0746396
-185.7 0.0761381
-185.5 0.0772085
-185.3 0.0787784
-185.1 0.0798487
-184.9 0.0812045
-184.7 0.0828457
-184.5 0.0840588
-184.3 0.0851292
-184.1 0.0857714
-183.9 0.0873412
-183.7 0.0894819
-183.5 0.0911945
-183.3 0.0927644
-183.1 0.0940488
-182.9 0.095476
-182.7 0.0969745
-182.5 0.0984016
-182.3 0.099472
-182.1 0.100328
-181.9 0.101684
-181.7 0.102897
-181.5 0.103325
-181.3 0.105038
-181.1 0.10618
-180.9 0.107464
-180.7 0.10832
-180.5 0.109462
-180.3 0.110889
-180.1 0.112388
-179.9 0.113957
-179.7 0.114885
-179.5 0.116241
-179.3 0.11724
-179.1 0.118596
-178.9 0.119595
-178.7 0.121093
-178.5 0.121949
-178.3 0.123234
-178.1 0.124304
-177.9 0.125589
-177.7 0.126944
-177.5 0.128871
-177.3 0.130227
-177.1 0.131511
-176.9 0.131868
-176.7 0.132582
-176.5 0.133509
-176.3 0.134294
-176.1 0.135436
-175.9 0.136792
-175.7 0.137505
-175.5 0.138718
-175.3 0.139931
-175.1 0.14093
-174.9 0.141787
-174.7 0.1425
-174.5 0.143357
-174.3 0.144498
-174.1 0.145212
-173.9 0.145997
-173.7 0.146782
-173.5 0.147424
-173.3 0.148923
-173.1 0.149707
-172.9 0.150564
-172.7 0.15192
-172.5 0.152776
-172.3 0.154631
-172.1 0.155345
-171.9 0.156344
-171.7 0.157557
-171.5 0.15877
-171.3 0.159626
-171.1 0.160554
-170.9 0.161481
-170.7 0.162266
-170.5 0.162837
-170.3 0.163836
-170.1 0.164692
-169.9 0.16562
-169.7 0.166191
-169.5 0.166905
-169.3 0.167689
-169.1 0.168546
-168.9 0.169473
-168.7 0.170044
-168.5 0.171614
-168.3 0.172185
-168.1 0.173469
-167.9 0.174754
-167.7 0.17561
-167.5 0.176752
-167.3 0.177465
-167.1 0.177965
-166.9 0.178464
-166.7 0.179463
-166.5 0.18032
-166.3 0.181176
-166.1 0.182603
-165.9 0.183245
-165.7 0.183816
-165.5 0.185315
-165.3 0.186314
-165.1 0.187027
-164.9 0.188098
-164.7 0.188811
-164.5 0.189382
-164.3 0.190666
-164.1 0.191808
-163.9 0.19295
-163.7 0.194163
-163.5 0.194805
-163.3 0.195947
-163.1 0.197089
-162.9 0.197945
-162.7 0.199443
-162.5 0.200228
-162.3 0.201227
-162.1 0.202084
-161.9 0.203297
-161.7 0.204224
-161.5 0.205509
-161.3 0.206294
-161.1 0.207007
-160.9 0.208006
-160.7 0.209005
-160.5 0.209933
-160.3 0.210861
-160.1 0.212002
-159.9 0.21293
-159.7 0.213786
-159.5 0.215142
-159.3 0.215927
-159.1 0.21714
-158.9 0.217854
-158.7 0.21871
-158.5 0.219566
-158.3 0.220422
-158.1 0.221564
-157.9 0.222706
-157.7 0.223562
-157.5 0.224276
-157.3 0.225346
-157.1 0.226131
-156.9 0.226773
-156.7 0.227701
-156.5 0.228343
-156.3 0.229057
-156.1 0.230127
-155.9 0.230983
-155.7 0.232268
-155.5 0.233267
-155.3 0.234266
-155.1 0.234837
-154.9 0.235693
-154.7 0.236763
-154.5 0.237548
-154.3 0.238404
-154.1 0.239903
-153.9 0.240759
-153.7 0.241544
-153.5 0.242543
-153.3 0.243471
-153.1 0.244042
-152.9 0.244613
-152.7 0.245683
-152.5 0.246539
-152.3 0.247895
-152.1 0.248537
-151.9 0.249393
-151.7 0.250535
-151.5 0.251534
-151.3 0.252462
-151.1 0.253675
-150.9 0.25446
-150.7 0.254959
-150.5 0.255887
-150.3 0.257029
-150.1 0.258313
-149.9 0.259098
-149.7 0.259669
-149.5 0.260382
-149.3 0.261524
-149.1 0.262166
-148.9 0.263023
-148.7 0.264022
-148.5 0.264664
-148.3 0.265306
-148.1 0.265948
-147.9 0.266947
-147.7 0.267804
-147.5 0.268731
-147.3 0.269873
-147.1 0.270729
-146.9 0.271229
-146.7 0.27237
-146.5 0.273512
-146.3 0.274154
-146.1 0.275296
-145.9 0.27601
-145.7 0.276723
-145.5 0.277508
-145.3 0.278222
-145.1 0.278864
-144.9 0.279578
-144.7 0.28022
-144.5 0.281147
-144.3 0.281718
-144.1 0.282432
-143.9 0.282931
-143.7 0.283716
-143.5 0.284787
-143.3 0.285786
-143.1 0.286927
-142.9 0.287641
-142.7 0.288212
-142.5 0.288925
-142.3 0.289425
-142.1 0.290067
-141.9 0.291066
-141.7 0.29128
-141.5 0.292279
-141.3 0.293564
-141.1 0.294063
-140.9 0.294634
-140.7 0.29549
-140.5 0.296204
-140.3 0.297131
-140.1 0.297774
-139.9 0.298701
-139.7 0.2997
-139.5 0.300557
-139.3 0.301342
-139.1 0.302483
-138.9 0.303197
-138.7 0.304124
-138.5 0.305052
-138.3 0.305837
-138.1 0.306907
-137.9 0.307692
-137.7 0.30862
-137.5 0.309619
-137.3 0.31019
-137.1 0.311189
-136.9 0.312045
-136.7 0.31283
-136.5 0.313472
-136.3 0.314329
-136.1 0.315042
-135.9 0.315898
-135.7 0.31704
-135.5 0.317754
-135.3 0.31861
-135.1 0.319609
-134.9 0.320465
-134.7 0.320965
-134.5 0.321678
-134.3 0.322535
-134.1 0.32332
-133.9 0.32389
-133.7 0.324675
-133.5 0.325674
-133.3 0.326531
-133.1 0.327815
-132.9 0.328957
-132.7 0.329884
-132.5 0.331169
-132.3 0.332025
-132.1 0.333238
-131.9 0.334094
-131.7 0.335022
-131.5 0.33595
-131.3 0.336735
-131.1 0.337734
-130.9 0.33859
-130.7 0.339589
-130.5 0.340374
-130.3 0.34173
-130.1 0.342871
-129.9 0.343585
-129.7 0.344584
-129.5 0.34544
-129.3 0.346297
-129.1 0.346939
-128.9 0.347581
-128.7 0.34858
-128.5 0.350007
-128.3 0.350721
-128.1 0.351934
-127.9 0.352719
-127.7 0.353932
-127.5 0.354859
-127.3 0.355644
-127.1 0.356501
-126.9 0.357214
-126.7 0.358142
-126.5 0.359712
-126.3 0.360711
-126.1 0.361852
-125.9 0.362851
-125.7 0.364065
-125.5 0.365206
-125.3 0.366205
-125.1 0.366705
-124.9 0.367418
-124.7 0.36856
-124.5 0.369702
-124.3 0.370273
-124.1 0.370915
-123.9 0.371771
-123.7 0.372128
-123.5 0.373555
-123.3 0.374055
-123.1 0.374554
-122.9 0.37541
-122.7 0.376481
-122.5 0.377551
-122.3 0.37855
-122.1 0.379192
-121.9 0.380263
-121.7 0.381048
-121.5 0.38169
-121.3 0.38276
-121.1 0.383545
-120.9 0.384687
-120.7 0.385828
-120.5 0.387113
-120.3 0.388683
-120.1 0.389682
-119.9 0.390609
-119.7 0.391608
-119.5 0.392393
-119.3 0.393107
-119.1 0.39382
-118.9 0.394534
-118.7 0.39539
-118.5 0.396603
-118.3 0.397674
-118.1 0.398958
-117.9 0.399814
-117.7 0.400671
-117.5 0.402027
-117.3 0.402455
-117.1 0.403525
-116.9 0.404239
-116.7 0.405166
-116.5 0.406237
-116.3 0.407093
-116.1 0.408021
-115.9 0.409091
-115.7 0.409804
-115.5 0.410304
-115.3 0.411018
-115.1 0.411588
-114.9 0.412302
-114.7 0.412801
-114.5 0.414086
-114.3 0.415085
-114.1 0.416298
-113.9 0.416869
-113.7 0.418011
-113.5 0.418938
-113.3 0.420009
-113.1 0.421008
-112.9 0.421792
-112.7 0.42272
-112.5 0.423648
-112.3 0.424932
-112.1 0.425931
-111.9 0.426787
-111.7 0.427572
-111.5 0.428786
-111.3 0.429356
-111.1 0.430141
-110.9 0.430855
-110.7 0.431711
-110.5 0.432496
-110.3 0.43321
-110.1 0.434209
-109.9 0.43535
-109.7 0.436135
-109.5 0.43692
-109.3 0.437919
-109.1 0.439418
-108.9 0.439989
-108.7 0.440845
-108.5 0.441844
-108.3 0.442486
-108.1 0.443342
-107.9 0.444341
-107.7 0.445769
-107.5 0.446839
-107.3 0.448123
-107.1 0.449122
-106.9 0.449693
-106.7 0.450193
-106.5 0.451263
-106.3 0.452119
-106.1 0.453047
-105.9 0.453832
-105.7 0.45476
-105.5 0.455402
-105.3 0.456044
-105.1 0.456829
-104.9 0.457471
-104.7 0.458113
-104.5 0.458613
-104.3 0.459398
-104.1 0.460183
-103.9 0.461253
-103.7 0.462038
-103.5 0.46268
-103.3 0.463394
-103.1 0.46425
-102.9 0.465249
-102.7 0.466319
-102.5 0.46689
-102.3 0.467889
-102.1 0.468888
-101.9 0.470101
-101.7 0.471172
-101.5 0.472171
-101.3 0.472813
-101.1 0.473526
-100.9 0.474454
-100.7 0.475453
-100.5 0.476024
-100.3 0.476952
-100.1 0.477951
-99.9 0.478521
-99.7 0.479164
-99.5 0.48002
-99.3 0.480448
-99.1 0.481518
-98.9 0.482803
-98.7 0.483588
-98.5 0.484373
-98.3 0.485586
-98.1 0.486371
-97.9 0.487013
-97.7 0.487798
-97.5 0.489082
-97.3 0.489725
-97.1 0.490581
-96.9 0.491508
-96.7 0.492079
-96.5 0.492793
-96.3 0.493506
-96.1 0.494291
-95.9 0.495219
-95.7 0.496361
-95.5 0.497431
-95.3 0.498073
-95.1 0.499358
-94.9 0.5
-94.7 0.500285
-94.5 0.501427
-94.3 0.502926
-94.1 0.503996
-93.9 0.504924
-93.7 0.506065
-93.5 0.506922
-93.3 0.507921
-93.1 0.508563
-92.9 0.509491
-92.7 0.510133
-92.5 0.511417
-92.3 0.512345
-92.1 0.513415
-91.9 0.5147
-91.7 0.515699
-91.5 0.51684
-91.3 0.517839
-91.1 0.518981
-90.9 0.519623
-90.7 0.520337
-90.5 0.521122
-90.3 0.521978
-90.1 0.52312
-89.9 0.52419
-89.7 0.524832
-89.5 0.525903
-89.3 0.526688
-89.1 0.527473
-88.9 0.528257
-88.7 0.529042
-88.5 0.529756
-88.3 0.530612
-88.1 0.531183
-87.9 0.532039
-87.7 0.533467
-87.5 0.534251
-87.3 0.534751
-87.1 0.535536
-86.9 0.536035
-86.7 0.537106
-86.5 0.537677
-86.3 0.538533
-86.1 0.539603
-85.9 0.541173
-85.7 0.541673
-85.5 0.542386
-85.3 0.5431
-85.1 0.543956
-84.9 0.544384
-84.7 0.54467
-84.5 0.54574
-84.3 0.546525
-84.1 0.547238
-83.9 0.547881
-83.7 0.549022
-83.5 0.550021
-83.3 0.550664
-83.1 0.55152
-82.9 0.552376
-82.7 0.55309
-82.5 0.553803
-82.3 0.554945
-82.1 0.555873
-81.9 0.556515
-81.7 0.557371
-81.5 0.558227
-81.3 0.55887
-81.1 0.560083
-80.9 0.560939
-80.7 0.561581
-80.5 0.562723
-80.3 0.563508
-80.1 0.563793
-79.9 0.564507
-79.7 0.565435
-79.5 0.566148
-79.3 0.56679
-79.1 0.567647
-78.9 0.568503
-78.7 0.569074
-78.5 0.570215
-78.3 0.571214
-78.1 0.571785
-77.9 0.572428
-77.7 0.573712
-77.5 0.575068
-77.3 0.576067
-77.1 0.576566
-76.9 0.57728
-76.7 0.577708
-76.5 0.578279
-76.3 0.579064
-76.1 0.579563
-75.9 0.580206
-75.7 0.581205
-75.5 0.581918
-75.3 0.583274
-75.1 0.583916
-74.9 0.584915
-74.7 0.586414
-74.5 0.587627
-74.3 0.588697
-74.1 0.589696
-73.9 0.59041
-73.7 0.591195
-73.5 0.591979
-73.3 0.592836
-73.1 0.593549
-72.9 0.594192
-72.7 0.594905
-72.5 0.595761
-72.3 0.597189
-72.1 0.597831
-71.9 0.598901
-71.7 0.599757
-71.5 0.6004
-71.3 0.601327
-71.1 0.602897
-70.9 0.603325
-70.7 0.604039
-70.5 0.605252
-70.3 0.605823
-70.1 0.606679
-69.9 0.607963
-69.7 0.60832
-69.5 0.608891
-69.3 0.609961
-69.1 0.610889
-68.9 0.611817
-68.7 0.612459
-68.5 0.613101
-68.3 0.614671
-68.1 0.615456
-67.9 0.616598
-67.7 0.617383
-67.5 0.618168
-67.3 0.619381
-67.1 0.620736
-66.9 0.621379
-66.7 0.622378
-66.5 0.623591
-66.3 0.624732
-66.1 0.625589
-65.9 0.626374
-65.7 0.627515
-65.5 0.628372
-65.3 0.629085
-65.1 0.629941
-64.9 0.630655
-64.7 0.631654
-64.5 0.632582
-64.3 0.633652
-64.1 0.634508
-63.9 0.635151
-63.7 0.63565
-63.5 0.636435
-63.3 0.637291
-63.1 0.638148
-62.9 0.638647
-62.7 0.639575
-62.5 0.640716
-62.3 0.641287
-62.1 0.642072
-61.9 0.643
-61.7 0.643999
-61.5 0.64457
-61.3 0.644998
-61.1 0.645926
-60.9 0.64671
-60.7 0.647281
-60.5 0.648352
-60.3 0.648708
-60.1 0.649279
-59.9 0.650207
-59.7 0.651277
-59.5 0.65249
-59.3 0.653632
-59.1 0.654702
-58.9 0.656201
-58.7 0.6572
-58.5 0.65827
-58.3 0.658841
-58.1 0.659912
-57.9 0.660411
-57.7 0.66141
-57.5 0.662694
-57.3 0.663408
-57.1 0.664764
-56.9 0.665977
-56.7 0.666334
-56.5 0.667618
-56.3 0.668546
-56.1 0.669188
-55.9 0.670401
-55.7 0.671186
-55.5 0.672114
-55.3 0.673113
-55.1 0.673898
-54.9 0.674468
-54.7 0.675325
-54.5 0.675681
-54.3 0.676324
-54.1 0.676966
-53.9 0.677751
-53.7 0.678678
-53.5 0.67982
-53.3 0.680748
-53.1 0.681461
-52.9 0.682246
-52.7 0.682674
-52.5 0.683745
-52.3 0.684601
-52.1 0.685243
-51.9 0.686385
-51.7 0.687313
-51.5 0.688026
-51.3 0.688954
-51.1 0.690024
-50.9 0.691095
-50.7 0.691951
-50.5 0.692736
-50.3 0.693592
-50.1 0.694306
-49.9 0.695091
-49.7 0.695947
-49.5 0.696446
-49.3 0.697731
-49.1 0.69823
-48.9 0.699087
-48.7 0.699872
-48.5 0.7003
-48.3 0.701156
-48.1 0.702654
-47.9 0.703511
-47.7 0.704367
-47.5 0.705223
-47.3 0.706294
-47.1 0.706865
-46.9 0.707507
-46.7 0.708149
-46.5 0.709005
-46.3 0.70979
-46.1 0.711217
-45.9 0.712074
-45.7 0.713001
-45.5 0.714357
-45.3 0.715356
-45.1 0.71607
-44.9 0.717354
-44.7 0.718567
-44.5 0.719423
-44.3 0.72028
-44.1 0.721207
-43.9 0.722206
-43.7 0.723348
-43.5 0.724062
-43.3 0.724847
-43.1 0.725988
-42.9 0.726559
-42.7 0.727201
-42.5 0.728272
-42.3 0.729128
-42.1 0.729842
-41.9 0.730769
-41.7 0.731411
-41.5 0.732196
-41.3 0.733053
-41.1 0.733695
-40.9 0.73448
-40.7 0.735622
-40.5 0.736406
-40.3 0.73712
-40.1 0.738048
-39.9 0.739189
-39.7 0.74026
-39.5 0.741187
-39.3 0.742044
-39.1 0.743542
-38.9 0.744969
-38.7 0.745754
-38.5 0.746539
-38.3 0.747253
-38.1 0.747752
-37.9 0.749037
-37.7 0.75025
-37.5 0.751177
-37.3 0.752462
-37.1 0.753461
-36.9 0.754959
-36.7 0.755673
-36.5 0.756886
-36.3 0.757385
-36.1 0.758384
-35.9 0.758813
-35.7 0.759669
-35.5 0.760382
-35.3 0.761381
-35.1 0.762238
-34.9 0.763237
-34.7 0.764093
-34.5 0.764949
-34.3 0.76602
-34.1 0.766805
-33.9 0.76759
-33.7 0.768303
-33.5 0.768803
-33.3 0.769445
-33.1 0.770158
-32.9 0.770729
-32.7 0.771657
-32.5 0.772656
-32.3 0.773655
-32.1 0.774511
-31.9 0.775367
-31.7 0.775867
-31.5 0.776438
-31.3 0.777508
-31.1 0.778579
-30.9 0.779649
-30.7 0.780434
-30.5 0.781219
-30.3 0.782575
-30.1 0.783859
-29.9 0.78443
-29.7 0.785357
-29.5 0.786357
-29.3 0.787284
-29.1 0.788212
-28.9 0.788997
-28.7 0.789568
-28.5 0.790424
-28.3 0.791637
-28.1 0.792707
-27.9 0.793492
-27.7 0.793992
-27.5 0.794777
-27.3 0.795633
-27.1 0.796632
-26.9 0.797774
-26.7 0.798345
-26.5 0.799058
-26.3 0.800057
-26.1 0.801056
-25.9 0.801912
-25.7 0.802697
-25.5 0.803625
-25.3 0.804339
-25.1 0.80548
-24.9 0.806122
-24.7 0.807264
-24.5 0.807835
-24.3 0.80862
-24.1 0.809119
-23.9 0.810261
-23.7 0.811117
-23.5 0.812116
-23.3 0.813044
-23.1 0.8139
-22.9 0.814685
-22.7 0.816041
-22.5 0.816826
-22.3 0.817468
-22.1 0.818182
-21.9 0.818753
-21.7 0.819894
-21.5 0.820822
-21.3 0.821678
-21.1 0.822392
-20.9 0.823534
-20.7 0.824319
-20.5 0.825175
-20.3 0.826602
-20.1 0.827458
-19.9 0.828172
-19.7 0.829314
-19.5 0.830027
-19.3 0.830669
-19.1 0.83124
-18.9 0.832096
-18.7 0.832525
-18.5 0.833381
-18.3 0.834094
-18.1 0.835022
-17.9 0.835807
-17.7 0.836877
-17.5 0.837591
-17.3 0.83859
-17.1 0.839446
-16.9 0.840231
-16.7 0.841159
-16.5 0.841944
-16.3 0.842943
-16.1 0.843442
-15.9 0.844299
-15.7 0.845369
-15.5 0.846011
-15.3 0.846582
-15.1 0.847224
-14.9 0.848295
-14.7 0.849222
-14.5 0.850078
-14.3 0.850721
-14.1 0.851363
-13.9 0.852219
-13.7 0.853004
-13.5 0.853718
-13.3 0.854289
-13.1 0.855145
-12.9 0.856001
-12.7 0.856929
-12.5 0.858427
-12.3 0.859141
-12.1 0.859783
-11.9 0.860425
-11.7 0.861139
-11.5 0.861924
-11.3 0.862923
-11.1 0.864065
-10.9 0.864992
-10.7 0.86592
-10.5 0.866491
-10.3 0.867418
-10.1 0.868489
-9.9 0.86963
-9.7 0.870986
-9.5 0.871628
-9.3 0.872271
-9.1 0.873341
-8.9 0.874126
-8.7 0.874982
-8.5 0.875624
-8.3 0.876409
-8.1 0.877551
-7.9 0.877836
-7.7 0.878907
-7.5 0.880049
-7.3 0.880833
-7.1 0.88169
-6.9 0.88276
-6.7 0.883759
-6.5 0.884758
-6.3 0.885614
-6.1 0.886114
-5.9 0.887113
-5.7 0.888112
-5.5 0.888897
-5.3 0.890039
-5.1 0.891394
-4.9 0.892393
-4.7 0.89325
-4.5 0.894249
-4.3 0.895105
-4.1 0.895676
-3.9 0.896817
-3.7 0.897888
-3.5 0.898815
-3.3 0.900171
-3.1 0.90117
-2.9 0.901955
-2.7 0.902811
-2.5 0.903311
-2.3 0.903739
-2.1 0.904738
-1.9 0.905666
-1.7 0.906807
-1.5 0.907878
-1.3 0.908734
-1.1 0.908948
-0.899999 0.910019
-0.699999 0.910732
-0.499999 0.911731
-0.299999 0.912659
-0.0999994 0.913515
0.100001 0.9143
0.300001 0.914871
0.500001 0.915442
0.700001 0.917012
0.900001 0.917654
1.1 0.918367
1.3 0.919152
1.5 0.919937
1.7 0.920865
1.9 0.921721
2.1 0.922506
2.3 0.923362
2.5 0.924005
2.7 0.924861
2.9 0.925574
3.1 0.927216
3.3 0.928001
3.5 0.928714
3.7 0.929642
3.9 0.930427
4.1 0.931283
4.3 0.932425
4.5 0.933138
4.7 0.933852
4.9 0.93535
5.1 0.936349
5.3 0.937562
5.5 0.938704
5.7 0.939489
5.9 0.940774
6.1 0.942272
6.3 0.943771
6.5 0.944627
6.7 0.945412
6.9 0.946125
7.1 0.947124
7.3 0.948337
7.5 0.948766
7.7 0.949907
7.9 0.950835
8.1 0.951834
8.3 0.952333
8.5 0.953475
8.7 0.954545
8.9 0.95533
9.1 0.956258
9.3 0.956686
9.5 0.957542
9.7 0.958256
9.9 0.959112
10.1 0.959897
10.3 0.960754
10.5 0.961467
10.7 0.962181
10.9 0.963037
11.1 0.963893
11.3 0.964321
11.5 0.965106
11.7 0.965963
11.9 0.966962
12.1 0.967889
12.3 0.968531
12.5 0.968746
12.7 0.969602
12.9 0.970458
13.1 0.9711
13.3 0.9716
13.5 0.972242
13.7 0.972956
13.9 0.973598
14.1 0.974454
14.3 0.975239
14.5 0.97581
14.7 0.976381
14.9 0.976952
15.1 0.977594
15.3 0.978165
15.5 0.97895
15.7 0.979449
15.9 0.980091
16.1 0.980805
16.3 0.981304
16.5 0.981875
16.7 0.982161
16.9 0.982589
17.1 0.983516
17.3 0.983945
17.5 0.984301
17.7 0.98473
17.9 0.985158
18.1 0.985729
18.3 0.986371
18.5 0.986656
18.7 0.986942
18.9 0.987156
19.1 0.987441
19.3 0.988155
19.5 0.988369
19.7 0.988726
19.9 0.988868
20.1 0.989225
20.3 0.989867
20.5 0.990153
20.7 0.990438
20.9 0.990652
21.1 0.991009
21.3 0.991366
21.5 0.991508
21.7 0.992008
21.9 0.992151
22.1 0.992222
22.3 0.992365
22.5 0.992936
22.7 0.993221
22.9 0.993292
23.1 0.993506
23.3 0.993935
23.5 0.994077
23.7 0.99422
23.9 0.994791
24.1 0.994934
24.3 0.995076
24.5 0.995219
24.7 0.995504
24.9 0.99579
25.1 0.995933
25.3 0.996361
25.5 0.99686
25.7 0.997003
25.9 0.997288
26.1 0.99736
26.3 0.997574
26.5 0.997788
26.7 0.997859
26.9 0.998002
27.1 0.998145
27.3 0.998216
27.5 0.998287
27.7 0.998287
27.9 0.998287
28.1 0.998359
28.3 0.998716
28.5 0.998787
28.7 0.999072
28.9 0.999144
29.1 0.999144
29.3 0.999215
29.5 0.999215
29.7 0.999286
29.9 0.999286
30.1 0.999358
30.3 0.999358
30.5 0.999358
30.7 0.999429
30.9 0.999429
31.1 0.999429
31.3 0.9995
31.5 0.999643
31.7 0.999715
31.9 0.999786
32.1 0.999786
32.3 0.999786
32.5 0.999786
32.7 0.999786
32.9 0.999786
33.1 0.999786
33.3 0.999786
33.5 0.999786
33.7 0.999786
33.9 0.999786
34.1 0.999857
34.3 0.999857
34.5 0.999929
34.7 0.999929
34.9 0.999929
35.1 0.999929
35.3 0.999929
35.5 0.999929
35.7 0.999929
35.9 0.999929
36.1 0.999929
36.3 0.999929
36.5 0.999929
36.7 0.999929
36.9 0.999929
37.1 0.999929
37.3 0.999929
37.5 0.999929
37.7 0.999929
37.9 0.999929
38.1 0.999929
38.3 0.999929
38.5 0.999929
38.7 0.999929
38.9 0.999929
39.1 0.999929
39.3 0.999929
39.5 0.999929
39.7 1
