-209.9 0
-209.7 0
-209.5 0
-209.3 0
-209.1 0
-208.9 0
-208.7 0
-208.5 0
-208.3 1
-208.1 0
-207.9 0
-207.7 0
-207.5 0
-207.3 0
-207.1 0
-206.9 0
-206.7 1
-206.5 0
-206.3 0
-206.1 0
-205.9 0
-205.7 0
-205.5 0
-205.3 0
-205.1 0
-204.9 0
-204.7 0
-204.5 0
-204.3 0
-204.1 0
-203.9 0
-203.7 0
-203.5 0
-203.3 0
-203.1 0
-202.9 0
-202.7 0
-202.5 0
-202.3 0
-202.1 0
-201.9 0
-201.7 0
-201.5 0
-201.3 0
-201.1 0
-200.9 0
-200.7 0
-200.5 0
-200.3 0
-200.1 0
-199.9 0
-199.7 0
-199.5 0
-199.3 0
-199.1 1
-198.9 0
-198.7 0
-198.5 1
-198.3 0
-198.1 0
-197.9 3
-197.7 3
-197.5 9
-197.3 8
-197.1 19
-196.9 17
-196.7 35
-196.5 44
-196.3 64
-196.1 84
-195.9 106
-195.7 106
-195.5 160
-195.3 212
-195.1 255
-194.9 305
-194.7 372
-194.5 432
-194.3 525
-194.1 600
-193.9 772
-193.7 801
-193.5 818
-193.3 878
-193.1 955
-192.9 1036
-192.7 1005
-192.5 1070
-192.3 1114
-192.1 1148
-191.9 1127
-191.7 1125
-191.5 1071
-191.3 1151
-191.1 1162
-190.9 1056
-190.7 1138
-190.5 1112
-190.3 1155
-190.1 1105
-189.9 1155
-189.7 1121
-189.5 1038
-189.3 1063
-189.1 1120
-188.9 1087
-188.7 1072
-188.5 1099
-188.3 1125
-188.1 1067
-187.9 1047
-187.7 1026
-187.5 986
-187.3 986
-187.1 1028
-186.9 1015
-186.7 979
-186.5 1023
-186.3 1007
-186.1 978
-185.9 1028
-185.7 958
-185.5 1001
-185.3 1040
-185.1 963
-184.9 918
-184.7 912
-184.5 956
-184.3 998
-184.1 960
-183.9 962
-183.7 902
-183.5 927
-183.3 897
-183.1 886
-182.9 968
-182.7 885
-182.5 934
-182.3 885
-182.1 903
-181.9 830
-181.7 901
-181.5 864
-181.3 884
-181.1 843
-180.9 909
-180.7 844
-180.5 816
-180.3 873
-180.1 861
-179.9 838
-179.7 829
-179.5 784
-179.3 784
-179.1 722
-178.9 778
-178.7 753
-178.5 781
-178.3 757
-178.1 696
-177.9 730
-177.7 724
-177.5 722
-177.3 683
-177.1 652
-176.9 667
-176.7 639
-176.5 688
-176.3 609
-176.1 628
-175.9 586
-175.7 650
-175.5 631
-175.3 586
-175.1 634
-174.9 676
-174.7 601
-174.5 630
-174.3 568
-174.1 595
-173.9 581
-173.7 555
-173.5 553
-173.3 546
-173.1 541
-172.9 579
-172.7 551
-172.5 580
-172.3 540
-172.1 576
-171.9 557
-171.7 578
-171.5 550
-171.3 505
-171.1 498
-170.9 566
-170.7 513
-170.5 554
-170.3 518
-170.1 481
-169.9 489
-169.7 487
-169.5 505
-169.3 528
-169.1 536
-168.9 538
-168.7 516
-168.5 520
-168.3 516
-168.1 502
-167.9 532
-167.7 520
-167.5 534
-167.3 539
-167.1 514
-166.9 482
-166.7 515
-166.5 462
-166.3 526
-166.1 497
-165.9 508
-165.7 494
-165.5 515
-165.3 508
-165.1 552
-164.9 493
-164.7 542
-164.5 479
-164.3 511
-164.1 525
-163.9 503
-163.7 479
-163.5 527
-163.3 527
-163.1 480
-162.9 511
-162.7 493
-162.5 520
-162.3 460
-162.1 496
-161.9 492
-161.7 500
-161.5 493
-161.3 504
-161.1 503
-160.9 484
-160.7 489
-160.5 480
-160.3 449
-160.1 496
-159.9 515
-159.7 476
-159.5 475
-159.3 472
-159.1 452
-158.9 489
-158.7 477
-158.5 501
-158.3 484
-158.1 486
-157.9 511
-157.7 498
-157.5 478
-157.3 435
-157.1 539
-156.9 482
-156.7 479
-156.5 518
-156.3 503
-156.1 466
-155.9 492
-155.7 492
-155.5 456
-155.3 456
-155.1 482
-154.9 446
-154.7 487
-154.5 466
-154.3 424
-154.1 469
-153.9 507
-153.7 486
-153.5 409
-153.3 480
-153.1 479
-152.9 459
-152.7 424
-152.5 448
-152.3 478
-152.1 450
-151.9 471
-151.7 447
-151.5 477
-151.3 456
-151.1 466
-150.9 481
-150.7 466
-150.5 440
-150.3 463
-150.1 473
-149.9 451
-149.7 434
-149.5 410
-149.3 456
-149.1 438
-148.9 408
-148.7 418
-148.5 422
-148.3 440
-148.1 438
-147.9 387
-147.7 448
-147.5 459
-147.3 422
-147.1 396
-146.9 456
-146.7 459
-146.5 452
-146.3 432
-146.1 446
-145.9 423
-145.7 442
-145.5 412
-145.3 425
-145.1 431
-144.9 437
-144.7 459
-144.5 455
-144.3 450
-144.1 473
-143.9 419
-143.7 448
-143.5 464
-143.3 493
-143.1 458
-142.9 440
-142.7 475
-142.5 455
-142.3 456
-142.1 455
-141.9 438
-141.7 456
-141.5 434
-141.3 421
-141.1 475
-140.9 443
-140.7 484
-140.5 455
-140.3 496
-140.1 462
-139.9 495
-139.7 458
-139.5 455
-139.3 438
-139.1 464
-138.9 462
-138.7 501
-138.5 466
-138.3 482
-138.1 499
-137.9 488
-137.7 445
-137.5 495
-137.3 450
-137.1 471
-136.9 473
-136.7 510
-136.5 450
-136.3 535
-136.1 496
-135.9 500
-135.7 435
-135.5 499
-135.3 475
-135.1 502
-134.9 532
-134.7 500
-134.5 498
-134.3 511
-134.1 510
-133.9 475
-133.7 503
-133.5 474
-133.3 482
-133.1 497
-132.9 489
-132.7 479
-132.5 500
-132.3 484
-132.1 469
-131.9 476
-131.7 488
-131.5 496
-131.3 478
-131.1 487
-130.9 454
-130.7 495
-130.5 523
-130.3 498
-130.1 499
-129.9 491
-129.7 505
-129.5 455
-129.3 490
-129.1 489
-128.9 492
-128.7 496
-128.5 446
-128.3 542
-128.1 563
-127.9 502
-127.7 517
-127.5 501
-127.3 468
-127.1 508
-126.9 471
-126.7 484
-126.5 478
-126.3 460
-126.1 534
-125.9 474
-125.7 468
-125.5 468
-125.3 495
-125.1 472
-124.9 504
-124.7 451
-124.5 521
-124.3 499
-124.1 489
-123.9 477
-123.7 488
-123.5 496
-123.3 491
-123.1 480
-122.9 474
-122.7 496
-122.5 510
-122.3 478
-122.1 475
-121.9 477
-121.7 505
-121.5 501
-121.3 484
-121.1 428
-120.9 463
-120.7 494
-120.5 470
-120.3 463
-120.1 490
-119.9 453
-119.7 467
-119.5 460
-119.3 481
-119.1 464
-118.9 492
-118.7 508
-118.5 536
-118.3 485
-118.1 479
-117.9 479
-117.7 461
-117.5 487
-117.3 462
-117.1 475
-116.9 489
-116.7 503
-116.5 429
-116.3 466
-116.1 479
-115.9 464
-115.7 449
-115.5 502
-115.3 469
-115.1 468
-114.9 465
-114.7 449
-114.5 464
-114.3 463
-114.1 512
-113.9 439
-113.7 434
-113.5 466
-113.3 505
-113.1 516
-112.9 493
-112.7 482
-112.5 495
-112.3 484
-112.1 450
-111.9 478
-111.7 469
-111.5 481
-111.3 477
-111.1 470
-110.9 445
-110.7 443
-110.5 496
-110.3 481
-110.1 484
-109.9 484
-109.7 480
-109.5 468
-109.3 461
-109.1 481
-108.9 428
-108.7 454
-108.5 480
-108.3 429
-108.1 493
-107.9 452
-107.7 507
-107.5 467
-107.3 492
-107.1 477
-106.9 396
-106.7 483
-106.5 423
-106.3 485
-106.1 501
-105.9 470
-105.7 503
-105.5 471
-105.3 458
-105.1 455
-104.9 451
-104.7 471
-104.5 481
-104.3 509
-104.1 503
-103.9 479
-103.7 491
-103.5 411
-103.3 462
-103.1 460
-102.9 437
-102.7 483
-102.5 460
-102.3 441
-102.1 455
-101.9 494
-101.7 477
-101.5 435
-101.3 468
-101.1 475
-100.9 445
-100.7 449
-100.5 500
-100.3 419
-100.1 451
-99.9 424
-99.7 421
-99.5 484
-99.3 489
-99.1 462
-98.9 441
-98.7 478
-98.5 454
-98.3 438
-98.1 476
-97.9 466
-97.7 448
-97.5 436
-97.3 490
-97.1 480
-96.9 442
-96.7 466
-96.5 468
-96.3 435
-96.1 503
-95.9 499
-95.7 472
-95.5 467
-95.3 470
-95.1 489
-94.9 462
-94.7 424
-94.5 464
-94.3 439
-94.1 484
-93.9 461
-93.7 471
-93.5 467
-93.3 445
-93.1 463
-92.9 445
-92.7 415
-92.5 440
-92.3 422
-92.1 483
-91.9 442
-91.7 443
-91.5 417
-91.3 469
-91.1 443
-90.9 460
-90.7 492
-90.5 486
-90.3 448
-90.1 421
-89.9 457
-89.7 481
-89.5 470
-89.3 430
-89.1 400
-88.9 460
-88.7 461
-88.5 480
-88.3 464
-88.1 428
-87.9 418
-87.7 457
-87.5 449
-87.3 458
-87.1 413
-86.9 468
-86.7 460
-86.5 434
-86.3 467
-86.1 454
-85.9 438
-85.7 455
-85.5 426
-85.3 447
-85.1 412
-84.9 441
-84.7 438
-84.5 470
-84.3 434
-84.1 429
-83.9 431
-83.7 481
-83.5 443
-83.3 460
-83.1 446
-82.9 456
-82.7 485
-82.5 434
-82.3 452
-82.1 475
-81.9 420
-81.7 437
-81.5 415
-81.3 446
-81.1 443
-80.9 461
-80.7 459
-80.5 460
-80.3 445
-80.1 442
-79.9 455
-79.7 442
-79.5 422
-79.3 460
-79.1 444
-78.9 424
-78.7 451
-78.5 442
-78.3 419
-78.1 404
-77.9 463
-77.7 442
-77.5 420
-77.3 470
-77.1 467
-76.9 435
-76.7 439
-76.5 468
-76.3 458
-76.1 476
-75.9 447
-75.7 461
-75.5 492
-75.3 488
-75.1 459
-74.9 405
-74.7 452
-74.5 489
-74.3 476
-74.1 466
-73.9 448
-73.7 422
-73.5 446
-73.3 444
-73.1 441
-72.9 443
-72.7 478
-72.5 436
-72.3 458
-72.1 421
-71.9 428
-71.7 446
-71.5 479
-71.3 430
-71.1 457
-70.9 434
-70.7 461
-70.5 453
-70.3 430
-70.1 489
-69.9 435
-69.7 465
-69.5 479
-69.3 437
-69.1 477
-68.9 443
-68.7 445
-68.5 498
-68.3 446
-68.1 480
-67.9 498
-67.7 453
-67.5 495
-67.3 488
-67.1 460
-66.9 432
-66.7 465
-66.5 518
-66.3 445
-66.1 510
-65.9 430
-65.7 451
-65.5 494
-65.3 459
-65.1 437
-64.9 446
-64.7 493
-64.5 511
-64.3 483
-64.1 524
-63.9 464
-63.7 532
-63.5 497
-63.3 499
-63.1 464
-62.9 487
-62.7 470
-62.5 491
-62.3 456
-62.1 490
-61.9 459
-61.7 474
-61.5 504
-61.3 483
-61.1 488
-60.9 466
-60.7 458
-60.5 426
-60.3 438
-60.1 490
-59.9 481
-59.7 508
-59.5 467
-59.3 473
-59.1 411
-58.9 478
-58.7 518
-58.5 480
-58.3 466
-58.1 452
-57.9 446
-57.7 466
-57.5 479
-57.3 444
-57.1 439
-56.9 445
-56.7 404
-56.5 446
-56.3 453
-56.1 480
-55.9 471
-55.7 514
-55.5 448
-55.3 443
-55.1 444
-54.9 402
-54.7 460
-54.5 417
-54.3 476
-54.1 458
-53.9 485
-53.7 486
-53.5 464
-53.3 477
-53.1 449
-52.9 459
-52.7 429
-52.5 434
-52.3 456
-52.1 446
-51.9 421
-51.7 461
-51.5 444
-51.3 446
-51.1 450
-50.9 435
-50.7 420
-50.5 457
-50.3 445
-50.1 505
-49.9 476
-49.7 445
-49.5 458
-49.3 467
-49.1 466
-48.9 450
-48.7 456
-48.5 440
-48.3 474
-48.1 483
-47.9 493
-47.7 478
-47.5 454
-47.3 417
-47.1 434
-46.9 441
-46.7 438
-46.5 421
-46.3 445
-46.1 462
-45.9 470
-45.7 446
-45.5 446
-45.3 472
-45.1 428
-44.9 418
-44.7 452
-44.5 450
-44.3 460
-44.1 444
-43.9 448
-43.7 463
-43.5 475
-43.3 439
-43.1 435
-42.9 409
-42.7 464
-42.5 455
-42.3 448
-42.1 472
-41.9 438
-41.7 431
-41.5 475
-41.3 444
-41.1 478
-40.9 427
-40.7 456
-40.5 435
-40.3 434
-40.1 443
-39.9 511
-39.7 462
-39.5 433
-39.3 453
-39.1 481
-38.9 498
-38.7 451
-38.5 461
-38.3 449
-38.1 462
-37.9 471
-37.7 481
-37.5 438
-37.3 469
-37.1 456
-36.9 449
-36.7 471
-36.5 417
-36.3 489
-36.1 480
-35.9 483
-35.7 451
-35.5 438
-35.3 477
-35.1 457
-34.9 483
-34.7 473
-34.5 473
-34.3 470
-34.1 474
-33.9 448
-33.7 441
-33.5 505
-33.3 452
-33.1 459
-32.9 499
-32.7 443
-32.5 480
-32.3 471
-32.1 423
-31.9 500
-31.7 497
-31.5 431
-31.3 495
-31.1 443
-30.9 460
-30.7 448
-30.5 466
-30.3 486
-30.1 479
-29.9 460
-29.7 430
-29.5 471
-29.3 476
-29.1 448
-28.9 474
-28.7 472
-28.5 449
-28.3 438
-28.1 455
-27.9 459
-27.7 488
-27.5 501
-27.3 469
-27.1 458
-26.9 465
-26.7 451
-26.5 482
-26.3 466
-26.1 491
-25.9 468
-25.7 472
-25.5 484
-25.3 453
-25.1 470
-24.9 453
-24.7 416
-24.5 462
-24.3 455
-24.1 454
-23.9 446
-23.7 458
-23.5 435
-23.3 407
-23.1 453
-22.9 451
-22.7 471
-22.5 429
-22.3 431
-22.1 493
-21.9 443
-21.7 464
-21.5 438
-21.3 504
-21.1 429
-20.9 442
-20.7 422
-20.5 472
-20.3 458
-20.1 463
-19.9 485
-19.7 492
-19.5 480
-19.3 445
-19.1 434
-18.9 492
-18.7 420
-18.5 455
-18.3 461
-18.1 494
-17.9 450
-17.7 468
-17.5 441
-17.3 449
-17.1 485
-16.9 476
-16.7 430
-16.5 461
-16.3 480
-16.1 477
-15.9 467
-15.7 427
-15.5 468
-15.3 454
-15.1 426
-14.9 469
-14.7 454
-14.5 442
-14.3 423
-14.1 447
-13.9 478
-13.7 465
-13.5 481
-13.3 454
-13.1 486
-12.9 472
-12.7 409
-12.5 466
-12.3 439
-12.1 483
-11.9 445
-11.7 435
-11.5 424
-11.3 448
-11.1 458
-10.9 480
-10.7 437
-10.5 477
-10.3 455
-10.1 471
-9.9 465
-9.7 462
-9.5 433
-9.3 459
-9.1 446
-8.9 437
-8.7 460
-8.5 461
-8.3 434
-8.1 443
-7.9 429
-7.7 425
-7.5 452
-7.3 418
-7.1 418
-6.9 456
-6.7 470
-6.5 462
-6.3 492
-6.1 436
-5.9 421
-5.7 469
-5.5 440
-5.3 440
-5.1 441
-4.9 461
-4.7 497
-4.5 412
-4.3 480
-4.1 465
-3.9 466
-3.7 448
-3.5 436
-3.3 420
-3.1 496
-2.9 458
-2.7 429
-2.5 433
-2.3 452
-2.1 463
-1.9 463
-1.7 462
-1.5 464
-1.3 458
-1.1 435
-0.9 474
-0.7 464
-0.5 388
-0.3 464
-0.1 480
0.1 448
0.3 461
0.5 473
0.7 459
0.9 468
1.1 459
1.3 446
1.5 456
1.7 460
1.9 438
2.1 451
2.3 482
2.5 448
2.7 448
2.9 443
3.1 475
3.3 462
3.5 433
3.7 414
3.9 476
4.1 448
4.3 458
4.5 411
4.7 436
4.9 461
5.1 467
5.3 476
5.5 434
5.7 444
5.9 477
6.1 432
6.3 454
6.5 435
6.7 461
6.9 423
7.1 481
7.3 459
7.5 470
7.7 451
7.9 449
8.1 450
8.3 435
8.5 447
8.7 431
8.9 479
9.1 496
9.3 455
9.5 462
9.7 450
9.9 416
10.1 452
10.3 497
10.5 473
10.7 442
10.9 463
11.1 454
11.3 457
11.5 485
11.7 438
11.9 445
12.1 442
12.3 435
12.5 458
12.7 449
12.9 466
13.1 469
13.3 463
13.5 434
13.7 414
13.9 413
14.1 435
14.3 447
14.5 424
14.7 399
14.9 432
15.1 419
15.3 442
15.5 441
15.7 397
15.9 431
16.1 384
16.3 431
16.5 386
16.7 400
16.9 433
17.1 423
17.3 395
17.5 396
17.7 406
17.9 393
18.1 416
18.3 385
18.5 410
18.7 362
18.9 353
19.1 375
19.3 358
19.5 341
19.7 352
19.9 314
20.1 329
20.3 326
20.5 326
20.7 338
20.9 365
21.1 334
21.3 317
21.5 321
21.7 321
21.9 290
22.1 376
22.3 294
22.5 281
22.7 261
22.9 291
23.1 251
23.3 281
23.5 265
23.7 250
23.9 242
24.1 232
24.3 254
24.5 232
24.7 207
24.9 247
25.1 229
25.3 205
25.5 228
25.7 202
25.9 201
26.1 204
26.3 179
26.5 153
26.7 190
26.9 189
27.1 172
27.3 190
27.5 166
27.7 166
27.9 161
28.1 149
28.3 151
28.5 133
28.7 146
28.9 119
29.1 116
29.3 151
29.5 115
29.7 118
29.9 115
30.1 110
30.3 105
30.5 87
30.7 113
30.9 104
31.1 111
31.3 101
31.5 99
31.7 94
31.9 76
32.1 71
32.3 102
32.5 76
32.7 64
32.9 62
33.1 73
33.3 64
33.5 58
33.7 50
33.9 58
34.1 60
34.3 52
34.5 55
34.7 43
34.9 39
35.1 42
35.3 40
35.5 35
35.7 38
35.9 28
36.1 27
36.3 34
36.5 25
36.7 35
36.9 31
37.1 27
37.3 16
37.5 21
37.7 22
37.9 17
38.1 19
38.3 17
38.5 19
38.7 13
38.9 14
39.1 15
39.3 17
39.5 12
39.7 16
39.9 17
40.1 12
40.3 9
40.5 6
40.7 9
40.9 10
41.1 8
41.3 8
41.5 5
41.7 10
41.9 5
42.1 5
42.3 4
42.5 7
42.7 5
42.9 5
43.1 5
43.3 2
43.5 3
43.7 5
43.9 0
44.1 3
44.3 4
44.5 5
44.7 3
44.9 1
45.1 1
45.3 3
45.5 0
45.7 2
45.9 0
46.1 0
46.3 4
46.5 0
46.7 0
46.9 1
47.1 1
47.3 1
47.5 2
47.7 1
47.9 0
48.1 2
48.3 2
48.5 0
48.7 0
48.9 0
49.1 0
49.3 0
49.5 1
49.7 1
49.9 1
