-209.9 0
-209.7 0
-209.5 0
-209.3 0
-209.1 0
-208.9 1
-208.7 0
-208.5 0
-208.3 0
-208.1 0
-207.9 0
-207.7 0
-207.5 0
-207.3 0
-207.1 0
-206.9 0
-206.7 0
-206.5 0
-206.3 0
-206.1 0
-205.9 0
-205.7 0
-205.5 0
-205.3 1
-205.1 0
-204.9 1
-204.7 0
-204.5 0
-204.3 0
-204.1 0
-203.9 0
-203.7 0
-203.5 0
-203.3 0
-203.1 0
-202.9 0
-202.7 0
-202.5 0
-202.3 0
-202.1 0
-201.9 1
-201.7 1
-201.5 0
-201.3 2
-201.1 1
-200.9 2
-200.7 5
-200.5 6
-200.3 7
-200.1 10
-199.9 5
-199.7 12
-199.5 17
-199.3 22
-199.1 30
-198.9 45
-198.7 54
-198.5 72
-198.3 87
-198.1 122
-197.9 116
-197.7 128
-197.5 189
-197.3 236
-197.1 288
-196.9 331
-196.7 399
-196.5 442
-196.3 537
-196.1 583
-195.9 661
-195.7 759
-195.5 797
-195.3 887
-195.1 942
-194.9 972
-194.7 1005
-194.5 1051
-194.3 1081
-194.1 1147
-193.9 1145
-193.7 1193
-193.5 1149
-193.3 1145
-193.1 1159
-192.9 1141
-192.7 1178
-192.5 1089
-192.3 1115
-192.1 1154
-191.9 1088
-191.7 1142
-191.5 1151
-191.3 1137
-191.1 1156
-190.9 1116
-190.7 1093
-190.5 1082
-190.3 1038
-190.1 1044
-189.9 1031
-189.7 1061
-189.5 1026
-189.3 1072
-189.1 1032
-188.9 965
-188.7 992
-188.5 1042
-188.3 1009
-188.1 1003
-187.9 1026
-187.7 961
-187.5 970
-187.3 918
-187.1 946
-186.9 907
-186.7 968
-186.5 972
-186.3 913
-186.1 964
-185.9 940
-185.7 967
-185.5 958
-185.3 931
-185.1 958
-184.9 942
-184.7 896
-184.5 913
-184.3 893
-184.1 889
-183.9 912
-183.7 865
-183.5 884
-183.3 878
-183.1 881
-182.9 886
-182.7 911
-182.5 823
-182.3 839
-182.1 842
-181.9 803
-181.7 778
-181.5 783
-181.3 766
-181.1 747
-180.9 732
-180.7 746
-180.5 743
-180.3 732
-180.1 718
-179.9 721
-179.7 743
-179.5 664
-179.3 666
-179.1 670
-178.9 679
-178.7 642
-178.5 654
-178.3 693
-178.1 660
-177.9 626
-177.7 623
-177.5 595
-177.3 575
-177.1 660
-176.9 594
-176.7 595
-176.5 593
-176.3 595
-176.1 567
-175.9 564
-175.7 549
-175.5 562
-175.3 560
-175.1 553
-174.9 554
-174.7 587
-174.5 565
-174.3 543
-174.1 580
-173.9 555
-173.7 516
-173.5 541
-173.3 537
-173.1 474
-172.9 549
-172.7 517
-172.5 530
-172.3 586
-172.1 511
-171.9 526
-171.7 544
-171.5 507
-171.3 526
-171.1 507
-170.9 517
-170.7 529
-170.5 511
-170.3 512
-170.1 518
-169.9 553
-169.7 533
-169.5 542
-169.3 501
-169.1 528
-168.9 517
-168.7 501
-168.5 469
-168.3 513
-168.1 502
-167.9 475
-167.7 511
-167.5 501
-167.3 507
-167.1 531
-166.9 495
-166.7 479
-166.5 482
-166.3 498
-166.1 507
-165.9 503
-165.7 497
-165.5 512
-165.3 489
-165.1 502
-164.9 479
-164.7 522
-164.5 497
-164.3 514
-164.1 476
-163.9 456
-163.7 456
-163.5 497
-163.3 489
-163.1 503
-162.9 527
-162.7 476
-162.5 480
-162.3 481
-162.1 487
-161.9 470
-161.7 454
-161.5 503
-161.3 517
-161.1 478
-160.9 481
-160.7 481
-160.5 474
-160.3 463
-160.1 486
-159.9 505
-159.7 449
-159.5 480
-159.3 470
-159.1 461
-158.9 482
-158.7 482
-158.5 485
-158.3 481
-158.1 501
-157.9 487
-157.7 504
-157.5 480
-157.3 437
-157.1 493
-156.9 454
-156.7 494
-156.5 494
-156.3 446
-156.1 484
-155.9 499
-155.7 464
-155.5 447
-155.3 473
-155.1 446
-154.9 446
-154.7 449
-154.5 415
-154.3 460
-154.1 468
-153.9 413
-153.7 453
-153.5 449
-153.3 450
-153.1 481
-152.9 469
-152.7 417
-152.5 467
-152.3 481
-152.1 435
-151.9 447
-151.7 457
-151.5 423
-151.3 437
-151.1 427
-150.9 444
-150.7 436
-150.5 448
-150.3 414
-150.1 416
-149.9 447
-149.7 430
-149.5 391
-149.3 452
-149.1 450
-148.9 437
-148.7 442
-148.5 460
-148.3 426
-148.1 443
-147.9 441
-147.7 456
-147.5 400
-147.3 411
-147.1 420
-146.9 445
-146.7 415
-146.5 446
-146.3 420
-146.1 439
-145.9 464
-145.7 460
-145.5 441
-145.3 447
-145.1 463
-144.9 448
-144.7 441
-144.5 439
-144.3 438
-144.1 468
-143.9 491
-143.7 480
-143.5 489
-143.3 468
-143.1 445
-142.9 469
-142.7 491
-142.5 443
-142.3 486
-142.1 523
-141.9 431
-141.7 472
-141.5 471
-141.3 510
-141.1 463
-140.9 475
-140.7 431
-140.5 462
-140.3 466
-140.1 496
-139.9 459
-139.7 462
-139.5 501
-139.3 487
-139.1 502
-138.9 481
-138.7 495
-138.5 498
-138.3 503
-138.1 482
-137.9 505
-137.7 474
-137.5 515
-137.3 537
-137.1 509
-136.9 505
-136.7 486
-136.5 487
-136.3 519
-136.1 515
-135.9 473
-135.7 521
-135.5 523
-135.3 518
-135.1 505
-134.9 529
-134.7 527
-134.5 478
-134.3 527
-134.1 494
-133.9 534
-133.7 538
-133.5 522
-133.3 499
-133.1 508
-132.9 516
-132.7 525
-132.5 525
-132.3 506
-132.1 460
-131.9 472
-131.7 535
-131.5 505
-131.3 512
-131.1 505
-130.9 476
-130.7 497
-130.5 465
-130.3 451
-130.1 521
-129.9 517
-129.7 486
-129.5 488
-129.3 508
-129.1 499
-128.9 462
-128.7 471
-128.5 479
-128.3 489
-128.1 506
-127.9 471
-127.7 507
-127.5 480
-127.3 473
-127.1 511
-126.9 467
-126.7 516
-126.5 456
-126.3 505
-126.1 470
-125.9 459
-125.7 491
-125.5 485
-125.3 488
-125.1 460
-124.9 460
-124.7 482
-124.5 500
-124.3 450
-124.1 468
-123.9 471
-123.7 463
-123.5 482
-123.3 492
-123.1 504
-122.9 498
-122.7 492
-122.5 452
-122.3 503
-122.1 475
-121.9 461
-121.7 509
-121.5 465
-121.3 468
-121.1 498
-120.9 494
-120.7 491
-120.5 487
-120.3 490
-120.1 469
-119.9 478
-119.7 470
-119.5 460
-119.3 449
-119.1 491
-118.9 511
-118.7 449
-118.5 485
-118.3 509
-118.1 480
-117.9 477
-117.7 510
-117.5 483
-117.3 471
-117.1 449
-116.9 474
-116.7 477
-116.5 466
-116.3 474
-116.1 502
-115.9 455
-115.7 474
-115.5 479
-115.3 445
-115.1 442
-114.9 466
-114.7 459
-114.5 446
-114.3 470
-114.1 457
-113.9 431
-113.7 456
-113.5 532
-113.3 516
-113.1 484
-112.9 468
-112.7 449
-112.5 444
-112.3 472
-112.1 461
-111.9 473
-111.7 481
-111.5 442
-111.3 454
-111.1 438
-110.9 481
-110.7 472
-110.5 486
-110.3 470
-110.1 465
-109.9 456
-109.7 430
-109.5 462
-109.3 523
-109.1 478
-108.9 477
-108.7 464
-108.5 485
-108.3 454
-108.1 475
-107.9 531
-107.7 459
-107.5 461
-107.3 486
-107.1 481
-106.9 482
-106.7 453
-106.5 448
-106.3 474
-106.1 470
-105.9 433
-105.7 497
-105.5 452
-105.3 474
-105.1 467
-104.9 480
-104.7 437
-104.5 467
-104.3 479
-104.1 485
-103.9 486
-103.7 502
-103.5 436
-103.3 438
-103.1 445
-102.9 455
-102.7 470
-102.5 477
-102.3 445
-102.1 482
-101.9 428
-101.7 507
-101.5 413
-101.3 467
-101.1 482
-100.9 437
-100.7 459
-100.5 468
-100.3 426
-100.1 463
-99.9 475
-99.7 446
-99.5 468
-99.3 416
-99.1 461
-98.9 427
-98.7 461
-98.5 430
-98.3 488
-98.1 434
-97.9 460
-97.7 429
-97.5 469
-97.3 432
-97.1 468
-96.9 477
-96.7 456
-96.5 469
-96.3 492
-96.1 456
-95.9 430
-95.7 476
-95.5 450
-95.3 491
-95.1 436
-94.9 445
-94.7 440
-94.5 462
-94.3 456
-94.1 441
-93.9 441
-93.7 442
-93.5 451
-93.3 433
-93.1 453
-92.9 487
-92.7 447
-92.5 406
-92.3 436
-92.1 449
-91.9 425
-91.7 477
-91.5 428
-91.3 450
-91.1 455
-90.9 452
-90.7 448
-90.5 463
-90.3 452
-90.1 484
-89.9 454
-89.7 458
-89.5 455
-89.3 432
-89.1 430
-88.9 462
-88.7 456
-88.5 436
-88.3 437
-88.1 484
-87.9 466
-87.7 431
-87.5 482
-87.3 440
-87.1 409
-86.9 458
-86.7 463
-86.5 404
-86.3 419
-86.1 441
-85.9 461
-85.7 451
-85.5 473
-85.3 479
-85.1 473
-84.9 459
-84.7 446
-84.5 449
-84.3 466
-84.1 463
-83.9 477
-83.7 434
-83.5 480
-83.3 429
-83.1 395
-82.9 461
-82.7 474
-82.5 472
-82.3 477
-82.1 417
-81.9 434
-81.7 419
-81.5 469
-81.3 434
-81.1 437
-80.9 412
-80.7 469
-80.5 470
-80.3 444
-80.1 451
-79.9 439
-79.7 472
-79.5 437
-79.3 450
-79.1 424
-78.9 459
-78.7 450
-78.5 472
-78.3 450
-78.1 414
-77.9 460
-77.7 485
-77.5 453
-77.3 453
-77.1 447
-76.9 454
-76.7 448
-76.5 441
-76.3 460
-76.1 424
-75.9 501
-75.7 445
-75.5 445
-75.3 435
-75.1 443
-74.9 467
-74.7 468
-74.5 514
-74.3 485
-74.1 482
-73.9 462
-73.7 470
-73.5 471
-73.3 445
-73.1 453
-72.9 497
-72.7 472
-72.5 471
-72.3 451
-72.1 485
-71.9 485
-71.7 477
-71.5 492
-71.3 457
-71.1 486
-70.9 453
-70.7 438
-70.5 456
-70.3 434
-70.1 448
-69.9 466
-69.7 459
-69.5 463
-69.3 477
-69.1 465
-68.9 458
-68.7 458
-68.5 453
-68.3 448
-68.1 452
-67.9 431
-67.7 506
-67.5 425
-67.3 439
-67.1 476
-66.9 486
-66.7 444
-66.5 472
-66.3 502
-66.1 439
-65.9 435
-65.7 505
-65.5 474
-65.3 465
-65.1 458
-64.9 472
-64.7 471
-64.5 448
-64.3 457
-64.1 467
-63.9 460
-63.7 463
-63.5 449
-63.3 498
-63.1 467
-62.9 490
-62.7 458
-62.5 472
-62.3 463
-62.1 471
-61.9 490
-61.7 487
-61.5 503
-61.3 449
-61.1 441
-60.9 471
-60.7 507
-60.5 456
-60.3 517
-60.1 446
-59.9 480
-59.7 439
-59.5 486
-59.3 431
-59.1 457
-58.9 498
-58.7 503
-58.5 501
-58.3 454
-58.1 468
-57.9 490
-57.7 458
-57.5 516
-57.3 461
-57.1 461
-56.9 483
-56.7 423
-56.5 467
-56.3 459
-56.1 452
-55.9 427
-55.7 432
-55.5 491
-55.3 470
-55.1 440
-54.9 514
-54.7 448
-54.5 472
-54.3 447
-54.1 487
-53.9 466
-53.7 461
-53.5 457
-53.3 470
-53.1 504
-52.9 477
-52.7 484
-52.5 465
-52.3 466
-52.1 450
-51.9 462
-51.7 430
-51.5 472
-51.3 475
-51.1 486
-50.9 473
-50.7 462
-50.5 467
-50.3 472
-50.1 478
-49.9 491
-49.7 447
-49.5 496
-49.3 457
-49.1 509
-48.9 477
-48.7 503
-48.5 450
-48.3 457
-48.1 474
-47.9 480
-47.7 454
-47.5 468
-47.3 477
-47.1 446
-46.9 477
-46.7 488
-46.5 448
-46.3 474
-46.1 485
-45.9 467
-45.7 474
-45.5 470
-45.3 450
-45.1 430
-44.9 421
-44.7 438
-44.5 491
-44.3 417
-44.1 468
-43.9 490
-43.7 495
-43.5 486
-43.3 471
-43.1 427
-42.9 467
-42.7 408
-42.5 411
-42.3 440
-42.1 460
-41.9 479
-41.7 476
-41.5 458
-41.3 423
-41.1 437
-40.9 464
-40.7 425
-40.5 441
-40.3 491
-40.1 479
-39.9 452
-39.7 417
-39.5 446
-39.3 441
-39.1 454
-38.9 482
-38.7 449
-38.5 490
-38.3 489
-38.1 455
-37.9 476
-37.7 457
-37.5 435
-37.3 465
-37.1 469
-36.9 442
-36.7 482
-36.5 471
-36.3 457
-36.1 448
-35.9 475
-35.7 478
-35.5 464
-35.3 486
-35.1 448
-34.9 470
-34.7 456
-34.5 476
-34.3 466
-34.1 451
-33.9 473
-33.7 474
-33.5 460
-33.3 478
-33.1 485
-32.9 442
-32.7 509
-32.5 478
-32.3 457
-32.1 467
-31.9 461
-31.7 459
-31.5 477
-31.3 524
-31.1 486
-30.9 457
-30.7 477
-30.5 451
-30.3 446
-30.1 480
-29.9 453
-29.7 431
-29.5 459
-29.3 480
-29.1 411
-28.9 469
-28.7 507
-28.5 462
-28.3 456
-28.1 477
-27.9 443
-27.7 420
-27.5 449
-27.3 483
-27.1 438
-26.9 419
-26.7 461
-26.5 469
-26.3 431
-26.1 424
-25.9 407
-25.7 478
-25.5 469
-25.3 465
-25.1 472
-24.9 443
-24.7 459
-24.5 446
-24.3 466
-24.1 504
-23.9 476
-23.7 456
-23.5 424
-23.3 470
-23.1 424
-22.9 488
-22.7 462
-22.5 450
-22.3 484
-22.1 457
-21.9 443
-21.7 441
-21.5 496
-21.3 443
-21.1 463
-20.9 489
-20.7 482
-20.5 433
-20.3 467
-20.1 459
-19.9 477
-19.7 424
-19.5 470
-19.3 459
-19.1 452
-18.9 481
-18.7 451
-18.5 446
-18.3 439
-18.1 471
-17.9 424
-17.7 485
-17.5 458
-17.3 471
-17.1 460
-16.9 497
-16.7 428
-16.5 455
-16.3 440
-16.1 504
-15.9 444
-15.7 432
-15.5 443
-15.3 497
-15.1 459
-14.9 446
-14.7 461
-14.5 475
-14.3 469
-14.1 434
-13.9 476
-13.7 453
-13.5 466
-13.3 462
-13.1 466
-12.9 476
-12.7 444
-12.5 440
-12.3 457
-12.1 460
-11.9 484
-11.7 391
-11.5 471
-11.3 445
-11.1 446
-10.9 437
-10.7 466
-10.5 459
-10.3 462
-10.1 484
-9.9 489
-9.7 465
-9.5 435
-9.3 465
-9.1 446
-8.9 485
-8.7 478
-8.5 482
-8.3 457
-8.1 462
-7.9 439
-7.7 466
-7.5 448
-7.3 470
-7.1 491
-6.9 457
-6.7 438
-6.5 487
-6.3 460
-6.1 476
-5.9 455
-5.7 480
-5.5 400
-5.3 449
-5.1 493
-4.9 485
-4.7 472
-4.5 452
-4.3 455
-4.1 469
-3.9 452
-3.7 466
-3.5 503
-3.3 453
-3.1 466
-2.9 420
-2.7 469
-2.5 458
-2.3 502
-2.1 444
-1.9 461
-1.7 464
-1.5 462
-1.3 459
-1.1 474
-0.9 456
-0.7 453
-0.5 465
-0.3 445
-0.1 460
0.1 477
0.3 441
0.5 445
0.7 455
0.9 476
1.1 491
1.3 503
1.5 476
1.7 500
1.9 496
2.1 478
2.3 477
2.5 431
2.7 491
2.9 462
3.1 477
3.3 459
3.5 411
3.7 468
3.9 475
4.1 472
4.3 494
4.5 445
4.7 468
4.9 450
5.1 427
5.3 448
5.5 457
5.7 417
5.9 431
6.1 478
6.3 458
6.5 469
6.7 476
6.9 465
7.1 458
7.3 445
7.5 468
7.7 462
7.9 480
8.1 468
8.3 424
8.5 449
8.7 483
8.9 459
9.1 473
9.3 428
9.5 480
9.7 435
9.9 418
10.1 455
10.3 441
10.5 385
10.7 415
10.9 433
11.1 418
11.3 423
11.5 459
11.7 426
11.9 454
12.1 455
12.3 442
12.5 427
12.7 398
12.9 424
13.1 439
13.3 423
13.5 458
13.7 446
13.9 462
14.1 446
14.3 415
14.5 392
14.7 413
14.9 412
15.1 406
15.3 387
15.5 414
15.7 395
15.9 357
16.1 380
16.3 385
16.5 393
16.7 387
16.9 374
17.1 334
17.3 380
17.5 384
17.7 368
17.9 374
18.1 363
18.3 363
18.5 349
18.7 333
18.9 361
19.1 349
19.3 330
19.5 325
19.7 316
19.9 365
20.1 291
20.3 340
20.5 312
20.7 347
20.9 294
21.1 266
21.3 297
21.5 250
21.7 272
21.9 276
22.1 246
22.3 291
22.5 259
22.7 260
22.9 233
23.1 262
23.3 216
23.5 234
23.7 236
23.9 223
24.1 248
24.3 219
24.5 217
24.7 210
24.9 224
25.1 202
25.3 192
25.5 197
25.7 182
25.9 160
26.1 179
26.3 184
26.5 167
26.7 179
26.9 170
27.1 154
27.3 159
27.5 141
27.7 155
27.9 131
28.1 135
28.3 128
28.5 148
28.7 128
28.9 120
29.1 122
29.3 136
29.5 102
29.7 126
29.9 106
30.1 96
30.3 96
30.5 85
30.7 87
30.9 72
31.1 88
31.3 66
31.5 69
31.7 73
31.9 75
32.1 78
32.3 70
32.5 69
32.7 54
32.9 73
33.1 65
33.3 54
33.5 50
33.7 48
33.9 29
34.1 53
34.3 42
34.5 41
34.7 34
34.9 37
35.1 32
35.3 35
35.5 36
35.7 29
35.9 29
36.1 18
36.3 21
36.5 21
36.7 26
36.9 29
37.1 19
37.3 12
37.5 14
37.7 13
37.9 13
38.1 15
38.3 9
38.5 14
38.7 12
38.9 9
39.1 12
39.3 13
39.5 8
39.7 7
39.9 9
40.1 9
40.3 10
40.5 7
40.7 4
40.9 9
41.1 3
41.3 3
41.5 4
41.7 4
41.9 3
42.1 5
42.3 5
42.5 2
42.7 5
42.9 3
43.1 4
43.3 1
43.5 5
43.7 1
43.9 2
44.1 4
44.3 1
44.5 4
44.7 1
44.9 0
45.1 1
45.3 0
45.5 0
45.7 1
45.9 1
46.1 2
46.3 1
46.5 1
46.7 0
46.9 0
47.1 0
47.3 0
47.5 0
47.7 0
47.9 0
48.1 0
48.3 0
48.5 0
48.7 0
48.9 0
49.1 0
49.3 0
49.5 1
49.7 0
49.9 0
