-209.9 0
-209.7 1
-209.5 0
-209.3 0
-209.1 0
-208.9 0
-208.7 0
-208.5 0
-208.3 1
-208.1 0
-207.9 0
-207.7 1
-207.5 0
-207.3 0
-207.1 0
-206.9 0
-206.7 0
-206.5 1
-206.3 0
-206.1 0
-205.9 0
-205.7 0
-205.5 0
-205.3 1
-205.1 0
-204.9 0
-204.7 0
-204.5 0
-204.3 0
-204.1 2
-203.9 0
-203.7 0
-203.5 0
-203.3 0
-203.1 0
-202.9 0
-202.7 0
-202.5 1
-202.3 0
-202.1 0
-201.9 0
-201.7 0
-201.5 0
-201.3 0
-201.1 0
-200.9 0
-200.7 0
-200.5 0
-200.3 0
-200.1 0
-199.9 0
-199.7 0
-199.5 0
-199.3 0
-199.1 0
-198.9 1
-198.7 0
-198.5 1
-198.3 0
-198.1 8
-197.9 16
-197.7 11
-197.5 14
-197.3 17
-197.1 31
-196.9 44
-196.7 60
-196.5 73
-196.3 92
-196.1 141
-195.9 149
-195.7 166
-195.5 258
-195.3 279
-195.1 356
-194.9 406
-194.7 465
-194.5 486
-194.3 555
-194.1 602
-193.9 624
-193.7 655
-193.5 685
-193.3 704
-193.1 764
-192.9 748
-192.7 831
-192.5 815
-192.3 779
-192.1 827
-191.9 878
-191.7 840
-191.5 887
-191.3 819
-191.1 844
-190.9 853
-190.7 879
-190.5 849
-190.3 897
-190.1 799
-189.9 843
-189.7 847
-189.5 814
-189.3 825
-189.1 873
-188.9 827
-188.7 819
-188.5 818
-188.3 771
-188.1 819
-187.9 758
-187.7 821
-187.5 788
-187.3 782
-187.1 745
-186.9 731
-186.7 780
-186.5 770
-186.3 723
-186.1 748
-185.9 734
-185.7 780
-185.5 728
-185.3 737
-185.1 694
-184.9 689
-184.7 728
-184.5 743
-184.3 715
-184.1 700
-183.9 754
-183.7 701
-183.5 706
-183.3 640
-183.1 664
-182.9 687
-182.7 703
-182.5 667
-182.3 664
-182.1 656
-181.9 638
-181.7 650
-181.5 703
-181.3 638
-181.1 600
-180.9 644
-180.7 653
-180.5 591
-180.3 623
-180.1 617
-179.9 602
-179.7 639
-179.5 635
-179.3 555
-179.1 584
-178.9 644
-178.7 551
-178.5 555
-178.3 567
-178.1 598
-177.9 569
-177.7 559
-177.5 540
-177.3 555
-177.1 523
-176.9 500
-176.7 522
-176.5 538
-176.3 538
-176.1 537
-175.9 527
-175.7 499
-175.5 515
-175.3 509
-175.1 539
-174.9 509
-174.7 544
-174.5 546
-174.3 529
-174.1 513
-173.9 511
-173.7 517
-173.5 538
-173.3 497
-173.1 485
-172.9 500
-172.7 518
-172.5 502
-172.3 496
-172.1 472
-171.9 453
-171.7 480
-171.5 496
-171.3 506
-171.1 512
-170.9 501
-170.7 477
-170.5 481
-170.3 468
-170.1 468
-169.9 513
-169.7 477
-169.5 478
-169.3 485
-169.1 458
-168.9 456
-168.7 477
-168.5 476
-168.3 503
-168.1 458
-167.9 472
-167.7 472
-167.5 470
-167.3 426
-167.1 519
-166.9 466
-166.7 450
-166.5 456
-166.3 451
-166.1 499
-165.9 475
-165.7 457
-165.5 439
-165.3 460
-165.1 477
-164.9 457
-164.7 451
-164.5 475
-164.3 472
-164.1 471
-163.9 488
-163.7 470
-163.5 468
-163.3 457
-163.1 449
-162.9 473
-162.7 452
-162.5 417
-162.3 486
-162.1 466
-161.9 464
-161.7 460
-161.5 464
-161.3 440
-161.1 491
-160.9 439
-160.7 489
-160.5 443
-160.3 486
-160.1 460
-159.9 460
-159.7 462
-159.5 446
-159.3 448
-159.1 451
-158.9 465
-158.7 425
-158.5 443
-158.3 465
-158.1 482
-157.9 487
-157.7 497
-157.5 436
-157.3 480
-157.1 427
-156.9 473
-156.7 432
-156.5 451
-156.3 475
-156.1 483
-155.9 447
-155.7 445
-155.5 456
-155.3 506
-155.1 464
-154.9 447
-154.7 487
-154.5 441
-154.3 444
-154.1 439
-153.9 460
-153.7 495
-153.5 433
-153.3 439
-153.1 464
-152.9 454
-152.7 473
-152.5 458
-152.3 460
-152.1 406
-151.9 473
-151.7 451
-151.5 433
-151.3 433
-151.1 439
-150.9 457
-150.7 472
-150.5 459
-150.3 429
-150.1 469
-149.9 451
-149.7 493
-149.5 411
-149.3 476
-149.1 488
-148.9 427
-148.7 448
-148.5 413
-148.3 444
-148.1 450
-147.9 476
-147.7 445
-147.5 496
-147.3 431
-147.1 453
-146.9 450
-146.7 430
-146.5 409
-146.3 432
-146.1 452
-145.9 461
-145.7 444
-145.5 459
-145.3 448
-145.1 450
-144.9 445
-144.7 401
-144.5 471
-144.3 448
-144.1 460
-143.9 438
-143.7 441
-143.5 438
-143.3 488
-143.1 444
-142.9 435
-142.7 421
-142.5 413
-142.3 426
-142.1 429
-141.9 433
-141.7 426
-141.5 480
-141.3 464
-141.1 410
-140.9 434
-140.7 445
-140.5 414
-140.3 415
-140.1 478
-139.9 437
-139.7 430
-139.5 454
-139.3 470
-139.1 414
-138.9 427
-138.7 471
-138.5 439
-138.3 438
-138.1 400
-137.9 439
-137.7 416
-137.5 460
-137.3 424
-137.1 450
-136.9 420
-136.7 439
-136.5 452
-136.3 425
-136.1 453
-135.9 410
-135.7 427
-135.5 427
-135.3 468
-135.1 433
-134.9 453
-134.7 440
-134.5 446
-134.3 479
-134.1 448
-133.9 481
-133.7 468
-133.5 438
-133.3 458
-133.1 457
-132.9 479
-132.7 444
-132.5 426
-132.3 446
-132.1 459
-131.9 463
-131.7 485
-131.5 457
-131.3 461
-131.1 454
-130.9 441
-130.7 431
-130.5 466
-130.3 466
-130.1 483
-129.9 435
-129.7 460
-129.5 430
-129.3 466
-129.1 451
-128.9 487
-128.7 454
-128.5 472
-128.3 452
-128.1 450
-127.9 491
-127.7 434
-127.5 470
-127.3 468
-127.1 449
-126.9 485
-126.7 464
-126.5 474
-126.3 487
-126.1 441
-125.9 431
-125.7 474
-125.5 418
-125.3 442
-125.1 437
-124.9 496
-124.7 502
-124.5 452
-124.3 495
-124.1 441
-123.9 448
-123.7 406
-123.5 452
-123.3 432
-123.1 460
-122.9 444
-122.7 472
-122.5 480
-122.3 470
-122.1 449
-121.9 449
-121.7 469
-121.5 474
-121.3 469
-121.1 464
-120.9 456
-120.7 456
-120.5 444
-120.3 475
-120.1 437
-119.9 434
-119.7 440
-119.5 442
-119.3 449
-119.1 463
-118.9 462
-118.7 439
-118.5 432
-118.3 465
-118.1 440
-117.9 449
-117.7 487
-117.5 426
-117.3 460
-117.1 419
-116.9 451
-116.7 454
-116.5 435
-116.3 503
-116.1 436
-115.9 480
-115.7 412
-115.5 440
-115.3 438
-115.1 426
-114.9 443
-114.7 415
-114.5 444
-114.3 465
-114.1 404
-113.9 434
-113.7 447
-113.5 482
-113.3 431
-113.1 444
-112.9 430
-112.7 461
-112.5 503
-112.3 441
-112.1 439
-111.9 445
-111.7 464
-111.5 434
-111.3 449
-111.1 446
-110.9 420
-110.7 455
-110.5 418
-110.3 454
-110.1 462
-109.9 442
-109.7 412
-109.5 484
-109.3 423
-109.1 427
-108.9 430
-108.7 432
-108.5 464
-108.3 415
-108.1 444
-107.9 446
-107.7 428
-107.5 430
-107.3 442
-107.1 447
-106.9 450
-106.7 434
-106.5 445
-106.3 428
-106.1 480
-105.9 432
-105.7 444
-105.5 419
-105.3 410
-105.1 412
-104.9 447
-104.7 423
-104.5 447
-104.3 395
-104.1 449
-103.9 419
-103.7 427
-103.5 437
-103.3 412
-103.1 446
-102.9 446
-102.7 413
-102.5 433
-102.3 435
-102.1 457
-101.9 450
-101.7 436
-101.5 440
-101.3 433
-101.1 435
-100.9 462
-100.7 448
-100.5 456
-100.3 438
-100.1 461
-99.9 464
-99.7 375
-99.5 498
-99.3 438
-99.1 428
-98.9 431
-98.7 442
-98.5 414
-98.3 426
-98.1 434
-97.9 412
-97.7 462
-97.5 437
-97.3 468
-97.1 443
-96.9 428
-96.7 466
-96.5 434
-96.3 424
-96.1 409
-95.9 411
-95.7 453
-95.5 419
-95.3 429
-95.1 439
-94.9 467
-94.7 415
-94.5 462
-94.3 426
-94.1 437
-93.9 425
-93.7 445
-93.5 452
-93.3 455
-93.1 456
-92.9 439
-92.7 454
-92.5 431
-92.3 484
-92.1 424
-91.9 461
-91.7 450
-91.5 429
-91.3 429
-91.1 455
-90.9 444
-90.7 450
-90.5 474
-90.3 475
-90.1 461
-89.9 421
-89.7 456
-89.5 472
-89.3 454
-89.1 403
-88.9 426
-88.7 412
-88.5 434
-88.3 424
-88.1 453
-87.9 444
-87.7 454
-87.5 477
-87.3 489
-87.1 425
-86.9 446
-86.7 476
-86.5 459
-86.3 463
-86.1 476
-85.9 466
-85.7 476
-85.5 392
-85.3 442
-85.1 422
-84.9 420
-84.7 423
-84.5 457
-84.3 413
-84.1 429
-83.9 426
-83.7 452
-83.5 428
-83.3 428
-83.1 422
-82.9 478
-82.7 420
-82.5 424
-82.3 419
-82.1 439
-81.9 432
-81.7 453
-81.5 438
-81.3 459
-81.1 443
-80.9 446
-80.7 409
-80.5 449
-80.3 441
-80.1 444
-79.9 494
-79.7 410
-79.5 446
-79.3 462
-79.1 419
-78.9 432
-78.7 422
-78.5 423
-78.3 444
-78.1 469
-77.9 423
-77.7 444
-77.5 446
-77.3 440
-77.1 418
-76.9 423
-76.7 435
-76.5 429
-76.3 450
-76.1 446
-75.9 415
-75.7 432
-75.5 436
-75.3 407
-75.1 475
-74.9 408
-74.7 417
-74.5 439
-74.3 384
-74.1 439
-73.9 458
-73.7 452
-73.5 438
-73.3 438
-73.1 438
-72.9 384
-72.7 426
-72.5 442
-72.3 420
-72.1 424
-71.9 446
-71.7 405
-71.5 440
-71.3 464
-71.1 463
-70.9 429
-70.7 449
-70.5 458
-70.3 421
-70.1 437
-69.9 444
-69.7 467
-69.5 432
-69.3 438
-69.1 418
-68.9 437
-68.7 451
-68.5 420
-68.3 440
-68.1 465
-67.9 420
-67.7 424
-67.5 410
-67.3 418
-67.1 454
-66.9 470
-66.7 421
-66.5 451
-66.3 488
-66.1 432
-65.9 431
-65.7 465
-65.5 421
-65.3 450
-65.1 445
-64.9 437
-64.7 398
-64.5 438
-64.3 457
-64.1 454
-63.9 445
-63.7 390
-63.5 458
-63.3 489
-63.1 438
-62.9 413
-62.7 434
-62.5 407
-62.3 402
-62.1 447
-61.9 473
-61.7 476
-61.5 438
-61.3 432
-61.1 423
-60.9 438
-60.7 455
-60.5 406
-60.3 424
-60.1 460
-59.9 459
-59.7 432
-59.5 467
-59.3 401
-59.1 421
-58.9 470
-58.7 464
-58.5 418
-58.3 449
-58.1 440
-57.9 447
-57.7 441
-57.5 428
-57.3 433
-57.1 417
-56.9 429
-56.7 461
-56.5 442
-56.3 415
-56.1 451
-55.9 435
-55.7 424
-55.5 428
-55.3 454
-55.1 432
-54.9 458
-54.7 411
-54.5 457
-54.3 455
-54.1 445
-53.9 402
-53.7 444
-53.5 424
-53.3 423
-53.1 447
-52.9 477
-52.7 437
-52.5 450
-52.3 441
-52.1 371
-51.9 449
-51.7 472
-51.5 435
-51.3 444
-51.1 446
-50.9 470
-50.7 408
-50.5 423
-50.3 431
-50.1 442
-49.9 448
-49.7 457
-49.5 464
-49.3 430
-49.1 427
-48.9 441
-48.7 444
-48.5 426
-48.3 447
-48.1 446
-47.9 437
-47.7 432
-47.5 445
-47.3 452
-47.1 440
-46.9 464
-46.7 444
-46.5 403
-46.3 405
-46.1 436
-45.9 459
-45.7 396
-45.5 454
-45.3 481
-45.1 431
-44.9 444
-44.7 451
-44.5 439
-44.3 452
-44.1 410
-43.9 437
-43.7 434
-43.5 430
-43.3 443
-43.1 456
-42.9 447
-42.7 420
-42.5 478
-42.3 471
-42.1 412
-41.9 422
-41.7 433
-41.5 415
-41.3 429
-41.1 448
-40.9 419
-40.7 424
-40.5 437
-40.3 433
-40.1 465
-39.9 462
-39.7 443
-39.5 453
-39.3 411
-39.1 457
-38.9 438
-38.7 416
-38.5 425
-38.3 489
-38.1 416
-37.9 423
-37.7 456
-37.5 411
-37.3 455
-37.1 418
-36.9 443
-36.7 451
-36.5 430
-36.3 442
-36.1 421
-35.9 429
-35.7 421
-35.5 443
-35.3 453
-35.1 461
-34.9 440
-34.7 466
-34.5 450
-34.3 426
-34.1 442
-33.9 419
-33.7 495
-33.5 422
-33.3 424
-33.1 429
-32.9 443
-32.7 442
-32.5 395
-32.3 420
-32.1 454
-31.9 461
-31.7 430
-31.5 438
-31.3 415
-31.1 458
-30.9 471
-30.7 439
-30.5 437
-30.3 419
-30.1 424
-29.9 449
-29.7 458
-29.5 428
-29.3 447
-29.1 413
-28.9 455
-28.7 442
-28.5 434
-28.3 444
-28.1 468
-27.9 425
-27.7 423
-27.5 428
-27.3 461
-27.1 426
-26.9 437
-26.7 422
-26.5 457
-26.3 426
-26.1 469
-25.9 426
-25.7 432
-25.5 453
-25.3 469
-25.1 388
-24.9 469
-24.7 437
-24.5 435
-24.3 398
-24.1 433
-23.9 440
-23.7 436
-23.5 386
-23.3 437
-23.1 416
-22.9 415
-22.7 445
-22.5 466
-22.3 430
-22.1 448
-21.9 416
-21.7 454
-21.5 490
-21.3 442
-21.1 448
-20.9 467
-20.7 453
-20.5 420
-20.3 423
-20.1 419
-19.9 433
-19.7 445
-19.5 463
-19.3 427
-19.1 422
-18.9 471
-18.7 483
-18.5 437
-18.3 454
-18.1 454
-17.9 400
-17.7 443
-17.5 433
-17.3 473
-17.1 447
-16.9 412
-16.7 432
-16.5 416
-16.3 424
-16.1 413
-15.9 448
-15.7 437
-15.5 423
-15.3 483
-15.1 444
-14.9 436
-14.7 437
-14.5 439
-14.3 417
-14.1 427
-13.9 415
-13.7 453
-13.5 457
-13.3 422
-13.1 456
-12.9 460
-12.7 458
-12.5 453
-12.3 404
-12.1 444
-11.9 472
-11.7 444
-11.5 426
-11.3 426
-11.1 444
-10.9 443
-10.7 448
-10.5 412
-10.3 435
-10.1 444
-9.9 436
-9.7 462
-9.5 409
-9.3 407
-9.1 404
-8.9 450
-8.7 426
-8.5 435
-8.3 438
-8.1 425
-7.9 470
-7.7 474
-7.5 437
-7.3 445
-7.1 452
-6.9 444
-6.7 404
-6.5 433
-6.3 422
-6.1 418
-5.9 420
-5.7 522
-5.5 461
-5.3 421
-5.1 470
-4.9 428
-4.7 450
-4.5 464
-4.3 437
-4.1 425
-3.9 411
-3.7 475
-3.5 452
-3.3 445
-3.1 439
-2.9 447
-2.7 454
-2.5 427
-2.3 469
-2.1 453
-1.9 471
-1.7 425
-1.5 400
-1.3 481
-1.1 446
-0.9 457
-0.7 476
-0.5 440
-0.3 436
-0.1 450
0.1 451
0.3 433
0.5 455
0.7 450
0.9 492
1.1 440
1.3 419
1.5 439
1.7 439
1.9 438
2.1 436
2.3 449
2.5 409
2.7 452
2.9 458
3.1 445
3.3 445
3.5 468
3.7 447
3.9 472
4.1 435
4.3 452
4.5 433
4.7 409
4.9 472
5.1 416
5.3 438
5.5 433
5.7 445
5.9 425
6.1 443
6.3 421
6.5 445
6.7 442
6.9 445
7.1 474
7.3 417
7.5 421
7.7 454
7.9 438
8.1 381
8.3 432
8.5 410
8.7 436
8.9 437
9.1 465
9.3 439
9.5 436
9.7 419
9.9 438
10.1 443
10.3 403
10.5 412
10.7 405
10.9 425
11.1 402
11.3 426
11.5 394
11.7 375
11.9 371
12.1 394
12.3 404
12.5 405
12.7 414
12.9 452
13.1 384
13.3 374
13.5 369
13.7 391
13.9 362
14.1 406
14.3 360
14.5 393
14.7 366
14.9 360
15.1 357
15.3 354
15.5 365
15.7 341
15.9 365
16.1 342
16.3 354
16.5 332
16.7 306
16.9 343
17.1 342
17.3 325
17.5 356
17.7 303
17.9 336
18.1 349
18.3 285
18.5 281
18.7 336
18.9 250
19.1 306
19.3 310
19.5 287
19.7 285
19.9 237
20.1 271
20.3 256
20.5 224
20.7 229
20.9 251
21.1 251
21.3 234
21.5 270
21.7 247
21.9 205
22.1 215
22.3 213
22.5 201
22.7 231
22.9 229
23.1 209
23.3 177
23.5 170
23.7 173
23.9 168
24.1 151
24.3 142
24.5 153
24.7 156
24.9 142
25.1 147
25.3 138
25.5 156
25.7 132
25.9 120
26.1 130
26.3 123
26.5 129
26.7 135
26.9 106
27.1 102
27.3 107
27.5 121
27.7 109
27.9 103
28.1 95
28.3 89
28.5 99
28.7 79
28.9 69
29.1 76
29.3 91
29.5 53
29.7 85
29.9 68
30.1 68
30.3 72
30.5 51
30.7 44
30.9 52
31.1 43
31.3 53
31.5 59
31.7 54
31.9 42
32.1 36
32.3 44
32.5 38
32.7 45
32.9 31
33.1 30
33.3 47
33.5 31
33.7 26
33.9 31
34.1 30
34.3 29
34.5 28
34.7 24
34.9 18
35.1 21
35.3 21
35.5 16
35.7 18
35.9 17
36.1 21
36.3 15
36.5 18
36.7 16
36.9 12
37.1 17
37.3 9
37.5 11
37.7 14
37.9 10
38.1 8
38.3 13
38.5 13
38.7 9
38.9 0
39.1 7
39.3 7
39.5 6
39.7 4
39.9 3
40.1 4
40.3 2
40.5 1
40.7 5
40.9 2
41.1 3
41.3 0
41.5 1
41.7 2
41.9 3
42.1 2
42.3 0
42.5 2
42.7 1
42.9 2
43.1 4
43.3 0
43.5 1
43.7 0
43.9 0
44.1 1
44.3 1
44.5 4
44.7 0
44.9 1
45.1 0
45.3 1
45.5 3
45.7 1
45.9 1
46.1 0
46.3 0
46.5 0
46.7 0
46.9 1
47.1 0
47.3 0
47.5 1
47.7 0
47.9 0
48.1 0
48.3 1
48.5 0
48.7 0
48.9 0
49.1 0
49.3 0
49.5 2
49.7 0
49.9 0
