-209.9 0
-209.7 0
-209.5 1
-209.3 0
-209.1 0
-208.9 0
-208.7 0
-208.5 0
-208.3 0
-208.1 0
-207.9 1
-207.7 0
-207.5 0
-207.3 0
-207.1 0
-206.9 0
-206.7 0
-206.5 1
-206.3 1
-206.1 1
-205.9 1
-205.7 1
-205.5 1
-205.3 1
-205.1 1
-204.9 0
-204.7 0
-204.5 0
-204.3 2
-204.1 0
-203.9 1
-203.7 0
-203.5 2
-203.3 0
-203.1 0
-202.9 0
-202.7 0
-202.5 0
-202.3 0
-202.1 0
-201.9 0
-201.7 0
-201.5 0
-201.3 0
-201.1 1
-200.9 2
-200.7 0
-200.5 1
-200.3 0
-200.1 3
-199.9 0
-199.7 3
-199.5 4
-199.3 3
-199.1 6
-198.9 9
-198.7 8
-198.5 10
-198.3 31
-198.1 24
-197.9 32
-197.7 43
-197.5 55
-197.3 77
-197.1 78
-196.9 97
-196.7 126
-196.5 153
-196.3 176
-196.1 209
-195.9 224
-195.7 272
-195.5 306
-195.3 335
-195.1 403
-194.9 400
-194.7 493
-194.5 528
-194.3 525
-194.1 606
-193.9 583
-193.7 587
-193.5 642
-193.3 642
-193.1 661
-192.9 670
-192.7 771
-192.5 744
-192.3 762
-192.1 809
-191.9 781
-191.7 785
-191.5 777
-191.3 814
-191.1 827
-190.9 764
-190.7 813
-190.5 817
-190.3 847
-190.1 812
-189.9 821
-189.7 847
-189.5 829
-189.3 794
-189.1 880
-188.9 833
-188.7 775
-188.5 849
-188.3 844
-188.1 784
-187.9 807
-187.7 796
-187.5 792
-187.3 785
-187.1 802
-186.9 791
-186.7 796
-186.5 778
-186.3 767
-186.1 783
-185.9 800
-185.7 784
-185.5 724
-185.3 777
-185.1 774
-184.9 773
-184.7 777
-184.5 750
-184.3 737
-184.1 759
-183.9 686
-183.7 767
-183.5 713
-183.3 717
-183.1 727
-182.9 679
-182.7 701
-182.5 689
-182.3 686
-182.1 647
-181.9 697
-181.7 646
-181.5 613
-181.3 643
-181.1 669
-180.9 624
-180.7 625
-180.5 643
-180.3 636
-180.1 595
-179.9 581
-179.7 577
-179.5 574
-179.3 554
-179.1 576
-178.9 592
-178.7 589
-178.5 603
-178.3 597
-178.1 574
-177.9 572
-177.7 600
-177.5 551
-177.3 570
-177.1 538
-176.9 542
-176.7 543
-176.5 500
-176.3 513
-176.1 530
-175.9 480
-175.7 529
-175.5 552
-175.3 592
-175.1 518
-174.9 549
-174.7 524
-174.5 501
-174.3 510
-174.1 540
-173.9 504
-173.7 505
-173.5 511
-173.3 493
-173.1 494
-172.9 513
-172.7 536
-172.5 510
-172.3 475
-172.1 496
-171.9 488
-171.7 514
-171.5 468
-171.3 473
-171.1 493
-170.9 473
-170.7 476
-170.5 447
-170.3 487
-170.1 520
-169.9 492
-169.7 463
-169.5 477
-169.3 469
-169.1 471
-168.9 479
-168.7 477
-168.5 471
-168.3 470
-168.1 449
-167.9 497
-167.7 484
-167.5 482
-167.3 478
-167.1 452
-166.9 451
-166.7 482
-166.5 493
-166.3 491
-166.1 446
-165.9 511
-165.7 519
-165.5 464
-165.3 493
-165.1 456
-164.9 466
-164.7 487
-164.5 460
-164.3 459
-164.1 452
-163.9 441
-163.7 480
-163.5 478
-163.3 501
-163.1 450
-162.9 501
-162.7 445
-162.5 483
-162.3 453
-162.1 477
-161.9 469
-161.7 456
-161.5 453
-161.3 470
-161.1 453
-160.9 451
-160.7 496
-160.5 462
-160.3 427
-160.1 492
-159.9 469
-159.7 472
-159.5 495
-159.3 494
-159.1 440
-158.9 460
-158.7 459
-158.5 481
-158.3 453
-158.1 492
-157.9 452
-157.7 459
-157.5 479
-157.3 485
-157.1 510
-156.9 461
-156.7 500
-156.5 436
-156.3 467
-156.1 507
-155.9 451
-155.7 454
-155.5 475
-155.3 450
-155.1 494
-154.9 487
-154.7 448
-154.5 459
-154.3 464
-154.1 459
-153.9 455
-153.7 437
-153.5 485
-153.3 484
-153.1 463
-152.9 485
-152.7 468
-152.5 461
-152.3 482
-152.1 515
-151.9 430
-151.7 469
-151.5 503
-151.3 486
-151.1 462
-150.9 476
-150.7 444
-150.5 462
-150.3 455
-150.1 459
-149.9 488
-149.7 440
-149.5 453
-149.3 464
-149.1 446
-148.9 465
-148.7 471
-148.5 478
-148.3 470
-148.1 494
-147.9 468
-147.7 467
-147.5 444
-147.3 474
-147.1 452
-146.9 460
-146.7 475
-146.5 458
-146.3 460
-146.1 428
-145.9 456
-145.7 456
-145.5 447
-145.3 431
-145.1 422
-144.9 496
-144.7 482
-144.5 476
-144.3 477
-144.1 448
-143.9 414
-143.7 450
-143.5 404
-143.3 462
-143.1 468
-142.9 451
-142.7 482
-142.5 436
-142.3 439
-142.1 447
-141.9 451
-141.7 462
-141.5 426
-141.3 473
-141.1 451
-140.9 437
-140.7 472
-140.5 483
-140.3 423
-140.1 474
-139.9 422
-139.7 396
-139.5 483
-139.3 446
-139.1 439
-138.9 444
-138.7 458
-138.5 456
-138.3 421
-138.1 463
-137.9 440
-137.7 468
-137.5 458
-137.3 464
-137.1 429
-136.9 487
-136.7 464
-136.5 456
-136.3 498
-136.1 446
-135.9 457
-135.7 419
-135.5 472
-135.3 477
-135.1 459
-134.9 434
-134.7 470
-134.5 482
-134.3 419
-134.1 487
-133.9 464
-133.7 450
-133.5 475
-133.3 456
-133.1 452
-132.9 466
-132.7 479
-132.5 473
-132.3 466
-132.1 483
-131.9 513
-131.7 469
-131.5 501
-131.3 476
-131.1 455
-130.9 473
-130.7 462
-130.5 438
-130.3 500
-130.1 506
-129.9 449
-129.7 431
-129.5 478
-129.3 470
-129.1 473
-128.9 502
-128.7 458
-128.5 479
-128.3 481
-128.1 425
-127.9 448
-127.7 470
-127.5 499
-127.3 479
-127.1 515
-126.9 499
-126.7 455
-126.5 509
-126.3 491
-126.1 498
-125.9 478
-125.7 506
-125.5 486
-125.3 447
-125.1 463
-124.9 480
-124.7 440
-124.5 469
-124.3 454
-124.1 468
-123.9 493
-123.7 498
-123.5 453
-123.3 449
-123.1 465
-122.9 464
-122.7 461
-122.5 470
-122.3 516
-122.1 459
-121.9 473
-121.7 469
-121.5 501
-121.3 447
-121.1 439
-120.9 442
-120.7 480
-120.5 452
-120.3 454
-120.1 467
-119.9 479
-119.7 467
-119.5 460
-119.3 447
-119.1 476
-118.9 474
-118.7 492
-118.5 426
-118.3 433
-118.1 448
-117.9 451
-117.7 500
-117.5 473
-117.3 487
-117.1 464
-116.9 426
-116.7 440
-116.5 468
-116.3 464
-116.1 396
-115.9 458
-115.7 455
-115.5 448
-115.3 445
-115.1 459
-114.9 459
-114.7 479
-114.5 479
-114.3 446
-114.1 472
-113.9 412
-113.7 456
-113.5 461
-113.3 447
-113.1 443
-112.9 449
-112.7 463
-112.5 457
-112.3 456
-112.1 453
-111.9 457
-111.7 451
-111.5 481
-111.3 430
-111.1 438
-110.9 452
-110.7 431
-110.5 451
-110.3 449
-110.1 480
-109.9 450
-109.7 410
-109.5 443
-109.3 430
-109.1 406
-108.9 449
-108.7 426
-108.5 473
-108.3 448
-108.1 435
-107.9 493
-107.7 461
-107.5 454
-107.3 453
-107.1 449
-106.9 440
-106.7 454
-106.5 462
-106.3 445
-106.1 463
-105.9 459
-105.7 423
-105.5 435
-105.3 447
-105.1 454
-104.9 434
-104.7 459
-104.5 444
-104.3 454
-104.1 431
-103.9 409
-103.7 446
-103.5 417
-103.3 447
-103.1 415
-102.9 404
-102.7 435
-102.5 411
-102.3 410
-102.1 473
-101.9 465
-101.7 448
-101.5 427
-101.3 408
-101.1 402
-100.9 475
-100.7 424
-100.5 431
-100.3 461
-100.1 431
-99.9 460
-99.7 465
-99.5 446
-99.3 423
-99.1 504
-98.9 450
-98.7 476
-98.5 429
-98.3 421
-98.1 420
-97.9 452
-97.7 413
-97.5 465
-97.3 428
-97.1 443
-96.9 471
-96.7 421
-96.5 447
-96.3 426
-96.1 434
-95.9 435
-95.7 443
-95.5 435
-95.3 434
-95.1 478
-94.9 460
-94.7 463
-94.5 437
-94.3 438
-94.1 456
-93.9 475
-93.7 431
-93.5 457
-93.3 436
-93.1 432
-92.9 489
-92.7 431
-92.5 415
-92.3 446
-92.1 428
-91.9 439
-91.7 425
-91.5 439
-91.3 433
-91.1 440
-90.9 438
-90.7 456
-90.5 488
-90.3 448
-90.1 457
-89.9 454
-89.7 445
-89.5 426
-89.3 442
-89.1 443
-88.9 474
-88.7 452
-88.5 453
-88.3 479
-88.1 414
-87.9 456
-87.7 433
-87.5 449
-87.3 498
-87.1 467
-86.9 442
-86.7 405
-86.5 443
-86.3 456
-86.1 443
-85.9 444
-85.7 436
-85.5 440
-85.3 425
-85.1 449
-84.9 429
-84.7 408
-84.5 413
-84.3 426
-84.1 437
-83.9 413
-83.7 391
-83.5 449
-83.3 430
-83.1 406
-82.9 459
-82.7 443
-82.5 444
-82.3 454
-82.1 409
-81.9 441
-81.7 422
-81.5 413
-81.3 463
-81.1 437
-80.9 440
-80.7 405
-80.5 458
-80.3 453
-80.1 423
-79.9 427
-79.7 431
-79.5 439
-79.3 437
-79.1 423
-78.9 438
-78.7 413
-78.5 409
-78.3 423
-78.1 433
-77.9 438
-77.7 412
-77.5 406
-77.3 439
-77.1 442
-76.9 437
-76.7 473
-76.5 420
-76.3 420
-76.1 465
-75.9 438
-75.7 429
-75.5 434
-75.3 459
-75.1 433
-74.9 444
-74.7 456
-74.5 402
-74.3 447
-74.1 429
-73.9 406
-73.7 425
-73.5 473
-73.3 429
-73.1 449
-72.9 421
-72.7 428
-72.5 503
-72.3 378
-72.1 422
-71.9 511
-71.7 438
-71.5 464
-71.3 431
-71.1 433
-70.9 425
-70.7 452
-70.5 462
-70.3 431
-70.1 422
-69.9 452
-69.7 456
-69.5 457
-69.3 448
-69.1 431
-68.9 440
-68.7 475
-68.5 435
-68.3 436
-68.1 454
-67.9 455
-67.7 452
-67.5 460
-67.3 427
-67.1 401
-66.9 439
-66.7 428
-66.5 460
-66.3 435
-66.1 480
-65.9 456
-65.7 462
-65.5 447
-65.3 491
-65.1 465
-64.9 447
-64.7 434
-64.5 473
-64.3 448
-64.1 435
-63.9 433
-63.7 465
-63.5 439
-63.3 474
-63.1 457
-62.9 468
-62.7 446
-62.5 463
-62.3 421
-62.1 486
-61.9 447
-61.7 456
-61.5 457
-61.3 424
-61.1 470
-60.9 446
-60.7 456
-60.5 447
-60.3 419
-60.1 431
-59.9 413
-59.7 440
-59.5 452
-59.3 442
-59.1 427
-58.9 411
-58.7 451
-58.5 417
-58.3 457
-58.1 438
-57.9 410
-57.7 423
-57.5 439
-57.3 397
-57.1 429
-56.9 433
-56.7 463
-56.5 446
-56.3 460
-56.1 465
-55.9 447
-55.7 432
-55.5 494
-55.3 426
-55.1 458
-54.9 479
-54.7 452
-54.5 465
-54.3 471
-54.1 471
-53.9 376
-53.7 476
-53.5 456
-53.3 392
-53.1 444
-52.9 401
-52.7 500
-52.5 440
-52.3 467
-52.1 465
-51.9 416
-51.7 474
-51.5 420
-51.3 446
-51.1 456
-50.9 425
-50.7 429
-50.5 391
-50.3 480
-50.1 439
-49.9 458
-49.7 424
-49.5 429
-49.3 432
-49.1 417
-48.9 436
-48.7 481
-48.5 419
-48.3 425
-48.1 419
-47.9 426
-47.7 421
-47.5 419
-47.3 492
-47.1 449
-46.9 440
-46.7 430
-46.5 443
-46.3 417
-46.1 457
-45.9 435
-45.7 444
-45.5 442
-45.3 394
-45.1 408
-44.9 475
-44.7 430
-44.5 458
-44.3 442
-44.1 390
-43.9 409
-43.7 479
-43.5 461
-43.3 442
-43.1 509
-42.9 437
-42.7 469
-42.5 464
-42.3 482
-42.1 455
-41.9 430
-41.7 479
-41.5 438
-41.3 444
-41.1 459
-40.9 400
-40.7 427
-40.5 447
-40.3 447
-40.1 508
-39.9 413
-39.7 453
-39.5 462
-39.3 447
-39.1 457
-38.9 447
-38.7 427
-38.5 449
-38.3 428
-38.1 431
-37.9 471
-37.7 471
-37.5 396
-37.3 466
-37.1 458
-36.9 458
-36.7 402
-36.5 457
-36.3 440
-36.1 429
-35.9 465
-35.7 437
-35.5 424
-35.3 457
-35.1 442
-34.9 422
-34.7 437
-34.5 476
-34.3 448
-34.1 442
-33.9 449
-33.7 424
-33.5 476
-33.3 444
-33.1 450
-32.9 470
-32.7 404
-32.5 439
-32.3 474
-32.1 452
-31.9 436
-31.7 443
-31.5 469
-31.3 434
-31.1 428
-30.9 499
-30.7 478
-30.5 458
-30.3 444
-30.1 429
-29.9 432
-29.7 427
-29.5 477
-29.3 427
-29.1 458
-28.9 448
-28.7 462
-28.5 451
-28.3 484
-28.1 456
-27.9 431
-27.7 433
-27.5 444
-27.3 438
-27.1 467
-26.9 459
-26.7 412
-26.5 451
-26.3 407
-26.1 474
-25.9 430
-25.7 456
-25.5 435
-25.3 415
-25.1 519
-24.9 416
-24.7 451
-24.5 412
-24.3 445
-24.1 456
-23.9 437
-23.7 466
-23.5 468
-23.3 463
-23.1 454
-22.9 424
-22.7 442
-22.5 423
-22.3 463
-22.1 461
-21.9 451
-21.7 493
-21.5 439
-21.3 459
-21.1 405
-20.9 461
-20.7 471
-20.5 473
-20.3 474
-20.1 440
-19.9 435
-19.7 459
-19.5 461
-19.3 456
-19.1 467
-18.9 425
-18.7 453
-18.5 424
-18.3 442
-18.1 429
-17.9 430
-17.7 436
-17.5 437
-17.3 444
-17.1 441
-16.9 461
-16.7 420
-16.5 503
-16.3 447
-16.1 443
-15.9 447
-15.7 462
-15.5 444
-15.3 441
-15.1 450
-14.9 452
-14.7 465
-14.5 475
-14.3 451
-14.1 462
-13.9 428
-13.7 455
-13.5 493
-13.3 421
-13.1 469
-12.9 439
-12.7 470
-12.5 477
-12.3 477
-12.1 444
-11.9 449
-11.7 447
-11.5 494
-11.3 433
-11.1 470
-10.9 446
-10.7 430
-10.5 447
-10.3 493
-10.1 436
-9.9 488
-9.7 404
-9.5 486
-9.3 509
-9.1 466
-8.9 471
-8.7 447
-8.5 454
-8.3 496
-8.1 463
-7.9 465
-7.7 496
-7.5 462
-7.3 463
-7.1 461
-6.9 466
-6.7 487
-6.5 450
-6.3 450
-6.1 435
-5.9 457
-5.7 465
-5.5 506
-5.3 483
-5.1 468
-4.9 429
-4.7 469
-4.5 460
-4.3 459
-4.1 442
-3.9 483
-3.7 458
-3.5 431
-3.3 438
-3.1 460
-2.9 447
-2.7 442
-2.5 459
-2.3 473
-2.1 417
-1.9 462
-1.7 431
-1.5 463
-1.3 450
-1.1 432
-0.9 462
-0.7 455
-0.5 460
-0.3 466
-0.1 406
0.1 479
0.3 460
0.5 470
0.7 451
0.9 423
1.1 432
1.3 454
1.5 451
1.7 426
1.9 425
2.1 466
2.3 494
2.5 456
2.7 486
2.9 459
3.1 430
3.3 460
3.5 457
3.7 428
3.9 446
4.1 417
4.3 455
4.5 469
4.7 427
4.9 437
5.1 442
5.3 515
5.5 471
5.7 407
5.9 466
6.1 435
6.3 460
6.5 439
6.7 475
6.9 487
7.1 475
7.3 421
7.5 456
7.7 465
7.9 448
8.1 464
8.3 456
8.5 462
8.7 397
8.9 458
9.1 421
9.3 463
9.5 443
9.7 481
9.9 452
10.1 428
10.3 458
10.5 442
10.7 430
10.9 448
11.1 434
11.3 433
11.5 424
11.7 443
11.9 457
12.1 438
12.3 407
12.5 398
12.7 446
12.9 442
13.1 453
13.3 444
13.5 434
13.7 450
13.9 450
14.1 430
14.3 441
14.5 447
14.7 450
14.9 435
15.1 397
15.3 416
15.5 416
15.7 406
15.9 418
16.1 448
16.3 430
16.5 387
16.7 415
16.9 384
17.1 386
17.3 392
17.5 384
17.7 387
17.9 380
18.1 372
18.3 377
18.5 349
18.7 355
18.9 340
19.1 309
19.3 315
19.5 322
19.7 334
19.9 324
20.1 310
20.3 309
20.5 312
20.7 287
20.9 291
21.1 273
21.3 287
21.5 302
21.7 285
21.9 280
22.1 277
22.3 242
22.5 253
22.7 269
22.9 243
23.1 223
23.3 248
23.5 220
23.7 260
23.9 209
24.1 219
24.3 206
24.5 208
24.7 202
24.9 220
25.1 206
25.3 180
25.5 177
25.7 176
25.9 186
26.1 164
26.3 163
26.5 147
26.7 136
26.9 154
27.1 128
27.3 150
27.5 131
27.7 132
27.9 124
28.1 126
28.3 113
28.5 98
28.7 107
28.9 109
29.1 91
29.3 102
29.5 110
29.7 97
29.9 105
30.1 66
30.3 60
30.5 93
30.7 66
30.9 78
31.1 60
31.3 61
31.5 88
31.7 66
31.9 65
32.1 56
32.3 74
32.5 58
32.7 47
32.9 58
33.1 57
33.3 48
33.5 40
33.7 37
33.9 36
34.1 42
34.3 39
34.5 45
34.7 38
34.9 34
35.1 39
35.3 29
35.5 25
35.7 26
35.9 28
36.1 11
36.3 19
36.5 22
36.7 15
36.9 16
37.1 16
37.3 19
37.5 10
37.7 18
37.9 7
38.1 6
38.3 9
38.5 15
38.7 10
38.9 6
39.1 9
39.3 8
39.5 9
39.7 4
39.9 6
40.1 6
40.3 4
40.5 2
40.7 4
40.9 3
41.1 4
41.3 1
41.5 5
41.7 6
41.9 3
42.1 3
42.3 2
42.5 1
42.7 4
42.9 2
43.1 2
43.3 0
43.5 4
43.7 2
43.9 3
44.1 2
44.3 2
44.5 2
44.7 3
44.9 1
45.1 2
45.3 3
45.5 2
45.7 2
45.9 3
46.1 0
46.3 1
46.5 0
46.7 1
46.9 1
47.1 1
47.3 2
47.5 0
47.7 0
47.9 0
48.1 3
48.3 1
48.5 3
48.7 0
48.9 0
49.1 2
49.3 1
49.5 0
49.7 2
49.9 1
