1449
-1589.7 3.60881e-05
-1589.5 3.60881e-05
-1589.3 3.60881e-05
-1589.1 3.60881e-05
-1588.9 3.60881e-05
-1588.7 3.60881e-05
-1588.5 3.60881e-05
-1588.3 3.60881e-05
-1588.1 3.60881e-05
-1587.9 3.60881e-05
-1587.7 3.60881e-05
-1587.5 7.21761e-05
-1587.3 7.21761e-05
-1587.1 7.21761e-05
-1586.9 7.21761e-05
-1586.7 7.21761e-05
-1586.5 7.21761e-05
-1586.3 7.21761e-05
-1586.1 7.21761e-05
-1585.9 7.21761e-05
-1585.7 7.21761e-05
-1585.5 7.21761e-05
-1585.3 7.21761e-05
-1585.1 7.21761e-05
-1584.9 7.21761e-05
-1584.7 7.21761e-05
-1584.5 7.21761e-05
-1584.3 7.21761e-05
-1584.1 7.21761e-05
-1583.9 7.21761e-05
-1583.7 7.21761e-05
-1583.5 7.21761e-05
-1583.3 7.21761e-05
-1583.1 7.21761e-05
-1582.9 7.21761e-05
-1582.7 7.21761e-05
-1582.5 7.21761e-05
-1582.3 7.21761e-05
-1582.1 7.21761e-05
-1581.9 7.21761e-05
-1581.7 7.21761e-05
-1581.5 7.21761e-05
-1581.3 0.000108264
-1581.1 0.000108264
-1580.9 0.000108264
-1580.7 0.000108264
-1580.5 0.000144352
-1580.3 0.000144352
-1580.1 0.000144352
-1579.9 0.000144352
-1579.7 0.000144352
-1579.5 0.000144352
-1579.3 0.000144352
-1579.1 0.000144352
-1578.9 0.000144352
-1578.7 0.000144352
-1578.5 0.000144352
-1578.3 0.000144352
-1578.1 0.000144352
-1577.9 0.00018044
-1577.7 0.00018044
-1577.5 0.00018044
-1577.3 0.00018044
-1577.1 0.00018044
-1576.9 0.00018044
-1576.7 0.00018044
-1576.5 0.00018044
-1576.3 0.00018044
-1576.1 0.00018044
-1575.9 0.00018044
-1575.7 0.00018044
-1575.5 0.00018044
-1575.3 0.00018044
-1575.1 0.00018044
-1574.9 0.00018044
-1574.7 0.00018044
-1574.5 0.00018044
-1574.3 0.00018044
-1574.1 0.000216528
-1573.9 0.000252616
-1573.7 0.000252616
-1573.5 0.000252616
-1573.3 0.000288704
-1573.1 0.000288704
-1572.9 0.000288704
-1572.7 0.000288704
-1572.5 0.000288704
-1572.3 0.000324792
-1572.1 0.000360881
-1571.9 0.000396969
-1571.7 0.000396969
-1571.5 0.000396969
-1571.3 0.000396969
-1571.1 0.000396969
-1570.9 0.000396969
-1570.7 0.000433057
-1570.5 0.000433057
-1570.3 0.000433057
-1570.1 0.000433057
-1569.9 0.000469145
-1569.7 0.000469145
-1569.5 0.000469145
-1569.3 0.000469145
-1569.1 0.000505233
-1568.9 0.000505233
-1568.7 0.000541321
-1568.5 0.000541321
-1568.3 0.000541321
-1568.1 0.000541321
-1567.9 0.000541321
-1567.7 0.000541321
-1567.5 0.000613497
-1567.3 0.000613497
-1567.1 0.000613497
-1566.9 0.000613497
-1566.7 0.000613497
-1566.5 0.000613497
-1566.3 0.000613497
-1566.1 0.000613497
-1565.9 0.000613497
-1565.7 0.000613497
-1565.5 0.000613497
-1565.3 0.000613497
-1565.1 0.000649585
-1564.9 0.000649585
-1564.7 0.000685673
-1564.5 0.000685673
-1564.3 0.000685673
-1564.1 0.000685673
-1563.9 0.000685673
-1563.7 0.000685673
-1563.5 0.000685673
-1563.3 0.000685673
-1563.1 0.000685673
-1562.9 0.000685673
-1562.7 0.000721761
-1562.5 0.000757849
-1562.3 0.000757849
-1562.1 0.000757849
-1561.9 0.000757849
-1561.7 0.000757849
-1561.5 0.000830025
-1561.3 0.000830025
-1561.1 0.000830025
-1560.9 0.000866113
-1560.7 0.000974377
-1560.5 0.00104655
-1560.3 0.00119091
-1560.1 0.00129917
-1559.9 0.00129917
-1559.7 0.00133526
-1559.5 0.00144352
-1559.3 0.00147961
-1559.1 0.0015157
-1558.9 0.00169614
-1558.7 0.00184049
-1558.5 0.00191267
-1558.3 0.00205702
-1558.1 0.00220137
-1557.9 0.00223746
-1557.7 0.00263443
-1557.5 0.00285096
-1557.3 0.00306748
-1557.1 0.00357272
-1556.9 0.0039336
-1556.7 0.00429448
-1556.5 0.0048358
-1556.3 0.00519668
-1556.1 0.00562974
-1555.9 0.0063515
-1555.7 0.00700108
-1555.5 0.00739805
-1555.3 0.00801155
-1555.1 0.00880549
-1554.9 0.00941898
-1554.7 0.0101047
-1554.5 0.0110069
-1554.3 0.0118369
-1554.1 0.0127752
-1553.9 0.0137856
-1553.7 0.0150126
-1553.5 0.0158787
-1553.3 0.0171057
-1553.1 0.0182245
-1552.9 0.0191988
-1552.7 0.0204258
-1552.5 0.0217611
-1552.3 0.0228798
-1552.1 0.0242151
-1551.9 0.0256947
-1551.7 0.0268134
-1551.5 0.0281487
-1551.3 0.0291952
-1551.1 0.030314
-1550.9 0.0314688
-1550.7 0.032768
-1550.5 0.0343919
-1550.3 0.0360881
-1550.1 0.0374233
-1549.9 0.0386503
-1549.7 0.0403104
-1549.5 0.0418982
-1549.3 0.0434139
-1549.1 0.0454349
-1548.9 0.046734
-1548.7 0.0485023
-1548.5 0.0499098
-1548.3 0.0514616
-1548.1 0.0526525
-1547.9 0.0543125
-1547.7 0.0556478
-1547.5 0.0573078
-1547.3 0.0591483
-1547.1 0.0608084
-1546.9 0.0622158
-1546.7 0.0632984
-1546.5 0.0649585
-1546.3 0.0663659
-1546.1 0.0677734
-1545.9 0.0688921
-1545.7 0.0699387
-1545.5 0.0712739
-1545.3 0.0725731
-1545.1 0.0737279
-1544.9 0.0747023
-1544.7 0.0757488
-1544.5 0.0767954
-1544.3 0.0781667
-1544.1 0.0794298
-1543.9 0.081162
-1543.7 0.0826777
-1543.5 0.0841573
-1543.3 0.0850595
-1543.1 0.0863226
-1542.9 0.0876218
-1542.7 0.0887044
-1542.5 0.0899675
-1542.3 0.0913028
-1542.1 0.0923854
-1541.9 0.0935042
-1541.7 0.0949116
-1541.5 0.0962468
-1541.3 0.0970408
-1541.1 0.0980512
-1540.9 0.0990256
-1540.7 0.100144
-1540.5 0.101119
-1540.3 0.102346
-1540.1 0.103717
-1539.9 0.104655
-1539.7 0.105702
-1539.5 0.107145
-1539.3 0.108336
-1539.1 0.109275
-1538.9 0.110754
-1538.7 0.112017
-1538.5 0.113316
-1538.3 0.114291
-1538.1 0.115085
-1537.9 0.116204
-1537.7 0.117142
-1537.5 0.118116
-1537.3 0.119271
-1537.1 0.120426
-1536.9 0.121184
-1536.7 0.122375
-1536.5 0.123493
-1536.3 0.124468
-1536.1 0.125803
-1535.9 0.126886
-1535.7 0.128221
-1535.5 0.129304
-1535.3 0.130206
-1535.1 0.131541
-1534.9 0.132624
-1534.7 0.133815
-1534.5 0.134717
-1534.3 0.135691
-1534.1 0.136593
-1533.9 0.137676
-1533.7 0.138506
-1533.5 0.139336
-1533.3 0.14013
-1533.1 0.141104
-1532.9 0.14197
-1532.7 0.142981
-1532.5 0.1441
-1532.3 0.145038
-1532.1 0.145904
-1531.9 0.14677
-1531.7 0.147961
-1531.5 0.149116
-1531.3 0.15009
-1531.1 0.150956
-1530.9 0.151967
-1530.7 0.152797
-1530.5 0.154168
-1530.3 0.15507
-1530.1 0.156081
-1529.9 0.157019
-1529.7 0.158318
-1529.5 0.159004
-1529.3 0.159834
-1529.1 0.160628
-1528.9 0.161747
-1528.7 0.162649
-1528.5 0.163695
-1528.3 0.165139
-1528.1 0.166077
-1527.9 0.166907
-1527.7 0.168279
-1527.5 0.169145
-1527.3 0.170011
-1527.1 0.170841
-1526.9 0.171851
-1526.7 0.172537
-1526.5 0.173511
-1526.3 0.17445
-1526.1 0.17528
-1525.9 0.176038
-1525.7 0.176868
-1525.5 0.177806
-1525.3 0.1786
-1525.1 0.179755
-1524.9 0.180801
-1524.7 0.181487
-1524.5 0.182497
-1524.3 0.183724
-1524.1 0.18441
-1523.9 0.185529
-1523.7 0.18625
-1523.5 0.187153
-1523.3 0.188091
-1523.1 0.188704
-1522.9 0.189498
-1522.7 0.190364
-1522.5 0.191411
-1522.3 0.192133
-1522.1 0.193288
-1521.9 0.194082
-1521.7 0.195128
-1521.5 0.195814
-1521.3 0.196788
-1521.1 0.197582
-1520.9 0.198629
-1520.7 0.199856
-1520.5 0.200758
-1520.3 0.201407
-1520.1 0.202274
-1519.9 0.203573
-1519.7 0.204691
-1519.5 0.205991
-1519.3 0.206821
-1519.1 0.207831
-1518.9 0.208625
-1518.7 0.209347
-1518.5 0.210466
-1518.3 0.21144
-1518.1 0.212306
-1517.9 0.213389
-1517.7 0.214147
-1517.5 0.214796
-1517.3 0.215662
-1517.1 0.216564
-1516.9 0.217647
-1516.7 0.219054
-1516.5 0.219921
-1516.3 0.220931
-1516.1 0.222086
-1515.9 0.22288
-1515.7 0.223962
-1515.5 0.224865
-1515.3 0.225586
-1515.1 0.226344
-1514.9 0.22685
-1514.7 0.227932
-1514.5 0.228582
-1514.3 0.229484
-1514.1 0.230639
-1513.9 0.231577
-1513.7 0.232371
-1513.5 0.233165
-1513.3 0.234428
-1513.1 0.235475
-1512.9 0.236557
-1512.7 0.237243
-1512.5 0.238145
-1512.3 0.239336
-1512.1 0.240346
-1511.9 0.241104
-1511.7 0.242079
-1511.5 0.243089
-1511.3 0.244064
-1511.1 0.245182
-1510.9 0.246121
-1510.7 0.246878
-1510.5 0.247853
-1510.3 0.248502
-1510.1 0.24926
-1509.9 0.250415
-1509.7 0.251245
-1509.5 0.252111
-1509.3 0.252905
-1509.1 0.253555
-1508.9 0.254493
-1508.7 0.25554
-1508.5 0.256225
-1508.3 0.257091
-1508.1 0.257885
-1507.9 0.258427
-1507.7 0.259365
-1507.5 0.260231
-1507.3 0.261061
-1507.1 0.261891
-1506.9 0.262505
-1506.7 0.263298
-1506.5 0.263984
-1506.3 0.264634
-1506.1 0.2655
-1505.9 0.266185
-1505.7 0.267268
-1505.5 0.267846
-1505.3 0.268964
-1505.1 0.26947
-1504.9 0.2703
-1504.7 0.271021
-1504.5 0.271851
-1504.3 0.272393
-1504.1 0.273259
-1503.9 0.274089
-1503.7 0.275027
-1503.5 0.275785
-1503.3 0.276471
-1503.1 0.277445
-1502.9 0.278311
-1502.7 0.279105
-1502.5 0.280115
-1502.3 0.280982
-1502.1 0.281848
-1501.9 0.282678
-1501.7 0.283472
-1501.5 0.284374
-1501.3 0.285493
-1501.1 0.286106
-1500.9 0.286756
-1500.7 0.287586
-1500.5 0.288813
-1500.3 0.290184
-1500.1 0.290978
-1499.9 0.292277
-1499.7 0.293252
-1499.5 0.294118
-1499.3 0.295128
-1499.1 0.296391
-1498.9 0.297329
-1498.7 0.298123
-1498.5 0.299242
-1498.3 0.300036
-1498.1 0.30083
-1497.9 0.301696
-1497.7 0.302671
-1497.5 0.303212
-1497.3 0.303861
-1497.1 0.3048
-1496.9 0.305774
-1496.7 0.306821
-1496.5 0.307615
-1496.3 0.308445
-1496.1 0.309347
-1495.9 0.310357
-1495.7 0.311043
-1495.5 0.311909
-1495.3 0.312847
-1495.1 0.313497
-1494.9 0.314219
-1494.7 0.314904
-1494.5 0.315734
-1494.3 0.316312
-1494.1 0.316961
-1493.9 0.317864
-1493.7 0.318694
-1493.5 0.319848
-1493.3 0.320678
-1493.1 0.321436
-1492.9 0.32223
-1492.7 0.322844
-1492.5 0.323565
-1492.3 0.324143
-1492.1 0.324829
-1491.9 0.325839
-1491.7 0.32685
-1491.5 0.327896
-1491.3 0.328979
-1491.1 0.329881
-1490.9 0.330675
-1490.7 0.331541
-1490.5 0.332118
-1490.3 0.333021
-1490.1 0.333959
-1489.9 0.334933
-1489.7 0.335619
-1489.5 0.336268
-1489.3 0.337099
-1489.1 0.338109
-1488.9 0.338903
-1488.7 0.339697
-1488.5 0.34096
-1488.3 0.341501
-1488.1 0.342259
-1487.9 0.343161
-1487.7 0.343955
-1487.5 0.345074
-1487.3 0.346229
-1487.1 0.346842
-1486.9 0.3476
-1486.7 0.348791
-1486.5 0.349621
-1486.3 0.350415
-1486.1 0.351281
-1485.9 0.352183
-1485.7 0.353049
-1485.5 0.353699
-1485.3 0.354601
-1485.1 0.355359
-1484.9 0.356081
-1484.7 0.356947
-1484.5 0.357741
-1484.3 0.358715
-1484.1 0.359762
-1483.9 0.360844
-1483.7 0.361963
-1483.5 0.362757
-1483.3 0.363443
-1483.1 0.364381
-1482.9 0.365247
-1482.7 0.366294
-1482.5 0.367304
-1482.3 0.368315
-1482.1 0.369397
-1481.9 0.370336
-1481.7 0.371057
-1481.5 0.371671
-1481.3 0.372537
-1481.1 0.373692
-1480.9 0.374377
-1480.7 0.375316
-1480.5 0.376362
-1480.3 0.377012
-1480.1 0.377842
-1479.9 0.378708
-1479.7 0.379719
-1479.5 0.380621
-1479.3 0.381559
-1479.1 0.382497
-1478.9 0.383436
-1478.7 0.384266
-1478.5 0.384879
-1478.3 0.38607
-1478.1 0.38672
-1477.9 0.387333
-1477.7 0.388163
-1477.5 0.388777
-1477.3 0.389426
-1477.1 0.390328
-1476.9 0.391086
-1476.7 0.391844
-1476.5 0.392385
-1476.3 0.393288
-1476.1 0.394118
-1475.9 0.394803
-1475.7 0.395742
-1475.5 0.396716
-1475.3 0.397582
-1475.1 0.398412
-1474.9 0.39935
-1474.7 0.400361
-1474.5 0.401516
-1474.3 0.402346
-1474.1 0.403212
-1473.9 0.404042
-1473.7 0.405197
-1473.5 0.405955
-1473.3 0.406821
-1473.1 0.408048
-1472.9 0.409166
-1472.7 0.410105
-1472.5 0.410899
-1472.3 0.411656
-1472.1 0.412703
-1471.9 0.413389
-1471.7 0.414147
-1471.5 0.415121
-1471.3 0.415987
-1471.1 0.416853
-1470.9 0.417431
-1470.7 0.418333
-1470.5 0.419054
-1470.3 0.419776
-1470.1 0.420354
-1469.9 0.421112
-1469.7 0.421978
-1469.5 0.422844
-1469.3 0.423529
-1469.1 0.424396
-1468.9 0.425081
-1468.7 0.425947
-1468.5 0.426813
-1468.3 0.42768
-1468.1 0.428762
-1467.9 0.429737
-1467.7 0.430494
-1467.5 0.431433
-1467.3 0.432154
-1467.1 0.433418
-1466.9 0.43432
-1466.7 0.435186
-1466.5 0.43598
-1466.3 0.436918
-1466.1 0.43764
-1465.9 0.43865
-1465.7 0.439733
-1465.5 0.440599
-1465.3 0.441213
-1465.1 0.441718
-1464.9 0.442548
-1464.7 0.443558
-1464.5 0.444497
-1464.3 0.445471
-1464.1 0.446409
-1463.9 0.44742
-1463.7 0.448214
-1463.5 0.449044
-1463.3 0.450343
-1463.1 0.451245
-1462.9 0.452183
-1462.7 0.452977
-1462.5 0.453771
-1462.3 0.454782
-1462.1 0.455792
-1461.9 0.457019
-1461.7 0.457957
-1461.5 0.458679
-1461.3 0.459437
-1461.1 0.460267
-1460.9 0.460917
-1460.7 0.461747
-1460.5 0.462541
-1460.3 0.463226
-1460.1 0.46402
-1459.9 0.464706
-1459.7 0.4655
-1459.5 0.466005
-1459.3 0.46716
-1459.1 0.467809
-1458.9 0.468423
-1458.7 0.469325
-1458.5 0.470336
-1458.3 0.471021
-1458.1 0.471671
-1457.9 0.472754
-1457.7 0.473908
-1457.5 0.474774
-1457.3 0.475388
-1457.1 0.476507
-1456.9 0.477409
-1456.7 0.478095
-1456.5 0.479141
-1456.3 0.479935
-1456.1 0.480585
-1455.9 0.481162
-1455.7 0.482064
-1455.5 0.483147
-1455.3 0.484302
-1455.1 0.484951
-1454.9 0.485637
-1454.7 0.486575
-1454.5 0.487586
-1454.3 0.488452
-1454.1 0.489282
-1453.9 0.489931
-1453.7 0.490798
-1453.5 0.491808
-1453.3 0.492782
-1453.1 0.493576
-1452.9 0.494587
-1452.7 0.495489
-1452.5 0.496391
-1452.3 0.497474
-1452.1 0.498304
-1451.9 0.498917
-1451.7 0.499567
-1451.5 0.500361
-1451.3 0.501407
-1451.1 0.502093
-1450.9 0.502851
-1450.7 0.503825
-1450.5 0.504691
-1450.3 0.505666
-1450.1 0.50664
-1449.9 0.507542
-1449.7 0.5083
-1449.5 0.50913
-1449.3 0.509996
-1449.1 0.510863
-1448.9 0.511765
-1448.7 0.512703
-1448.5 0.513425
-1448.3 0.514435
-1448.1 0.515518
-1447.9 0.516492
-1447.7 0.517647
-1447.5 0.518405
-1447.3 0.519379
-1447.1 0.519885
-1446.9 0.520678
-1446.7 0.521653
-1446.5 0.522627
-1446.3 0.523638
-1446.1 0.524468
-1445.9 0.525262
-1445.7 0.526092
-1445.5 0.526994
-1445.3 0.52804
-1445.1 0.528798
-1444.9 0.529664
-1444.7 0.530567
-1444.5 0.531505
-1444.3 0.532371
-1444.1 0.533526
-1443.9 0.534356
-1443.7 0.535294
-1443.5 0.536232
-1443.3 0.53681
-1443.1 0.537892
-1442.9 0.538759
-1442.7 0.53948
-1442.5 0.540238
-1442.3 0.54114
-1442.1 0.54197
-1441.9 0.5428
-1441.7 0.543847
-1441.5 0.544749
-1441.3 0.545399
-1441.1 0.54659
-1440.9 0.547203
-1440.7 0.548069
-1440.5 0.548971
-1440.3 0.550018
-1440.1 0.550776
-1439.9 0.551714
-1439.7 0.552472
-1439.5 0.553266
-1439.3 0.554421
-1439.1 0.554926
-1438.9 0.555936
-1438.7 0.556803
-1438.5 0.55756
-1438.3 0.558679
-1438.1 0.559293
-1437.9 0.55987
-1437.7 0.560556
-1437.5 0.561458
-1437.3 0.562396
-1437.1 0.562974
-1436.9 0.563912
-1436.7 0.564922
-1436.5 0.565752
-1436.3 0.566546
-1436.1 0.567593
-1435.9 0.568387
-1435.7 0.569073
-1435.5 0.569939
-1435.3 0.570696
-1435.1 0.571563
-1434.9 0.572393
-1434.7 0.573367
-1434.5 0.573908
-1434.3 0.574991
-1434.1 0.575857
-1433.9 0.576579
-1433.7 0.577228
-1433.5 0.577986
-1433.3 0.578852
-1433.1 0.57961
-1432.9 0.580801
-1432.7 0.581631
-1432.5 0.582389
-1432.3 0.583075
-1432.1 0.584157
-1431.9 0.584915
-1431.7 0.585529
-1431.5 0.586575
-1431.3 0.587297
-1431.1 0.588055
-1430.9 0.588885
-1430.7 0.589968
-1430.5 0.591122
-1430.3 0.592422
-1430.1 0.593504
-1429.9 0.594551
-1429.7 0.595525
-1429.5 0.596463
-1429.3 0.596969
-1429.1 0.597618
-1428.9 0.598556
-1428.7 0.599314
-1428.5 0.6
-1428.3 0.600722
-1428.1 0.601552
-1427.9 0.601949
-1427.7 0.602743
-1427.5 0.60332
-1427.3 0.604042
-1427.1 0.604944
-1426.9 0.605882
-1426.7 0.606965
-1426.5 0.607651
-1426.3 0.608481
-1426.1 0.609419
-1425.9 0.610357
-1425.7 0.61144
-1425.5 0.612631
-1425.3 0.613425
-1425.1 0.614652
-1424.9 0.615554
-1424.7 0.616204
-1424.5 0.61707
-1424.3 0.617972
-1424.1 0.61873
-1423.9 0.619271
-1423.7 0.620354
-1423.5 0.621039
-1423.3 0.621833
-1423.1 0.622772
-1422.9 0.623385
-1422.7 0.624215
-1422.5 0.625081
-1422.3 0.626019
-1422.1 0.626705
-1421.9 0.627571
-1421.7 0.628654
-1421.5 0.629412
-1421.3 0.630386
-1421.1 0.63118
-1420.9 0.632046
-1420.7 0.63284
-1420.5 0.633923
-1420.3 0.634645
-1420.1 0.63533
-1419.9 0.636268
-1419.7 0.636918
-1419.5 0.638001
-1419.3 0.638578
-1419.1 0.639516
-1418.9 0.640274
-1418.7 0.640888
-1418.5 0.642043
-1418.3 0.642548
-1418.1 0.643558
-1417.9 0.644424
-1417.7 0.645291
-1417.5 0.646373
-1417.3 0.647203
-1417.1 0.648178
-1416.9 0.64908
-1416.7 0.65009
-1416.5 0.650956
-1416.3 0.651534
-1416.1 0.652616
-1415.9 0.653302
-1415.7 0.653952
-1415.5 0.654746
-1415.3 0.655503
-1415.1 0.656514
-1414.9 0.657849
-1414.7 0.658932
-1414.5 0.660051
-1414.3 0.660989
-1414.1 0.661891
-1413.9 0.662793
-1413.7 0.66384
-1413.5 0.664742
-1413.3 0.665608
-1413.1 0.666149
-1412.9 0.667088
-1412.7 0.66799
-1412.5 0.669109
-1412.3 0.670047
-1412.1 0.671093
-1411.9 0.671996
-1411.7 0.67297
-1411.5 0.673908
-1411.3 0.674558
-1411.1 0.675208
-1410.9 0.676362
-1410.7 0.67712
-1410.5 0.677481
-1410.3 0.678022
-1410.1 0.679285
-1409.9 0.680043
-1409.7 0.681126
-1409.5 0.682317
-1409.3 0.683436
-1409.1 0.684374
-1408.9 0.685204
-1408.7 0.686287
-1408.5 0.686972
-1408.3 0.687622
-1408.1 0.688452
-1407.9 0.689137
-1407.7 0.69004
-1407.5 0.69087
-1407.3 0.692133
-1407.1 0.693071
-1406.9 0.694009
-1406.7 0.694948
-1406.5 0.695453
-1406.3 0.696572
-1406.1 0.697438
-1405.9 0.698268
-1405.7 0.699098
-1405.5 0.699675
-1405.3 0.700361
-1405.1 0.70148
-1404.9 0.702382
-1404.7 0.703356
-1404.5 0.704222
-1404.3 0.705016
-1404.1 0.70563
-1403.9 0.706568
-1403.7 0.707542
-1403.5 0.7083
-1403.3 0.709275
-1403.1 0.710249
-1402.9 0.710935
-1402.7 0.711765
-1402.5 0.713064
-1402.3 0.713786
-1402.1 0.714616
-1401.9 0.715698
-1401.7 0.716745
-1401.5 0.717755
-1401.3 0.718477
-1401.1 0.719379
-1400.9 0.720318
-1400.7 0.721292
-1400.5 0.722302
-1400.3 0.723421
-1400.1 0.724287
-1399.9 0.725081
-1399.7 0.726019
-1399.5 0.727174
-1399.3 0.727896
-1399.1 0.728979
-1398.9 0.729845
-1398.7 0.730386
-1398.5 0.731
-1398.3 0.731613
-1398.1 0.732624
-1397.9 0.733454
-1397.7 0.73432
-1397.5 0.735078
-1397.3 0.736016
-1397.1 0.736882
-1396.9 0.737748
-1396.7 0.738722
-1396.5 0.739625
-1396.3 0.740094
-1396.1 0.740996
-1395.9 0.741934
-1395.7 0.742837
-1395.5 0.743703
-1395.3 0.744352
-1395.1 0.745363
-1394.9 0.745832
-1394.7 0.746554
-1394.5 0.747311
-1394.3 0.748358
-1394.1 0.74926
-1393.9 0.750054
-1393.7 0.750992
-1393.5 0.751822
-1393.3 0.752797
-1393.1 0.753699
-1392.9 0.754746
-1392.7 0.755684
-1392.5 0.756442
-1392.3 0.757019
-1392.1 0.758102
-1391.9 0.758968
-1391.7 0.759581
-1391.5 0.760231
-1391.3 0.761025
-1391.1 0.761963
-1390.9 0.762721
-1390.7 0.763695
-1390.5 0.764706
-1390.3 0.7655
-1390.1 0.766619
-1389.9 0.76734
-1389.7 0.768459
-1389.5 0.769506
-1389.3 0.770227
-1389.1 0.771021
-1388.9 0.771815
-1388.7 0.772609
-1388.5 0.77315
-1388.3 0.773692
-1388.1 0.77445
-1387.9 0.775532
-1387.7 0.776218
-1387.5 0.777553
-1387.3 0.778239
-1387.1 0.779033
-1386.9 0.779791
-1386.7 0.780837
-1386.5 0.781884
-1386.3 0.782858
-1386.1 0.783796
-1385.9 0.784626
-1385.7 0.785384
-1385.5 0.786503
-1385.3 0.787622
-1385.1 0.788668
-1384.9 0.789498
-1384.7 0.790545
-1384.5 0.791591
-1384.3 0.79253
-1384.1 0.793721
-1383.9 0.794587
-1383.7 0.795345
-1383.5 0.796644
-1383.3 0.797474
-1383.1 0.798412
-1382.9 0.799314
-1382.7 0.800253
-1382.5 0.801119
-1382.3 0.801804
-1382.1 0.802743
-1381.9 0.803573
-1381.7 0.804655
-1381.5 0.805666
-1381.3 0.806532
-1381.1 0.807362
-1380.9 0.8083
-1380.7 0.809275
-1380.5 0.810357
-1380.3 0.811512
-1380.1 0.812126
-1379.9 0.812739
-1379.7 0.813786
-1379.5 0.814327
-1379.3 0.815049
-1379.1 0.815987
-1378.9 0.816925
-1378.7 0.817683
-1378.5 0.818585
-1378.3 0.819704
-1378.1 0.820354
-1377.9 0.821148
-1377.7 0.821869
-1377.5 0.822519
-1377.3 0.823277
-1377.1 0.823999
-1376.9 0.824684
-1376.7 0.825226
-1376.5 0.826128
-1376.3 0.826886
-1376.1 0.82768
-1375.9 0.828618
-1375.7 0.829412
-1375.5 0.829989
-1375.3 0.83118
-1375.1 0.831902
-1374.9 0.832551
-1374.7 0.833237
-1374.5 0.834067
-1374.3 0.835005
-1374.1 0.836196
-1373.9 0.836882
-1373.7 0.837351
-1373.5 0.838181
-1373.3 0.839192
-1373.1 0.840563
-1372.9 0.841537
-1372.7 0.842223
-1372.5 0.843378
-1372.3 0.844388
-1372.1 0.84493
-1371.9 0.845507
-1371.7 0.846409
-1371.5 0.847528
-1371.3 0.848719
-1371.1 0.849585
-1370.9 0.850487
-1370.7 0.851137
-1370.5 0.851786
-1370.3 0.852472
-1370.1 0.853122
-1369.9 0.85424
-1369.7 0.854962
-1369.5 0.856081
-1369.3 0.856622
-1369.1 0.857163
-1368.9 0.85803
-1368.7 0.858679
-1368.5 0.859401
-1368.3 0.860484
-1368.1 0.861458
-1367.9 0.862577
-1367.7 0.863479
-1367.5 0.864165
-1367.3 0.865139
-1367.1 0.866041
-1366.9 0.86716
-1366.7 0.867737
-1366.5 0.868712
-1366.3 0.86965
-1366.1 0.870552
-1365.9 0.87149
-1365.7 0.872393
-1365.5 0.873259
-1365.3 0.874161
-1365.1 0.875063
-1364.9 0.875713
-1364.7 0.876651
-1364.5 0.877192
-1364.3 0.87795
-1364.1 0.878961
-1363.9 0.879863
-1363.7 0.880585
-1363.5 0.881667
-1363.3 0.882497
-1363.1 0.883255
-1362.9 0.884085
-1362.7 0.884951
-1362.5 0.885709
-1362.3 0.886287
-1362.1 0.887297
-1361.9 0.887983
-1361.7 0.888849
-1361.5 0.889498
-1361.3 0.89022
-1361.1 0.891014
-1360.9 0.892061
-1360.7 0.892674
-1360.5 0.893612
-1360.3 0.894334
-1360.1 0.895345
-1359.9 0.896283
-1359.7 0.897005
-1359.5 0.897763
-1359.3 0.898484
-1359.1 0.899278
-1358.9 0.90018
-1358.7 0.901191
-1358.5 0.902201
-1358.3 0.902923
-1358.1 0.903573
-1357.9 0.904619
-1357.7 0.905341
-1357.5 0.906388
-1357.3 0.907037
-1357.1 0.908048
-1356.9 0.908914
-1356.7 0.909672
-1356.5 0.910321
-1356.3 0.911115
-1356.1 0.911981
-1355.9 0.912703
-1355.7 0.913208
-1355.5 0.914074
-1355.3 0.914904
-1355.1 0.915734
-1354.9 0.916817
-1354.7 0.917683
-1354.5 0.918766
-1354.3 0.91956
-1354.1 0.920462
-1353.9 0.921292
-1353.7 0.921905
-1353.5 0.922591
-1353.3 0.923674
-1353.1 0.924396
-1352.9 0.92537
-1352.7 0.926128
-1352.5 0.926994
-1352.3 0.928077
-1352.1 0.928834
-1351.9 0.929412
-1351.7 0.93035
-1351.5 0.93118
-1351.3 0.932299
-1351.1 0.933345
-1350.9 0.934248
-1350.7 0.935114
-1350.5 0.936196
-1350.3 0.937279
-1350.1 0.938073
-1349.9 0.938867
-1349.7 0.939408
-1349.5 0.94031
-1349.3 0.940888
-1349.1 0.941646
-1348.9 0.942295
-1348.7 0.942909
-1348.5 0.943703
-1348.3 0.94428
-1348.1 0.945038
-1347.9 0.945904
-1347.7 0.94659
-1347.5 0.947203
-1347.3 0.948033
-1347.1 0.948538
-1346.9 0.949332
-1346.7 0.94991
-1346.5 0.950668
-1346.3 0.95175
-1346.1 0.95258
-1345.9 0.95323
-1345.7 0.953879
-1345.5 0.954637
-1345.3 0.955576
-1345.1 0.956442
-1344.9 0.957308
-1344.7 0.958138
-1344.5 0.958824
-1344.3 0.959401
-1344.1 0.960159
-1343.9 0.960953
-1343.7 0.961458
-1343.5 0.961891
-1343.3 0.963118
-1343.1 0.963984
-1342.9 0.964525
-1342.7 0.965283
-1342.5 0.965969
-1342.3 0.966546
-1342.1 0.967521
-1341.9 0.968098
-1341.7 0.968676
-1341.5 0.969253
-1341.3 0.969542
-1341.1 0.970011
-1340.9 0.970336
-1340.7 0.970985
-1340.5 0.971346
-1340.3 0.971923
-1340.1 0.972284
-1339.9 0.972717
-1339.7 0.97315
-1339.5 0.973692
-1339.3 0.974269
-1339.1 0.974522
-1338.9 0.975027
-1338.7 0.97546
-1338.5 0.975857
-1338.3 0.976074
-1338.1 0.976435
-1337.9 0.977048
-1337.7 0.977445
-1337.5 0.977914
-1337.3 0.978347
-1337.1 0.978997
-1336.9 0.979069
-1336.7 0.97943
-1336.5 0.979791
-1336.3 0.980188
-1336.1 0.980476
-1335.9 0.98109
-1335.7 0.981487
-1335.5 0.981776
-1335.3 0.982028
-1335.1 0.982281
-1334.9 0.982822
-1334.7 0.983291
-1334.5 0.983724
-1334.3 0.983905
-1334.1 0.984302
-1333.9 0.984554
-1333.7 0.984879
-1333.5 0.985204
-1333.3 0.985529
-1333.1 0.985962
-1332.9 0.986467
-1332.7 0.986684
-1332.5 0.987044
-1332.3 0.987297
-1332.1 0.987622
-1331.9 0.987947
-1331.7 0.988307
-1331.5 0.988452
-1331.3 0.988668
-1331.1 0.989029
-1330.9 0.989246
-1330.7 0.989426
-1330.5 0.989679
-1330.3 0.990004
-1330.1 0.990184
-1329.9 0.990437
-1329.7 0.990653
-1329.5 0.990834
-1329.3 0.991195
-1329.1 0.991447
-1328.9 0.9917
-1328.7 0.99188
-1328.5 0.992133
-1328.3 0.992494
-1328.1 0.992602
-1327.9 0.992782
-1327.7 0.992927
-1327.5 0.993107
-1327.3 0.99336
-1327.1 0.993468
-1326.9 0.993685
-1326.7 0.993937
-1326.5 0.994226
-1326.3 0.99437
-1326.1 0.994623
-1325.9 0.994875
-1325.7 0.995092
-1325.5 0.9952
-1325.3 0.995345
-1325.1 0.995669
-1324.9 0.995814
-1324.7 0.995958
-1324.5 0.995994
-1324.3 0.996139
-1324.1 0.996247
-1323.9 0.996319
-1323.7 0.996427
-1323.5 0.996608
-1323.3 0.996716
-1323.1 0.99686
-1322.9 0.996896
-1322.7 0.996969
-1322.5 0.997149
-1322.3 0.997221
-1322.1 0.997293
-1321.9 0.997438
-1321.7 0.997546
-1321.5 0.99769
-1321.3 0.997763
-1321.1 0.997799
-1320.9 0.997835
-1320.7 0.997943
-1320.5 0.997979
-1320.3 0.998087
-1320.1 0.998123
-1319.9 0.998123
-1319.7 0.998232
-1319.5 0.998304
-1319.3 0.99834
-1319.1 0.99834
-1318.9 0.998484
-1318.7 0.998556
-1318.5 0.998629
-1318.3 0.998701
-1318.1 0.998737
-1317.9 0.998773
-1317.7 0.998809
-1317.5 0.998845
-1317.3 0.998881
-1317.1 0.998917
-1316.9 0.998917
-1316.7 0.998917
-1316.5 0.998917
-1316.3 0.998917
-1316.1 0.99899
-1315.9 0.999026
-1315.7 0.999026
-1315.5 0.999026
-1315.3 0.999062
-1315.1 0.999062
-1314.9 0.999062
-1314.7 0.999062
-1314.5 0.999062
-1314.3 0.999098
-1314.1 0.999098
-1313.9 0.999134
-1313.7 0.99917
-1313.5 0.99917
-1313.3 0.99917
-1313.1 0.99917
-1312.9 0.99917
-1312.7 0.999206
-1312.5 0.999242
-1312.3 0.999278
-1312.1 0.999314
-1311.9 0.99935
-1311.7 0.99935
-1311.5 0.99935
-1311.3 0.99935
-1311.1 0.999423
-1310.9 0.999423
-1310.7 0.999423
-1310.5 0.999423
-1310.3 0.999423
-1310.1 0.999423
-1309.9 0.999423
-1309.7 0.999459
-1309.5 0.999459
-1309.3 0.999459
-1309.1 0.999459
-1308.9 0.999495
-1308.7 0.999495
-1308.5 0.999531
-1308.3 0.999531
-1308.1 0.999567
-1307.9 0.999567
-1307.7 0.999567
-1307.5 0.999567
-1307.3 0.999567
-1307.1 0.999567
-1306.9 0.999567
-1306.7 0.999567
-1306.5 0.999603
-1306.3 0.999603
-1306.1 0.999603
-1305.9 0.999603
-1305.7 0.999603
-1305.5 0.999603
-1305.3 0.999603
-1305.1 0.999603
-1304.9 0.999603
-1304.7 0.999639
-1304.5 0.999675
-1304.3 0.999675
-1304.1 0.999675
-1303.9 0.999711
-1303.7 0.999747
-1303.5 0.999747
-1303.3 0.999783
-1303.1 0.999783
-1302.9 0.999783
-1302.7 0.999856
-1302.5 0.999856
-1302.3 0.999892
-1302.1 0.999892
-1301.9 0.999892
-1301.7 0.999928
-1301.5 0.999928
-1301.3 0.999928
-1301.1 0.999928
-1300.9 0.999928
-1300.7 0.999928
-1300.5 0.999928
-1300.3 0.999928
-1300.1 1
