1437
-1589.7 3.60789e-05
-1589.5 7.21579e-05
-1589.3 0.000108237
-1589.1 0.000108237
-1588.9 0.000108237
-1588.7 0.000108237
-1588.5 0.000144316
-1588.3 0.000144316
-1588.1 0.000144316
-1587.9 0.000144316
-1587.7 0.000144316
-1587.5 0.000144316
-1587.3 0.000144316
-1587.1 0.000144316
-1586.9 0.000144316
-1586.7 0.000180395
-1586.5 0.000180395
-1586.3 0.000216474
-1586.1 0.000216474
-1585.9 0.000216474
-1585.7 0.000216474
-1585.5 0.000216474
-1585.3 0.000216474
-1585.1 0.000216474
-1584.9 0.000216474
-1584.7 0.000216474
-1584.5 0.000216474
-1584.3 0.000216474
-1584.1 0.000252553
-1583.9 0.000252553
-1583.7 0.000288632
-1583.5 0.000288632
-1583.3 0.000288632
-1583.1 0.000288632
-1582.9 0.000288632
-1582.7 0.000288632
-1582.5 0.000288632
-1582.3 0.000288632
-1582.1 0.000288632
-1581.9 0.000288632
-1581.7 0.000360789
-1581.5 0.000360789
-1581.3 0.000360789
-1581.1 0.000360789
-1580.9 0.000360789
-1580.7 0.000360789
-1580.5 0.000360789
-1580.3 0.000360789
-1580.1 0.000360789
-1579.9 0.000360789
-1579.7 0.000360789
-1579.5 0.000360789
-1579.3 0.000360789
-1579.1 0.000360789
-1578.9 0.000360789
-1578.7 0.000360789
-1578.5 0.000396868
-1578.3 0.000396868
-1578.1 0.000396868
-1577.9 0.000396868
-1577.7 0.000396868
-1577.5 0.000396868
-1577.3 0.000396868
-1577.1 0.000432947
-1576.9 0.000432947
-1576.7 0.000432947
-1576.5 0.000432947
-1576.3 0.000432947
-1576.1 0.000432947
-1575.9 0.000432947
-1575.7 0.000432947
-1575.5 0.000432947
-1575.3 0.000432947
-1575.1 0.000469026
-1574.9 0.000469026
-1574.7 0.000469026
-1574.5 0.000469026
-1574.3 0.000469026
-1574.1 0.000469026
-1573.9 0.000469026
-1573.7 0.000469026
-1573.5 0.000469026
-1573.3 0.000469026
-1573.1 0.000469026
-1572.9 0.000469026
-1572.7 0.000469026
-1572.5 0.000469026
-1572.3 0.000469026
-1572.1 0.000469026
-1571.9 0.000469026
-1571.7 0.000505105
-1571.5 0.000505105
-1571.3 0.000505105
-1571.1 0.000505105
-1570.9 0.000505105
-1570.7 0.000505105
-1570.5 0.000541184
-1570.3 0.000577263
-1570.1 0.000613342
-1569.9 0.000613342
-1569.7 0.000613342
-1569.5 0.000613342
-1569.3 0.000613342
-1569.1 0.000613342
-1568.9 0.000649421
-1568.7 0.000649421
-1568.5 0.000649421
-1568.3 0.000649421
-1568.1 0.0006855
-1567.9 0.000757658
-1567.7 0.000757658
-1567.5 0.000793737
-1567.3 0.000793737
-1567.1 0.000793737
-1566.9 0.000793737
-1566.7 0.000793737
-1566.5 0.000829816
-1566.3 0.000829816
-1566.1 0.000829816
-1565.9 0.000829816
-1565.7 0.000829816
-1565.5 0.000829816
-1565.3 0.000865895
-1565.1 0.000865895
-1564.9 0.000865895
-1564.7 0.000865895
-1564.5 0.000865895
-1564.3 0.000865895
-1564.1 0.000865895
-1563.9 0.000901974
-1563.7 0.000901974
-1563.5 0.000901974
-1563.3 0.000901974
-1563.1 0.000938052
-1562.9 0.000938052
-1562.7 0.000938052
-1562.5 0.00101021
-1562.3 0.00101021
-1562.1 0.00101021
-1561.9 0.00101021
-1561.7 0.00104629
-1561.5 0.00108237
-1561.3 0.00108237
-1561.1 0.00108237
-1560.9 0.00111845
-1560.7 0.00115453
-1560.5 0.00115453
-1560.3 0.00115453
-1560.1 0.00119061
-1559.9 0.00119061
-1559.7 0.00126276
-1559.5 0.00126276
-1559.3 0.00133492
-1559.1 0.001371
-1558.9 0.001371
-1558.7 0.00151532
-1558.5 0.00169571
-1558.3 0.00176787
-1558.1 0.00184003
-1557.9 0.00198434
-1557.7 0.00216474
-1557.5 0.00238121
-1557.3 0.00241729
-1557.1 0.00248945
-1556.9 0.00266984
-1556.7 0.00288632
-1556.5 0.00299455
-1556.3 0.00339142
-1556.1 0.00389653
-1555.9 0.00425732
-1555.7 0.0046181
-1555.5 0.00505105
-1555.3 0.00544792
-1555.1 0.00562831
-1554.9 0.0061695
-1554.7 0.00663853
-1554.5 0.00728795
-1554.3 0.00790129
-1554.1 0.00865895
-1553.9 0.00927229
-1553.7 0.00995779
-1553.5 0.0105711
-1553.3 0.0116896
-1553.1 0.0123029
-1552.9 0.0131688
-1552.7 0.0141429
-1552.5 0.0151892
-1552.3 0.0165242
-1552.1 0.0177508
-1551.9 0.0189775
-1551.7 0.020132
-1551.5 0.021503
-1551.3 0.022838
-1551.1 0.0239564
-1550.9 0.0254717
-1550.7 0.0269149
-1550.5 0.0282859
-1550.3 0.029729
-1550.1 0.0314248
-1549.9 0.0329401
-1549.7 0.0340224
-1549.5 0.0355017
-1549.3 0.0374139
-1549.1 0.0391457
-1548.9 0.0402641
-1548.7 0.0416351
-1548.5 0.0433669
-1548.3 0.0450987
-1548.1 0.0465418
-1547.9 0.0480571
-1547.7 0.0495003
-1547.5 0.0507991
-1547.3 0.0522784
-1547.1 0.0540823
-1546.9 0.0554894
-1546.7 0.0572212
-1546.5 0.0586644
-1546.3 0.0601797
-1546.1 0.0612981
-1545.9 0.0627052
-1545.7 0.0641844
-1545.5 0.0655554
-1545.3 0.0669264
-1545.1 0.0680449
-1544.9 0.0695602
-1544.7 0.0706786
-1544.5 0.0722661
-1544.3 0.0733485
-1544.1 0.0746473
-1543.9 0.076343
-1543.7 0.0778223
-1543.5 0.0793376
-1543.3 0.0806004
-1543.1 0.0817188
-1542.9 0.0830176
-1542.7 0.0842804
-1542.5 0.0855792
-1542.3 0.0866977
-1542.1 0.0878883
-1541.9 0.0893315
-1541.7 0.0903417
-1541.5 0.0914962
-1541.3 0.0931558
-1541.1 0.0945629
-1540.9 0.0957535
-1540.7 0.0972688
-1540.5 0.0985316
-1540.3 0.09965
-1540.1 0.100732
-1539.9 0.101959
-1539.7 0.103114
-1539.5 0.104052
-1539.3 0.105423
-1539.1 0.106866
-1538.9 0.107804
-1538.7 0.108922
-1538.5 0.109824
-1538.3 0.111195
-1538.1 0.112061
-1537.9 0.11318
-1537.7 0.114009
-1537.5 0.115128
-1537.3 0.11621
-1537.1 0.117112
-1536.9 0.118411
-1536.7 0.119313
-1536.5 0.12054
-1536.3 0.121766
-1536.1 0.122668
-1535.9 0.123823
-1535.7 0.124833
-1535.5 0.126096
-1535.3 0.127431
-1535.1 0.128333
-1534.9 0.129307
-1534.7 0.130245
-1534.5 0.131508
-1534.3 0.132482
-1534.1 0.133636
-1533.9 0.134683
-1533.7 0.135513
-1533.5 0.136306
-1533.3 0.137605
-1533.1 0.138868
-1532.9 0.139842
-1532.7 0.140852
-1532.5 0.142043
-1532.3 0.143089
-1532.1 0.143811
-1531.9 0.14464
-1531.7 0.145506
-1531.5 0.146733
-1531.3 0.148104
-1531.1 0.148826
-1530.9 0.1498
-1530.7 0.150774
-1530.5 0.15182
-1530.3 0.152975
-1530.1 0.153805
-1529.9 0.15467
-1529.7 0.155789
-1529.5 0.156691
-1529.3 0.157376
-1529.1 0.158459
-1528.9 0.159469
-1528.7 0.160443
-1528.5 0.161129
-1528.3 0.161814
-1528.1 0.162644
-1527.9 0.163762
-1527.7 0.164736
-1527.5 0.165819
-1527.3 0.166432
-1527.1 0.167659
-1526.9 0.168453
-1526.7 0.169138
-1526.5 0.169896
-1526.3 0.170798
-1526.1 0.171628
-1525.9 0.172385
-1525.7 0.173359
-1525.5 0.174081
-1525.3 0.174983
-1525.1 0.176065
-1524.9 0.177039
-1524.7 0.17841
-1524.5 0.179312
-1524.3 0.180178
-1524.1 0.181261
-1523.9 0.181946
-1523.7 0.182812
-1523.5 0.183894
-1523.3 0.184796
-1523.1 0.185807
-1522.9 0.186636
-1522.7 0.187647
-1522.5 0.188693
-1522.3 0.189703
-1522.1 0.190605
-1521.9 0.191327
-1521.7 0.192337
-1521.5 0.193239
-1521.3 0.194465
-1521.1 0.19562
-1520.9 0.197063
-1520.7 0.198109
-1520.5 0.198903
-1520.3 0.199841
-1520.1 0.200563
-1519.9 0.201826
-1519.7 0.203124
-1519.5 0.20399
-1519.3 0.20464
-1519.1 0.205939
-1518.9 0.206768
-1518.7 0.207779
-1518.5 0.208825
-1518.3 0.209799
-1518.1 0.210917
-1517.9 0.211639
-1517.7 0.212938
-1517.5 0.213912
-1517.3 0.21485
-1517.1 0.21568
-1516.9 0.216654
-1516.7 0.217448
-1516.5 0.218458
-1516.3 0.219396
-1516.1 0.220118
-1515.9 0.220984
-1515.7 0.221849
-1515.5 0.222535
-1515.3 0.223617
-1515.1 0.224519
-1514.9 0.225313
-1514.7 0.226107
-1514.5 0.227045
-1514.3 0.228271
-1514.1 0.229065
-1513.9 0.230003
-1513.7 0.230508
-1513.5 0.23105
-1513.3 0.231555
-1513.1 0.232348
-1512.9 0.233106
-1512.7 0.233719
-1512.5 0.234549
-1512.3 0.235487
-1512.1 0.236317
-1511.9 0.237183
-1511.7 0.238013
-1511.5 0.238879
-1511.3 0.239708
-1511.1 0.240719
-1510.9 0.24126
-1510.7 0.241945
-1510.5 0.243136
-1510.3 0.24393
-1510.1 0.244399
-1509.9 0.245192
-1509.7 0.245806
-1509.5 0.246708
-1509.3 0.24761
-1509.1 0.248295
-1508.9 0.249305
-1508.7 0.250171
-1508.5 0.251037
-1508.3 0.251939
-1508.1 0.252733
-1507.9 0.253671
-1507.7 0.25432
-1507.5 0.25515
-1507.3 0.255908
-1507.1 0.256521
-1506.9 0.257351
-1506.7 0.25847
-1506.5 0.25948
-1506.3 0.260346
-1506.1 0.26132
-1505.9 0.262114
-1505.7 0.263232
-1505.5 0.263881
-1505.3 0.265072
-1505.1 0.26583
-1504.9 0.266551
-1504.7 0.26767
-1504.5 0.26868
-1504.3 0.269474
-1504.1 0.270556
-1503.9 0.271061
-1503.7 0.271891
-1503.5 0.272612
-1503.3 0.273478
-1503.1 0.274344
-1502.9 0.275174
-1502.7 0.27604
-1502.5 0.276942
-1502.3 0.278024
-1502.1 0.278854
-1501.9 0.279973
-1501.7 0.280983
-1501.5 0.281849
-1501.3 0.282787
-1501.1 0.283725
-1500.9 0.284591
-1500.7 0.285565
-1500.5 0.286431
-1500.3 0.287513
-1500.1 0.288451
-1499.9 0.289281
-1499.7 0.289858
-1499.5 0.29058
-1499.3 0.291554
-1499.1 0.292384
-1498.9 0.293141
-1498.7 0.294043
-1498.5 0.294873
-1498.3 0.295667
-1498.1 0.296713
-1497.9 0.297363
-1497.7 0.298373
-1497.5 0.299239
-1497.3 0.299996
-1497.1 0.300934
-1496.9 0.302161
-1496.7 0.302774
-1496.5 0.303388
-1496.3 0.304182
-1496.1 0.305011
-1495.9 0.305949
-1495.7 0.306635
-1495.5 0.30714
-1495.3 0.307898
-1495.1 0.308655
-1494.9 0.309449
-1494.7 0.310171
-1494.5 0.311
-1494.3 0.311794
-1494.1 0.31284
-1493.9 0.31349
-1493.7 0.314356
-1493.5 0.31515
-1493.3 0.315871
-1493.1 0.316701
-1492.9 0.317747
-1492.7 0.318649
-1492.5 0.319695
-1492.3 0.320453
-1492.1 0.321499
-1491.9 0.322257
-1491.7 0.323087
-1491.5 0.323953
-1491.3 0.325071
-1491.1 0.326262
-1490.9 0.326803
-1490.7 0.327741
-1490.5 0.328607
-1490.3 0.329509
-1490.1 0.330772
-1489.9 0.33171
-1489.7 0.332684
-1489.5 0.333802
-1489.3 0.334632
-1489.1 0.33557
-1488.9 0.336292
-1488.7 0.336905
-1488.5 0.337843
-1488.3 0.338745
-1488.1 0.339539
-1487.9 0.340333
-1487.7 0.341487
-1487.5 0.342281
-1487.3 0.343039
-1487.1 0.344301
-1486.9 0.345312
-1486.7 0.346105
-1486.5 0.347115
-1486.3 0.347837
-1486.1 0.348523
-1485.9 0.349461
-1485.7 0.350254
-1485.5 0.35112
-1485.3 0.351914
-1485.1 0.35278
-1484.9 0.353862
-1484.7 0.354981
-1484.5 0.355919
-1484.3 0.356676
-1484.1 0.357542
-1483.9 0.358083
-1483.7 0.359166
-1483.5 0.359815
-1483.3 0.360898
-1483.1 0.361655
-1482.9 0.362413
-1482.7 0.363387
-1482.5 0.364109
-1482.3 0.364975
-1482.1 0.365768
-1481.9 0.366959
-1481.7 0.36768
-1481.5 0.368366
-1481.3 0.369268
-1481.1 0.370242
-1480.9 0.370855
-1480.7 0.372082
-1480.5 0.372984
-1480.3 0.373778
-1480.1 0.374896
-1479.9 0.375546
-1479.7 0.376556
-1479.5 0.377133
-1479.3 0.377999
-1479.1 0.379009
-1478.9 0.379659
-1478.7 0.380669
-1478.5 0.381463
-1478.3 0.382256
-1478.1 0.383122
-1477.9 0.38406
-1477.7 0.385034
-1477.5 0.386189
-1477.3 0.387127
-1477.1 0.387776
-1476.9 0.38839
-1476.7 0.389184
-1476.5 0.390049
-1476.3 0.390807
-1476.1 0.391673
-1475.9 0.392611
-1475.7 0.393477
-1475.5 0.394523
-1475.3 0.395461
-1475.1 0.396363
-1474.9 0.39741
-1474.7 0.398203
-1474.5 0.399213
-1474.3 0.400079
-1474.1 0.401054
-1473.9 0.401847
-1473.7 0.402677
-1473.5 0.403507
-1473.3 0.404625
-1473.1 0.405672
-1472.9 0.406538
-1472.7 0.407476
-1472.5 0.408486
-1472.3 0.409424
-1472.1 0.410218
-1471.9 0.411228
-1471.7 0.41231
-1471.5 0.413176
-1471.3 0.414006
-1471.1 0.414908
-1470.9 0.416207
-1470.7 0.417073
-1470.5 0.418263
-1470.3 0.419526
-1470.1 0.420753
-1469.9 0.421582
-1469.7 0.422484
-1469.5 0.423531
-1469.3 0.424433
-1469.1 0.425335
-1468.9 0.425912
-1468.7 0.426742
-1468.5 0.427247
-1468.3 0.428221
-1468.1 0.429123
-1467.9 0.430061
-1467.7 0.430819
-1467.5 0.431324
-1467.3 0.432154
-1467.1 0.432659
-1466.9 0.433452
-1466.7 0.43439
-1466.5 0.43504
-1466.3 0.435978
-1466.1 0.436952
-1465.9 0.438034
-1465.7 0.438972
-1465.5 0.439838
-1465.3 0.440488
-1465.1 0.44139
-1464.9 0.442111
-1464.7 0.442833
-1464.5 0.443591
-1464.3 0.444529
-1464.1 0.445178
-1463.9 0.445972
-1463.7 0.446802
-1463.5 0.447379
-1463.3 0.448533
-1463.1 0.449688
-1462.9 0.450446
-1462.7 0.451167
-1462.5 0.451672
-1462.3 0.452358
-1462.1 0.453079
-1461.9 0.454126
-1461.7 0.455064
-1461.5 0.455713
-1461.3 0.456579
-1461.1 0.457264
-1460.9 0.458311
-1460.7 0.458996
-1460.5 0.459574
-1460.3 0.460367
-1460.1 0.461125
-1459.9 0.462135
-1459.7 0.46264
-1459.5 0.463398
-1459.3 0.464192
-1459.1 0.465058
-1458.9 0.465923
-1458.7 0.466825
-1458.5 0.467547
-1458.3 0.468341
-1458.1 0.469243
-1457.9 0.470145
-1457.7 0.471119
-1457.5 0.472021
-1457.3 0.472815
-1457.1 0.473284
-1456.9 0.474258
-1456.7 0.474835
-1456.5 0.475593
-1456.3 0.476422
-1456.1 0.47736
-1455.9 0.478335
-1455.7 0.4792
-1455.5 0.480066
-1455.3 0.480716
-1455.1 0.481798
-1454.9 0.482844
-1454.7 0.483927
-1454.5 0.485009
-1454.3 0.485839
-1454.1 0.486525
-1453.9 0.487354
-1453.7 0.488076
-1453.5 0.488797
-1453.3 0.489699
-1453.1 0.490457
-1452.9 0.491359
-1452.7 0.491936
-1452.5 0.492694
-1452.3 0.49374
-1452.1 0.494931
-1451.9 0.495689
-1451.7 0.496374
-1451.5 0.497745
-1451.3 0.498539
-1451.1 0.499441
-1450.9 0.500451
-1450.7 0.501569
-1450.5 0.502616
-1450.3 0.503446
-1450.1 0.504384
-1449.9 0.505177
-1449.7 0.506079
-1449.5 0.50709
-1449.3 0.507919
-1449.1 0.508497
-1448.9 0.509687
-1448.7 0.510661
-1448.5 0.511635
-1448.3 0.512249
-1448.1 0.513331
-1447.9 0.51445
-1447.7 0.515243
-1447.5 0.516326
-1447.3 0.517011
-1447.1 0.517985
-1446.9 0.518635
-1446.7 0.519392
-1446.5 0.520367
-1446.3 0.521196
-1446.1 0.52199
-1445.9 0.522567
-1445.7 0.523433
-1445.5 0.524371
-1445.3 0.525201
-1445.1 0.525995
-1444.9 0.52668
-1444.7 0.527799
-1444.5 0.528376
-1444.3 0.529422
-1444.1 0.530108
-1443.9 0.530829
-1443.7 0.531948
-1443.5 0.53285
-1443.3 0.533824
-1443.1 0.534762
-1442.9 0.535808
-1442.7 0.536602
-1442.5 0.537576
-1442.3 0.53837
-1442.1 0.539128
-1441.9 0.539813
-1441.7 0.540499
-1441.5 0.541365
-1441.3 0.542266
-1441.1 0.542952
-1440.9 0.543637
-1440.7 0.544539
-1440.5 0.545441
-1440.3 0.546199
-1440.1 0.547534
-1439.9 0.548147
-1439.7 0.549013
-1439.5 0.549951
-1439.3 0.550745
-1439.1 0.551322
-1438.9 0.552513
-1438.7 0.553198
-1438.5 0.554064
-1438.3 0.554858
-1438.1 0.55594
-1437.9 0.556554
-1437.7 0.557384
-1437.5 0.558033
-1437.3 0.559115
-1437.1 0.559873
-1436.9 0.560883
-1436.7 0.561641
-1436.5 0.562362
-1436.3 0.563048
-1436.1 0.564022
-1435.9 0.564347
-1435.7 0.565285
-1435.5 0.566151
-1435.3 0.566981
-1435.1 0.567919
-1434.9 0.568532
-1434.7 0.569398
-1434.5 0.570336
-1434.3 0.571382
-1434.1 0.572356
-1433.9 0.573114
-1433.7 0.574268
-1433.5 0.575062
-1433.3 0.576145
-1433.1 0.577263
-1432.9 0.578598
-1432.7 0.579464
-1432.5 0.58051
-1432.3 0.581232
-1432.1 0.582278
-1431.9 0.583252
-1431.7 0.58419
-1431.5 0.58484
-1431.3 0.585814
-1431.1 0.586752
-1430.9 0.587762
-1430.7 0.588736
-1430.5 0.589855
-1430.3 0.590648
-1430.1 0.591731
-1429.9 0.592777
-1429.7 0.593607
-1429.5 0.594328
-1429.3 0.594833
-1429.1 0.595699
-1428.9 0.596493
-1428.7 0.597431
-1428.5 0.598261
-1428.3 0.599199
-1428.1 0.599812
-1427.9 0.601003
-1427.7 0.602049
-1427.5 0.602951
-1427.3 0.603781
-1427.1 0.604575
-1426.9 0.605224
-1426.7 0.606054
-1426.5 0.606631
-1426.3 0.607497
-1426.1 0.608255
-1425.9 0.609193
-1425.7 0.609914
-1425.5 0.610672
-1425.3 0.611466
-1425.1 0.612512
-1424.9 0.613378
-1424.7 0.613991
-1424.5 0.614533
-1424.3 0.615182
-1424.1 0.616264
-1423.9 0.617275
-1423.7 0.617924
-1423.5 0.618898
-1423.3 0.619908
-1423.1 0.620846
-1422.9 0.621965
-1422.7 0.622939
-1422.5 0.623516
-1422.3 0.624454
-1422.1 0.625212
-1421.9 0.626078
-1421.7 0.627377
-1421.5 0.628098
-1421.3 0.629072
-1421.1 0.629866
-1420.9 0.63084
-1420.7 0.631742
-1420.5 0.632644
-1420.3 0.633618
-1420.1 0.63434
-1419.9 0.635422
-1419.7 0.636036
-1419.5 0.637046
-1419.3 0.637731
-1419.1 0.638489
-1418.9 0.639066
-1418.7 0.640076
-1418.5 0.641051
-1418.3 0.641953
-1418.1 0.642891
-1417.9 0.643937
-1417.7 0.644695
-1417.5 0.645524
-1417.3 0.646535
-1417.1 0.647725
-1416.9 0.648519
-1416.7 0.649565
-1416.5 0.650467
-1416.3 0.651441
-1416.1 0.65256
-1415.9 0.653354
-1415.7 0.654472
-1415.5 0.655374
-1415.3 0.656348
-1415.1 0.657322
-1414.9 0.65826
-1414.7 0.659343
-1414.5 0.660389
-1414.3 0.661147
-1414.1 0.661832
-1413.9 0.662806
-1413.7 0.663997
-1413.5 0.664682
-1413.3 0.665548
-1413.1 0.666414
-1412.9 0.667352
-1412.7 0.668543
-1412.5 0.669264
-1412.3 0.670311
-1412.1 0.671213
-1411.9 0.671934
-1411.7 0.67298
-1411.5 0.673558
-1411.3 0.674315
-1411.1 0.674965
-1410.9 0.676155
-1410.7 0.676841
-1410.5 0.677851
-1410.3 0.678861
-1410.1 0.680124
-1409.9 0.681206
-1409.7 0.682
-1409.5 0.682902
-1409.3 0.684165
-1409.1 0.684742
-1408.9 0.685789
-1408.7 0.686402
-1408.5 0.686979
-1408.3 0.687556
-1408.1 0.688422
-1407.9 0.689432
-1407.7 0.690154
-1407.5 0.6912
-1407.3 0.691742
-1407.1 0.692716
-1406.9 0.693329
-1406.7 0.694195
-1406.5 0.695241
-1406.3 0.696071
-1406.1 0.696576
-1405.9 0.697406
-1405.7 0.698236
-1405.5 0.698921
-1405.3 0.699895
-1405.1 0.70087
-1404.9 0.701483
-1404.7 0.702168
-1404.5 0.702818
-1404.3 0.703648
-1404.1 0.704405
-1403.9 0.705379
-1403.7 0.706426
-1403.5 0.7074
-1403.3 0.708446
-1403.1 0.709312
-1402.9 0.710142
-1402.7 0.711224
-1402.5 0.711621
-1402.3 0.712595
-1402.1 0.713497
-1401.9 0.714327
-1401.7 0.715265
-1401.5 0.715842
-1401.3 0.716744
-1401.1 0.717646
-1400.9 0.718476
-1400.7 0.719306
-1400.5 0.719847
-1400.3 0.720785
-1400.1 0.721615
-1399.9 0.722589
-1399.7 0.723816
-1399.5 0.724646
-1399.3 0.725367
-1399.1 0.726233
-1398.9 0.727315
-1398.7 0.728073
-1398.5 0.728903
-1398.3 0.730021
-1398.1 0.730562
-1397.9 0.731789
-1397.7 0.733088
-1397.5 0.734134
-1397.3 0.735181
-1397.1 0.736083
-1396.9 0.737345
-1396.7 0.738536
-1396.5 0.73951
-1396.3 0.740232
-1396.1 0.741098
-1395.9 0.742072
-1395.7 0.743046
-1395.5 0.743803
-1395.3 0.744525
-1395.1 0.745427
-1394.9 0.746329
-1394.7 0.747231
-1394.5 0.748349
-1394.3 0.748999
-1394.1 0.749937
-1393.9 0.750731
-1393.7 0.751452
-1393.5 0.752246
-1393.3 0.752895
-1393.1 0.753869
-1392.9 0.754663
-1392.7 0.755854
-1392.5 0.756503
-1392.3 0.757586
-1392.1 0.758488
-1391.9 0.759426
-1391.7 0.760255
-1391.5 0.761157
-1391.3 0.762023
-1391.1 0.762673
-1390.9 0.763466
-1390.7 0.764296
-1390.5 0.765343
-1390.3 0.765776
-1390.1 0.766605
-1389.9 0.767363
-1389.7 0.768012
-1389.5 0.768842
-1389.3 0.769456
-1389.1 0.770358
-1388.9 0.771115
-1388.7 0.772017
-1388.5 0.772631
-1388.3 0.773208
-1388.1 0.774182
-1387.9 0.77494
-1387.7 0.775445
-1387.5 0.776094
-1387.3 0.776816
-1387.1 0.777682
-1386.9 0.778511
-1386.7 0.779053
-1386.5 0.779882
-1386.3 0.78046
-1386.1 0.781398
-1385.9 0.782372
-1385.7 0.78331
-1385.5 0.784068
-1385.3 0.784861
-1385.1 0.785258
-1384.9 0.786124
-1384.7 0.786846
-1384.5 0.787531
-1384.3 0.788289
-1384.1 0.788938
-1383.9 0.789984
-1383.7 0.790886
-1383.5 0.79168
-1383.3 0.792799
-1383.1 0.793917
-1382.9 0.794603
-1382.7 0.795468
-1382.5 0.79619
-1382.3 0.797056
-1382.1 0.797741
-1381.9 0.798716
-1381.7 0.799798
-1381.5 0.800556
-1381.3 0.801494
-1381.1 0.802468
-1380.9 0.803406
-1380.7 0.804308
-1380.5 0.805282
-1380.3 0.806004
-1380.1 0.806761
-1379.9 0.807807
-1379.7 0.808457
-1379.5 0.809395
-1379.3 0.809936
-1379.1 0.811235
-1378.9 0.812029
-1378.7 0.813111
-1378.5 0.813833
-1378.3 0.814482
-1378.1 0.81542
-1377.9 0.81625
-1377.7 0.817044
-1377.5 0.817946
-1377.3 0.818703
-1377.1 0.819677
-1376.9 0.820579
-1376.7 0.821554
-1376.5 0.822095
-1376.3 0.823069
-1376.1 0.824043
-1375.9 0.825017
-1375.7 0.825919
-1375.5 0.826857
-1375.3 0.827867
-1375.1 0.828914
-1374.9 0.829852
-1374.7 0.830898
-1374.5 0.831872
-1374.3 0.832955
-1374.1 0.83382
-1373.9 0.835264
-1373.7 0.835985
-1373.5 0.836707
-1373.3 0.837356
-1373.1 0.838511
-1372.9 0.839377
-1372.7 0.840675
-1372.5 0.841505
-1372.3 0.842227
-1372.1 0.843201
-1371.9 0.843995
-1371.7 0.844752
-1371.5 0.845546
-1371.3 0.846412
-1371.1 0.847386
-1370.9 0.848108
-1370.7 0.848937
-1370.5 0.849731
-1370.3 0.850633
-1370.1 0.851319
-1369.9 0.852076
-1369.7 0.852798
-1369.5 0.853556
-1369.3 0.854674
-1369.1 0.855756
-1368.9 0.856839
-1368.7 0.857524
-1368.5 0.858138
-1368.3 0.859076
-1368.1 0.859869
-1367.9 0.860844
-1367.7 0.861782
-1367.5 0.862611
-1367.3 0.863477
-1367.1 0.864235
-1366.9 0.864993
-1366.7 0.865678
-1366.5 0.866616
-1366.3 0.867193
-1366.1 0.867915
-1365.9 0.868781
-1365.7 0.869755
-1365.5 0.870873
-1365.3 0.872136
-1365.1 0.872858
-1364.9 0.873507
-1364.7 0.874265
-1364.5 0.875203
-1364.3 0.875925
-1364.1 0.87661
-1363.9 0.877476
-1363.7 0.878306
-1363.5 0.879063
-1363.3 0.879893
-1363.1 0.880976
-1362.9 0.881625
-1362.7 0.882491
-1362.5 0.883212
-1362.3 0.884078
-1362.1 0.884908
-1361.9 0.885774
-1361.7 0.88664
-1361.5 0.887506
-1361.3 0.888444
-1361.1 0.889382
-1360.9 0.890573
-1360.7 0.891619
-1360.5 0.892629
-1360.3 0.893387
-1360.1 0.894541
-1359.9 0.895696
-1359.7 0.896959
-1359.5 0.897933
-1359.3 0.898726
-1359.1 0.899484
-1358.9 0.900566
-1358.7 0.901541
-1358.5 0.902623
-1358.3 0.903381
-1358.1 0.904174
-1357.9 0.905004
-1357.7 0.905762
-1357.5 0.906483
-1357.3 0.907782
-1357.1 0.908756
-1356.9 0.90973
-1356.7 0.910488
-1356.5 0.911282
-1356.3 0.912112
-1356.1 0.912905
-1355.9 0.913519
-1355.7 0.914493
-1355.5 0.915359
-1355.3 0.915972
-1355.1 0.917018
-1354.9 0.917993
-1354.7 0.918642
-1354.5 0.919616
-1354.3 0.920121
-1354.1 0.920807
-1353.9 0.921673
-1353.7 0.922286
-1353.5 0.923332
-1353.3 0.92427
-1353.1 0.924992
-1352.9 0.925786
-1352.7 0.926868
-1352.5 0.927806
-1352.3 0.928492
-1352.1 0.929357
-1351.9 0.930259
-1351.7 0.930909
-1351.5 0.931847
-1351.3 0.932713
-1351.1 0.933579
-1350.9 0.934553
-1350.7 0.935455
-1350.5 0.936321
-1350.3 0.936826
-1350.1 0.937511
-1349.9 0.938341
-1349.7 0.939351
-1349.5 0.940217
-1349.3 0.940831
-1349.1 0.941444
-1348.9 0.942202
-1348.7 0.943248
-1348.5 0.944042
-1348.3 0.944691
-1348.1 0.945268
-1347.9 0.94599
-1347.7 0.947072
-1347.5 0.947577
-1347.3 0.948299
-1347.1 0.948984
-1346.9 0.949634
-1346.7 0.950355
-1346.5 0.951041
-1346.3 0.951907
-1346.1 0.952701
-1345.9 0.95335
-1345.7 0.954216
-1345.5 0.954829
-1345.3 0.955587
-1345.1 0.9562
-1344.9 0.956777
-1344.7 0.957643
-1344.5 0.958221
-1344.3 0.958726
-1344.1 0.959483
-1343.9 0.960133
-1343.7 0.960782
-1343.5 0.961396
-1343.3 0.962081
-1343.1 0.962983
-1342.9 0.963416
-1342.7 0.963921
-1342.5 0.96439
-1342.3 0.964823
-1342.1 0.965292
-1341.9 0.965833
-1341.7 0.966411
-1341.5 0.966952
-1341.3 0.967349
-1341.1 0.96807
-1340.9 0.968864
-1340.7 0.969369
-1340.5 0.96973
-1340.3 0.970054
-1340.1 0.970776
-1339.9 0.971209
-1339.7 0.971678
-1339.5 0.972183
-1339.3 0.972652
-1339.1 0.973085
-1338.9 0.973374
-1338.7 0.973879
-1338.5 0.974348
-1338.3 0.974961
-1338.1 0.975322
-1337.9 0.975719
-1337.7 0.976188
-1337.5 0.976404
-1337.3 0.976873
-1337.1 0.977595
-1336.9 0.977956
-1336.7 0.978244
-1336.5 0.978641
-1336.3 0.979038
-1336.1 0.979435
-1335.9 0.979904
-1335.7 0.980301
-1335.5 0.980662
-1335.3 0.981167
-1335.1 0.981455
-1334.9 0.981816
-1334.7 0.982141
-1334.5 0.982466
-1334.3 0.982935
-1334.1 0.983404
-1333.9 0.983801
-1333.7 0.984234
-1333.5 0.984378
-1333.3 0.984811
-1333.1 0.985244
-1332.9 0.985713
-1332.7 0.986074
-1332.5 0.986254
-1332.3 0.986362
-1332.1 0.986723
-1331.9 0.987084
-1331.7 0.9873
-1331.5 0.987589
-1331.3 0.987877
-1331.1 0.988022
-1330.9 0.988274
-1330.7 0.988419
-1330.5 0.988707
-1330.3 0.989104
-1330.1 0.989609
-1329.9 0.989934
-1329.7 0.99015
-1329.5 0.990259
-1329.3 0.990439
-1329.1 0.990764
-1328.9 0.991052
-1328.7 0.991305
-1328.5 0.991558
-1328.3 0.991738
-1328.1 0.991918
-1327.9 0.992027
-1327.7 0.992135
-1327.5 0.992387
-1327.3 0.992568
-1327.1 0.992712
-1326.9 0.992748
-1326.7 0.992892
-1326.5 0.993037
-1326.3 0.993253
-1326.1 0.993289
-1325.9 0.993614
-1325.7 0.993867
-1325.5 0.993939
-1325.3 0.994011
-1325.1 0.994227
-1324.9 0.994408
-1324.7 0.994516
-1324.5 0.99466
-1324.3 0.994769
-1324.1 0.995057
-1323.9 0.995129
-1323.7 0.995202
-1323.5 0.995346
-1323.3 0.995418
-1323.1 0.99549
-1322.9 0.995634
-1322.7 0.995779
-1322.5 0.995959
-1322.3 0.996176
-1322.1 0.996428
-1321.9 0.996536
-1321.7 0.996645
-1321.5 0.996753
-1321.3 0.996861
-1321.1 0.996897
-1320.9 0.997042
-1320.7 0.99715
-1320.5 0.997402
-1320.3 0.997438
-1320.1 0.997547
-1319.9 0.997619
-1319.7 0.997727
-1319.5 0.997763
-1319.3 0.997871
-1319.1 0.997944
-1318.9 0.99798
-1318.7 0.998088
-1318.5 0.998088
-1318.3 0.99816
-1318.1 0.998376
-1317.9 0.998485
-1317.7 0.998521
-1317.5 0.998557
-1317.3 0.998593
-1317.1 0.998629
-1316.9 0.998629
-1316.7 0.998701
-1316.5 0.998773
-1316.3 0.998773
-1316.1 0.998845
-1315.9 0.998918
-1315.7 0.999026
-1315.5 0.999062
-1315.3 0.999098
-1315.1 0.999134
-1314.9 0.99917
-1314.7 0.999206
-1314.5 0.999278
-1314.3 0.999278
-1314.1 0.999278
-1313.9 0.999278
-1313.7 0.999278
-1313.5 0.999315
-1313.3 0.999315
-1313.1 0.999315
-1312.9 0.999315
-1312.7 0.999315
-1312.5 0.999315
-1312.3 0.999315
-1312.1 0.999315
-1311.9 0.999315
-1311.7 0.999315
-1311.5 0.999315
-1311.3 0.999351
-1311.1 0.999351
-1310.9 0.999351
-1310.7 0.999351
-1310.5 0.999351
-1310.3 0.999387
-1310.1 0.999387
-1309.9 0.999387
-1309.7 0.999387
-1309.5 0.999423
-1309.3 0.999459
-1309.1 0.999459
-1308.9 0.999495
-1308.7 0.999495
-1308.5 0.999531
-1308.3 0.999531
-1308.1 0.999567
-1307.9 0.999603
-1307.7 0.999603
-1307.5 0.999639
-1307.3 0.999639
-1307.1 0.999639
-1306.9 0.999639
-1306.7 0.999639
-1306.5 0.999639
-1306.3 0.999639
-1306.1 0.999675
-1305.9 0.999747
-1305.7 0.99982
-1305.5 0.99982
-1305.3 0.99982
-1305.1 0.99982
-1304.9 0.99982
-1304.7 0.99982
-1304.5 0.999856
-1304.3 0.999856
-1304.1 0.999856
-1303.9 0.999892
-1303.7 0.999892
-1303.5 0.999928
-1303.3 0.999964
-1303.1 0.999964
-1302.9 0.999964
-1302.7 0.999964
-1302.5 1
