-209.9 0
-209.7 0
-209.5 0
-209.3 0
-209.1 0
-208.9 0
-208.7 0
-208.5 0
-208.3 0
-208.1 0
-207.9 0
-207.7 0
-207.5 0
-207.3 0
-207.1 0
-206.9 0
-206.7 0
-206.5 0
-206.3 0
-206.1 0
-205.9 0
-205.7 0
-205.5 0
-205.3 0
-205.1 0
-204.9 0
-204.7 0
-204.5 0
-204.3 0
-204.1 0
-203.9 0
-203.7 1
-203.5 0
-203.3 1
-203.1 0
-202.9 0
-202.7 0
-202.5 0
-202.3 1
-202.1 2
-201.9 2
-201.7 3
-201.5 2
-201.3 3
-201.1 10
-200.9 6
-200.7 15
-200.5 6
-200.3 22
-200.1 29
-199.9 22
-199.7 55
-199.5 49
-199.3 64
-199.1 103
-198.9 118
-198.7 128
-198.5 148
-198.3 169
-198.1 218
-197.9 246
-197.7 296
-197.5 349
-197.3 376
-197.1 460
-196.9 588
-196.7 679
-196.5 739
-196.3 796
-196.1 901
-195.9 988
-195.7 1074
-195.5 1221
-195.3 1311
-195.1 1289
-194.9 1385
-194.7 1464
-194.5 1550
-194.3 1509
-194.1 1659
-193.9 1709
-193.7 1658
-193.5 1804
-193.3 1739
-193.1 1750
-192.9 1778
-192.7 1786
-192.5 1742
-192.3 1769
-192.1 1671
-191.9 1767
-191.7 1749
-191.5 1783
-191.3 1673
-191.1 1809
-190.9 1787
-190.7 1725
-190.5 1727
-190.3 1779
-190.1 1739
-189.9 1627
-189.7 1670
-189.5 1654
-189.3 1589
-189.1 1674
-188.9 1580
-188.7 1607
-188.5 1645
-188.3 1579
-188.1 1571
-187.9 1561
-187.7 1595
-187.5 1507
-187.3 1510
-187.1 1518
-186.9 1563
-186.7 1505
-186.5 1478
-186.3 1440
-186.1 1430
-185.9 1491
-185.7 1417
-185.5 1457
-185.3 1415
-185.1 1420
-184.9 1325
-184.7 1438
-184.5 1331
-184.3 1415
-184.1 1356
-183.9 1319
-183.7 1339
-183.5 1376
-183.3 1301
-183.1 1286
-182.9 1259
-182.7 1272
-182.5 1165
-182.3 1218
-182.1 1165
-181.9 1240
-181.7 1145
-181.5 1164
-181.3 1147
-181.1 1088
-180.9 1110
-180.7 1042
-180.5 1052
-180.3 1007
-180.1 1005
-179.9 944
-179.7 949
-179.5 1004
-179.3 903
-179.1 952
-178.9 975
-178.7 905
-178.5 909
-178.3 927
-178.1 875
-177.9 948
-177.7 910
-177.5 856
-177.3 892
-177.1 883
-176.9 847
-176.7 821
-176.5 835
-176.3 844
-176.1 818
-175.9 838
-175.7 787
-175.5 814
-175.3 832
-175.1 830
-174.9 773
-174.7 782
-174.5 781
-174.3 842
-174.1 805
-173.9 758
-173.7 779
-173.5 762
-173.3 781
-173.1 751
-172.9 800
-172.7 765
-172.5 806
-172.3 740
-172.1 761
-171.9 768
-171.7 766
-171.5 779
-171.3 788
-171.1 773
-170.9 720
-170.7 742
-170.5 795
-170.3 713
-170.1 792
-169.9 757
-169.7 708
-169.5 795
-169.3 673
-169.1 746
-168.9 741
-168.7 717
-168.5 683
-168.3 746
-168.1 735
-167.9 768
-167.7 718
-167.5 726
-167.3 721
-167.1 757
-166.9 738
-166.7 800
-166.5 726
-166.3 745
-166.1 752
-165.9 760
-165.7 754
-165.5 741
-165.3 693
-165.1 750
-164.9 718
-164.7 723
-164.5 722
-164.3 695
-164.1 755
-163.9 761
-163.7 734
-163.5 711
-163.3 746
-163.1 682
-162.9 741
-162.7 723
-162.5 742
-162.3 660
-162.1 720
-161.9 697
-161.7 703
-161.5 738
-161.3 723
-161.1 757
-160.9 697
-160.7 744
-160.5 729
-160.3 742
-160.1 739
-159.9 724
-159.7 749
-159.5 731
-159.3 685
-159.1 680
-158.9 722
-158.7 723
-158.5 738
-158.3 684
-158.1 699
-157.9 698
-157.7 733
-157.5 692
-157.3 653
-157.1 691
-156.9 710
-156.7 725
-156.5 754
-156.3 713
-156.1 686
-155.9 702
-155.7 650
-155.5 647
-155.3 690
-155.1 678
-154.9 677
-154.7 672
-154.5 688
-154.3 665
-154.1 660
-153.9 708
-153.7 663
-153.5 673
-153.3 687
-153.1 688
-152.9 660
-152.7 628
-152.5 649
-152.3 655
-152.1 675
-151.9 622
-151.7 619
-151.5 650
-151.3 659
-151.1 658
-150.9 696
-150.7 668
-150.5 651
-150.3 643
-150.1 643
-149.9 652
-149.7 667
-149.5 638
-149.3 649
-149.1 639
-148.9 615
-148.7 674
-148.5 633
-148.3 616
-148.1 627
-147.9 676
-147.7 643
-147.5 666
-147.3 720
-147.1 657
-146.9 632
-146.7 685
-146.5 640
-146.3 710
-146.1 730
-145.9 678
-145.7 639
-145.5 639
-145.3 741
-145.1 653
-144.9 723
-144.7 677
-144.5 682
-144.3 734
-144.1 733
-143.9 678
-143.7 685
-143.5 644
-143.3 693
-143.1 721
-142.9 704
-142.7 740
-142.5 727
-142.3 683
-142.1 702
-141.9 747
-141.7 751
-141.5 693
-141.3 765
-141.1 744
-140.9 758
-140.7 704
-140.5 740
-140.3 703
-140.1 756
-139.9 749
-139.7 660
-139.5 721
-139.3 738
-139.1 789
-138.9 729
-138.7 729
-138.5 765
-138.3 740
-138.1 726
-137.9 794
-137.7 729
-137.5 791
-137.3 708
-137.1 739
-136.9 755
-136.7 737
-136.5 713
-136.3 738
-136.1 769
-135.9 742
-135.7 735
-135.5 708
-135.3 793
-135.1 737
-134.9 754
-134.7 719
-134.5 706
-134.3 719
-134.1 723
-133.9 741
-133.7 746
-133.5 786
-133.3 697
-133.1 763
-132.9 744
-132.7 702
-132.5 730
-132.3 779
-132.1 760
-131.9 709
-131.7 737
-131.5 753
-131.3 777
-131.1 709
-130.9 752
-130.7 743
-130.5 752
-130.3 733
-130.1 682
-129.9 733
-129.7 784
-129.5 746
-129.3 765
-129.1 678
-128.9 715
-128.7 698
-128.5 721
-128.3 646
-128.1 741
-127.9 748
-127.7 734
-127.5 710
-127.3 760
-127.1 774
-126.9 708
-126.7 743
-126.5 714
-126.3 692
-126.1 751
-125.9 739
-125.7 761
-125.5 696
-125.3 723
-125.1 769
-124.9 759
-124.7 718
-124.5 725
-124.3 722
-124.1 706
-123.9 765
-123.7 735
-123.5 735
-123.3 704
-123.1 709
-122.9 753
-122.7 652
-122.5 724
-122.3 757
-122.1 718
-121.9 693
-121.7 729
-121.5 697
-121.3 720
-121.1 742
-120.9 723
-120.7 717
-120.5 724
-120.3 728
-120.1 755
-119.9 708
-119.7 773
-119.5 729
-119.3 730
-119.1 738
-118.9 732
-118.7 696
-118.5 761
-118.3 693
-118.1 698
-117.9 756
-117.7 713
-117.5 757
-117.3 687
-117.1 722
-116.9 714
-116.7 714
-116.5 733
-116.3 746
-116.1 720
-115.9 684
-115.7 701
-115.5 763
-115.3 668
-115.1 706
-114.9 725
-114.7 715
-114.5 718
-114.3 746
-114.1 743
-113.9 659
-113.7 670
-113.5 691
-113.3 738
-113.1 707
-112.9 685
-112.7 725
-112.5 688
-112.3 714
-112.1 702
-111.9 743
-111.7 703
-111.5 672
-111.3 724
-111.1 692
-110.9 726
-110.7 741
-110.5 728
-110.3 712
-110.1 713
-109.9 738
-109.7 716
-109.5 674
-109.3 656
-109.1 708
-108.9 653
-108.7 673
-108.5 667
-108.3 679
-108.1 727
-107.9 679
-107.7 699
-107.5 704
-107.3 712
-107.1 696
-106.9 700
-106.7 658
-106.5 697
-106.3 649
-106.1 667
-105.9 699
-105.7 736
-105.5 696
-105.3 668
-105.1 712
-104.9 651
-104.7 675
-104.5 624
-104.3 692
-104.1 717
-103.9 702
-103.7 682
-103.5 683
-103.3 717
-103.1 706
-102.9 707
-102.7 715
-102.5 673
-102.3 752
-102.1 743
-101.9 708
-101.7 648
-101.5 636
-101.3 700
-101.1 671
-100.9 719
-100.7 679
-100.5 691
-100.3 681
-100.1 714
-99.9 677
-99.7 657
-99.5 683
-99.3 695
-99.1 677
-98.9 693
-98.7 707
-98.5 746
-98.3 701
-98.1 684
-97.9 648
-97.7 806
-97.5 716
-97.3 702
-97.1 707
-96.9 664
-96.7 673
-96.5 697
-96.3 683
-96.1 664
-95.9 699
-95.7 651
-95.5 702
-95.3 687
-95.1 689
-94.9 730
-94.7 710
-94.5 682
-94.3 673
-94.1 716
-93.9 750
-93.7 663
-93.5 702
-93.3 685
-93.1 696
-92.9 654
-92.7 724
-92.5 708
-92.3 667
-92.1 698
-91.9 711
-91.7 622
-91.5 682
-91.3 671
-91.1 640
-90.9 674
-90.7 682
-90.5 675
-90.3 661
-90.1 690
-89.9 647
-89.7 635
-89.5 646
-89.3 718
-89.1 682
-88.9 657
-88.7 674
-88.5 650
-88.3 698
-88.1 708
-87.9 723
-87.7 708
-87.5 678
-87.3 694
-87.1 629
-86.9 630
-86.7 686
-86.5 672
-86.3 709
-86.1 705
-85.9 671
-85.7 683
-85.5 686
-85.3 721
-85.1 710
-84.9 697
-84.7 684
-84.5 686
-84.3 672
-84.1 704
-83.9 629
-83.7 638
-83.5 657
-83.3 662
-83.1 721
-82.9 692
-82.7 719
-82.5 730
-82.3 666
-82.1 666
-81.9 718
-81.7 713
-81.5 681
-81.3 665
-81.1 652
-80.9 685
-80.7 707
-80.5 764
-80.3 643
-80.1 678
-79.9 706
-79.7 721
-79.5 630
-79.3 706
-79.1 678
-78.9 724
-78.7 678
-78.5 709
-78.3 761
-78.1 688
-77.9 697
-77.7 650
-77.5 675
-77.3 734
-77.1 663
-76.9 725
-76.7 707
-76.5 727
-76.3 715
-76.1 697
-75.9 722
-75.7 714
-75.5 692
-75.3 724
-75.1 727
-74.9 745
-74.7 712
-74.5 723
-74.3 684
-74.1 699
-73.9 707
-73.7 698
-73.5 696
-73.3 719
-73.1 674
-72.9 688
-72.7 720
-72.5 715
-72.3 711
-72.1 664
-71.9 766
-71.7 677
-71.5 709
-71.3 707
-71.1 711
-70.9 705
-70.7 749
-70.5 692
-70.3 667
-70.1 693
-69.9 728
-69.7 728
-69.5 693
-69.3 717
-69.1 684
-68.9 671
-68.7 715
-68.5 694
-68.3 718
-68.1 655
-67.9 733
-67.7 691
-67.5 725
-67.3 678
-67.1 714
-66.9 733
-66.7 676
-66.5 737
-66.3 717
-66.1 725
-65.9 719
-65.7 736
-65.5 687
-65.3 744
-65.1 682
-64.9 696
-64.7 702
-64.5 702
-64.3 699
-64.1 711
-63.9 751
-63.7 678
-63.5 723
-63.3 670
-63.1 690
-62.9 717
-62.7 670
-62.5 658
-62.3 670
-62.1 738
-61.9 713
-61.7 755
-61.5 726
-61.3 739
-61.1 712
-60.9 723
-60.7 675
-60.5 701
-60.3 686
-60.1 704
-59.9 705
-59.7 696
-59.5 729
-59.3 688
-59.1 667
-58.9 717
-58.7 683
-58.5 722
-58.3 685
-58.1 688
-57.9 753
-57.7 747
-57.5 733
-57.3 685
-57.1 682
-56.9 664
-56.7 706
-56.5 694
-56.3 733
-56.1 662
-55.9 718
-55.7 714
-55.5 708
-55.3 685
-55.1 652
-54.9 679
-54.7 701
-54.5 687
-54.3 703
-54.1 731
-53.9 651
-53.7 713
-53.5 704
-53.3 694
-53.1 683
-52.9 675
-52.7 755
-52.5 693
-52.3 694
-52.1 686
-51.9 706
-51.7 699
-51.5 724
-51.3 721
-51.1 720
-50.9 700
-50.7 690
-50.5 686
-50.3 694
-50.1 715
-49.9 706
-49.7 697
-49.5 718
-49.3 728
-49.1 702
-48.9 650
-48.7 652
-48.5 699
-48.3 694
-48.1 682
-47.9 697
-47.7 712
-47.5 655
-47.3 703
-47.1 672
-46.9 703
-46.7 689
-46.5 658
-46.3 649
-46.1 720
-45.9 682
-45.7 677
-45.5 697
-45.3 680
-45.1 699
-44.9 675
-44.7 674
-44.5 671
-44.3 721
-44.1 690
-43.9 678
-43.7 708
-43.5 687
-43.3 691
-43.1 693
-42.9 713
-42.7 738
-42.5 670
-42.3 710
-42.1 724
-41.9 688
-41.7 677
-41.5 708
-41.3 743
-41.1 697
-40.9 642
-40.7 686
-40.5 717
-40.3 748
-40.1 691
-39.9 706
-39.7 685
-39.5 675
-39.3 689
-39.1 634
-38.9 721
-38.7 692
-38.5 660
-38.3 749
-38.1 668
-37.9 679
-37.7 687
-37.5 691
-37.3 684
-37.1 643
-36.9 689
-36.7 735
-36.5 673
-36.3 702
-36.1 618
-35.9 642
-35.7 698
-35.5 694
-35.3 735
-35.1 731
-34.9 721
-34.7 712
-34.5 678
-34.3 772
-34.1 709
-33.9 695
-33.7 707
-33.5 650
-33.3 702
-33.1 753
-32.9 734
-32.7 704
-32.5 677
-32.3 653
-32.1 719
-31.9 715
-31.7 702
-31.5 700
-31.3 677
-31.1 693
-30.9 701
-30.7 689
-30.5 693
-30.3 721
-30.1 689
-29.9 689
-29.7 682
-29.5 740
-29.3 699
-29.1 661
-28.9 662
-28.7 680
-28.5 695
-28.3 714
-28.1 676
-27.9 669
-27.7 675
-27.5 679
-27.3 701
-27.1 696
-26.9 671
-26.7 724
-26.5 689
-26.3 740
-26.1 676
-25.9 647
-25.7 674
-25.5 709
-25.3 667
-25.1 662
-24.9 689
-24.7 644
-24.5 667
-24.3 683
-24.1 702
-23.9 651
-23.7 668
-23.5 687
-23.3 704
-23.1 682
-22.9 699
-22.7 663
-22.5 637
-22.3 665
-22.1 711
-21.9 700
-21.7 663
-21.5 691
-21.3 729
-21.1 676
-20.9 720
-20.7 704
-20.5 689
-20.3 680
-20.1 702
-19.9 693
-19.7 760
-19.5 664
-19.3 657
-19.1 678
-18.9 682
-18.7 680
-18.5 679
-18.3 695
-18.1 689
-17.9 719
-17.7 711
-17.5 685
-17.3 709
-17.1 638
-16.9 713
-16.7 687
-16.5 647
-16.3 674
-16.1 718
-15.9 693
-15.7 676
-15.5 740
-15.3 713
-15.1 687
-14.9 664
-14.7 676
-14.5 654
-14.3 660
-14.1 669
-13.9 673
-13.7 751
-13.5 698
-13.3 648
-13.1 703
-12.9 664
-12.7 659
-12.5 732
-12.3 628
-12.1 761
-11.9 717
-11.7 705
-11.5 664
-11.3 674
-11.1 692
-10.9 677
-10.7 686
-10.5 695
-10.3 688
-10.1 691
-9.9 697
-9.7 682
-9.5 699
-9.3 660
-9.1 693
-8.9 684
-8.7 688
-8.5 694
-8.3 681
-8.1 637
-7.9 670
-7.7 665
-7.5 660
-7.3 723
-7.1 699
-6.9 653
-6.7 652
-6.5 668
-6.3 699
-6.1 649
-5.9 675
-5.7 687
-5.5 698
-5.3 648
-5.1 709
-4.9 697
-4.7 665
-4.5 649
-4.3 695
-4.1 640
-3.9 678
-3.7 685
-3.5 690
-3.3 672
-3.1 700
-2.9 649
-2.7 717
-2.5 662
-2.3 648
-2.1 728
-1.9 705
-1.7 661
-1.5 715
-1.3 718
-1.1 676
-0.9 682
-0.7 717
-0.5 694
-0.3 693
-0.1 652
0.1 716
0.3 703
0.5 671
0.7 711
0.9 703
1.1 715
1.3 680
1.5 672
1.7 712
1.9 671
2.1 699
2.3 661
2.5 693
2.7 683
2.9 655
3.1 697
3.3 652
3.5 694
3.7 628
3.9 727
4.1 718
4.3 713
4.5 731
4.7 729
4.9 689
5.1 686
5.3 623
5.5 671
5.7 702
5.9 601
6.1 641
6.3 669
6.5 623
6.7 629
6.9 677
7.1 589
7.3 626
7.5 617
7.7 660
7.9 599
8.1 638
8.3 624
8.5 640
8.7 621
8.9 606
9.1 611
9.3 589
9.5 644
9.7 596
9.9 593
10.1 562
10.3 564
10.5 572
10.7 528
10.9 555
11.1 546
11.3 560
11.5 546
11.7 532
11.9 533
12.1 502
12.3 534
12.5 522
12.7 509
12.9 491
13.1 481
13.3 485
13.5 468
13.7 457
13.9 443
14.1 472
14.3 419
14.5 436
14.7 442
14.9 396
15.1 410
15.3 408
15.5 406
15.7 366
15.9 368
16.1 327
16.3 354
16.5 359
16.7 337
16.9 349
17.1 337
17.3 277
17.5 278
17.7 312
17.9 289
18.1 280
18.3 293
18.5 239
18.7 261
18.9 263
19.1 230
19.3 225
19.5 227
19.7 251
19.9 226
20.1 202
20.3 207
20.5 201
20.7 185
20.9 181
21.1 153
21.3 203
21.5 160
21.7 167
21.9 156
22.1 137
22.3 134
22.5 124
22.7 119
22.9 128
23.1 114
23.3 107
23.5 114
23.7 92
23.9 98
24.1 87
24.3 102
24.5 74
24.7 59
24.9 85
25.1 92
25.3 60
25.5 57
25.7 67
25.9 54
26.1 80
26.3 61
26.5 53
26.7 44
26.9 38
27.1 40
27.3 42
27.5 30
27.7 43
27.9 34
28.1 26
28.3 33
28.5 22
28.7 21
28.9 22
29.1 12
29.3 20
29.5 19
29.7 19
29.9 17
30.1 13
30.3 15
30.5 13
30.7 5
30.9 13
31.1 8
31.3 6
31.5 5
31.7 5
31.9 10
32.1 6
32.3 8
32.5 3
32.7 2
32.9 4
33.1 0
33.3 5
33.5 3
33.7 4
33.9 2
34.1 0
34.3 0
34.5 2
34.7 2
34.9 0
35.1 1
35.3 3
35.5 2
35.7 1
35.9 1
36.1 2
36.3 3
36.5 2
36.7 2
36.9 3
37.1 0
37.3 2
37.5 1
37.7 0
37.9 0
38.1 1
38.3 1
38.5 0
38.7 0
38.9 0
39.1 0
39.3 0
39.5 2
39.7 0
39.9 0
40.1 0
40.3 0
40.5 0
40.7 1
40.9 0
41.1 0
41.3 0
41.5 0
41.7 0
41.9 0
42.1 0
42.3 0
42.5 0
42.7 0
42.9 0
43.1 0
43.3 0
43.5 1
43.7 1
43.9 0
44.1 0
44.3 2
44.5 0
44.7 0
44.9 1
45.1 0
45.3 0
45.5 0
45.7 0
45.9 0
46.1 1
46.3 0
46.5 0
46.7 0
46.9 0
47.1 1
47.3 0
47.5 0
47.7 1
47.9 0
48.1 0
48.3 0
48.5 0
48.7 0
48.9 0
49.1 0
49.3 2
49.5 0
49.7 0
49.9 1
