-209.9 0
-209.7 0
-209.5 0
-209.3 0
-209.1 0
-208.9 0
-208.7 0
-208.5 1
-208.3 0
-208.1 0
-207.9 1
-207.7 0
-207.5 0
-207.3 0
-207.1 0
-206.9 1
-206.7 0
-206.5 2
-206.3 0
-206.1 0
-205.9 0
-205.7 0
-205.5 0
-205.3 0
-205.1 0
-204.9 1
-204.7 0
-204.5 0
-204.3 0
-204.1 0
-203.9 0
-203.7 0
-203.5 0
-203.3 0
-203.1 0
-202.9 0
-202.7 0
-202.5 1
-202.3 0
-202.1 0
-201.9 1
-201.7 0
-201.5 0
-201.3 1
-201.1 0
-200.9 0
-200.7 0
-200.5 0
-200.3 0
-200.1 0
-199.9 1
-199.7 0
-199.5 1
-199.3 0
-199.1 0
-198.9 0
-198.7 1
-198.5 1
-198.3 5
-198.1 5
-197.9 6
-197.7 17
-197.5 23
-197.3 35
-197.1 61
-196.9 77
-196.7 92
-196.5 129
-196.3 160
-196.1 209
-195.9 252
-195.7 353
-195.5 409
-195.3 524
-195.1 677
-194.9 744
-194.7 824
-194.5 945
-194.3 1079
-194.1 1233
-193.9 1255
-193.7 1345
-193.5 1447
-193.3 1461
-193.1 1569
-192.9 1585
-192.7 1687
-192.5 1610
-192.3 1670
-192.1 1663
-191.9 1764
-191.7 1732
-191.5 1766
-191.3 1742
-191.1 1702
-190.9 1769
-190.7 1691
-190.5 1632
-190.3 1746
-190.1 1664
-189.9 1666
-189.7 1657
-189.5 1719
-189.3 1625
-189.1 1694
-188.9 1547
-188.7 1555
-188.5 1649
-188.3 1644
-188.1 1558
-187.9 1557
-187.7 1568
-187.5 1541
-187.3 1569
-187.1 1521
-186.9 1526
-186.7 1548
-186.5 1421
-186.3 1420
-186.1 1521
-185.9 1540
-185.7 1483
-185.5 1395
-185.3 1382
-185.1 1410
-184.9 1451
-184.7 1408
-184.5 1447
-184.3 1385
-184.1 1381
-183.9 1372
-183.7 1417
-183.5 1348
-183.3 1339
-183.1 1404
-182.9 1354
-182.7 1355
-182.5 1405
-182.3 1336
-182.1 1308
-181.9 1341
-181.7 1399
-181.5 1291
-181.3 1286
-181.1 1268
-180.9 1277
-180.7 1203
-180.5 1235
-180.3 1168
-180.1 1238
-179.9 1158
-179.7 1138
-179.5 1128
-179.3 1088
-179.1 1162
-178.9 1057
-178.7 1049
-178.5 1101
-178.3 1067
-178.1 1024
-177.9 1054
-177.7 963
-177.5 963
-177.3 928
-177.1 989
-176.9 970
-176.7 897
-176.5 920
-176.3 969
-176.1 847
-175.9 889
-175.7 916
-175.5 870
-175.3 853
-175.1 920
-174.9 879
-174.7 888
-174.5 836
-174.3 858
-174.1 821
-173.9 880
-173.7 827
-173.5 830
-173.3 798
-173.1 810
-172.9 828
-172.7 830
-172.5 780
-172.3 808
-172.1 779
-171.9 776
-171.7 825
-171.5 844
-171.3 780
-171.1 747
-170.9 762
-170.7 846
-170.5 804
-170.3 737
-170.1 756
-169.9 713
-169.7 751
-169.5 750
-169.3 788
-169.1 749
-168.9 724
-168.7 755
-168.5 761
-168.3 790
-168.1 776
-167.9 805
-167.7 760
-167.5 745
-167.3 777
-167.1 742
-166.9 784
-166.7 745
-166.5 785
-166.3 751
-166.1 714
-165.9 802
-165.7 734
-165.5 723
-165.3 751
-165.1 733
-164.9 693
-164.7 715
-164.5 692
-164.3 705
-164.1 746
-163.9 728
-163.7 708
-163.5 752
-163.3 685
-163.1 724
-162.9 761
-162.7 710
-162.5 731
-162.3 711
-162.1 731
-161.9 734
-161.7 711
-161.5 732
-161.3 743
-161.1 706
-160.9 728
-160.7 717
-160.5 728
-160.3 694
-160.1 666
-159.9 633
-159.7 721
-159.5 614
-159.3 752
-159.1 656
-158.9 688
-158.7 718
-158.5 699
-158.3 653
-158.1 686
-157.9 743
-157.7 694
-157.5 709
-157.3 691
-157.1 763
-156.9 743
-156.7 703
-156.5 687
-156.3 706
-156.1 704
-155.9 675
-155.7 675
-155.5 702
-155.3 691
-155.1 736
-154.9 701
-154.7 681
-154.5 666
-154.3 659
-154.1 640
-153.9 670
-153.7 670
-153.5 666
-153.3 712
-153.1 659
-152.9 719
-152.7 677
-152.5 665
-152.3 633
-152.1 710
-151.9 645
-151.7 634
-151.5 613
-151.3 660
-151.1 672
-150.9 681
-150.7 587
-150.5 645
-150.3 644
-150.1 691
-149.9 627
-149.7 655
-149.5 654
-149.3 628
-149.1 632
-148.9 650
-148.7 681
-148.5 639
-148.3 603
-148.1 628
-147.9 608
-147.7 617
-147.5 660
-147.3 641
-147.1 659
-146.9 648
-146.7 623
-146.5 681
-146.3 647
-146.1 638
-145.9 644
-145.7 640
-145.5 659
-145.3 574
-145.1 619
-144.9 631
-144.7 639
-144.5 649
-144.3 677
-144.1 712
-143.9 652
-143.7 619
-143.5 607
-143.3 664
-143.1 675
-142.9 668
-142.7 652
-142.5 699
-142.3 671
-142.1 692
-141.9 714
-141.7 695
-141.5 666
-141.3 669
-141.1 685
-140.9 687
-140.7 716
-140.5 669
-140.3 686
-140.1 671
-139.9 695
-139.7 697
-139.5 671
-139.3 718
-139.1 673
-138.9 715
-138.7 717
-138.5 727
-138.3 726
-138.1 725
-137.9 737
-137.7 720
-137.5 693
-137.3 673
-137.1 724
-136.9 702
-136.7 717
-136.5 712
-136.3 697
-136.1 721
-135.9 729
-135.7 717
-135.5 701
-135.3 753
-135.1 719
-134.9 715
-134.7 736
-134.5 714
-134.3 643
-134.1 697
-133.9 764
-133.7 698
-133.5 732
-133.3 759
-133.1 727
-132.9 718
-132.7 743
-132.5 671
-132.3 706
-132.1 722
-131.9 765
-131.7 705
-131.5 711
-131.3 720
-131.1 730
-130.9 736
-130.7 759
-130.5 716
-130.3 687
-130.1 737
-129.9 713
-129.7 729
-129.5 761
-129.3 761
-129.1 741
-128.9 704
-128.7 750
-128.5 715
-128.3 725
-128.1 749
-127.9 763
-127.7 686
-127.5 707
-127.3 693
-127.1 712
-126.9 735
-126.7 752
-126.5 709
-126.3 697
-126.1 697
-125.9 736
-125.7 707
-125.5 619
-125.3 717
-125.1 703
-124.9 715
-124.7 694
-124.5 719
-124.3 715
-124.1 765
-123.9 700
-123.7 718
-123.5 695
-123.3 744
-123.1 713
-122.9 755
-122.7 699
-122.5 708
-122.3 700
-122.1 755
-121.9 723
-121.7 710
-121.5 729
-121.3 683
-121.1 731
-120.9 704
-120.7 735
-120.5 697
-120.3 684
-120.1 668
-119.9 732
-119.7 739
-119.5 765
-119.3 716
-119.1 700
-118.9 711
-118.7 679
-118.5 725
-118.3 706
-118.1 734
-117.9 752
-117.7 695
-117.5 728
-117.3 688
-117.1 701
-116.9 707
-116.7 707
-116.5 766
-116.3 725
-116.1 676
-115.9 722
-115.7 688
-115.5 694
-115.3 738
-115.1 670
-114.9 702
-114.7 690
-114.5 690
-114.3 705
-114.1 693
-113.9 680
-113.7 697
-113.5 742
-113.3 690
-113.1 745
-112.9 668
-112.7 661
-112.5 680
-112.3 653
-112.1 671
-111.9 710
-111.7 687
-111.5 718
-111.3 716
-111.1 718
-110.9 690
-110.7 708
-110.5 681
-110.3 723
-110.1 668
-109.9 718
-109.7 718
-109.5 750
-109.3 743
-109.1 735
-108.9 694
-108.7 705
-108.5 669
-108.3 727
-108.1 708
-107.9 713
-107.7 690
-107.5 721
-107.3 672
-107.1 716
-106.9 689
-106.7 638
-106.5 678
-106.3 675
-106.1 730
-105.9 652
-105.7 689
-105.5 671
-105.3 695
-105.1 711
-104.9 658
-104.7 648
-104.5 624
-104.3 657
-104.1 687
-103.9 681
-103.7 696
-103.5 686
-103.3 688
-103.1 689
-102.9 672
-102.7 653
-102.5 671
-102.3 712
-102.1 668
-101.9 734
-101.7 698
-101.5 630
-101.3 722
-101.1 615
-100.9 660
-100.7 617
-100.5 642
-100.3 695
-100.1 689
-99.9 714
-99.7 674
-99.5 697
-99.3 685
-99.1 658
-98.9 660
-98.7 723
-98.5 664
-98.3 699
-98.1 665
-97.9 699
-97.7 681
-97.5 674
-97.3 682
-97.1 664
-96.9 698
-96.7 687
-96.5 713
-96.3 690
-96.1 675
-95.9 620
-95.7 655
-95.5 691
-95.3 679
-95.1 682
-94.9 660
-94.7 740
-94.5 735
-94.3 686
-94.1 723
-93.9 658
-93.7 715
-93.5 669
-93.3 637
-93.1 631
-92.9 659
-92.7 691
-92.5 658
-92.3 674
-92.1 678
-91.9 658
-91.7 694
-91.5 644
-91.3 664
-91.1 683
-90.9 705
-90.7 709
-90.5 673
-90.3 687
-90.1 667
-89.9 673
-89.7 633
-89.5 721
-89.3 622
-89.1 652
-88.9 681
-88.7 674
-88.5 652
-88.3 692
-88.1 640
-87.9 695
-87.7 647
-87.5 699
-87.3 724
-87.1 708
-86.9 669
-86.7 665
-86.5 691
-86.3 682
-86.1 654
-85.9 674
-85.7 631
-85.5 621
-85.3 699
-85.1 641
-84.9 620
-84.7 697
-84.5 658
-84.3 708
-84.1 666
-83.9 693
-83.7 670
-83.5 651
-83.3 708
-83.1 661
-82.9 677
-82.7 671
-82.5 692
-82.3 664
-82.1 646
-81.9 632
-81.7 649
-81.5 726
-81.3 722
-81.1 668
-80.9 645
-80.7 628
-80.5 625
-80.3 630
-80.1 635
-79.9 672
-79.7 716
-79.5 659
-79.3 647
-79.1 672
-78.9 636
-78.7 653
-78.5 664
-78.3 694
-78.1 630
-77.9 681
-77.7 688
-77.5 639
-77.3 681
-77.1 632
-76.9 685
-76.7 667
-76.5 694
-76.3 651
-76.1 646
-75.9 661
-75.7 663
-75.5 639
-75.3 661
-75.1 708
-74.9 666
-74.7 686
-74.5 676
-74.3 701
-74.1 731
-73.9 605
-73.7 684
-73.5 647
-73.3 655
-73.1 654
-72.9 645
-72.7 672
-72.5 663
-72.3 668
-72.1 691
-71.9 670
-71.7 667
-71.5 723
-71.3 667
-71.1 690
-70.9 688
-70.7 672
-70.5 646
-70.3 699
-70.1 716
-69.9 669
-69.7 684
-69.5 717
-69.3 674
-69.1 658
-68.9 695
-68.7 690
-68.5 687
-68.3 670
-68.1 707
-67.9 731
-67.7 657
-67.5 671
-67.3 722
-67.1 689
-66.9 650
-66.7 701
-66.5 685
-66.3 738
-66.1 707
-65.9 707
-65.7 693
-65.5 670
-65.3 673
-65.1 666
-64.9 760
-64.7 726
-64.5 725
-64.3 693
-64.1 745
-63.9 684
-63.7 690
-63.5 756
-63.3 681
-63.1 662
-62.9 693
-62.7 703
-62.5 678
-62.3 696
-62.1 730
-61.9 700
-61.7 697
-61.5 690
-61.3 697
-61.1 658
-60.9 694
-60.7 678
-60.5 701
-60.3 749
-60.1 707
-59.9 707
-59.7 671
-59.5 665
-59.3 629
-59.1 660
-58.9 708
-58.7 684
-58.5 679
-58.3 674
-58.1 683
-57.9 703
-57.7 715
-57.5 644
-57.3 687
-57.1 698
-56.9 718
-56.7 665
-56.5 684
-56.3 661
-56.1 685
-55.9 700
-55.7 664
-55.5 660
-55.3 660
-55.1 697
-54.9 680
-54.7 680
-54.5 671
-54.3 684
-54.1 691
-53.9 700
-53.7 613
-53.5 724
-53.3 694
-53.1 650
-52.9 680
-52.7 659
-52.5 666
-52.3 677
-52.1 685
-51.9 662
-51.7 685
-51.5 679
-51.3 731
-51.1 731
-50.9 679
-50.7 658
-50.5 696
-50.3 703
-50.1 712
-49.9 692
-49.7 686
-49.5 698
-49.3 688
-49.1 660
-48.9 722
-48.7 715
-48.5 699
-48.3 672
-48.1 704
-47.9 652
-47.7 631
-47.5 693
-47.3 685
-47.1 657
-46.9 676
-46.7 678
-46.5 670
-46.3 659
-46.1 686
-45.9 686
-45.7 683
-45.5 689
-45.3 657
-45.1 672
-44.9 706
-44.7 631
-44.5 727
-44.3 741
-44.1 656
-43.9 701
-43.7 655
-43.5 660
-43.3 687
-43.1 679
-42.9 648
-42.7 677
-42.5 672
-42.3 701
-42.1 675
-41.9 639
-41.7 685
-41.5 685
-41.3 674
-41.1 658
-40.9 695
-40.7 678
-40.5 687
-40.3 689
-40.1 659
-39.9 670
-39.7 700
-39.5 721
-39.3 635
-39.1 687
-38.9 707
-38.7 683
-38.5 675
-38.3 696
-38.1 712
-37.9 664
-37.7 658
-37.5 673
-37.3 682
-37.1 635
-36.9 648
-36.7 682
-36.5 654
-36.3 681
-36.1 663
-35.9 665
-35.7 666
-35.5 636
-35.3 679
-35.1 656
-34.9 716
-34.7 687
-34.5 685
-34.3 694
-34.1 725
-33.9 640
-33.7 692
-33.5 680
-33.3 685
-33.1 680
-32.9 754
-32.7 686
-32.5 649
-32.3 694
-32.1 691
-31.9 702
-31.7 695
-31.5 689
-31.3 720
-31.1 677
-30.9 685
-30.7 657
-30.5 700
-30.3 636
-30.1 672
-29.9 688
-29.7 690
-29.5 696
-29.3 697
-29.1 677
-28.9 710
-28.7 659
-28.5 690
-28.3 685
-28.1 680
-27.9 665
-27.7 637
-27.5 650
-27.3 690
-27.1 670
-26.9 700
-26.7 672
-26.5 670
-26.3 669
-26.1 710
-25.9 684
-25.7 647
-25.5 688
-25.3 677
-25.1 658
-24.9 664
-24.7 652
-24.5 693
-24.3 645
-24.1 640
-23.9 670
-23.7 650
-23.5 626
-23.3 688
-23.1 689
-22.9 657
-22.7 690
-22.5 653
-22.3 693
-22.1 681
-21.9 648
-21.7 615
-21.5 673
-21.3 668
-21.1 658
-20.9 653
-20.7 709
-20.5 725
-20.3 627
-20.1 679
-19.9 686
-19.7 700
-19.5 664
-19.3 661
-19.1 726
-18.9 652
-18.7 665
-18.5 698
-18.3 679
-18.1 669
-17.9 685
-17.7 662
-17.5 654
-17.3 688
-17.1 695
-16.9 655
-16.7 666
-16.5 673
-16.3 681
-16.1 708
-15.9 694
-15.7 659
-15.5 670
-15.3 668
-15.1 694
-14.9 688
-14.7 650
-14.5 648
-14.3 635
-14.1 686
-13.9 686
-13.7 747
-13.5 715
-13.3 682
-13.1 675
-12.9 698
-12.7 692
-12.5 689
-12.3 697
-12.1 667
-11.9 628
-11.7 675
-11.5 674
-11.3 722
-11.1 631
-10.9 671
-10.7 648
-10.5 656
-10.3 652
-10.1 654
-9.9 611
-9.7 644
-9.5 639
-9.3 690
-9.1 660
-8.9 678
-8.7 685
-8.5 679
-8.3 655
-8.1 615
-7.9 658
-7.7 675
-7.5 702
-7.3 664
-7.1 669
-6.9 673
-6.7 700
-6.5 650
-6.3 694
-6.1 679
-5.9 664
-5.7 656
-5.5 679
-5.3 655
-5.1 668
-4.9 681
-4.7 635
-4.5 683
-4.3 680
-4.1 677
-3.9 644
-3.7 672
-3.5 649
-3.3 664
-3.1 663
-2.9 611
-2.7 658
-2.5 625
-2.3 618
-2.1 588
-1.9 644
-1.7 653
-1.5 671
-1.3 666
-1.1 654
-0.9 667
-0.7 685
-0.5 655
-0.3 680
-0.1 687
0.1 673
0.3 647
0.5 686
0.7 609
0.9 670
1.1 652
1.3 716
1.5 692
1.7 647
1.9 660
2.1 708
2.3 678
2.5 674
2.7 711
2.9 637
3.1 690
3.3 649
3.5 670
3.7 625
3.9 673
4.1 644
4.3 625
4.5 648
4.7 690
4.9 675
5.1 682
5.3 664
5.5 667
5.7 691
5.9 651
6.1 686
6.3 650
6.5 700
6.7 678
6.9 694
7.1 645
7.3 714
7.5 692
7.7 717
7.9 681
8.1 709
8.3 695
8.5 684
8.7 649
8.9 607
9.1 707
9.3 648
9.5 667
9.7 668
9.9 599
10.1 687
10.3 645
10.5 700
10.7 656
10.9 645
11.1 609
11.3 588
11.5 601
11.7 642
11.9 657
12.1 617
12.3 651
12.5 641
12.7 647
12.9 631
13.1 636
13.3 588
13.5 584
13.7 604
13.9 591
14.1 579
14.3 564
14.5 573
14.7 600
14.9 585
15.1 569
15.3 549
15.5 554
15.7 532
15.9 559
16.1 537
16.3 541
16.5 540
16.7 542
16.9 509
17.1 535
17.3 478
17.5 524
17.7 537
17.9 503
18.1 439
18.3 443
18.5 448
18.7 444
18.9 425
19.1 474
19.3 399
19.5 401
19.7 425
19.9 421
20.1 378
20.3 362
20.5 352
20.7 387
20.9 335
21.1 362
21.3 367
21.5 326
21.7 296
21.9 298
22.1 318
22.3 288
22.5 304
22.7 310
22.9 288
23.1 309
23.3 283
23.5 289
23.7 301
23.9 276
24.1 220
24.3 259
24.5 209
24.7 253
24.9 248
25.1 205
25.3 167
25.5 235
25.7 193
25.9 190
26.1 208
26.3 188
26.5 152
26.7 139
26.9 175
27.1 153
27.3 149
27.5 159
27.7 137
27.9 119
28.1 127
28.3 124
28.5 126
28.7 132
28.9 99
29.1 102
29.3 108
29.5 95
29.7 97
29.9 87
30.1 89
30.3 81
30.5 71
30.7 75
30.9 66
31.1 67
31.3 69
31.5 52
31.7 60
31.9 54
32.1 55
32.3 41
32.5 45
32.7 52
32.9 42
33.1 23
33.3 33
33.5 48
33.7 35
33.9 37
34.1 32
34.3 31
34.5 30
34.7 24
34.9 29
35.1 23
35.3 22
35.5 24
35.7 19
35.9 27
36.1 12
36.3 15
36.5 14
36.7 13
36.9 12
37.1 9
37.3 12
37.5 14
37.7 17
37.9 11
38.1 10
38.3 5
38.5 0
38.7 5
38.9 6
39.1 5
39.3 6
39.5 7
39.7 4
39.9 2
40.1 4
40.3 5
40.5 5
40.7 5
40.9 6
41.1 3
41.3 1
41.5 4
41.7 1
41.9 1
42.1 4
42.3 4
42.5 3
42.7 6
42.9 1
43.1 1
43.3 0
43.5 2
43.7 3
43.9 1
44.1 1
44.3 1
44.5 1
44.7 1
44.9 3
45.1 1
45.3 1
45.5 0
45.7 0
45.9 1
46.1 0
46.3 0
46.5 0
46.7 0
46.9 0
47.1 1
47.3 0
47.5 0
47.7 2
47.9 1
48.1 0
48.3 1
48.5 1
48.7 0
48.9 0
49.1 0
49.3 0
49.5 1
49.7 0
49.9 0
