-209.9 0
-209.7 0
-209.5 0
-209.3 0
-209.1 0
-208.9 0
-208.7 0
-208.5 0
-208.3 1
-208.1 0
-207.9 0
-207.7 1
-207.5 1
-207.3 0
-207.1 0
-206.9 0
-206.7 0
-206.5 0
-206.3 1
-206.1 0
-205.9 1
-205.7 0
-205.5 0
-205.3 0
-205.1 0
-204.9 0
-204.7 0
-204.5 0
-204.3 0
-204.1 0
-203.9 0
-203.7 0
-203.5 0
-203.3 0
-203.1 0
-202.9 0
-202.7 0
-202.5 0
-202.3 0
-202.1 1
-201.9 1
-201.7 0
-201.5 0
-201.3 1
-201.1 2
-200.9 0
-200.7 0
-200.5 0
-200.3 1
-200.1 0
-199.9 0
-199.7 4
-199.5 1
-199.3 6
-199.1 13
-198.9 14
-198.7 17
-198.5 14
-198.3 23
-198.1 24
-197.9 38
-197.7 51
-197.5 69
-197.3 93
-197.1 98
-196.9 110
-196.7 149
-196.5 159
-196.3 206
-196.1 221
-195.9 274
-195.7 283
-195.5 367
-195.3 429
-195.1 449
-194.9 510
-194.7 559
-194.5 606
-194.3 693
-194.1 701
-193.9 787
-193.7 821
-193.5 844
-193.3 956
-193.1 938
-192.9 971
-192.7 1009
-192.5 1034
-192.3 1129
-192.1 1093
-191.9 1120
-191.7 1138
-191.5 1177
-191.3 1259
-191.1 1216
-190.9 1251
-190.7 1253
-190.5 1262
-190.3 1220
-190.1 1280
-189.9 1222
-189.7 1248
-189.5 1246
-189.3 1303
-189.1 1318
-188.9 1294
-188.7 1239
-188.5 1259
-188.3 1218
-188.1 1267
-187.9 1300
-187.7 1293
-187.5 1290
-187.3 1291
-187.1 1291
-186.9 1196
-186.7 1229
-186.5 1210
-186.3 1265
-186.1 1226
-185.9 1232
-185.7 1258
-185.5 1211
-185.3 1224
-185.1 1207
-184.9 1182
-184.7 1138
-184.5 1166
-184.3 1208
-184.1 1137
-183.9 1133
-183.7 1101
-183.5 1101
-183.3 1174
-183.1 1062
-182.9 1076
-182.7 1081
-182.5 1122
-182.3 1122
-182.1 1040
-181.9 1007
-181.7 1008
-181.5 1025
-181.3 1036
-181.1 976
-180.9 971
-180.7 904
-180.5 974
-180.3 941
-180.1 937
-179.9 940
-179.7 932
-179.5 923
-179.3 900
-179.1 919
-178.9 893
-178.7 876
-178.5 893
-178.3 937
-178.1 832
-177.9 888
-177.7 817
-177.5 753
-177.3 816
-177.1 825
-176.9 806
-176.7 800
-176.5 832
-176.3 795
-176.1 800
-175.9 844
-175.7 808
-175.5 830
-175.3 789
-175.1 814
-174.9 837
-174.7 809
-174.5 741
-174.3 792
-174.1 772
-173.9 806
-173.7 685
-173.5 745
-173.3 766
-173.1 771
-172.9 815
-172.7 713
-172.5 741
-172.3 747
-172.1 736
-171.9 692
-171.7 730
-171.5 802
-171.3 762
-171.1 755
-170.9 771
-170.7 701
-170.5 725
-170.3 725
-170.1 720
-169.9 754
-169.7 723
-169.5 724
-169.3 708
-169.1 662
-168.9 720
-168.7 697
-168.5 758
-168.3 717
-168.1 746
-167.9 724
-167.7 731
-167.5 709
-167.3 732
-167.1 713
-166.9 695
-166.7 713
-166.5 664
-166.3 691
-166.1 702
-165.9 725
-165.7 657
-165.5 689
-165.3 738
-165.1 697
-164.9 734
-164.7 731
-164.5 725
-164.3 710
-164.1 675
-163.9 731
-163.7 678
-163.5 678
-163.3 696
-163.1 732
-162.9 757
-162.7 721
-162.5 711
-162.3 701
-162.1 745
-161.9 681
-161.7 703
-161.5 697
-161.3 690
-161.1 709
-160.9 697
-160.7 700
-160.5 730
-160.3 657
-160.1 675
-159.9 684
-159.7 677
-159.5 713
-159.3 691
-159.1 715
-158.9 683
-158.7 683
-158.5 687
-158.3 709
-158.1 696
-157.9 732
-157.7 637
-157.5 729
-157.3 681
-157.1 681
-156.9 670
-156.7 693
-156.5 653
-156.3 697
-156.1 707
-155.9 678
-155.7 689
-155.5 681
-155.3 676
-155.1 676
-154.9 689
-154.7 691
-154.5 659
-154.3 699
-154.1 643
-153.9 698
-153.7 644
-153.5 732
-153.3 696
-153.1 640
-152.9 742
-152.7 767
-152.5 657
-152.3 706
-152.1 718
-151.9 688
-151.7 659
-151.5 655
-151.3 683
-151.1 658
-150.9 702
-150.7 670
-150.5 660
-150.3 721
-150.1 708
-149.9 694
-149.7 683
-149.5 669
-149.3 688
-149.1 689
-148.9 683
-148.7 679
-148.5 671
-148.3 644
-148.1 691
-147.9 707
-147.7 672
-147.5 680
-147.3 671
-147.1 678
-146.9 702
-146.7 706
-146.5 739
-146.3 679
-146.1 700
-145.9 659
-145.7 646
-145.5 671
-145.3 663
-145.1 635
-144.9 687
-144.7 614
-144.5 685
-144.3 650
-144.1 693
-143.9 710
-143.7 668
-143.5 693
-143.3 681
-143.1 673
-142.9 671
-142.7 723
-142.5 664
-142.3 656
-142.1 646
-141.9 665
-141.7 686
-141.5 649
-141.3 626
-141.1 650
-140.9 662
-140.7 655
-140.5 666
-140.3 635
-140.1 647
-139.9 673
-139.7 690
-139.5 645
-139.3 702
-139.1 650
-138.9 724
-138.7 622
-138.5 681
-138.3 665
-138.1 622
-137.9 673
-137.7 658
-137.5 589
-137.3 651
-137.1 647
-136.9 653
-136.7 695
-136.5 617
-136.3 701
-136.1 632
-135.9 683
-135.7 677
-135.5 703
-135.3 704
-135.1 683
-134.9 716
-134.7 676
-134.5 696
-134.3 661
-134.1 697
-133.9 638
-133.7 722
-133.5 701
-133.3 673
-133.1 672
-132.9 620
-132.7 719
-132.5 655
-132.3 689
-132.1 731
-131.9 742
-131.7 670
-131.5 672
-131.3 694
-131.1 700
-130.9 686
-130.7 659
-130.5 718
-130.3 690
-130.1 708
-129.9 708
-129.7 751
-129.5 718
-129.3 660
-129.1 761
-128.9 716
-128.7 702
-128.5 703
-128.3 753
-128.1 731
-127.9 711
-127.7 720
-127.5 709
-127.3 738
-127.1 733
-126.9 750
-126.7 701
-126.5 676
-126.3 716
-126.1 694
-125.9 696
-125.7 673
-125.5 719
-125.3 694
-125.1 694
-124.9 711
-124.7 695
-124.5 683
-124.3 687
-124.1 684
-123.9 675
-123.7 727
-123.5 705
-123.3 729
-123.1 702
-122.9 720
-122.7 665
-122.5 728
-122.3 702
-122.1 700
-121.9 675
-121.7 718
-121.5 690
-121.3 693
-121.1 676
-120.9 667
-120.7 685
-120.5 670
-120.3 710
-120.1 671
-119.9 691
-119.7 704
-119.5 658
-119.3 702
-119.1 677
-118.9 689
-118.7 703
-118.5 690
-118.3 693
-118.1 704
-117.9 647
-117.7 671
-117.5 691
-117.3 715
-117.1 706
-116.9 692
-116.7 636
-116.5 667
-116.3 685
-116.1 654
-115.9 647
-115.7 692
-115.5 676
-115.3 698
-115.1 681
-114.9 684
-114.7 672
-114.5 688
-114.3 679
-114.1 670
-113.9 667
-113.7 686
-113.5 676
-113.3 678
-113.1 697
-112.9 658
-112.7 719
-112.5 611
-112.3 687
-112.1 677
-111.9 662
-111.7 684
-111.5 699
-111.3 670
-111.1 670
-110.9 688
-110.7 666
-110.5 646
-110.3 701
-110.1 693
-109.9 654
-109.7 753
-109.5 679
-109.3 676
-109.1 675
-108.9 682
-108.7 706
-108.5 672
-108.3 704
-108.1 688
-107.9 707
-107.7 695
-107.5 743
-107.3 696
-107.1 669
-106.9 718
-106.7 692
-106.5 674
-106.3 655
-106.1 707
-105.9 618
-105.7 699
-105.5 690
-105.3 665
-105.1 656
-104.9 611
-104.7 663
-104.5 667
-104.3 686
-104.1 669
-103.9 676
-103.7 628
-103.5 662
-103.3 679
-103.1 699
-102.9 687
-102.7 651
-102.5 693
-102.3 689
-102.1 647
-101.9 676
-101.7 650
-101.5 666
-101.3 670
-101.1 721
-100.9 632
-100.7 687
-100.5 694
-100.3 677
-100.1 673
-99.9 656
-99.7 648
-99.5 589
-99.3 711
-99.1 627
-98.9 709
-98.7 675
-98.5 668
-98.3 660
-98.1 671
-97.9 676
-97.7 648
-97.5 664
-97.3 681
-97.1 706
-96.9 680
-96.7 692
-96.5 695
-96.3 679
-96.1 659
-95.9 681
-95.7 640
-95.5 605
-95.3 696
-95.1 698
-94.9 765
-94.7 668
-94.5 691
-94.3 631
-94.1 681
-93.9 667
-93.7 692
-93.5 664
-93.3 646
-93.1 685
-92.9 634
-92.7 657
-92.5 650
-92.3 662
-92.1 622
-91.9 693
-91.7 665
-91.5 721
-91.3 682
-91.1 653
-90.9 657
-90.7 667
-90.5 669
-90.3 679
-90.1 680
-89.9 633
-89.7 640
-89.5 661
-89.3 654
-89.1 619
-88.9 699
-88.7 690
-88.5 730
-88.3 676
-88.1 716
-87.9 718
-87.7 647
-87.5 678
-87.3 678
-87.1 712
-86.9 741
-86.7 698
-86.5 628
-86.3 683
-86.1 669
-85.9 688
-85.7 667
-85.5 685
-85.3 661
-85.1 623
-84.9 660
-84.7 640
-84.5 670
-84.3 702
-84.1 653
-83.9 694
-83.7 698
-83.5 683
-83.3 678
-83.1 694
-82.9 655
-82.7 711
-82.5 666
-82.3 644
-82.1 691
-81.9 661
-81.7 679
-81.5 668
-81.3 655
-81.1 728
-80.9 697
-80.7 681
-80.5 683
-80.3 662
-80.1 678
-79.9 648
-79.7 623
-79.5 715
-79.3 672
-79.1 696
-78.9 672
-78.7 627
-78.5 653
-78.3 651
-78.1 674
-77.9 652
-77.7 632
-77.5 705
-77.3 636
-77.1 629
-76.9 659
-76.7 680
-76.5 675
-76.3 624
-76.1 670
-75.9 684
-75.7 668
-75.5 672
-75.3 680
-75.1 709
-74.9 680
-74.7 677
-74.5 716
-74.3 678
-74.1 674
-73.9 708
-73.7 711
-73.5 665
-73.3 668
-73.1 687
-72.9 652
-72.7 647
-72.5 661
-72.3 657
-72.1 672
-71.9 697
-71.7 677
-71.5 655
-71.3 640
-71.1 623
-70.9 634
-70.7 674
-70.5 710
-70.3 692
-70.1 665
-69.9 670
-69.7 704
-69.5 668
-69.3 664
-69.1 692
-68.9 624
-68.7 611
-68.5 706
-68.3 712
-68.1 699
-67.9 654
-67.7 629
-67.5 671
-67.3 718
-67.1 669
-66.9 728
-66.7 682
-66.5 643
-66.3 719
-66.1 669
-65.9 650
-65.7 675
-65.5 653
-65.3 690
-65.1 688
-64.9 713
-64.7 689
-64.5 734
-64.3 716
-64.1 713
-63.9 715
-63.7 659
-63.5 716
-63.3 690
-63.1 679
-62.9 685
-62.7 717
-62.5 673
-62.3 689
-62.1 683
-61.9 675
-61.7 642
-61.5 671
-61.3 670
-61.1 666
-60.9 678
-60.7 630
-60.5 710
-60.3 685
-60.1 652
-59.9 642
-59.7 694
-59.5 666
-59.3 676
-59.1 629
-58.9 671
-58.7 675
-58.5 663
-58.3 634
-58.1 658
-57.9 661
-57.7 682
-57.5 657
-57.3 722
-57.1 678
-56.9 645
-56.7 633
-56.5 667
-56.3 674
-56.1 657
-55.9 670
-55.7 669
-55.5 647
-55.3 677
-55.1 629
-54.9 642
-54.7 703
-54.5 691
-54.3 700
-54.1 657
-53.9 720
-53.7 687
-53.5 654
-53.3 660
-53.1 708
-52.9 679
-52.7 628
-52.5 662
-52.3 677
-52.1 651
-51.9 661
-51.7 718
-51.5 639
-51.3 690
-51.1 680
-50.9 657
-50.7 682
-50.5 690
-50.3 701
-50.1 650
-49.9 720
-49.7 668
-49.5 679
-49.3 692
-49.1 692
-48.9 642
-48.7 692
-48.5 667
-48.3 640
-48.1 720
-47.9 661
-47.7 688
-47.5 662
-47.3 701
-47.1 650
-46.9 676
-46.7 675
-46.5 658
-46.3 692
-46.1 643
-45.9 642
-45.7 623
-45.5 650
-45.3 677
-45.1 679
-44.9 645
-44.7 678
-44.5 673
-44.3 664
-44.1 703
-43.9 696
-43.7 644
-43.5 712
-43.3 704
-43.1 674
-42.9 689
-42.7 685
-42.5 654
-42.3 665
-42.1 701
-41.9 611
-41.7 670
-41.5 670
-41.3 680
-41.1 704
-40.9 680
-40.7 660
-40.5 644
-40.3 687
-40.1 682
-39.9 681
-39.7 622
-39.5 658
-39.3 666
-39.1 705
-38.9 690
-38.7 672
-38.5 688
-38.3 675
-38.1 694
-37.9 697
-37.7 686
-37.5 669
-37.3 718
-37.1 681
-36.9 671
-36.7 661
-36.5 689
-36.3 645
-36.1 653
-35.9 684
-35.7 715
-35.5 624
-35.3 658
-35.1 666
-34.9 660
-34.7 675
-34.5 688
-34.3 670
-34.1 712
-33.9 667
-33.7 652
-33.5 665
-33.3 665
-33.1 650
-32.9 672
-32.7 656
-32.5 651
-32.3 689
-32.1 641
-31.9 694
-31.7 694
-31.5 722
-31.3 685
-31.1 649
-30.9 628
-30.7 687
-30.5 686
-30.3 658
-30.1 674
-29.9 665
-29.7 631
-29.5 679
-29.3 676
-29.1 645
-28.9 682
-28.7 697
-28.5 659
-28.3 668
-28.1 649
-27.9 677
-27.7 691
-27.5 682
-27.3 661
-27.1 662
-26.9 652
-26.7 696
-26.5 677
-26.3 641
-26.1 674
-25.9 660
-25.7 689
-25.5 650
-25.3 696
-25.1 649
-24.9 662
-24.7 645
-24.5 636
-24.3 658
-24.1 637
-23.9 719
-23.7 600
-23.5 658
-23.3 650
-23.1 668
-22.9 667
-22.7 641
-22.5 639
-22.3 720
-22.1 670
-21.9 668
-21.7 651
-21.5 678
-21.3 705
-21.1 652
-20.9 702
-20.7 692
-20.5 683
-20.3 675
-20.1 642
-19.9 686
-19.7 672
-19.5 694
-19.3 667
-19.1 698
-18.9 643
-18.7 700
-18.5 635
-18.3 697
-18.1 671
-17.9 724
-17.7 720
-17.5 649
-17.3 656
-17.1 656
-16.9 672
-16.7 678
-16.5 669
-16.3 667
-16.1 631
-15.9 669
-15.7 665
-15.5 636
-15.3 638
-15.1 661
-14.9 676
-14.7 661
-14.5 720
-14.3 643
-14.1 723
-13.9 631
-13.7 705
-13.5 690
-13.3 674
-13.1 624
-12.9 654
-12.7 693
-12.5 734
-12.3 669
-12.1 645
-11.9 671
-11.7 618
-11.5 669
-11.3 659
-11.1 673
-10.9 654
-10.7 629
-10.5 668
-10.3 650
-10.1 639
-9.9 684
-9.7 666
-9.5 686
-9.3 627
-9.1 690
-8.9 612
-8.7 688
-8.5 631
-8.3 678
-8.1 685
-7.9 698
-7.7 636
-7.5 618
-7.3 683
-7.1 672
-6.9 680
-6.7 704
-6.5 657
-6.3 699
-6.1 660
-5.9 696
-5.7 686
-5.5 667
-5.3 685
-5.1 693
-4.9 697
-4.7 670
-4.5 643
-4.3 664
-4.1 650
-3.9 663
-3.7 652
-3.5 710
-3.3 676
-3.1 650
-2.9 680
-2.7 679
-2.5 683
-2.3 632
-2.1 665
-1.9 664
-1.7 665
-1.5 672
-1.3 663
-1.1 656
-0.9 614
-0.7 663
-0.5 633
-0.3 708
-0.1 637
0.1 620
0.3 675
0.5 644
0.7 701
0.9 685
1.1 672
1.3 650
1.5 709
1.7 681
1.9 654
2.1 696
2.3 663
2.5 711
2.7 680
2.9 678
3.1 716
3.3 666
3.5 645
3.7 681
3.9 638
4.1 645
4.3 685
4.5 633
4.7 674
4.9 638
5.1 700
5.3 683
5.5 665
5.7 638
5.9 692
6.1 724
6.3 671
6.5 670
6.7 643
6.9 581
7.1 685
7.3 652
7.5 590
7.7 644
7.9 640
8.1 668
8.3 618
8.5 611
8.7 642
8.9 598
9.1 591
9.3 646
9.5 599
9.7 601
9.9 567
10.1 573
10.3 617
10.5 567
10.7 579
10.9 605
11.1 573
11.3 572
11.5 531
11.7 571
11.9 530
12.1 529
12.3 503
12.5 515
12.7 471
12.9 506
13.1 518
13.3 500
13.5 486
13.7 476
13.9 475
14.1 493
14.3 438
14.5 417
14.7 459
14.9 399
15.1 379
15.3 402
15.5 389
15.7 375
15.9 368
16.1 372
16.3 345
16.5 366
16.7 368
16.9 326
17.1 290
17.3 323
17.5 321
17.7 288
17.9 280
18.1 274
18.3 261
18.5 255
18.7 226
18.9 254
19.1 250
19.3 211
19.5 222
19.7 238
19.9 215
20.1 218
20.3 223
20.5 187
20.7 186
20.9 161
21.1 139
21.3 150
21.5 198
21.7 142
21.9 153
22.1 133
22.3 132
22.5 136
22.7 136
22.9 145
23.1 106
23.3 106
23.5 104
23.7 122
23.9 96
24.1 80
24.3 88
24.5 93
24.7 79
24.9 83
25.1 85
25.3 84
25.5 68
25.7 68
25.9 53
26.1 66
26.3 56
26.5 51
26.7 54
26.9 43
27.1 56
27.3 50
27.5 49
27.7 39
27.9 30
28.1 34
28.3 30
28.5 24
28.7 26
28.9 23
29.1 19
29.3 26
29.5 27
29.7 16
29.9 29
30.1 19
30.3 22
30.5 10
30.7 14
30.9 13
31.1 6
31.3 12
31.5 8
31.7 11
31.9 6
32.1 9
32.3 11
32.5 5
32.7 10
32.9 1
33.1 5
33.3 3
33.5 5
33.7 0
33.9 2
34.1 1
34.3 2
34.5 1
34.7 1
34.9 2
35.1 2
35.3 2
35.5 0
35.7 2
35.9 0
36.1 3
36.3 0
36.5 0
36.7 1
36.9 2
37.1 0
37.3 0
37.5 0
37.7 1
37.9 0
38.1 1
38.3 0
38.5 1
38.7 0
38.9 0
39.1 0
39.3 1
39.5 0
39.7 0
39.9 0
40.1 0
40.3 1
40.5 0
40.7 0
40.9 0
41.1 0
41.3 0
41.5 0
41.7 0
41.9 0
42.1 0
42.3 0
42.5 0
42.7 0
42.9 0
43.1 1
43.3 0
43.5 0
43.7 0
43.9 0
44.1 0
44.3 1
44.5 0
44.7 1
44.9 2
45.1 0
45.3 0
45.5 0
45.7 0
45.9 0
46.1 0
46.3 0
46.5 0
46.7 0
46.9 1
47.1 0
47.3 1
47.5 0
47.7 1
47.9 0
48.1 2
48.3 0
48.5 0
48.7 0
48.9 0
49.1 1
49.3 1
49.5 0
49.7 1
49.9 1
