-209.9 0
-209.7 0
-209.5 0
-209.3 0
-209.1 0
-208.9 0
-208.7 0
-208.5 0
-208.3 0
-208.1 1
-207.9 0
-207.7 0
-207.5 2
-207.3 0
-207.1 0
-206.9 0
-206.7 0
-206.5 0
-206.3 0
-206.1 0
-205.9 2
-205.7 0
-205.5 0
-205.3 0
-205.1 0
-204.9 0
-204.7 0
-204.5 0
-204.3 1
-204.1 0
-203.9 0
-203.7 0
-203.5 0
-203.3 0
-203.1 0
-202.9 0
-202.7 0
-202.5 0
-202.3 0
-202.1 0
-201.9 0
-201.7 0
-201.5 1
-201.3 0
-201.1 0
-200.9 0
-200.7 0
-200.5 1
-200.3 0
-200.1 0
-199.9 0
-199.7 0
-199.5 0
-199.3 0
-199.1 2
-198.9 1
-198.7 2
-198.5 5
-198.3 7
-198.1 10
-197.9 15
-197.7 30
-197.5 28
-197.3 38
-197.1 50
-196.9 67
-196.7 89
-196.5 123
-196.3 147
-196.1 192
-195.9 226
-195.7 268
-195.5 331
-195.3 390
-195.1 485
-194.9 537
-194.7 625
-194.5 683
-194.3 735
-194.1 816
-193.9 961
-193.7 941
-193.5 995
-193.3 1076
-193.1 1036
-192.9 1126
-192.7 1153
-192.5 1178
-192.3 1202
-192.1 1221
-191.9 1214
-191.7 1257
-191.5 1285
-191.3 1256
-191.1 1245
-190.9 1308
-190.7 1233
-190.5 1256
-190.3 1298
-190.1 1272
-189.9 1259
-189.7 1192
-189.5 1261
-189.3 1258
-189.1 1268
-188.9 1220
-188.7 1253
-188.5 1194
-188.3 1192
-188.1 1196
-187.9 1152
-187.7 1168
-187.5 1150
-187.3 1163
-187.1 1197
-186.9 1166
-186.7 1113
-186.5 1182
-186.3 1159
-186.1 1079
-185.9 1140
-185.7 1141
-185.5 1069
-185.3 1099
-185.1 1100
-184.9 1121
-184.7 1129
-184.5 1104
-184.3 1130
-184.1 1086
-183.9 1022
-183.7 1146
-183.5 1062
-183.3 991
-183.1 1034
-182.9 1068
-182.7 1042
-182.5 1043
-182.3 1001
-182.1 984
-181.9 1047
-181.7 958
-181.5 981
-181.3 910
-181.1 1010
-180.9 956
-180.7 957
-180.5 908
-180.3 952
-180.1 906
-179.9 880
-179.7 885
-179.5 932
-179.3 929
-179.1 922
-178.9 898
-178.7 896
-178.5 840
-178.3 823
-178.1 882
-177.9 858
-177.7 818
-177.5 821
-177.3 846
-177.1 786
-176.9 838
-176.7 838
-176.5 778
-176.3 813
-176.1 835
-175.9 814
-175.7 783
-175.5 765
-175.3 774
-175.1 770
-174.9 772
-174.7 751
-174.5 730
-174.3 776
-174.1 775
-173.9 758
-173.7 750
-173.5 753
-173.3 799
-173.1 736
-172.9 801
-172.7 708
-172.5 768
-172.3 717
-172.1 776
-171.9 739
-171.7 732
-171.5 745
-171.3 714
-171.1 739
-170.9 715
-170.7 782
-170.5 667
-170.3 686
-170.1 710
-169.9 729
-169.7 691
-169.5 710
-169.3 688
-169.1 689
-168.9 726
-168.7 650
-168.5 707
-168.3 715
-168.1 722
-167.9 737
-167.7 717
-167.5 683
-167.3 674
-167.1 657
-166.9 713
-166.7 684
-166.5 672
-166.3 641
-166.1 647
-165.9 689
-165.7 692
-165.5 677
-165.3 691
-165.1 705
-164.9 671
-164.7 672
-164.5 667
-164.3 636
-164.1 690
-163.9 684
-163.7 701
-163.5 687
-163.3 703
-163.1 711
-162.9 688
-162.7 687
-162.5 669
-162.3 662
-162.1 700
-161.9 669
-161.7 646
-161.5 703
-161.3 694
-161.1 685
-160.9 678
-160.7 693
-160.5 649
-160.3 727
-160.1 643
-159.9 681
-159.7 624
-159.5 686
-159.3 718
-159.1 608
-158.9 663
-158.7 696
-158.5 687
-158.3 713
-158.1 684
-157.9 696
-157.7 689
-157.5 659
-157.3 735
-157.1 659
-156.9 672
-156.7 665
-156.5 674
-156.3 687
-156.1 659
-155.9 707
-155.7 655
-155.5 659
-155.3 688
-155.1 655
-154.9 672
-154.7 692
-154.5 679
-154.3 673
-154.1 669
-153.9 686
-153.7 658
-153.5 666
-153.3 666
-153.1 663
-152.9 711
-152.7 662
-152.5 692
-152.3 640
-152.1 629
-151.9 609
-151.7 669
-151.5 654
-151.3 711
-151.1 621
-150.9 659
-150.7 647
-150.5 646
-150.3 684
-150.1 659
-149.9 660
-149.7 681
-149.5 685
-149.3 624
-149.1 716
-148.9 650
-148.7 700
-148.5 655
-148.3 683
-148.1 668
-147.9 622
-147.7 654
-147.5 645
-147.3 648
-147.1 660
-146.9 682
-146.7 693
-146.5 653
-146.3 685
-146.1 598
-145.9 705
-145.7 640
-145.5 665
-145.3 690
-145.1 667
-144.9 648
-144.7 679
-144.5 633
-144.3 634
-144.1 640
-143.9 617
-143.7 692
-143.5 628
-143.3 629
-143.1 668
-142.9 636
-142.7 663
-142.5 630
-142.3 671
-142.1 640
-141.9 639
-141.7 652
-141.5 657
-141.3 669
-141.1 646
-140.9 645
-140.7 604
-140.5 609
-140.3 625
-140.1 634
-139.9 668
-139.7 637
-139.5 645
-139.3 661
-139.1 624
-138.9 644
-138.7 630
-138.5 644
-138.3 624
-138.1 583
-137.9 617
-137.7 652
-137.5 636
-137.3 664
-137.1 588
-136.9 636
-136.7 657
-136.5 650
-136.3 683
-136.1 695
-135.9 647
-135.7 596
-135.5 657
-135.3 652
-135.1 688
-134.9 652
-134.7 628
-134.5 673
-134.3 646
-134.1 649
-133.9 599
-133.7 700
-133.5 644
-133.3 647
-133.1 614
-132.9 657
-132.7 707
-132.5 657
-132.3 662
-132.1 665
-131.9 636
-131.7 665
-131.5 703
-131.3 709
-131.1 688
-130.9 649
-130.7 707
-130.5 665
-130.3 686
-130.1 635
-129.9 659
-129.7 744
-129.5 695
-129.3 639
-129.1 661
-128.9 723
-128.7 703
-128.5 688
-128.3 700
-128.1 696
-127.9 631
-127.7 621
-127.5 684
-127.3 682
-127.1 650
-126.9 642
-126.7 744
-126.5 661
-126.3 676
-126.1 731
-125.9 668
-125.7 652
-125.5 662
-125.3 669
-125.1 684
-124.9 682
-124.7 631
-124.5 667
-124.3 652
-124.1 652
-123.9 761
-123.7 656
-123.5 680
-123.3 658
-123.1 735
-122.9 664
-122.7 665
-122.5 705
-122.3 698
-122.1 669
-121.9 659
-121.7 680
-121.5 625
-121.3 700
-121.1 686
-120.9 698
-120.7 682
-120.5 643
-120.3 723
-120.1 712
-119.9 655
-119.7 649
-119.5 670
-119.3 725
-119.1 679
-118.9 599
-118.7 682
-118.5 693
-118.3 669
-118.1 615
-117.9 639
-117.7 627
-117.5 628
-117.3 660
-117.1 655
-116.9 680
-116.7 686
-116.5 691
-116.3 700
-116.1 618
-115.9 651
-115.7 652
-115.5 663
-115.3 651
-115.1 715
-114.9 646
-114.7 642
-114.5 684
-114.3 654
-114.1 662
-113.9 693
-113.7 644
-113.5 702
-113.3 651
-113.1 685
-112.9 698
-112.7 693
-112.5 666
-112.3 659
-112.1 668
-111.9 662
-111.7 671
-111.5 644
-111.3 636
-111.1 649
-110.9 673
-110.7 669
-110.5 666
-110.3 633
-110.1 670
-109.9 648
-109.7 669
-109.5 647
-109.3 692
-109.1 649
-108.9 639
-108.7 695
-108.5 714
-108.3 686
-108.1 637
-107.9 693
-107.7 658
-107.5 687
-107.3 680
-107.1 593
-106.9 642
-106.7 688
-106.5 667
-106.3 616
-106.1 653
-105.9 687
-105.7 677
-105.5 691
-105.3 634
-105.1 632
-104.9 625
-104.7 699
-104.5 642
-104.3 661
-104.1 634
-103.9 654
-103.7 660
-103.5 631
-103.3 674
-103.1 640
-102.9 661
-102.7 645
-102.5 672
-102.3 655
-102.1 633
-101.9 666
-101.7 673
-101.5 628
-101.3 656
-101.1 611
-100.9 618
-100.7 645
-100.5 635
-100.3 668
-100.1 631
-99.9 645
-99.7 643
-99.5 673
-99.3 651
-99.1 679
-98.9 631
-98.7 700
-98.5 660
-98.3 652
-98.1 656
-97.9 643
-97.7 616
-97.5 642
-97.3 654
-97.1 670
-96.9 626
-96.7 663
-96.5 621
-96.3 579
-96.1 715
-95.9 641
-95.7 693
-95.5 617
-95.3 622
-95.1 635
-94.9 660
-94.7 673
-94.5 636
-94.3 650
-94.1 641
-93.9 635
-93.7 671
-93.5 667
-93.3 645
-93.1 692
-92.9 695
-92.7 622
-92.5 699
-92.3 676
-92.1 673
-91.9 658
-91.7 630
-91.5 703
-91.3 670
-91.1 651
-90.9 655
-90.7 674
-90.5 678
-90.3 654
-90.1 681
-89.9 644
-89.7 689
-89.5 650
-89.3 674
-89.1 636
-88.9 687
-88.7 640
-88.5 695
-88.3 666
-88.1 641
-87.9 633
-87.7 645
-87.5 634
-87.3 619
-87.1 630
-86.9 670
-86.7 664
-86.5 668
-86.3 660
-86.1 647
-85.9 638
-85.7 647
-85.5 605
-85.3 652
-85.1 613
-84.9 613
-84.7 663
-84.5 667
-84.3 665
-84.1 679
-83.9 678
-83.7 617
-83.5 632
-83.3 641
-83.1 643
-82.9 654
-82.7 655
-82.5 654
-82.3 668
-82.1 634
-81.9 679
-81.7 694
-81.5 619
-81.3 608
-81.1 655
-80.9 634
-80.7 617
-80.5 655
-80.3 607
-80.1 628
-79.9 662
-79.7 648
-79.5 656
-79.3 607
-79.1 616
-78.9 647
-78.7 658
-78.5 651
-78.3 663
-78.1 639
-77.9 658
-77.7 617
-77.5 678
-77.3 663
-77.1 669
-76.9 620
-76.7 701
-76.5 627
-76.3 630
-76.1 642
-75.9 638
-75.7 669
-75.5 656
-75.3 609
-75.1 643
-74.9 608
-74.7 617
-74.5 648
-74.3 663
-74.1 631
-73.9 670
-73.7 690
-73.5 637
-73.3 682
-73.1 635
-72.9 629
-72.7 672
-72.5 657
-72.3 655
-72.1 625
-71.9 634
-71.7 638
-71.5 669
-71.3 640
-71.1 624
-70.9 623
-70.7 669
-70.5 633
-70.3 637
-70.1 653
-69.9 697
-69.7 646
-69.5 684
-69.3 650
-69.1 681
-68.9 609
-68.7 664
-68.5 686
-68.3 648
-68.1 670
-67.9 651
-67.7 643
-67.5 669
-67.3 670
-67.1 672
-66.9 673
-66.7 690
-66.5 613
-66.3 624
-66.1 678
-65.9 671
-65.7 690
-65.5 655
-65.3 670
-65.1 666
-64.9 619
-64.7 649
-64.5 667
-64.3 658
-64.1 624
-63.9 673
-63.7 627
-63.5 648
-63.3 616
-63.1 622
-62.9 652
-62.7 651
-62.5 626
-62.3 651
-62.1 682
-61.9 626
-61.7 625
-61.5 613
-61.3 693
-61.1 677
-60.9 619
-60.7 665
-60.5 669
-60.3 691
-60.1 662
-59.9 662
-59.7 676
-59.5 568
-59.3 650
-59.1 638
-58.9 664
-58.7 644
-58.5 659
-58.3 606
-58.1 620
-57.9 670
-57.7 659
-57.5 607
-57.3 627
-57.1 648
-56.9 649
-56.7 668
-56.5 623
-56.3 664
-56.1 704
-55.9 690
-55.7 656
-55.5 670
-55.3 650
-55.1 641
-54.9 660
-54.7 633
-54.5 683
-54.3 618
-54.1 635
-53.9 666
-53.7 651
-53.5 571
-53.3 702
-53.1 658
-52.9 623
-52.7 682
-52.5 690
-52.3 663
-52.1 674
-51.9 637
-51.7 681
-51.5 648
-51.3 633
-51.1 742
-50.9 626
-50.7 657
-50.5 650
-50.3 659
-50.1 623
-49.9 632
-49.7 637
-49.5 694
-49.3 686
-49.1 655
-48.9 625
-48.7 631
-48.5 644
-48.3 652
-48.1 624
-47.9 636
-47.7 637
-47.5 674
-47.3 642
-47.1 669
-46.9 678
-46.7 659
-46.5 633
-46.3 701
-46.1 703
-45.9 639
-45.7 676
-45.5 668
-45.3 652
-45.1 655
-44.9 664
-44.7 679
-44.5 658
-44.3 681
-44.1 633
-43.9 691
-43.7 670
-43.5 613
-43.3 649
-43.1 661
-42.9 677
-42.7 673
-42.5 637
-42.3 697
-42.1 672
-41.9 653
-41.7 645
-41.5 687
-41.3 667
-41.1 643
-40.9 632
-40.7 672
-40.5 671
-40.3 671
-40.1 625
-39.9 667
-39.7 646
-39.5 662
-39.3 689
-39.1 661
-38.9 659
-38.7 664
-38.5 662
-38.3 687
-38.1 659
-37.9 608
-37.7 637
-37.5 659
-37.3 634
-37.1 662
-36.9 684
-36.7 663
-36.5 593
-36.3 641
-36.1 667
-35.9 646
-35.7 661
-35.5 639
-35.3 631
-35.1 662
-34.9 649
-34.7 629
-34.5 643
-34.3 655
-34.1 685
-33.9 634
-33.7 638
-33.5 671
-33.3 653
-33.1 662
-32.9 608
-32.7 658
-32.5 638
-32.3 622
-32.1 671
-31.9 629
-31.7 651
-31.5 628
-31.3 630
-31.1 621
-30.9 635
-30.7 620
-30.5 618
-30.3 700
-30.1 604
-29.9 608
-29.7 671
-29.5 676
-29.3 620
-29.1 624
-28.9 635
-28.7 648
-28.5 627
-28.3 613
-28.1 645
-27.9 625
-27.7 693
-27.5 671
-27.3 627
-27.1 636
-26.9 633
-26.7 656
-26.5 675
-26.3 634
-26.1 647
-25.9 593
-25.7 638
-25.5 672
-25.3 648
-25.1 697
-24.9 633
-24.7 654
-24.5 630
-24.3 636
-24.1 690
-23.9 671
-23.7 629
-23.5 642
-23.3 658
-23.1 674
-22.9 600
-22.7 621
-22.5 643
-22.3 677
-22.1 660
-21.9 620
-21.7 602
-21.5 690
-21.3 655
-21.1 650
-20.9 663
-20.7 638
-20.5 623
-20.3 650
-20.1 663
-19.9 632
-19.7 685
-19.5 662
-19.3 652
-19.1 666
-18.9 645
-18.7 673
-18.5 651
-18.3 668
-18.1 625
-17.9 611
-17.7 662
-17.5 644
-17.3 620
-17.1 639
-16.9 698
-16.7 622
-16.5 663
-16.3 606
-16.1 618
-15.9 636
-15.7 666
-15.5 653
-15.3 657
-15.1 652
-14.9 695
-14.7 720
-14.5 641
-14.3 648
-14.1 599
-13.9 623
-13.7 667
-13.5 648
-13.3 664
-13.1 621
-12.9 678
-12.7 626
-12.5 627
-12.3 681
-12.1 680
-11.9 626
-11.7 665
-11.5 657
-11.3 674
-11.1 683
-10.9 639
-10.7 607
-10.5 661
-10.3 651
-10.1 684
-9.9 591
-9.7 653
-9.5 635
-9.3 630
-9.1 647
-8.9 644
-8.7 668
-8.5 643
-8.3 622
-8.1 682
-7.9 684
-7.7 629
-7.5 659
-7.3 662
-7.1 664
-6.9 597
-6.7 643
-6.5 662
-6.3 620
-6.1 666
-5.9 632
-5.7 659
-5.5 682
-5.3 595
-5.1 619
-4.9 636
-4.7 667
-4.5 691
-4.3 612
-4.1 655
-3.9 661
-3.7 662
-3.5 648
-3.3 663
-3.1 592
-2.9 632
-2.7 585
-2.5 623
-2.3 642
-2.1 629
-1.9 673
-1.7 664
-1.5 591
-1.3 691
-1.1 636
-0.9 623
-0.7 678
-0.5 651
-0.3 683
-0.1 636
0.1 606
0.3 645
0.5 620
0.7 657
0.9 618
1.1 658
1.3 647
1.5 633
1.7 638
1.9 655
2.1 648
2.3 647
2.5 651
2.7 621
2.9 618
3.1 656
3.3 650
3.5 636
3.7 668
3.9 677
4.1 627
4.3 637
4.5 641
4.7 640
4.9 635
5.1 653
5.3 616
5.5 679
5.7 647
5.9 633
6.1 644
6.3 656
6.5 653
6.7 664
6.9 646
7.1 649
7.3 652
7.5 629
7.7 631
7.9 619
8.1 612
8.3 695
8.5 652
8.7 637
8.9 616
9.1 640
9.3 635
9.5 621
9.7 625
9.9 572
10.1 612
10.3 644
10.5 595
10.7 644
10.9 630
11.1 604
11.3 618
11.5 603
11.7 570
11.9 610
12.1 596
12.3 593
12.5 573
12.7 552
12.9 527
13.1 576
13.3 572
13.5 559
13.7 573
13.9 519
14.1 543
14.3 520
14.5 506
14.7 498
14.9 522
15.1 497
15.3 474
15.5 436
15.7 461
15.9 423
16.1 489
16.3 453
16.5 414
16.7 455
16.9 453
17.1 436
17.3 427
17.5 388
17.7 358
17.9 386
18.1 402
18.3 356
18.5 345
18.7 367
18.9 331
19.1 370
19.3 345
19.5 324
19.7 316
19.9 317
20.1 301
20.3 308
20.5 291
20.7 261
20.9 261
21.1 275
21.3 240
21.5 265
21.7 212
21.9 245
22.1 236
22.3 229
22.5 239
22.7 208
22.9 205
23.1 192
23.3 209
23.5 212
23.7 200
23.9 167
24.1 165
24.3 149
24.5 147
24.7 147
24.9 140
25.1 143
25.3 148
25.5 155
25.7 128
25.9 134
26.1 124
26.3 98
26.5 100
26.7 102
26.9 85
27.1 105
27.3 98
27.5 81
27.7 85
27.9 91
28.1 103
28.3 76
28.5 86
28.7 72
28.9 71
29.1 75
29.3 80
29.5 66
29.7 57
29.9 49
30.1 48
30.3 58
30.5 58
30.7 46
30.9 39
31.1 27
31.3 37
31.5 32
31.7 43
31.9 22
32.1 23
32.3 29
32.5 22
32.7 29
32.9 24
33.1 27
33.3 14
33.5 17
33.7 17
33.9 11
34.1 15
34.3 17
34.5 10
34.7 3
34.9 12
35.1 10
35.3 8
35.5 12
35.7 7
35.9 6
36.1 7
36.3 1
36.5 5
36.7 2
36.9 1
37.1 2
37.3 4
37.5 5
37.7 4
37.9 3
38.1 2
38.3 2
38.5 4
38.7 0
38.9 1
39.1 2
39.3 1
39.5 1
39.7 0
39.9 1
40.1 2
40.3 2
40.5 0
40.7 1
40.9 1
41.1 1
41.3 1
41.5 1
41.7 0
41.9 1
42.1 0
42.3 1
42.5 0
42.7 0
42.9 1
43.1 0
43.3 0
43.5 1
43.7 0
43.9 1
44.1 0
44.3 0
44.5 0
44.7 0
44.9 0
45.1 0
45.3 1
45.5 0
45.7 0
45.9 0
46.1 0
46.3 1
46.5 0
46.7 0
46.9 0
47.1 0
47.3 1
47.5 0
47.7 0
47.9 0
48.1 0
48.3 0
48.5 0
48.7 0
48.9 2
49.1 0
49.3 2
49.5 0
49.7 1
49.9 0
