1450
-1589.7 5.50074e-06
-1589.5 6.60089e-06
-1589.3 8.80119e-06
-1589.1 1.32018e-05
-1588.9 1.76024e-05
-1588.7 2.09028e-05
-1588.5 2.09028e-05
-1588.3 2.42033e-05
-1588.1 3.08042e-05
-1587.9 3.52048e-05
-1587.7 3.85052e-05
-1587.5 4.07055e-05
-1587.3 4.51061e-05
-1587.1 4.84065e-05
-1586.9 5.06068e-05
-1586.7 5.06068e-05
-1586.5 5.39073e-05
-1586.3 5.72077e-05
-1586.1 5.83079e-05
-1585.9 6.05082e-05
-1585.7 6.49088e-05
-1585.5 6.93094e-05
-1585.3 7.26098e-05
-1585.1 7.48101e-05
-1584.9 7.70104e-05
-1584.7 7.70104e-05
-1584.5 7.92107e-05
-1584.3 8.1411e-05
-1584.1 8.25112e-05
-1583.9 8.36113e-05
-1583.7 8.58116e-05
-1583.5 8.9112e-05
-1583.3 9.02122e-05
-1583.1 9.13123e-05
-1582.9 9.35126e-05
-1582.7 9.68131e-05
-1582.5 9.90134e-05
-1582.3 0.000100114
-1582.1 0.000102314
-1581.9 0.000103414
-1581.7 0.000106714
-1581.5 0.000111115
-1581.3 0.000114415
-1581.1 0.000117716
-1580.9 0.000122117
-1580.7 0.000125417
-1580.5 0.000126517
-1580.3 0.000127617
-1580.1 0.000129818
-1579.9 0.000130918
-1579.7 0.000130918
-1579.5 0.000132018
-1579.3 0.000136418
-1579.1 0.000138619
-1578.9 0.000140819
-1578.7 0.000143019
-1578.5 0.00014522
-1578.3 0.00014852
-1578.1 0.000154021
-1577.9 0.000156221
-1577.7 0.000158421
-1577.5 0.000162822
-1577.3 0.000163922
-1577.1 0.000165022
-1576.9 0.000168323
-1576.7 0.000169423
-1576.5 0.000171623
-1576.3 0.000176024
-1576.1 0.000179324
-1575.9 0.000180424
-1575.7 0.000184825
-1575.5 0.000185925
-1575.3 0.000187025
-1575.1 0.000189226
-1574.9 0.000193626
-1574.7 0.000193626
-1574.5 0.000194726
-1574.3 0.000198027
-1574.1 0.000203528
-1573.9 0.000205728
-1573.7 0.000209028
-1573.5 0.000211229
-1573.3 0.000211229
-1573.1 0.000216729
-1572.9 0.00021893
-1572.7 0.00022333
-1572.5 0.000229931
-1572.3 0.000234332
-1572.1 0.000235432
-1571.9 0.000237632
-1571.7 0.000237632
-1571.5 0.000240933
-1571.3 0.000242033
-1571.1 0.000251934
-1570.9 0.000259635
-1570.7 0.000268436
-1570.5 0.000278338
-1570.3 0.000288239
-1570.1 0.00029594
-1569.9 0.000306941
-1569.7 0.000317943
-1569.5 0.000332245
-1569.3 0.000342146
-1569.1 0.000357548
-1568.9 0.000378451
-1568.7 0.000398254
-1568.5 0.000411456
-1568.3 0.000436759
-1568.1 0.000465363
-1567.9 0.000503868
-1567.7 0.000539073
-1567.5 0.00059188
-1567.3 0.000655689
-1567.1 0.000713997
-1566.9 0.000778905
-1566.7 0.000844914
-1566.5 0.000930726
-1566.3 0.00101104
-1566.1 0.00111995
-1565.9 0.00123437
-1565.7 0.00135538
-1565.5 0.0014896
-1565.3 0.00162052
-1565.1 0.00181855
-1564.9 0.00199677
-1564.7 0.0022047
-1564.5 0.00241813
-1564.3 0.00260185
-1564.1 0.00284278
-1563.9 0.00309582
-1563.7 0.00337966
-1563.5 0.00364479
-1563.3 0.00397044
-1563.1 0.00426308
-1562.9 0.00465143
-1562.7 0.00504748
-1562.5 0.00543583
-1562.3 0.00585719
-1562.1 0.00629505
-1561.9 0.00675821
-1561.7 0.00723128
-1561.5 0.00779235
-1561.3 0.00834243
-1561.1 0.00893101
-1560.9 0.00949208
-1560.7 0.0100972
-1560.5 0.0107419
-1560.3 0.0114129
-1560.1 0.0120664
-1559.9 0.012798
-1559.7 0.0135516
-1559.5 0.014314
-1559.3 0.015083
-1559.1 0.0159698
-1558.9 0.0168015
-1558.7 0.0176772
-1558.5 0.0185298
-1558.3 0.0194517
-1558.1 0.0204221
-1557.9 0.0213946
-1557.7 0.0223836
-1557.5 0.0233925
-1557.3 0.0243815
-1557.1 0.0254002
-1556.9 0.026419
-1556.7 0.0274685
-1556.5 0.02855
-1556.3 0.0296325
-1556.1 0.0307668
-1555.9 0.0319428
-1555.7 0.0330848
-1555.5 0.0341794
-1555.3 0.0353016
-1555.1 0.036438
-1554.9 0.0376064
-1554.7 0.0388308
-1554.5 0.040041
-1554.3 0.0412424
-1554.1 0.0425406
-1553.9 0.0437485
-1553.7 0.0449708
-1553.5 0.0461754
-1553.3 0.0474725
-1553.1 0.0486794
-1552.9 0.0499016
-1552.7 0.0511723
-1552.5 0.0524155
-1552.3 0.0537566
-1552.1 0.0551031
-1551.9 0.0563529
-1551.7 0.0576225
-1551.5 0.0588954
-1551.3 0.0601385
-1551.1 0.0614004
-1550.9 0.0627415
-1550.7 0.0640298
-1550.5 0.0653004
-1550.3 0.0665634
-1550.1 0.0677714
-1549.9 0.0690332
-1549.7 0.0703281
-1549.5 0.0715856
-1549.3 0.0729179
-1549.1 0.0741555
-1548.9 0.0753899
-1548.7 0.0766232
-1548.5 0.0778597
-1548.3 0.0790743
-1548.1 0.0802834
-1547.9 0.0815342
-1547.7 0.0827796
-1547.5 0.0840228
-1547.3 0.0852406
-1547.1 0.0864959
-1546.9 0.0876742
-1546.7 0.0888172
-1546.5 0.0899779
-1546.3 0.0910912
-1546.1 0.0922673
-1545.9 0.0934213
-1545.7 0.0945655
-1545.5 0.0957602
-1545.3 0.0968802
-1545.1 0.0980244
-1544.9 0.0991498
-1544.7 0.100268
-1544.5 0.101338
-1544.3 0.102447
-1544.1 0.103525
-1543.9 0.104643
-1543.7 0.105682
-1543.5 0.106744
-1543.3 0.107828
-1543.1 0.108887
-1542.9 0.110004
-1542.7 0.111028
-1542.5 0.112126
-1542.3 0.113151
-1542.1 0.114234
-1541.9 0.115287
-1541.7 0.116358
-1541.5 0.117388
-1541.3 0.118398
-1541.1 0.119393
-1540.9 0.120434
-1540.7 0.121406
-1540.5 0.122399
-1540.3 0.123427
-1540.1 0.124431
-1539.9 0.125462
-1539.7 0.126438
-1539.5 0.127494
-1539.3 0.128496
-1539.1 0.129502
-1538.9 0.130534
-1538.7 0.131554
-1538.5 0.132557
-1538.3 0.133535
-1538.1 0.134573
-1537.9 0.13556
-1537.7 0.136512
-1537.5 0.137437
-1537.3 0.138393
-1537.1 0.139313
-1536.9 0.140257
-1536.7 0.141203
-1536.5 0.142196
-1536.3 0.143171
-1536.1 0.144168
-1535.9 0.145155
-1535.7 0.146104
-1535.5 0.147092
-1535.3 0.148106
-1535.1 0.149095
-1534.9 0.149999
-1534.7 0.150977
-1534.5 0.151881
-1534.3 0.152851
-1534.1 0.153806
-1533.9 0.154743
-1533.7 0.155688
-1533.5 0.15662
-1533.3 0.157617
-1533.1 0.158526
-1532.9 0.159459
-1532.7 0.160402
-1532.5 0.161397
-1532.3 0.162334
-1532.1 0.163257
-1531.9 0.16422
-1531.7 0.165185
-1531.5 0.166137
-1531.3 0.167116
-1531.1 0.168043
-1530.9 0.169024
-1530.7 0.169901
-1530.5 0.170817
-1530.3 0.171745
-1530.1 0.17266
-1529.9 0.173561
-1529.7 0.174457
-1529.5 0.175362
-1529.3 0.176285
-1529.1 0.177194
-1528.9 0.178124
-1528.7 0.179059
-1528.5 0.179914
-1528.3 0.180819
-1528.1 0.181739
-1527.9 0.182642
-1527.7 0.183498
-1527.5 0.18439
-1527.3 0.185264
-1527.1 0.186205
-1526.9 0.187113
-1526.7 0.187934
-1526.5 0.188791
-1526.3 0.189717
-1526.1 0.190595
-1525.9 0.191438
-1525.7 0.192269
-1525.5 0.193127
-1525.3 0.193965
-1525.1 0.194786
-1524.9 0.195649
-1524.7 0.196506
-1524.5 0.197338
-1524.3 0.198155
-1524.1 0.199017
-1523.9 0.199854
-1523.7 0.200709
-1523.5 0.201534
-1523.3 0.202384
-1523.1 0.203246
-1522.9 0.204047
-1522.7 0.204895
-1522.5 0.205706
-1522.3 0.206628
-1522.1 0.207413
-1521.9 0.208259
-1521.7 0.209167
-1521.5 0.209991
-1521.3 0.21091
-1521.1 0.211759
-1520.9 0.212679
-1520.7 0.213621
-1520.5 0.214532
-1520.3 0.215414
-1520.1 0.216367
-1519.9 0.217283
-1519.7 0.218199
-1519.5 0.219134
-1519.3 0.220011
-1519.1 0.220936
-1518.9 0.221939
-1518.7 0.222906
-1518.5 0.223841
-1518.3 0.224804
-1518.1 0.225727
-1517.9 0.226709
-1517.7 0.227713
-1517.5 0.228704
-1517.3 0.229625
-1517.1 0.230548
-1516.9 0.231534
-1516.7 0.232416
-1516.5 0.2334
-1516.3 0.234353
-1516.1 0.235295
-1515.9 0.236277
-1515.7 0.237192
-1515.5 0.238132
-1515.3 0.239067
-1515.1 0.239993
-1514.9 0.240916
-1514.7 0.241774
-1514.5 0.242742
-1514.3 0.243699
-1514.1 0.244576
-1513.9 0.245482
-1513.7 0.246356
-1513.5 0.247214
-1513.3 0.248085
-1513.1 0.248944
-1512.9 0.249817
-1512.7 0.250692
-1512.5 0.251589
-1512.3 0.252464
-1512.1 0.253286
-1511.9 0.254101
-1511.7 0.2549
-1511.5 0.255709
-1511.3 0.256521
-1511.1 0.257304
-1510.9 0.258092
-1510.7 0.258909
-1510.5 0.259656
-1510.3 0.26044
-1510.1 0.261225
-1509.9 0.261971
-1509.7 0.262742
-1509.5 0.263523
-1509.3 0.264265
-1509.1 0.265059
-1508.9 0.265815
-1508.7 0.266587
-1508.5 0.267339
-1508.3 0.268115
-1508.1 0.268847
-1507.9 0.269586
-1507.7 0.27038
-1507.5 0.271118
-1507.3 0.271878
-1507.1 0.272661
-1506.9 0.273473
-1506.7 0.274259
-1506.5 0.275012
-1506.3 0.275817
-1506.1 0.276639
-1505.9 0.277459
-1505.7 0.278266
-1505.5 0.27915
-1505.3 0.279942
-1505.1 0.280782
-1504.9 0.281598
-1504.7 0.28242
-1504.5 0.283257
-1504.3 0.284195
-1504.1 0.285039
-1503.9 0.285898
-1503.7 0.286818
-1503.5 0.287705
-1503.3 0.28859
-1503.1 0.289523
-1502.9 0.290474
-1502.7 0.291397
-1502.5 0.292354
-1502.3 0.293241
-1502.1 0.294216
-1501.9 0.295149
-1501.7 0.296162
-1501.5 0.297037
-1501.3 0.297996
-1501.1 0.298962
-1500.9 0.299862
-1500.7 0.300857
-1500.5 0.301819
-1500.3 0.302797
-1500.1 0.303753
-1499.9 0.304745
-1499.7 0.305771
-1499.5 0.306716
-1499.3 0.307674
-1499.1 0.308646
-1498.9 0.309604
-1498.7 0.310551
-1498.5 0.311499
-1498.3 0.312483
-1498.1 0.313458
-1497.9 0.314377
-1497.7 0.315278
-1497.5 0.31621
-1497.3 0.317121
-1497.1 0.318023
-1496.9 0.318881
-1496.7 0.319753
-1496.5 0.32062
-1496.3 0.321461
-1496.1 0.322337
-1495.9 0.323195
-1495.7 0.324016
-1495.5 0.324852
-1495.3 0.325691
-1495.1 0.326422
-1494.9 0.327218
-1494.7 0.327982
-1494.5 0.328735
-1494.3 0.329535
-1494.1 0.330332
-1493.9 0.331101
-1493.7 0.331885
-1493.5 0.332612
-1493.3 0.333393
-1493.1 0.334087
-1492.9 0.33483
-1492.7 0.33561
-1492.5 0.336388
-1492.3 0.337131
-1492.1 0.337816
-1491.9 0.338527
-1491.7 0.339236
-1491.5 0.339972
-1491.3 0.340691
-1491.1 0.341418
-1490.9 0.342132
-1490.7 0.342882
-1490.5 0.343645
-1490.3 0.344386
-1490.1 0.345215
-1489.9 0.346
-1489.7 0.346759
-1489.5 0.347542
-1489.3 0.34837
-1489.1 0.34923
-1488.9 0.350064
-1488.7 0.350897
-1488.5 0.351711
-1488.3 0.352577
-1488.1 0.353421
-1487.9 0.354283
-1487.7 0.355149
-1487.5 0.356071
-1487.3 0.356961
-1487.1 0.357918
-1486.9 0.358832
-1486.7 0.359746
-1486.5 0.360611
-1486.3 0.361554
-1486.1 0.362477
-1485.9 0.363409
-1485.7 0.364354
-1485.5 0.365286
-1485.3 0.366285
-1485.1 0.367297
-1484.9 0.368324
-1484.7 0.369314
-1484.5 0.3703
-1484.3 0.37124
-1484.1 0.372301
-1483.9 0.373348
-1483.7 0.374353
-1483.5 0.375329
-1483.3 0.3764
-1483.1 0.377394
-1482.9 0.378363
-1482.7 0.379416
-1482.5 0.380514
-1482.3 0.38155
-1482.1 0.382597
-1481.9 0.383639
-1481.7 0.384702
-1481.5 0.385653
-1481.3 0.386608
-1481.1 0.387546
-1480.9 0.388563
-1480.7 0.38949
-1480.5 0.390421
-1480.3 0.391438
-1480.1 0.392372
-1479.9 0.393313
-1479.7 0.394189
-1479.5 0.395092
-1479.3 0.395997
-1479.1 0.396794
-1478.9 0.39764
-1478.7 0.398511
-1478.5 0.39932
-1478.3 0.400137
-1478.1 0.400973
-1477.9 0.401763
-1477.7 0.402535
-1477.5 0.403321
-1477.3 0.404117
-1477.1 0.404854
-1476.9 0.405675
-1476.7 0.406453
-1476.5 0.407239
-1476.3 0.407965
-1476.1 0.408755
-1475.9 0.409537
-1475.7 0.410305
-1475.5 0.411024
-1475.3 0.4117
-1475.1 0.412461
-1474.9 0.413199
-1474.7 0.413919
-1474.5 0.414652
-1474.3 0.415372
-1474.1 0.416078
-1473.9 0.416839
-1473.7 0.417588
-1473.5 0.418329
-1473.3 0.419074
-1473.1 0.419918
-1472.9 0.420685
-1472.7 0.421405
-1472.5 0.422174
-1472.3 0.422938
-1472.1 0.423709
-1471.9 0.424517
-1471.7 0.425304
-1471.5 0.42618
-1471.3 0.427028
-1471.1 0.42783
-1470.9 0.428654
-1470.7 0.429498
-1470.5 0.430364
-1470.3 0.431215
-1470.1 0.432122
-1469.9 0.432969
-1469.7 0.433799
-1469.5 0.43473
-1469.3 0.435645
-1469.1 0.436548
-1468.9 0.43752
-1468.7 0.438463
-1468.5 0.439473
-1468.3 0.440386
-1468.1 0.441313
-1467.9 0.442245
-1467.7 0.443274
-1467.5 0.444291
-1467.3 0.445359
-1467.1 0.446328
-1466.9 0.447383
-1466.7 0.448406
-1466.5 0.449424
-1466.3 0.450426
-1466.1 0.451435
-1465.9 0.452481
-1465.7 0.453588
-1465.5 0.454602
-1465.3 0.455682
-1465.1 0.456642
-1464.9 0.457653
-1464.7 0.458688
-1464.5 0.459677
-1464.3 0.460678
-1464.1 0.461716
-1463.9 0.462725
-1463.7 0.463739
-1463.5 0.464728
-1463.3 0.465691
-1463.1 0.466673
-1462.9 0.467612
-1462.7 0.468589
-1462.5 0.469542
-1462.3 0.470495
-1462.1 0.471425
-1461.9 0.472327
-1461.7 0.473244
-1461.5 0.474139
-1461.3 0.474986
-1461.1 0.47588
-1460.9 0.4767
-1460.7 0.477544
-1460.5 0.478373
-1460.3 0.479218
-1460.1 0.480025
-1459.9 0.480846
-1459.7 0.48171
-1459.5 0.48252
-1459.3 0.483314
-1459.1 0.484084
-1458.9 0.484841
-1458.7 0.485623
-1458.5 0.48641
-1458.3 0.487189
-1458.1 0.487953
-1457.9 0.488751
-1457.7 0.489571
-1457.5 0.490314
-1457.3 0.491099
-1457.1 0.491875
-1456.9 0.492702
-1456.7 0.493468
-1456.5 0.494274
-1456.3 0.495038
-1456.1 0.495742
-1455.9 0.496532
-1455.7 0.497291
-1455.5 0.498092
-1455.3 0.49886
-1455.1 0.49965
-1454.9 0.500441
-1454.7 0.501237
-1454.5 0.502022
-1454.3 0.502819
-1454.1 0.503661
-1453.9 0.504469
-1453.7 0.505272
-1453.5 0.506053
-1453.3 0.506946
-1453.1 0.507796
-1452.9 0.508663
-1452.7 0.509507
-1452.5 0.510317
-1452.3 0.511227
-1452.1 0.512087
-1451.9 0.512982
-1451.7 0.513923
-1451.5 0.514852
-1451.3 0.515757
-1451.1 0.5167
-1450.9 0.517594
-1450.7 0.518561
-1450.5 0.519519
-1450.3 0.520501
-1450.1 0.52146
-1449.9 0.522466
-1449.7 0.523486
-1449.5 0.524467
-1449.3 0.525507
-1449.1 0.52652
-1448.9 0.527565
-1448.7 0.528552
-1448.5 0.529572
-1448.3 0.53063
-1448.1 0.531642
-1447.9 0.53261
-1447.7 0.533637
-1447.5 0.534638
-1447.3 0.535679
-1447.1 0.536629
-1446.9 0.537704
-1446.7 0.538687
-1446.5 0.539696
-1446.3 0.540677
-1446.1 0.541697
-1445.9 0.542693
-1445.7 0.543659
-1445.5 0.544584
-1445.3 0.545478
-1445.1 0.546382
-1444.9 0.547248
-1444.7 0.54821
-1444.5 0.549089
-1444.3 0.550048
-1444.1 0.550954
-1443.9 0.551803
-1443.7 0.552644
-1443.5 0.553521
-1443.3 0.554352
-1443.1 0.555251
-1442.9 0.556123
-1442.7 0.556991
-1442.5 0.557796
-1442.3 0.55864
-1442.1 0.559438
-1441.9 0.560284
-1441.7 0.561055
-1441.5 0.561873
-1441.3 0.562702
-1441.1 0.563497
-1440.9 0.564264
-1440.7 0.565034
-1440.5 0.565822
-1440.3 0.566632
-1440.1 0.567437
-1439.9 0.568264
-1439.7 0.569072
-1439.5 0.56987
-1439.3 0.570646
-1439.1 0.571385
-1438.9 0.572161
-1438.7 0.572877
-1438.5 0.573664
-1438.3 0.574454
-1438.1 0.575258
-1437.9 0.576038
-1437.7 0.57684
-1437.5 0.577626
-1437.3 0.578433
-1437.1 0.579244
-1436.9 0.580051
-1436.7 0.580868
-1436.5 0.581654
-1436.3 0.582421
-1436.1 0.583199
-1435.9 0.58401
-1435.7 0.584847
-1435.5 0.585656
-1435.3 0.586445
-1435.1 0.587318
-1434.9 0.588115
-1434.7 0.589017
-1434.5 0.58987
-1434.3 0.590811
-1434.1 0.591717
-1433.9 0.592617
-1433.7 0.593558
-1433.5 0.594458
-1433.3 0.595365
-1433.1 0.596218
-1432.9 0.597173
-1432.7 0.598093
-1432.5 0.599036
-1432.3 0.59995
-1432.1 0.600884
-1431.9 0.601846
-1431.7 0.602802
-1431.5 0.603674
-1431.3 0.604624
-1431.1 0.605608
-1430.9 0.606568
-1430.7 0.607535
-1430.5 0.6085
-1430.3 0.609457
-1430.1 0.610398
-1429.9 0.611328
-1429.7 0.612275
-1429.5 0.613214
-1429.3 0.614178
-1429.1 0.615127
-1428.9 0.616122
-1428.7 0.617147
-1428.5 0.618062
-1428.3 0.619024
-1428.1 0.61998
-1427.9 0.620925
-1427.7 0.621885
-1427.5 0.622888
-1427.3 0.623878
-1427.1 0.624741
-1426.9 0.625677
-1426.7 0.626628
-1426.5 0.627523
-1426.3 0.628445
-1426.1 0.629396
-1425.9 0.630314
-1425.7 0.631214
-1425.5 0.632111
-1425.3 0.633
-1425.1 0.633897
-1424.9 0.634746
-1424.7 0.635601
-1424.5 0.636443
-1424.3 0.637257
-1424.1 0.638086
-1423.9 0.63895
-1423.7 0.639782
-1423.5 0.640679
-1423.3 0.641463
-1423.1 0.642286
-1422.9 0.643097
-1422.7 0.643926
-1422.5 0.644772
-1422.3 0.645583
-1422.1 0.646327
-1421.9 0.647176
-1421.7 0.648001
-1421.5 0.648815
-1421.3 0.649625
-1421.1 0.65052
-1420.9 0.651343
-1420.7 0.65218
-1420.5 0.652943
-1420.3 0.653713
-1420.1 0.654506
-1419.9 0.655351
-1419.7 0.656188
-1419.5 0.656989
-1419.3 0.657803
-1419.1 0.658663
-1418.9 0.659493
-1418.7 0.660331
-1418.5 0.661176
-1418.3 0.662021
-1418.1 0.662857
-1417.9 0.663708
-1417.7 0.664558
-1417.5 0.665392
-1417.3 0.666226
-1417.1 0.667072
-1416.9 0.667938
-1416.7 0.668816
-1416.5 0.669668
-1416.3 0.670549
-1416.1 0.671362
-1415.9 0.672251
-1415.7 0.673165
-1415.5 0.67398
-1415.3 0.67486
-1415.1 0.675731
-1414.9 0.676652
-1414.7 0.677608
-1414.5 0.678535
-1414.3 0.679473
-1414.1 0.680369
-1413.9 0.681332
-1413.7 0.68225
-1413.5 0.683156
-1413.3 0.684069
-1413.1 0.685005
-1412.9 0.685988
-1412.7 0.68692
-1412.5 0.687864
-1412.3 0.688841
-1412.1 0.68977
-1411.9 0.690702
-1411.7 0.691692
-1411.5 0.692646
-1411.3 0.693582
-1411.1 0.694523
-1410.9 0.695465
-1410.7 0.69639
-1410.5 0.69727
-1410.3 0.698229
-1410.1 0.699169
-1409.9 0.700099
-1409.7 0.701018
-1409.5 0.701897
-1409.3 0.702821
-1409.1 0.703781
-1408.9 0.704739
-1408.7 0.705633
-1408.5 0.706523
-1408.3 0.707446
-1408.1 0.708335
-1407.9 0.709226
-1407.7 0.710168
-1407.5 0.71106
-1407.3 0.711922
-1407.1 0.712781
-1406.9 0.713649
-1406.7 0.714538
-1406.5 0.715451
-1406.3 0.716362
-1406.1 0.717227
-1405.9 0.718043
-1405.7 0.71888
-1405.5 0.71969
-1405.3 0.720531
-1405.1 0.721429
-1404.9 0.722242
-1404.7 0.723049
-1404.5 0.723896
-1404.3 0.724755
-1404.1 0.725612
-1403.9 0.726506
-1403.7 0.727329
-1403.5 0.728182
-1403.3 0.729028
-1403.1 0.729861
-1402.9 0.730701
-1402.7 0.731546
-1402.5 0.732376
-1402.3 0.733224
-1402.1 0.734097
-1401.9 0.734935
-1401.7 0.735797
-1401.5 0.736686
-1401.3 0.737525
-1401.1 0.738375
-1400.9 0.739235
-1400.7 0.740091
-1400.5 0.740963
-1400.3 0.741785
-1400.1 0.742631
-1399.9 0.743483
-1399.7 0.744339
-1399.5 0.74522
-1399.3 0.746011
-1399.1 0.746909
-1398.9 0.747769
-1398.7 0.748659
-1398.5 0.749534
-1398.3 0.750425
-1398.1 0.75129
-1397.9 0.752129
-1397.7 0.753028
-1397.5 0.753951
-1397.3 0.754829
-1397.1 0.755738
-1396.9 0.756602
-1396.7 0.757509
-1396.5 0.758384
-1396.3 0.759235
-1396.1 0.760119
-1395.9 0.761027
-1395.7 0.761903
-1395.5 0.762862
-1395.3 0.763699
-1395.1 0.764623
-1394.9 0.765478
-1394.7 0.76642
-1394.5 0.767356
-1394.3 0.768249
-1394.1 0.769086
-1393.9 0.769982
-1393.7 0.770898
-1393.5 0.771873
-1393.3 0.772704
-1393.1 0.773608
-1392.9 0.774595
-1392.7 0.775532
-1392.5 0.77642
-1392.3 0.777344
-1392.1 0.778311
-1391.9 0.779216
-1391.7 0.780097
-1391.5 0.78101
-1391.3 0.781905
-1391.1 0.782839
-1390.9 0.783747
-1390.7 0.784623
-1390.5 0.785502
-1390.3 0.786371
-1390.1 0.787218
-1389.9 0.788134
-1389.7 0.788965
-1389.5 0.789828
-1389.3 0.79073
-1389.1 0.791654
-1388.9 0.792575
-1388.7 0.793428
-1388.5 0.794318
-1388.3 0.79518
-1388.1 0.79605
-1387.9 0.796931
-1387.7 0.7978
-1387.5 0.798638
-1387.3 0.79953
-1387.1 0.800363
-1386.9 0.801172
-1386.7 0.802045
-1386.5 0.802947
-1386.3 0.803827
-1386.1 0.804759
-1385.9 0.805617
-1385.7 0.806518
-1385.5 0.80736
-1385.3 0.808149
-1385.1 0.809027
-1384.9 0.809912
-1384.7 0.810721
-1384.5 0.811569
-1384.3 0.812387
-1384.1 0.813198
-1383.9 0.814077
-1383.7 0.81494
-1383.5 0.815782
-1383.3 0.816599
-1383.1 0.817489
-1382.9 0.818332
-1382.7 0.819158
-1382.5 0.819952
-1382.3 0.820713
-1382.1 0.82155
-1381.9 0.822428
-1381.7 0.823272
-1381.5 0.82412
-1381.3 0.824931
-1381.1 0.825801
-1380.9 0.826602
-1380.7 0.827464
-1380.5 0.828333
-1380.3 0.829158
-1380.1 0.83003
-1379.9 0.830874
-1379.7 0.83172
-1379.5 0.832574
-1379.3 0.83338
-1379.1 0.834244
-1378.9 0.835097
-1378.7 0.835954
-1378.5 0.836831
-1378.3 0.837789
-1378.1 0.8386
-1377.9 0.839446
-1377.7 0.840393
-1377.5 0.841263
-1377.3 0.842143
-1377.1 0.843074
-1376.9 0.843963
-1376.7 0.844932
-1376.5 0.84588
-1376.3 0.846802
-1376.1 0.847667
-1375.9 0.848571
-1375.7 0.849446
-1375.5 0.850371
-1375.3 0.851284
-1375.1 0.852165
-1374.9 0.85304
-1374.7 0.853915
-1374.5 0.85479
-1374.3 0.855666
-1374.1 0.856554
-1373.9 0.857467
-1373.7 0.858353
-1373.5 0.859204
-1373.3 0.860053
-1373.1 0.860921
-1372.9 0.861809
-1372.7 0.862716
-1372.5 0.863643
-1372.3 0.86454
-1372.1 0.865433
-1371.9 0.86632
-1371.7 0.867219
-1371.5 0.868138
-1371.3 0.869016
-1371.1 0.869838
-1370.9 0.87075
-1370.7 0.871603
-1370.5 0.872429
-1370.3 0.8733
-1370.1 0.874208
-1369.9 0.875122
-1369.7 0.87601
-1369.5 0.876925
-1369.3 0.877694
-1369.1 0.878583
-1368.9 0.879392
-1368.7 0.880249
-1368.5 0.881098
-1368.3 0.881907
-1368.1 0.882807
-1367.9 0.883702
-1367.7 0.884481
-1367.5 0.885329
-1367.3 0.886204
-1367.1 0.887077
-1366.9 0.887888
-1366.7 0.88876
-1366.5 0.889622
-1366.3 0.890547
-1366.1 0.891359
-1365.9 0.89221
-1365.7 0.893006
-1365.5 0.893849
-1365.3 0.894664
-1365.1 0.895525
-1364.9 0.89637
-1364.7 0.897188
-1364.5 0.898062
-1364.3 0.898932
-1364.1 0.899768
-1363.9 0.900586
-1363.7 0.901438
-1363.5 0.902339
-1363.3 0.903126
-1363.1 0.904013
-1362.9 0.904879
-1362.7 0.905705
-1362.5 0.906582
-1362.3 0.90741
-1362.1 0.908251
-1361.9 0.909157
-1361.7 0.909989
-1361.5 0.91081
-1361.3 0.911694
-1361.1 0.912547
-1360.9 0.913401
-1360.7 0.914261
-1360.5 0.915135
-1360.3 0.915985
-1360.1 0.916851
-1359.9 0.917698
-1359.7 0.918587
-1359.5 0.919498
-1359.3 0.920334
-1359.1 0.921201
-1358.9 0.922028
-1358.7 0.922871
-1358.5 0.92371
-1358.3 0.924621
-1358.1 0.925455
-1357.9 0.926335
-1357.7 0.927176
-1357.5 0.928072
-1357.3 0.928881
-1357.1 0.929752
-1356.9 0.930599
-1356.7 0.931452
-1356.5 0.932305
-1356.3 0.933144
-1356.1 0.934016
-1355.9 0.934844
-1355.7 0.935632
-1355.5 0.93643
-1355.3 0.937284
-1355.1 0.938112
-1354.9 0.938942
-1354.7 0.939757
-1354.5 0.940553
-1354.3 0.941382
-1354.1 0.942209
-1353.9 0.942987
-1353.7 0.943824
-1353.5 0.944621
-1353.3 0.945446
-1353.1 0.946238
-1352.9 0.946997
-1352.7 0.947776
-1352.5 0.948521
-1352.3 0.949275
-1352.1 0.950006
-1351.9 0.950763
-1351.7 0.951485
-1351.5 0.952234
-1351.3 0.952985
-1351.1 0.953755
-1350.9 0.95446
-1350.7 0.955127
-1350.5 0.955855
-1350.3 0.956572
-1350.1 0.957285
-1349.9 0.957972
-1349.7 0.958643
-1349.5 0.959341
-1349.3 0.95999
-1349.1 0.960586
-1348.9 0.96121
-1348.7 0.961837
-1348.5 0.962487
-1348.3 0.963096
-1348.1 0.963681
-1347.9 0.964303
-1347.7 0.964951
-1347.5 0.965529
-1347.3 0.966119
-1347.1 0.966705
-1346.9 0.967262
-1346.7 0.967787
-1346.5 0.968392
-1346.3 0.968944
-1346.1 0.969499
-1345.9 0.970057
-1345.7 0.970525
-1345.5 0.97104
-1345.3 0.97159
-1345.1 0.972126
-1344.9 0.972628
-1344.7 0.973057
-1344.5 0.973537
-1344.3 0.974018
-1344.1 0.974474
-1343.9 0.974944
-1343.7 0.975408
-1343.5 0.975837
-1343.3 0.976291
-1343.1 0.976716
-1342.9 0.977147
-1342.7 0.977554
-1342.5 0.978007
-1342.3 0.978399
-1342.1 0.978777
-1341.9 0.979196
-1341.7 0.979608
-1341.5 0.980015
-1341.3 0.980399
-1341.1 0.980775
-1340.9 0.981161
-1340.7 0.981503
-1340.5 0.98187
-1340.3 0.98222
-1340.1 0.982601
-1339.9 0.982963
-1339.7 0.983331
-1339.5 0.983666
-1339.3 0.983984
-1339.1 0.9843
-1338.9 0.984661
-1338.7 0.984969
-1338.5 0.985277
-1338.3 0.985579
-1338.1 0.985862
-1337.9 0.986162
-1337.7 0.986452
-1337.5 0.986718
-1337.3 0.986987
-1337.1 0.987196
-1336.9 0.987455
-1336.7 0.987729
-1336.5 0.987997
-1336.3 0.988247
-1336.1 0.988501
-1335.9 0.98874
-1335.7 0.989
-1335.5 0.989271
-1335.3 0.989503
-1335.1 0.989698
-1334.9 0.989934
-1334.7 0.990184
-1334.5 0.990387
-1334.3 0.990616
-1334.1 0.990832
-1333.9 0.99104
-1333.7 0.991242
-1333.5 0.991461
-1333.3 0.991667
-1333.1 0.991884
-1332.9 0.992065
-1332.7 0.992235
-1332.5 0.992413
-1332.3 0.992608
-1332.1 0.992781
-1331.9 0.992946
-1331.7 0.993122
-1331.5 0.993295
-1331.3 0.99347
-1331.1 0.993618
-1330.9 0.993792
-1330.7 0.993954
-1330.5 0.994107
-1330.3 0.994259
-1330.1 0.994401
-1329.9 0.994539
-1329.7 0.994666
-1329.5 0.994824
-1329.3 0.994958
-1329.1 0.995082
-1328.9 0.995207
-1328.7 0.995313
-1328.5 0.995409
-1328.3 0.995519
-1328.1 0.995635
-1327.9 0.995745
-1327.7 0.995851
-1327.5 0.995945
-1327.3 0.99607
-1327.1 0.996157
-1326.9 0.996243
-1326.7 0.996368
-1326.5 0.996463
-1326.3 0.996537
-1326.1 0.996632
-1325.9 0.996712
-1325.7 0.996803
-1325.5 0.996888
-1325.3 0.996973
-1325.1 0.997057
-1324.9 0.99714
-1324.7 0.997219
-1324.5 0.997304
-1324.3 0.997362
-1324.1 0.997433
-1323.9 0.997518
-1323.7 0.997588
-1323.5 0.99765
-1323.3 0.997735
-1323.1 0.997788
-1322.9 0.997838
-1322.7 0.997905
-1322.5 0.997952
-1322.3 0.997997
-1322.1 0.998037
-1321.9 0.998077
-1321.7 0.998119
-1321.5 0.998162
-1321.3 0.99821
-1321.1 0.998246
-1320.9 0.998298
-1320.7 0.998339
-1320.5 0.998392
-1320.3 0.99844
-1320.1 0.99848
-1319.9 0.998509
-1319.7 0.998547
-1319.5 0.998575
-1319.3 0.998603
-1319.1 0.998638
-1318.9 0.998686
-1318.7 0.998726
-1318.5 0.998763
-1318.3 0.998801
-1318.1 0.998835
-1317.9 0.998879
-1317.7 0.998911
-1317.5 0.998946
-1317.3 0.998972
-1317.1 0.998993
-1316.9 0.999009
-1316.7 0.999035
-1316.5 0.999057
-1316.3 0.999082
-1316.1 0.99911
-1315.9 0.999132
-1315.7 0.999153
-1315.5 0.999167
-1315.3 0.999187
-1315.1 0.999214
-1314.9 0.999229
-1314.7 0.999241
-1314.5 0.999265
-1314.3 0.999281
-1314.1 0.999295
-1313.9 0.999311
-1313.7 0.999325
-1313.5 0.999343
-1313.3 0.999361
-1313.1 0.999372
-1312.9 0.999388
-1312.7 0.9994
-1312.5 0.999418
-1312.3 0.999427
-1312.1 0.999433
-1311.9 0.999438
-1311.7 0.999448
-1311.5 0.999453
-1311.3 0.999469
-1311.1 0.999483
-1310.9 0.999492
-1310.7 0.999507
-1310.5 0.999516
-1310.3 0.999524
-1310.1 0.999535
-1309.9 0.999546
-1309.7 0.999564
-1309.5 0.999582
-1309.3 0.999589
-1309.1 0.999598
-1308.9 0.999608
-1308.7 0.99962
-1308.5 0.999633
-1308.3 0.999645
-1308.1 0.999658
-1307.9 0.999667
-1307.7 0.999677
-1307.5 0.999686
-1307.3 0.999696
-1307.1 0.999708
-1306.9 0.999716
-1306.7 0.999728
-1306.5 0.99974
-1306.3 0.999748
-1306.1 0.999757
-1305.9 0.999766
-1305.7 0.999774
-1305.5 0.999783
-1305.3 0.999791
-1305.1 0.999798
-1304.9 0.99981
-1304.7 0.999817
-1304.5 0.999825
-1304.3 0.999831
-1304.1 0.999838
-1303.9 0.999843
-1303.7 0.99985
-1303.5 0.99986
-1303.3 0.999867
-1303.1 0.999876
-1302.9 0.999884
-1302.7 0.999892
-1302.5 0.999906
-1302.3 0.999912
-1302.1 0.999922
-1301.9 0.999928
-1301.7 0.999942
-1301.5 0.999948
-1301.3 0.999958
-1301.1 0.999968
-1300.9 0.999971
-1300.7 0.999978
-1300.5 0.999983
-1300.3 0.999987
-1300.1 0.999992
-1299.9 1
