1450
-1589.7 1.03646e-06
-1589.5 2.07293e-06
-1589.3 3.10939e-06
-1589.1 5.18232e-06
-1588.9 1.03646e-05
-1588.7 1.5547e-05
-1588.5 1.65834e-05
-1588.3 2.17658e-05
-1588.1 2.48752e-05
-1587.9 2.79846e-05
-1587.7 2.9021e-05
-1587.5 3.31669e-05
-1587.3 3.62763e-05
-1587.1 4.4568e-05
-1586.9 5.07868e-05
-1586.7 5.38962e-05
-1586.5 5.70056e-05
-1586.3 5.90785e-05
-1586.1 6.0115e-05
-1585.9 6.21879e-05
-1585.7 6.32244e-05
-1585.5 6.52973e-05
-1585.3 6.94431e-05
-1585.1 7.25525e-05
-1584.9 8.18807e-05
-1584.7 9.12089e-05
-1584.5 9.32818e-05
-1584.3 9.84642e-05
-1584.1 0.000108829
-1583.9 0.000118157
-1583.7 0.000125412
-1583.5 0.000138886
-1583.3 0.000151324
-1583.1 0.000164798
-1582.9 0.000178272
-1582.7 0.000193819
-1582.5 0.000207293
-1582.3 0.000230095
-1582.1 0.000245642
-1581.9 0.000266371
-1581.7 0.000299538
-1581.5 0.000326486
-1581.3 0.000362763
-1581.1 0.000412513
-1580.9 0.000478847
-1580.7 0.000542071
-1580.5 0.000597004
-1580.3 0.00066852
-1580.1 0.000755583
-1579.9 0.000832281
-1579.7 0.000935928
-1579.5 0.00105927
-1579.3 0.00118779
-1579.1 0.00131113
-1578.9 0.00143965
-1578.7 0.00157024
-1578.5 0.00172779
-1578.3 0.00192057
-1578.1 0.00211957
-1577.9 0.00233205
-1577.7 0.00255074
-1577.5 0.00281297
-1577.3 0.00307105
-1577.1 0.00334467
-1576.9 0.00363074
-1576.7 0.00395204
-1576.5 0.0042806
-1576.3 0.0046444
-1576.1 0.00499991
-1575.9 0.00544455
-1575.7 0.00590681
-1575.5 0.00634213
-1575.3 0.00680336
-1575.1 0.00730604
-1574.9 0.00782116
-1574.7 0.00837256
-1574.5 0.0089364
-1574.3 0.00952097
-1574.1 0.0101428
-1573.9 0.0107523
-1573.7 0.0114654
-1573.5 0.0121826
-1573.3 0.012792
-1573.1 0.0134896
-1572.9 0.0142742
-1572.7 0.015008
-1572.5 0.0158237
-1572.3 0.0165886
-1572.1 0.017453
-1571.9 0.018333
-1571.7 0.0191777
-1571.5 0.0200649
-1571.3 0.0210247
-1571.1 0.0220238
-1570.9 0.0230106
-1570.7 0.0238978
-1570.5 0.0248244
-1570.3 0.0258246
-1570.1 0.0268175
-1569.9 0.0277887
-1569.7 0.0288635
-1569.5 0.0298834
-1569.3 0.0309312
-1569.1 0.0319542
-1568.9 0.033057
-1568.7 0.0341546
-1568.5 0.0352066
-1568.3 0.0363364
-1568.1 0.0374692
-1567.9 0.0386104
-1567.7 0.0397619
-1567.5 0.040902
-1567.3 0.0420846
-1567.1 0.0431967
-1566.9 0.0444871
-1566.7 0.0456324
-1566.5 0.0468493
-1566.3 0.0480319
-1566.1 0.0492238
-1565.9 0.0504157
-1565.7 0.0516885
-1565.5 0.0529406
-1565.3 0.0540993
-1565.1 0.0553109
-1564.9 0.0565578
-1564.7 0.0578658
-1564.5 0.0590712
-1564.3 0.0603036
-1564.1 0.06148
-1563.9 0.0626833
-1563.7 0.0638794
-1563.5 0.065091
-1563.3 0.0662571
-1563.1 0.0674262
-1562.9 0.0685445
-1562.7 0.0697613
-1562.5 0.070917
-1562.3 0.0720892
-1562.1 0.0732978
-1561.9 0.0744793
-1561.7 0.0756619
-1561.5 0.076828
-1561.3 0.0779359
-1561.1 0.0790937
-1560.9 0.0803105
-1560.7 0.0814558
-1560.5 0.0825461
-1560.3 0.0837308
-1560.1 0.0848689
-1559.9 0.0859665
-1559.7 0.0870952
-1559.5 0.0882011
-1559.3 0.0893682
-1559.1 0.0904461
-1558.9 0.0915509
-1558.7 0.0927107
-1558.5 0.0938001
-1558.3 0.0948967
-1558.1 0.0959912
-1557.9 0.0971095
-1557.7 0.0982279
-1557.5 0.0993099
-1557.3 0.10041
-1557.1 0.101483
-1556.9 0.102569
-1556.7 0.103655
-1556.5 0.10472
-1556.3 0.105724
-1556.1 0.106771
-1555.9 0.107805
-1555.7 0.108855
-1555.5 0.109901
-1555.3 0.110894
-1555.1 0.111941
-1554.9 0.112916
-1554.7 0.113961
-1554.5 0.114943
-1554.3 0.115957
-1554.1 0.116986
-1553.9 0.117963
-1553.7 0.118987
-1553.5 0.119975
-1553.3 0.12101
-1553.1 0.122004
-1552.9 0.123062
-1552.7 0.124043
-1552.5 0.125011
-1552.3 0.125991
-1552.1 0.127017
-1551.9 0.127915
-1551.7 0.128898
-1551.5 0.129879
-1551.3 0.13087
-1551.1 0.131858
-1550.9 0.13285
-1550.7 0.133836
-1550.5 0.134783
-1550.3 0.135791
-1550.1 0.136747
-1549.9 0.13772
-1549.7 0.138713
-1549.5 0.139697
-1549.3 0.140674
-1549.1 0.14158
-1548.9 0.142526
-1548.7 0.143479
-1548.5 0.144451
-1548.3 0.145383
-1548.1 0.146366
-1547.9 0.147365
-1547.7 0.148315
-1547.5 0.149237
-1547.3 0.150177
-1547.1 0.151062
-1546.9 0.151998
-1546.7 0.152977
-1546.5 0.153902
-1546.3 0.154789
-1546.1 0.155685
-1545.9 0.156639
-1545.7 0.157547
-1545.5 0.158478
-1545.3 0.159427
-1545.1 0.160311
-1544.9 0.16124
-1544.7 0.162119
-1544.5 0.163055
-1544.3 0.164028
-1544.1 0.164935
-1543.9 0.165868
-1543.7 0.166763
-1543.5 0.167739
-1543.3 0.168703
-1543.1 0.16967
-1542.9 0.170595
-1542.7 0.171523
-1542.5 0.172475
-1542.3 0.173361
-1542.1 0.174252
-1541.9 0.175169
-1541.7 0.176078
-1541.5 0.177028
-1541.3 0.177952
-1541.1 0.178886
-1540.9 0.179807
-1540.7 0.180676
-1540.5 0.181595
-1540.3 0.182527
-1540.1 0.183458
-1539.9 0.184319
-1539.7 0.185198
-1539.5 0.186115
-1539.3 0.187029
-1539.1 0.187959
-1538.9 0.188874
-1538.7 0.1898
-1538.5 0.19067
-1538.3 0.191557
-1538.1 0.192454
-1537.9 0.193327
-1537.7 0.194183
-1537.5 0.19509
-1537.3 0.196008
-1537.1 0.196921
-1536.9 0.197804
-1536.7 0.198703
-1536.5 0.199668
-1536.3 0.200564
-1536.1 0.201456
-1535.9 0.202351
-1535.7 0.203283
-1535.5 0.204179
-1535.3 0.205146
-1535.1 0.206034
-1534.9 0.206932
-1534.7 0.207873
-1534.5 0.20881
-1534.3 0.209746
-1534.1 0.210675
-1533.9 0.211604
-1533.7 0.212524
-1533.5 0.213422
-1533.3 0.214375
-1533.1 0.215302
-1532.9 0.216224
-1532.7 0.217127
-1532.5 0.218045
-1532.3 0.218968
-1532.1 0.219856
-1531.9 0.220761
-1531.7 0.221631
-1531.5 0.222498
-1531.3 0.223437
-1531.1 0.22432
-1530.9 0.225245
-1530.7 0.226157
-1530.5 0.226998
-1530.3 0.227946
-1530.1 0.228769
-1529.9 0.229618
-1529.7 0.230466
-1529.5 0.231336
-1529.3 0.232224
-1529.1 0.233093
-1528.9 0.233981
-1528.7 0.234827
-1528.5 0.235675
-1528.3 0.236542
-1528.1 0.237327
-1527.9 0.238198
-1527.7 0.239039
-1527.5 0.239896
-1527.3 0.240748
-1527.1 0.24158
-1526.9 0.242431
-1526.7 0.243216
-1526.5 0.244041
-1526.3 0.244843
-1526.1 0.245672
-1525.9 0.246452
-1525.7 0.247226
-1525.5 0.248006
-1525.3 0.248801
-1525.1 0.249566
-1524.9 0.250411
-1524.7 0.251229
-1524.5 0.252034
-1524.3 0.252835
-1524.1 0.25366
-1523.9 0.254511
-1523.7 0.255349
-1523.5 0.256178
-1523.3 0.257043
-1523.1 0.257907
-1522.9 0.258739
-1522.7 0.259544
-1522.5 0.260343
-1522.3 0.261167
-1522.1 0.262001
-1521.9 0.262825
-1521.7 0.263681
-1521.5 0.26454
-1521.3 0.265421
-1521.1 0.266306
-1520.9 0.267203
-1520.7 0.268126
-1520.5 0.268986
-1520.3 0.269895
-1520.1 0.270846
-1519.9 0.27175
-1519.7 0.272663
-1519.5 0.27352
-1519.3 0.274475
-1519.1 0.275436
-1518.9 0.276328
-1518.7 0.277235
-1518.5 0.278169
-1518.3 0.279046
-1518.1 0.279933
-1517.9 0.280852
-1517.7 0.281796
-1517.5 0.282825
-1517.3 0.283783
-1517.1 0.284812
-1516.9 0.28583
-1516.7 0.286795
-1516.5 0.287759
-1516.3 0.288635
-1516.1 0.28959
-1515.9 0.2905
-1515.7 0.291422
-1515.5 0.292363
-1515.3 0.293249
-1515.1 0.294189
-1514.9 0.29514
-1514.7 0.296085
-1514.5 0.297014
-1514.3 0.29791
-1514.1 0.298799
-1513.9 0.299667
-1513.7 0.300561
-1513.5 0.301449
-1513.3 0.302287
-1513.1 0.30319
-1512.9 0.304056
-1512.7 0.305022
-1512.5 0.305903
-1512.3 0.306759
-1512.1 0.307657
-1511.9 0.308513
-1511.7 0.30941
-1511.5 0.310213
-1511.3 0.311059
-1511.1 0.311871
-1510.9 0.31267
-1510.7 0.313494
-1510.5 0.314355
-1510.3 0.315168
-1510.1 0.316025
-1509.9 0.316802
-1509.7 0.317612
-1509.5 0.318413
-1509.3 0.319225
-1509.1 0.320032
-1508.9 0.320859
-1508.7 0.321685
-1508.5 0.322495
-1508.3 0.323348
-1508.1 0.32415
-1507.9 0.324937
-1507.7 0.32576
-1507.5 0.326598
-1507.3 0.327446
-1507.1 0.328211
-1506.9 0.329022
-1506.7 0.329886
-1506.5 0.330688
-1506.3 0.331517
-1506.1 0.332327
-1505.9 0.333122
-1505.7 0.333917
-1505.5 0.334756
-1505.3 0.335549
-1505.1 0.336349
-1504.9 0.337197
-1504.7 0.338016
-1504.5 0.338828
-1504.3 0.339732
-1504.1 0.34059
-1503.9 0.341454
-1503.7 0.342363
-1503.5 0.343261
-1503.3 0.344153
-1503.1 0.345035
-1502.9 0.345911
-1502.7 0.34685
-1502.5 0.347797
-1502.3 0.348701
-1502.1 0.349658
-1501.9 0.350567
-1501.7 0.351516
-1501.5 0.352429
-1501.3 0.353345
-1501.1 0.354294
-1500.9 0.355257
-1500.7 0.356252
-1500.5 0.357171
-1500.3 0.358094
-1500.1 0.35906
-1499.9 0.360002
-1499.7 0.360959
-1499.5 0.361934
-1499.3 0.362882
-1499.1 0.363823
-1498.9 0.364764
-1498.7 0.365745
-1498.5 0.36668
-1498.3 0.367581
-1498.1 0.368526
-1497.9 0.369511
-1497.7 0.370448
-1497.5 0.371384
-1497.3 0.37232
-1497.1 0.373251
-1496.9 0.374159
-1496.7 0.37507
-1496.5 0.376001
-1496.3 0.376915
-1496.1 0.377844
-1495.9 0.378797
-1495.7 0.379648
-1495.5 0.380519
-1495.3 0.381447
-1495.1 0.382364
-1494.9 0.383235
-1494.7 0.384153
-1494.5 0.384993
-1494.3 0.385874
-1494.1 0.386707
-1493.9 0.387595
-1493.7 0.38845
-1493.5 0.389299
-1493.3 0.390151
-1493.1 0.391024
-1492.9 0.391857
-1492.7 0.392693
-1492.5 0.393593
-1492.3 0.39444
-1492.1 0.395276
-1491.9 0.396072
-1491.7 0.396926
-1491.5 0.397782
-1491.3 0.398634
-1491.1 0.399455
-1490.9 0.400255
-1490.7 0.401117
-1490.5 0.401942
-1490.3 0.402763
-1490.1 0.40357
-1489.9 0.404416
-1489.7 0.405195
-1489.5 0.405993
-1489.3 0.406805
-1489.1 0.407682
-1488.9 0.408492
-1488.7 0.409277
-1488.5 0.410117
-1488.3 0.41099
-1488.1 0.411814
-1487.9 0.412655
-1487.7 0.413526
-1487.5 0.414326
-1487.3 0.415167
-1487.1 0.416039
-1486.9 0.416923
-1486.7 0.417823
-1486.5 0.418715
-1486.3 0.419612
-1486.1 0.420467
-1485.9 0.421316
-1485.7 0.422278
-1485.5 0.423186
-1485.3 0.424065
-1485.1 0.424992
-1484.9 0.42594
-1484.7 0.42684
-1484.5 0.427781
-1484.3 0.428711
-1484.1 0.429636
-1483.9 0.430557
-1483.7 0.431506
-1483.5 0.432421
-1483.3 0.433402
-1483.1 0.434349
-1482.9 0.435338
-1482.7 0.436308
-1482.5 0.437239
-1482.3 0.438166
-1482.1 0.43907
-1481.9 0.440011
-1481.7 0.440938
-1481.5 0.44186
-1481.3 0.442824
-1481.1 0.443799
-1480.9 0.444694
-1480.7 0.445655
-1480.5 0.44659
-1480.3 0.447523
-1480.1 0.448452
-1479.9 0.449429
-1479.7 0.450393
-1479.5 0.451319
-1479.3 0.452225
-1479.1 0.453141
-1478.9 0.454051
-1478.7 0.454944
-1478.5 0.455864
-1478.3 0.456763
-1478.1 0.45763
-1477.9 0.45852
-1477.7 0.459472
-1477.5 0.460332
-1477.3 0.46123
-1477.1 0.462109
-1476.9 0.462999
-1476.7 0.463911
-1476.5 0.464798
-1476.3 0.465687
-1476.1 0.466595
-1475.9 0.467456
-1475.7 0.468298
-1475.5 0.469144
-1475.3 0.469995
-1475.1 0.470844
-1474.9 0.471672
-1474.7 0.472531
-1474.5 0.473445
-1474.3 0.474257
-1474.1 0.475111
-1473.9 0.475993
-1473.7 0.476848
-1473.5 0.477689
-1473.3 0.478558
-1473.1 0.479396
-1472.9 0.480321
-1472.7 0.481151
-1472.5 0.481997
-1472.3 0.482802
-1472.1 0.483663
-1471.9 0.484473
-1471.7 0.485318
-1471.5 0.486117
-1471.3 0.486975
-1471.1 0.487802
-1470.9 0.488642
-1470.7 0.489477
-1470.5 0.490392
-1470.3 0.491243
-1470.1 0.492165
-1469.9 0.493072
-1469.7 0.493912
-1469.5 0.494815
-1469.3 0.495691
-1469.1 0.496562
-1468.9 0.497437
-1468.7 0.498326
-1468.5 0.499201
-1468.3 0.500062
-1468.1 0.500949
-1467.9 0.501825
-1467.7 0.502706
-1467.5 0.503611
-1467.3 0.504523
-1467.1 0.505402
-1466.9 0.506328
-1466.7 0.507224
-1466.5 0.508186
-1466.3 0.509093
-1466.1 0.51001
-1465.9 0.510992
-1465.7 0.511917
-1465.5 0.512808
-1465.3 0.513757
-1465.1 0.514695
-1464.9 0.515635
-1464.7 0.516524
-1464.5 0.517407
-1464.3 0.518468
-1464.1 0.519395
-1463.9 0.52031
-1463.7 0.52125
-1463.5 0.52218
-1463.3 0.523154
-1463.1 0.524057
-1462.9 0.524961
-1462.7 0.52591
-1462.5 0.526834
-1462.3 0.527771
-1462.1 0.528641
-1461.9 0.52957
-1461.7 0.530493
-1461.5 0.531427
-1461.3 0.532349
-1461.1 0.533304
-1460.9 0.534243
-1460.7 0.535212
-1460.5 0.536121
-1460.3 0.537026
-1460.1 0.537922
-1459.9 0.538872
-1459.7 0.539785
-1459.5 0.540721
-1459.3 0.541624
-1459.1 0.54244
-1458.9 0.5433
-1458.7 0.544152
-1458.5 0.545059
-1458.3 0.545957
-1458.1 0.546882
-1457.9 0.547731
-1457.7 0.548623
-1457.5 0.549505
-1457.3 0.55035
-1457.1 0.55119
-1456.9 0.552016
-1456.7 0.552876
-1456.5 0.553705
-1456.3 0.554602
-1456.1 0.555471
-1455.9 0.55634
-1455.7 0.557162
-1455.5 0.557984
-1455.3 0.558872
-1455.1 0.559786
-1454.9 0.560661
-1454.7 0.561487
-1454.5 0.562394
-1454.3 0.563221
-1454.1 0.564091
-1453.9 0.564932
-1453.7 0.565773
-1453.5 0.566608
-1453.3 0.567455
-1453.1 0.568293
-1452.9 0.569187
-1452.7 0.570061
-1452.5 0.570899
-1452.3 0.571796
-1452.1 0.572645
-1451.9 0.573552
-1451.7 0.57444
-1451.5 0.575314
-1451.3 0.576162
-1451.1 0.577041
-1450.9 0.57795
-1450.7 0.578842
-1450.5 0.57972
-1450.3 0.58062
-1450.1 0.581503
-1449.9 0.582375
-1449.7 0.583249
-1449.5 0.584191
-1449.3 0.585118
-1449.1 0.58605
-1448.9 0.586946
-1448.7 0.587858
-1448.5 0.588785
-1448.3 0.589753
-1448.1 0.590641
-1447.9 0.591578
-1447.7 0.5926
-1447.5 0.593539
-1447.3 0.594477
-1447.1 0.595402
-1446.9 0.596335
-1446.7 0.597243
-1446.5 0.598205
-1446.3 0.59916
-1446.1 0.600062
-1445.9 0.601026
-1445.7 0.60199
-1445.5 0.602894
-1445.3 0.603842
-1445.1 0.604783
-1444.9 0.60568
-1444.7 0.606595
-1444.5 0.607502
-1444.3 0.60841
-1444.1 0.609324
-1443.9 0.6102
-1443.7 0.611153
-1443.5 0.612015
-1443.3 0.612924
-1443.1 0.613842
-1442.9 0.614738
-1442.7 0.615678
-1442.5 0.616633
-1442.3 0.617504
-1442.1 0.618423
-1441.9 0.619315
-1441.7 0.620175
-1441.5 0.621006
-1441.3 0.62184
-1441.1 0.622714
-1440.9 0.623557
-1440.7 0.624486
-1440.5 0.625328
-1440.3 0.626211
-1440.1 0.627126
-1439.9 0.628021
-1439.7 0.629007
-1439.5 0.62986
-1439.3 0.63074
-1439.1 0.631618
-1438.9 0.632462
-1438.7 0.633315
-1438.5 0.634141
-1438.3 0.635024
-1438.1 0.635852
-1437.9 0.636722
-1437.7 0.637607
-1437.5 0.63845
-1437.3 0.639331
-1437.1 0.640215
-1436.9 0.641073
-1436.7 0.64197
-1436.5 0.642856
-1436.3 0.643671
-1436.1 0.644523
-1435.9 0.645348
-1435.7 0.646217
-1435.5 0.647066
-1435.3 0.647973
-1435.1 0.648775
-1434.9 0.649716
-1434.7 0.650625
-1434.5 0.651562
-1434.3 0.652496
-1434.1 0.653382
-1433.9 0.654231
-1433.7 0.655098
-1433.5 0.655989
-1433.3 0.656892
-1433.1 0.657798
-1432.9 0.658709
-1432.7 0.659575
-1432.5 0.660467
-1432.3 0.661325
-1432.1 0.662268
-1431.9 0.663185
-1431.7 0.664057
-1431.5 0.66501
-1431.3 0.665915
-1431.1 0.666854
-1430.9 0.667736
-1430.7 0.668672
-1430.5 0.66961
-1430.3 0.670548
-1430.1 0.671471
-1429.9 0.672417
-1429.7 0.673342
-1429.5 0.674252
-1429.3 0.675151
-1429.1 0.676078
-1428.9 0.677012
-1428.7 0.677902
-1428.5 0.678801
-1428.3 0.679697
-1428.1 0.680669
-1427.9 0.681582
-1427.7 0.682478
-1427.5 0.683374
-1427.3 0.68429
-1427.1 0.685197
-1426.9 0.686093
-1426.7 0.686971
-1426.5 0.687867
-1426.3 0.68873
-1426.1 0.689663
-1425.9 0.690554
-1425.7 0.691508
-1425.5 0.692408
-1425.3 0.693284
-1425.1 0.694206
-1424.9 0.695133
-1424.7 0.696031
-1424.5 0.696939
-1424.3 0.697828
-1424.1 0.69869
-1423.9 0.699585
-1423.7 0.70049
-1423.5 0.70138
-1423.3 0.702225
-1423.1 0.703117
-1422.9 0.703997
-1422.7 0.704867
-1422.5 0.705739
-1422.3 0.706587
-1422.1 0.707427
-1421.9 0.708328
-1421.7 0.709181
-1421.5 0.710066
-1421.3 0.710926
-1421.1 0.711791
-1420.9 0.712639
-1420.7 0.713517
-1420.5 0.714397
-1420.3 0.715328
-1420.1 0.716254
-1419.9 0.717137
-1419.7 0.718069
-1419.5 0.718931
-1419.3 0.719826
-1419.1 0.720721
-1418.9 0.721565
-1418.7 0.722448
-1418.5 0.723307
-1418.3 0.724172
-1418.1 0.725039
-1417.9 0.72594
-1417.7 0.726841
-1417.5 0.727742
-1417.3 0.728601
-1417.1 0.729458
-1416.9 0.730394
-1416.7 0.731261
-1416.5 0.732136
-1416.3 0.733028
-1416.1 0.733963
-1415.9 0.734867
-1415.7 0.735778
-1415.5 0.736637
-1415.3 0.737572
-1415.1 0.738487
-1414.9 0.739439
-1414.7 0.740334
-1414.5 0.741238
-1414.3 0.742101
-1414.1 0.743041
-1413.9 0.743885
-1413.7 0.744793
-1413.5 0.745667
-1413.3 0.746544
-1413.1 0.747487
-1412.9 0.748392
-1412.7 0.749291
-1412.5 0.750236
-1412.3 0.7511
-1412.1 0.752024
-1411.9 0.752934
-1411.7 0.753828
-1411.5 0.754731
-1411.3 0.755593
-1411.1 0.75649
-1410.9 0.757385
-1410.7 0.758259
-1410.5 0.759115
-1410.3 0.759998
-1410.1 0.76088
-1409.9 0.761783
-1409.7 0.762666
-1409.5 0.763505
-1409.3 0.764379
-1409.1 0.765271
-1408.9 0.766143
-1408.7 0.767047
-1408.5 0.767914
-1408.3 0.768797
-1408.1 0.769703
-1407.9 0.770552
-1407.7 0.771412
-1407.5 0.772394
-1407.3 0.773302
-1407.1 0.774179
-1406.9 0.775046
-1406.7 0.775889
-1406.5 0.776787
-1406.3 0.777657
-1406.1 0.778525
-1405.9 0.779485
-1405.7 0.780398
-1405.5 0.781283
-1405.3 0.782143
-1405.1 0.782995
-1404.9 0.783876
-1404.7 0.784719
-1404.5 0.785631
-1404.3 0.786493
-1404.1 0.787401
-1403.9 0.788308
-1403.7 0.789205
-1403.5 0.790101
-1403.3 0.790961
-1403.1 0.791856
-1402.9 0.792739
-1402.7 0.793626
-1402.5 0.794529
-1402.3 0.79546
-1402.1 0.796389
-1401.9 0.797273
-1401.7 0.798191
-1401.5 0.799091
-1401.3 0.799973
-1401.1 0.800854
-1400.9 0.801707
-1400.7 0.802559
-1400.5 0.803382
-1400.3 0.804239
-1400.1 0.805127
-1399.9 0.805989
-1399.7 0.806895
-1399.5 0.807738
-1399.3 0.808623
-1399.1 0.809529
-1398.9 0.810469
-1398.7 0.811323
-1398.5 0.812225
-1398.3 0.813106
-1398.1 0.813963
-1397.9 0.814831
-1397.7 0.815679
-1397.5 0.816556
-1397.3 0.817448
-1397.1 0.818281
-1396.9 0.819228
-1396.7 0.820142
-1396.5 0.821027
-1396.3 0.821955
-1396.1 0.822849
-1395.9 0.823717
-1395.7 0.824589
-1395.5 0.825473
-1395.3 0.826384
-1395.1 0.82727
-1394.9 0.828203
-1394.7 0.82911
-1394.5 0.829993
-1394.3 0.830931
-1394.1 0.831802
-1393.9 0.832672
-1393.7 0.83357
-1393.5 0.834408
-1393.3 0.835358
-1393.1 0.836254
-1392.9 0.837158
-1392.7 0.838042
-1392.5 0.838894
-1392.3 0.839782
-1392.1 0.840716
-1391.9 0.841562
-1391.7 0.842439
-1391.5 0.843325
-1391.3 0.844175
-1391.1 0.845087
-1390.9 0.846003
-1390.7 0.846933
-1390.5 0.847801
-1390.3 0.848656
-1390.1 0.849497
-1389.9 0.850348
-1389.7 0.851268
-1389.5 0.852174
-1389.3 0.853025
-1389.1 0.853941
-1388.9 0.854819
-1388.7 0.85572
-1388.5 0.856577
-1388.3 0.857414
-1388.1 0.85826
-1387.9 0.859148
-1387.7 0.859973
-1387.5 0.860833
-1387.3 0.861681
-1387.1 0.862535
-1386.9 0.863462
-1386.7 0.864326
-1386.5 0.865162
-1386.3 0.866047
-1386.1 0.866897
-1385.9 0.867751
-1385.7 0.868641
-1385.5 0.86951
-1385.3 0.870393
-1385.1 0.87129
-1384.9 0.872121
-1384.7 0.872998
-1384.5 0.873827
-1384.3 0.874719
-1384.1 0.875562
-1383.9 0.876459
-1383.7 0.877345
-1383.5 0.878246
-1383.3 0.879134
-1383.1 0.879989
-1382.9 0.880839
-1382.7 0.881707
-1382.5 0.882558
-1382.3 0.883497
-1382.1 0.884381
-1381.9 0.885249
-1381.7 0.886198
-1381.5 0.887118
-1381.3 0.887954
-1381.1 0.888847
-1380.9 0.889742
-1380.7 0.89058
-1380.5 0.891437
-1380.3 0.892342
-1380.1 0.8932
-1379.9 0.894123
-1379.7 0.894997
-1379.5 0.895926
-1379.3 0.896809
-1379.1 0.897674
-1378.9 0.898576
-1378.7 0.899448
-1378.5 0.900344
-1378.3 0.901216
-1378.1 0.902087
-1377.9 0.902941
-1377.7 0.903843
-1377.5 0.904719
-1377.3 0.905665
-1377.1 0.906523
-1376.9 0.907374
-1376.7 0.908208
-1376.5 0.909116
-1376.3 0.910034
-1376.1 0.910902
-1375.9 0.911754
-1375.7 0.912661
-1375.5 0.913561
-1375.3 0.914428
-1375.1 0.915377
-1374.9 0.916279
-1374.7 0.917137
-1374.5 0.918063
-1374.3 0.918972
-1374.1 0.91988
-1373.9 0.920745
-1373.7 0.921569
-1373.5 0.922436
-1373.3 0.923348
-1373.1 0.924236
-1372.9 0.925087
-1372.7 0.925965
-1372.5 0.926881
-1372.3 0.927737
-1372.1 0.928628
-1371.9 0.929456
-1371.7 0.930364
-1371.5 0.931241
-1371.3 0.932044
-1371.1 0.932873
-1370.9 0.933689
-1370.7 0.934545
-1370.5 0.935403
-1370.3 0.936233
-1370.1 0.937045
-1369.9 0.937836
-1369.7 0.938666
-1369.5 0.939482
-1369.3 0.940315
-1369.1 0.941091
-1368.9 0.941926
-1368.7 0.942762
-1368.5 0.943591
-1368.3 0.94443
-1368.1 0.945198
-1367.9 0.945972
-1367.7 0.946712
-1367.5 0.947474
-1367.3 0.948213
-1367.1 0.948998
-1366.9 0.949767
-1366.7 0.950513
-1366.5 0.951255
-1366.3 0.951994
-1366.1 0.952706
-1365.9 0.953395
-1365.7 0.954177
-1365.5 0.954913
-1365.3 0.955626
-1365.1 0.956249
-1364.9 0.956957
-1364.7 0.957655
-1364.5 0.958315
-1364.3 0.959008
-1364.1 0.959687
-1363.9 0.96035
-1363.7 0.960983
-1363.5 0.961599
-1363.3 0.962229
-1363.1 0.962902
-1362.9 0.963534
-1362.7 0.964179
-1362.5 0.964801
-1362.3 0.965441
-1362.1 0.966066
-1361.9 0.96663
-1361.7 0.967233
-1361.5 0.967789
-1361.3 0.968364
-1361.1 0.968914
-1360.9 0.969464
-1360.7 0.970016
-1360.5 0.970532
-1360.3 0.97106
-1360.1 0.971584
-1359.9 0.972139
-1359.7 0.972661
-1359.5 0.973158
-1359.3 0.973646
-1359.1 0.974086
-1358.9 0.974526
-1358.7 0.974991
-1358.5 0.975402
-1358.3 0.975853
-1358.1 0.976349
-1357.9 0.976804
-1357.7 0.977222
-1357.5 0.977658
-1357.3 0.978072
-1357.1 0.978455
-1356.9 0.978849
-1356.7 0.979256
-1356.5 0.979667
-1356.3 0.980048
-1356.1 0.980426
-1355.9 0.980765
-1355.7 0.981165
-1355.5 0.98152
-1355.3 0.981856
-1355.1 0.982185
-1354.9 0.982487
-1354.7 0.982804
-1354.5 0.983178
-1354.3 0.983518
-1354.1 0.983864
-1353.9 0.984188
-1353.7 0.984497
-1353.5 0.984796
-1353.3 0.985097
-1353.1 0.985401
-1352.9 0.985679
-1352.7 0.986005
-1352.5 0.986283
-1352.3 0.986584
-1352.1 0.986857
-1351.9 0.987121
-1351.7 0.987435
-1351.5 0.987696
-1351.3 0.98794
-1351.1 0.98817
-1350.9 0.988428
-1350.7 0.988699
-1350.5 0.988952
-1350.3 0.989186
-1350.1 0.98941
-1349.9 0.989615
-1349.7 0.989836
-1349.5 0.990071
-1349.3 0.990309
-1349.1 0.990518
-1348.9 0.990711
-1348.7 0.990953
-1348.5 0.991164
-1348.3 0.991364
-1348.1 0.991548
-1347.9 0.99173
-1347.7 0.9919
-1347.5 0.992086
-1347.3 0.992241
-1347.1 0.992384
-1346.9 0.992569
-1346.7 0.99273
-1346.5 0.992898
-1346.3 0.993071
-1346.1 0.993245
-1345.9 0.993412
-1345.7 0.993555
-1345.5 0.99371
-1345.3 0.993868
-1345.1 0.994013
-1344.9 0.994145
-1344.7 0.994287
-1344.5 0.994423
-1344.3 0.99455
-1344.1 0.994704
-1343.9 0.994818
-1343.7 0.994949
-1343.5 0.99506
-1343.3 0.995187
-1343.1 0.995297
-1342.9 0.995398
-1342.7 0.995491
-1342.5 0.995585
-1342.3 0.9957
-1342.1 0.995803
-1341.9 0.995902
-1341.7 0.995986
-1341.5 0.996078
-1341.3 0.996169
-1341.1 0.996249
-1340.9 0.996342
-1340.7 0.996438
-1340.5 0.996516
-1340.3 0.996591
-1340.1 0.996672
-1339.9 0.99675
-1339.7 0.996839
-1339.5 0.996922
-1339.3 0.997006
-1339.1 0.997073
-1338.9 0.997141
-1338.7 0.997193
-1338.5 0.997256
-1338.3 0.997309
-1338.1 0.997372
-1337.9 0.99742
-1337.7 0.997467
-1337.5 0.99752
-1337.3 0.997574
-1337.1 0.997624
-1336.9 0.997678
-1336.7 0.99772
-1336.5 0.997776
-1336.3 0.997823
-1336.1 0.997864
-1335.9 0.997897
-1335.7 0.997932
-1335.5 0.997976
-1335.3 0.99801
-1335.1 0.998055
-1334.9 0.998094
-1334.7 0.998133
-1334.5 0.998165
-1334.3 0.998194
-1334.1 0.998226
-1333.9 0.998259
-1333.7 0.99829
-1333.5 0.998303
-1333.3 0.998338
-1333.1 0.998375
-1332.9 0.998399
-1332.7 0.998417
-1332.5 0.998443
-1332.3 0.998471
-1332.1 0.998493
-1331.9 0.998506
-1331.7 0.998525
-1331.5 0.99854
-1331.3 0.998561
-1331.1 0.998586
-1330.9 0.998607
-1330.7 0.998619
-1330.5 0.998641
-1330.3 0.998657
-1330.1 0.99867
-1329.9 0.998692
-1329.7 0.998701
-1329.5 0.998713
-1329.3 0.998733
-1329.1 0.998745
-1328.9 0.998761
-1328.7 0.998777
-1328.5 0.998786
-1328.3 0.998806
-1328.1 0.998816
-1327.9 0.998832
-1327.7 0.998851
-1327.5 0.998861
-1327.3 0.99887
-1327.1 0.998884
-1326.9 0.998896
-1326.7 0.998904
-1326.5 0.998916
-1326.3 0.998929
-1326.1 0.998946
-1325.9 0.998962
-1325.7 0.998977
-1325.5 0.998992
-1325.3 0.999004
-1325.1 0.999014
-1324.9 0.999025
-1324.7 0.999035
-1324.5 0.999046
-1324.3 0.999056
-1324.1 0.999069
-1323.9 0.999078
-1323.7 0.999087
-1323.5 0.999094
-1323.3 0.999103
-1323.1 0.999108
-1322.9 0.999116
-1322.7 0.999129
-1322.5 0.999137
-1322.3 0.999146
-1322.1 0.999156
-1321.9 0.999169
-1321.7 0.999176
-1321.5 0.999186
-1321.3 0.999201
-1321.1 0.999208
-1320.9 0.999219
-1320.7 0.999226
-1320.5 0.999235
-1320.3 0.999245
-1320.1 0.999263
-1319.9 0.999269
-1319.7 0.999278
-1319.5 0.999287
-1319.3 0.999298
-1319.1 0.999305
-1318.9 0.999318
-1318.7 0.999326
-1318.5 0.999331
-1318.3 0.99934
-1318.1 0.999346
-1317.9 0.999354
-1317.7 0.999358
-1317.5 0.999367
-1317.3 0.999374
-1317.1 0.999378
-1316.9 0.999383
-1316.7 0.99939
-1316.5 0.999395
-1316.3 0.999405
-1316.1 0.999414
-1315.9 0.999418
-1315.7 0.999428
-1315.5 0.999434
-1315.3 0.999441
-1315.1 0.999455
-1314.9 0.999462
-1314.7 0.999468
-1314.5 0.999475
-1314.3 0.99948
-1314.1 0.999491
-1313.9 0.999498
-1313.7 0.999507
-1313.5 0.999513
-1313.3 0.999521
-1313.1 0.999529
-1312.9 0.999541
-1312.7 0.999548
-1312.5 0.999555
-1312.3 0.999563
-1312.1 0.99957
-1311.9 0.999576
-1311.7 0.999583
-1311.5 0.999592
-1311.3 0.999597
-1311.1 0.999607
-1310.9 0.999617
-1310.7 0.999621
-1310.5 0.999628
-1310.3 0.999636
-1310.1 0.999643
-1309.9 0.999652
-1309.7 0.999661
-1309.5 0.999666
-1309.3 0.999669
-1309.1 0.999675
-1308.9 0.999678
-1308.7 0.999685
-1308.5 0.999692
-1308.3 0.999698
-1308.1 0.999705
-1307.9 0.999712
-1307.7 0.999716
-1307.5 0.999725
-1307.3 0.999737
-1307.1 0.999744
-1306.9 0.999748
-1306.7 0.999755
-1306.5 0.999763
-1306.3 0.999773
-1306.1 0.999778
-1305.9 0.999791
-1305.7 0.999799
-1305.5 0.999808
-1305.3 0.999814
-1305.1 0.999819
-1304.9 0.999824
-1304.7 0.999831
-1304.5 0.99984
-1304.3 0.99985
-1304.1 0.999857
-1303.9 0.999866
-1303.7 0.999876
-1303.5 0.999885
-1303.3 0.999895
-1303.1 0.999902
-1302.9 0.999906
-1302.7 0.999913
-1302.5 0.999916
-1302.3 0.99992
-1302.1 0.999924
-1301.9 0.999932
-1301.7 0.999938
-1301.5 0.999941
-1301.3 0.999946
-1301.1 0.999953
-1300.9 0.99996
-1300.7 0.999967
-1300.5 0.999973
-1300.3 0.99998
-1300.1 0.999992
-1299.9 1
