-209.9 0
-209.7 0
-209.5 0
-209.3 0
-209.1 0
-208.9 0
-208.7 0
-208.5 0
-208.3 0
-208.1 0
-207.9 0
-207.7 0
-207.5 0
-207.3 0
-207.1 0
-206.9 0
-206.7 0
-206.5 0
-206.3 0
-206.1 0
-205.9 0
-205.7 0
-205.5 0
-205.3 0
-205.1 0
-204.9 0
-204.7 1
-204.5 1
-204.3 0
-204.1 2
-203.9 6
-203.7 5
-203.5 2
-203.3 6
-203.1 6
-202.9 3
-202.7 9
-202.5 6
-202.3 4
-202.1 10
-201.9 6
-201.7 7
-201.5 17
-201.3 14
-201.1 15
-200.9 27
-200.7 35
-200.5 26
-200.3 70
-200.1 53
-199.9 67
-199.7 98
-199.5 120
-199.3 130
-199.1 186
-198.9 221
-198.7 289
-198.5 361
-198.3 463
-198.1 581
-197.9 698
-197.7 805
-197.5 939
-197.3 1113
-197.1 1191
-196.9 1302
-196.7 1473
-196.5 1620
-196.3 1699
-196.1 1741
-195.9 1780
-195.7 1863
-195.5 1870
-195.3 1777
-195.1 1862
-194.9 1816
-194.7 1806
-194.5 1802
-194.3 1771
-194.1 1710
-193.9 1704
-193.7 1616
-193.5 1727
-193.3 1624
-193.1 1587
-192.9 1561
-192.7 1582
-192.5 1513
-192.3 1591
-192.1 1526
-191.9 1458
-191.7 1406
-191.5 1454
-191.3 1461
-191.1 1411
-190.9 1433
-190.7 1362
-190.5 1439
-190.3 1373
-190.1 1432
-189.9 1396
-189.7 1339
-189.5 1360
-189.3 1289
-189.1 1338
-188.9 1342
-188.7 1343
-188.5 1360
-188.3 1416
-188.1 1322
-187.9 1310
-187.7 1320
-187.5 1267
-187.3 1314
-187.1 1310
-186.9 1261
-186.7 1256
-186.5 1242
-186.3 1284
-186.1 1238
-185.9 1285
-185.7 1186
-185.5 1169
-185.3 1259
-185.1 1230
-184.9 1223
-184.7 1215
-184.5 1176
-184.3 1170
-184.1 1129
-183.9 1098
-183.7 1153
-183.5 1151
-183.3 1105
-183.1 1103
-182.9 1119
-182.7 1086
-182.5 1076
-182.3 1044
-182.1 1072
-181.9 972
-181.7 992
-181.5 981
-181.3 965
-181.1 979
-180.9 1000
-180.7 934
-180.5 916
-180.3 1003
-180.1 896
-179.9 921
-179.7 920
-179.5 848
-179.3 840
-179.1 938
-178.9 814
-178.7 843
-178.5 899
-178.3 810
-178.1 817
-177.9 768
-177.7 837
-177.5 866
-177.3 784
-177.1 822
-176.9 770
-176.7 786
-176.5 843
-176.3 793
-176.1 818
-175.9 825
-175.7 834
-175.5 769
-175.3 800
-175.1 791
-174.9 759
-174.7 773
-174.5 778
-174.3 752
-174.1 734
-173.9 750
-173.7 786
-173.5 759
-173.3 738
-173.1 747
-172.9 757
-172.7 734
-172.5 734
-172.3 744
-172.1 710
-171.9 801
-171.7 747
-171.5 717
-171.3 721
-171.1 763
-170.9 706
-170.7 774
-170.5 694
-170.3 780
-170.1 772
-169.9 719
-169.7 667
-169.5 783
-169.3 746
-169.1 727
-168.9 687
-168.7 760
-168.5 691
-168.3 732
-168.1 731
-167.9 660
-167.7 722
-167.5 734
-167.3 715
-167.1 715
-166.9 699
-166.7 725
-166.5 748
-166.3 699
-166.1 708
-165.9 706
-165.7 698
-165.5 687
-165.3 722
-165.1 720
-164.9 685
-164.7 720
-164.5 778
-164.3 738
-164.1 667
-163.9 695
-163.7 725
-163.5 713
-163.3 722
-163.1 695
-162.9 629
-162.7 739
-162.5 715
-162.3 698
-162.1 672
-161.9 697
-161.7 707
-161.5 748
-161.3 632
-161.1 681
-160.9 721
-160.7 716
-160.5 650
-160.3 687
-160.1 689
-159.9 669
-159.7 699
-159.5 708
-159.3 700
-159.1 688
-158.9 673
-158.7 648
-158.5 704
-158.3 652
-158.1 709
-157.9 671
-157.7 690
-157.5 665
-157.3 660
-157.1 647
-156.9 683
-156.7 673
-156.5 649
-156.3 694
-156.1 640
-155.9 691
-155.7 636
-155.5 630
-155.3 640
-155.1 584
-154.9 641
-154.7 625
-154.5 654
-154.3 620
-154.1 625
-153.9 621
-153.7 612
-153.5 624
-153.3 569
-153.1 591
-152.9 578
-152.7 571
-152.5 578
-152.3 632
-152.1 634
-151.9 584
-151.7 617
-151.5 623
-151.3 563
-151.1 612
-150.9 622
-150.7 593
-150.5 640
-150.3 606
-150.1 606
-149.9 617
-149.7 611
-149.5 600
-149.3 615
-149.1 635
-148.9 658
-148.7 616
-148.5 679
-148.3 615
-148.1 637
-147.9 640
-147.7 592
-147.5 607
-147.3 619
-147.1 687
-146.9 655
-146.7 692
-146.5 666
-146.3 634
-146.1 671
-145.9 689
-145.7 686
-145.5 686
-145.3 687
-145.1 682
-144.9 644
-144.7 698
-144.5 645
-144.3 737
-144.1 669
-143.9 698
-143.7 698
-143.5 677
-143.3 707
-143.1 685
-142.9 709
-142.7 718
-142.5 724
-142.3 700
-142.1 710
-141.9 694
-141.7 684
-141.5 704
-141.3 696
-141.1 661
-140.9 739
-140.7 738
-140.5 709
-140.3 743
-140.1 754
-139.9 729
-139.7 726
-139.5 725
-139.3 730
-139.1 712
-138.9 739
-138.7 792
-138.5 701
-138.3 680
-138.1 722
-137.9 727
-137.7 727
-137.5 702
-137.3 731
-137.1 676
-136.9 702
-136.7 710
-136.5 709
-136.3 743
-136.1 717
-135.9 686
-135.7 725
-135.5 724
-135.3 758
-135.1 698
-134.9 686
-134.7 740
-134.5 702
-134.3 733
-134.1 713
-133.9 736
-133.7 695
-133.5 697
-133.3 757
-133.1 715
-132.9 722
-132.7 717
-132.5 717
-132.3 736
-132.1 737
-131.9 707
-131.7 697
-131.5 725
-131.3 705
-131.1 729
-130.9 691
-130.7 694
-130.5 687
-130.3 731
-130.1 711
-129.9 711
-129.7 698
-129.5 673
-129.3 763
-129.1 729
-128.9 701
-128.7 713
-128.5 719
-128.3 705
-128.1 701
-127.9 689
-127.7 672
-127.5 710
-127.3 693
-127.1 659
-126.9 665
-126.7 698
-126.5 705
-126.3 690
-126.1 660
-125.9 674
-125.7 779
-125.5 695
-125.3 664
-125.1 690
-124.9 758
-124.7 654
-124.5 659
-124.3 645
-124.1 684
-123.9 687
-123.7 637
-123.5 677
-123.3 651
-123.1 692
-122.9 709
-122.7 700
-122.5 616
-122.3 650
-122.1 700
-121.9 711
-121.7 690
-121.5 656
-121.3 663
-121.1 648
-120.9 649
-120.7 706
-120.5 687
-120.3 680
-120.1 651
-119.9 693
-119.7 687
-119.5 683
-119.3 648
-119.1 682
-118.9 712
-118.7 696
-118.5 662
-118.3 733
-118.1 679
-117.9 686
-117.7 659
-117.5 672
-117.3 647
-117.1 662
-116.9 684
-116.7 685
-116.5 632
-116.3 639
-116.1 667
-115.9 660
-115.7 660
-115.5 698
-115.3 661
-115.1 683
-114.9 646
-114.7 686
-114.5 641
-114.3 679
-114.1 671
-113.9 693
-113.7 664
-113.5 691
-113.3 680
-113.1 652
-112.9 645
-112.7 642
-112.5 650
-112.3 728
-112.1 641
-111.9 697
-111.7 665
-111.5 638
-111.3 629
-111.1 671
-110.9 686
-110.7 672
-110.5 670
-110.3 695
-110.1 698
-109.9 680
-109.7 661
-109.5 745
-109.3 695
-109.1 694
-108.9 662
-108.7 669
-108.5 643
-108.3 677
-108.1 651
-107.9 647
-107.7 677
-107.5 644
-107.3 660
-107.1 652
-106.9 633
-106.7 682
-106.5 654
-106.3 673
-106.1 663
-105.9 692
-105.7 660
-105.5 626
-105.3 662
-105.1 686
-104.9 624
-104.7 687
-104.5 660
-104.3 691
-104.1 649
-103.9 629
-103.7 644
-103.5 675
-103.3 684
-103.1 622
-102.9 642
-102.7 654
-102.5 676
-102.3 662
-102.1 637
-101.9 665
-101.7 628
-101.5 681
-101.3 629
-101.1 665
-100.9 666
-100.7 686
-100.5 690
-100.3 676
-100.1 655
-99.9 669
-99.7 663
-99.5 633
-99.3 637
-99.1 616
-98.9 661
-98.7 696
-98.5 634
-98.3 682
-98.1 623
-97.9 653
-97.7 638
-97.5 647
-97.3 658
-97.1 682
-96.9 676
-96.7 632
-96.5 602
-96.3 667
-96.1 714
-95.9 680
-95.7 677
-95.5 692
-95.3 654
-95.1 676
-94.9 669
-94.7 631
-94.5 633
-94.3 640
-94.1 652
-93.9 649
-93.7 679
-93.5 652
-93.3 650
-93.1 662
-92.9 647
-92.7 631
-92.5 585
-92.3 640
-92.1 620
-91.9 676
-91.7 631
-91.5 627
-91.3 687
-91.1 651
-90.9 621
-90.7 604
-90.5 655
-90.3 688
-90.1 668
-89.9 580
-89.7 667
-89.5 633
-89.3 610
-89.1 641
-88.9 650
-88.7 677
-88.5 711
-88.3 627
-88.1 637
-87.9 655
-87.7 692
-87.5 645
-87.3 669
-87.1 673
-86.9 660
-86.7 653
-86.5 659
-86.3 640
-86.1 645
-85.9 624
-85.7 628
-85.5 646
-85.3 662
-85.1 650
-84.9 636
-84.7 694
-84.5 678
-84.3 693
-84.1 627
-83.9 692
-83.7 635
-83.5 676
-83.3 654
-83.1 669
-82.9 702
-82.7 677
-82.5 697
-82.3 654
-82.1 665
-81.9 680
-81.7 651
-81.5 656
-81.3 673
-81.1 723
-80.9 670
-80.7 639
-80.5 645
-80.3 647
-80.1 709
-79.9 649
-79.7 701
-79.5 680
-79.3 677
-79.1 657
-78.9 655
-78.7 665
-78.5 699
-78.3 687
-78.1 652
-77.9 683
-77.7 677
-77.5 728
-77.3 627
-77.1 701
-76.9 661
-76.7 715
-76.5 685
-76.3 677
-76.1 697
-75.9 691
-75.7 675
-75.5 657
-75.3 652
-75.1 667
-74.9 707
-74.7 656
-74.5 685
-74.3 644
-74.1 682
-73.9 641
-73.7 680
-73.5 628
-73.3 663
-73.1 662
-72.9 676
-72.7 658
-72.5 635
-72.3 667
-72.1 713
-71.9 629
-71.7 674
-71.5 653
-71.3 709
-71.1 672
-70.9 654
-70.7 686
-70.5 723
-70.3 657
-70.1 746
-69.9 691
-69.7 723
-69.5 657
-69.3 672
-69.1 695
-68.9 684
-68.7 694
-68.5 655
-68.3 650
-68.1 724
-67.9 706
-67.7 657
-67.5 669
-67.3 698
-67.1 730
-66.9 687
-66.7 627
-66.5 640
-66.3 732
-66.1 663
-65.9 693
-65.7 659
-65.5 643
-65.3 623
-65.1 642
-64.9 648
-64.7 667
-64.5 652
-64.3 673
-64.1 651
-63.9 646
-63.7 662
-63.5 682
-63.3 630
-63.1 653
-62.9 720
-62.7 696
-62.5 682
-62.3 719
-62.1 629
-61.9 649
-61.7 683
-61.5 649
-61.3 653
-61.1 641
-60.9 643
-60.7 675
-60.5 663
-60.3 607
-60.1 644
-59.9 702
-59.7 628
-59.5 654
-59.3 695
-59.1 646
-58.9 704
-58.7 668
-58.5 658
-58.3 654
-58.1 687
-57.9 619
-57.7 654
-57.5 685
-57.3 697
-57.1 652
-56.9 670
-56.7 630
-56.5 674
-56.3 627
-56.1 671
-55.9 612
-55.7 754
-55.5 688
-55.3 646
-55.1 653
-54.9 647
-54.7 657
-54.5 689
-54.3 670
-54.1 637
-53.9 644
-53.7 688
-53.5 670
-53.3 631
-53.1 665
-52.9 646
-52.7 716
-52.5 693
-52.3 631
-52.1 639
-51.9 653
-51.7 689
-51.5 682
-51.3 690
-51.1 642
-50.9 674
-50.7 654
-50.5 678
-50.3 681
-50.1 625
-49.9 684
-49.7 678
-49.5 637
-49.3 642
-49.1 651
-48.9 662
-48.7 664
-48.5 710
-48.3 657
-48.1 643
-47.9 681
-47.7 673
-47.5 611
-47.3 668
-47.1 684
-46.9 653
-46.7 667
-46.5 637
-46.3 680
-46.1 679
-45.9 616
-45.7 656
-45.5 646
-45.3 670
-45.1 662
-44.9 679
-44.7 642
-44.5 691
-44.3 662
-44.1 672
-43.9 680
-43.7 674
-43.5 657
-43.3 677
-43.1 695
-42.9 661
-42.7 680
-42.5 686
-42.3 656
-42.1 655
-41.9 647
-41.7 655
-41.5 669
-41.3 644
-41.1 688
-40.9 632
-40.7 650
-40.5 625
-40.3 644
-40.1 698
-39.9 621
-39.7 642
-39.5 633
-39.3 667
-39.1 692
-38.9 679
-38.7 723
-38.5 675
-38.3 667
-38.1 647
-37.9 614
-37.7 672
-37.5 693
-37.3 676
-37.1 608
-36.9 662
-36.7 655
-36.5 685
-36.3 682
-36.1 677
-35.9 674
-35.7 683
-35.5 662
-35.3 614
-35.1 654
-34.9 624
-34.7 625
-34.5 659
-34.3 609
-34.1 610
-33.9 642
-33.7 682
-33.5 654
-33.3 645
-33.1 674
-32.9 625
-32.7 655
-32.5 681
-32.3 684
-32.1 681
-31.9 672
-31.7 683
-31.5 627
-31.3 619
-31.1 661
-30.9 676
-30.7 699
-30.5 648
-30.3 635
-30.1 687
-29.9 620
-29.7 613
-29.5 648
-29.3 658
-29.1 677
-28.9 689
-28.7 661
-28.5 617
-28.3 649
-28.1 619
-27.9 625
-27.7 658
-27.5 630
-27.3 676
-27.1 606
-26.9 656
-26.7 641
-26.5 668
-26.3 670
-26.1 632
-25.9 623
-25.7 674
-25.5 658
-25.3 643
-25.1 642
-24.9 663
-24.7 641
-24.5 614
-24.3 619
-24.1 606
-23.9 664
-23.7 670
-23.5 652
-23.3 632
-23.1 683
-22.9 640
-22.7 656
-22.5 592
-22.3 650
-22.1 646
-21.9 699
-21.7 631
-21.5 682
-21.3 642
-21.1 617
-20.9 701
-20.7 644
-20.5 634
-20.3 596
-20.1 700
-19.9 692
-19.7 652
-19.5 682
-19.3 613
-19.1 644
-18.9 667
-18.7 626
-18.5 615
-18.3 662
-18.1 639
-17.9 612
-17.7 655
-17.5 655
-17.3 693
-17.1 650
-16.9 656
-16.7 621
-16.5 670
-16.3 632
-16.1 641
-15.9 678
-15.7 629
-15.5 648
-15.3 658
-15.1 619
-14.9 661
-14.7 618
-14.5 647
-14.3 647
-14.1 596
-13.9 660
-13.7 636
-13.5 644
-13.3 695
-13.1 624
-12.9 659
-12.7 689
-12.5 701
-12.3 656
-12.1 642
-11.9 593
-11.7 687
-11.5 718
-11.3 668
-11.1 653
-10.9 595
-10.7 671
-10.5 627
-10.3 665
-10.1 683
-9.9 680
-9.7 715
-9.5 697
-9.3 636
-9.1 677
-8.9 714
-8.7 672
-8.5 651
-8.3 639
-8.1 671
-7.9 649
-7.7 694
-7.5 631
-7.3 664
-7.1 653
-6.9 635
-6.7 634
-6.5 695
-6.3 607
-6.1 684
-5.9 623
-5.7 699
-5.5 674
-5.3 625
-5.1 676
-4.9 666
-4.7 667
-4.5 637
-4.3 640
-4.1 670
-3.9 635
-3.7 647
-3.5 677
-3.3 701
-3.1 665
-2.9 642
-2.7 688
-2.5 685
-2.3 707
-2.1 668
-1.9 651
-1.7 665
-1.5 651
-1.3 652
-1.1 648
-0.9 612
-0.7 685
-0.5 663
-0.3 646
-0.1 674
0.1 689
0.3 645
0.5 642
0.7 704
0.9 679
1.1 684
1.3 684
1.5 651
1.7 616
1.9 649
2.1 667
2.3 624
2.5 673
2.7 643
2.9 638
3.1 679
3.3 640
3.5 659
3.7 636
3.9 644
4.1 648
4.3 633
4.5 655
4.7 694
4.9 613
5.1 685
5.3 625
5.5 651
5.7 619
5.9 655
6.1 661
6.3 676
6.5 659
6.7 643
6.9 644
7.1 614
7.3 597
7.5 632
7.7 628
7.9 605
8.1 642
8.3 653
8.5 573
8.7 638
8.9 655
9.1 598
9.3 584
9.5 630
9.7 649
9.9 631
10.1 620
10.3 637
10.5 598
10.7 617
10.9 623
11.1 622
11.3 641
11.5 588
11.7 618
11.9 578
12.1 605
12.3 598
12.5 578
12.7 583
12.9 573
13.1 599
13.3 565
13.5 560
13.7 585
13.9 587
14.1 588
14.3 598
14.5 573
14.7 543
14.9 549
15.1 582
15.3 562
15.5 508
15.7 578
15.9 529
16.1 532
16.3 525
16.5 543
16.7 489
16.9 507
17.1 517
17.3 502
17.5 523
17.7 482
17.9 472
18.1 495
18.3 474
18.5 487
18.7 440
18.9 474
19.1 442
19.3 405
19.5 456
19.7 422
19.9 421
20.1 431
20.3 420
20.5 451
20.7 424
20.9 410
21.1 364
21.3 421
21.5 364
21.7 377
21.9 356
22.1 345
22.3 357
22.5 336
22.7 342
22.9 342
23.1 311
23.3 315
23.5 288
23.7 336
23.9 287
24.1 297
24.3 291
24.5 254
24.7 246
24.9 257
25.1 239
25.3 248
25.5 267
25.7 220
25.9 250
26.1 220
26.3 189
26.5 216
26.7 193
26.9 199
27.1 205
27.3 187
27.5 170
27.7 171
27.9 187
28.1 169
28.3 168
28.5 167
28.7 138
28.9 139
29.1 154
29.3 151
29.5 133
29.7 131
29.9 121
30.1 114
30.3 122
30.5 126
30.7 108
30.9 105
31.1 98
31.3 101
31.5 90
31.7 83
31.9 68
32.1 76
32.3 83
32.5 76
32.7 61
32.9 55
33.1 66
33.3 66
33.5 54
33.7 55
33.9 47
34.1 55
34.3 59
34.5 47
34.7 41
34.9 36
35.1 33
35.3 26
35.5 38
35.7 28
35.9 30
36.1 26
36.3 24
36.5 27
36.7 27
36.9 26
37.1 18
37.3 11
37.5 20
37.7 25
37.9 11
38.1 22
38.3 15
38.5 15
38.7 10
38.9 10
39.1 10
39.3 7
39.5 14
39.7 3
39.9 6
40.1 4
40.3 5
40.5 5
40.7 11
40.9 3
41.1 7
41.3 3
41.5 4
41.7 2
41.9 2
42.1 3
42.3 2
42.5 1
42.7 2
42.9 1
43.1 2
43.3 1
43.5 2
43.7 2
43.9 0
44.1 0
44.3 0
44.5 3
44.7 1
44.9 2
45.1 1
45.3 0
45.5 4
45.7 0
45.9 0
46.1 0
46.3 0
46.5 4
46.7 0
46.9 0
47.1 0
47.3 0
47.5 1
47.7 2
47.9 0
48.1 0
48.3 0
48.5 0
48.7 0
48.9 0
49.1 0
49.3 0
49.5 0
49.7 0
49.9 0
