-209.9 0
-209.7 0
-209.5 0
-209.3 0
-209.1 0
-208.9 0
-208.7 0
-208.5 0
-208.3 0
-208.1 0
-207.9 0
-207.7 0
-207.5 0
-207.3 0
-207.1 0
-206.9 0
-206.7 0
-206.5 0
-206.3 0
-206.1 0
-205.9 0
-205.7 0
-205.5 0
-205.3 0
-205.1 0
-204.9 0
-204.7 0
-204.5 0
-204.3 0
-204.1 0
-203.9 0
-203.7 0
-203.5 0
-203.3 0
-203.1 0
-202.9 0
-202.7 0
-202.5 0
-202.3 0
-202.1 0
-201.9 0
-201.7 0
-201.5 0
-201.3 0
-201.1 0
-200.9 0
-200.7 0
-200.5 0
-200.3 0
-200.1 0
-199.9 1
-199.7 0
-199.5 2
-199.3 0
-199.1 4
-198.9 5
-198.7 10
-198.5 12
-198.3 19
-198.1 23
-197.9 28
-197.7 67
-197.5 82
-197.3 110
-197.1 158
-196.9 212
-196.7 268
-196.5 312
-196.3 435
-196.1 516
-195.9 669
-195.7 845
-195.5 910
-195.3 1093
-195.1 1194
-194.9 1434
-194.7 1447
-194.5 1534
-194.3 1676
-194.1 1725
-193.9 1828
-193.7 1892
-193.5 1832
-193.3 1865
-193.1 1866
-192.9 1830
-192.7 1817
-192.5 1762
-192.3 1704
-192.1 1686
-191.9 1678
-191.7 1646
-191.5 1636
-191.3 1568
-191.1 1663
-190.9 1495
-190.7 1503
-190.5 1495
-190.3 1468
-190.1 1470
-189.9 1391
-189.7 1431
-189.5 1529
-189.3 1434
-189.1 1391
-188.9 1395
-188.7 1465
-188.5 1328
-188.3 1386
-188.1 1367
-187.9 1366
-187.7 1371
-187.5 1355
-187.3 1338
-187.1 1334
-186.9 1258
-186.7 1275
-186.5 1295
-186.3 1356
-186.1 1313
-185.9 1264
-185.7 1274
-185.5 1338
-185.3 1338
-185.1 1281
-184.9 1244
-184.7 1217
-184.5 1219
-184.3 1274
-184.1 1244
-183.9 1236
-183.7 1305
-183.5 1296
-183.3 1194
-183.1 1212
-182.9 1265
-182.7 1247
-182.5 1217
-182.3 1169
-182.1 1140
-181.9 1113
-181.7 1147
-181.5 1131
-181.3 1165
-181.1 1151
-180.9 1103
-180.7 1147
-180.5 1062
-180.3 1143
-180.1 1079
-179.9 1095
-179.7 1006
-179.5 1026
-179.3 980
-179.1 972
-178.9 1036
-178.7 959
-178.5 958
-178.3 944
-178.1 918
-177.9 952
-177.7 900
-177.5 923
-177.3 897
-177.1 895
-176.9 851
-176.7 875
-176.5 872
-176.3 855
-176.1 847
-175.9 850
-175.7 827
-175.5 884
-175.3 891
-175.1 787
-174.9 831
-174.7 822
-174.5 804
-174.3 792
-174.1 786
-173.9 801
-173.7 781
-173.5 760
-173.3 788
-173.1 831
-172.9 781
-172.7 773
-172.5 826
-172.3 768
-172.1 774
-171.9 766
-171.7 773
-171.5 782
-171.3 732
-171.1 782
-170.9 750
-170.7 696
-170.5 747
-170.3 749
-170.1 754
-169.9 727
-169.7 732
-169.5 758
-169.3 711
-169.1 713
-168.9 703
-168.7 774
-168.5 697
-168.3 690
-168.1 748
-167.9 712
-167.7 740
-167.5 742
-167.3 737
-167.1 768
-166.9 696
-166.7 694
-166.5 730
-166.3 748
-166.1 749
-165.9 744
-165.7 777
-165.5 705
-165.3 681
-165.1 722
-164.9 742
-164.7 708
-164.5 708
-164.3 731
-164.1 742
-163.9 722
-163.7 701
-163.5 681
-163.3 711
-163.1 678
-162.9 687
-162.7 679
-162.5 711
-162.3 707
-162.1 722
-161.9 736
-161.7 744
-161.5 700
-161.3 720
-161.1 685
-160.9 717
-160.7 718
-160.5 685
-160.3 718
-160.1 689
-159.9 746
-159.7 717
-159.5 671
-159.3 681
-159.1 690
-158.9 725
-158.7 705
-158.5 733
-158.3 706
-158.1 701
-157.9 668
-157.7 695
-157.5 660
-157.3 696
-157.1 678
-156.9 670
-156.7 686
-156.5 731
-156.3 710
-156.1 655
-155.9 683
-155.7 644
-155.5 698
-155.3 643
-155.1 650
-154.9 680
-154.7 722
-154.5 683
-154.3 654
-154.1 641
-153.9 632
-153.7 650
-153.5 654
-153.3 630
-153.1 657
-152.9 609
-152.7 642
-152.5 584
-152.3 607
-152.1 654
-151.9 593
-151.7 596
-151.5 641
-151.3 618
-151.1 614
-150.9 621
-150.7 597
-150.5 607
-150.3 598
-150.1 589
-149.9 612
-149.7 674
-149.5 657
-149.3 598
-149.1 605
-148.9 679
-148.7 587
-148.5 585
-148.3 607
-148.1 590
-147.9 625
-147.7 586
-147.5 599
-147.3 602
-147.1 632
-146.9 647
-146.7 614
-146.5 685
-146.3 648
-146.1 654
-145.9 672
-145.7 668
-145.5 664
-145.3 610
-145.1 615
-144.9 649
-144.7 637
-144.5 647
-144.3 646
-144.1 653
-143.9 657
-143.7 681
-143.5 693
-143.3 691
-143.1 662
-142.9 660
-142.7 689
-142.5 640
-142.3 729
-142.1 691
-141.9 653
-141.7 664
-141.5 719
-141.3 750
-141.1 747
-140.9 697
-140.7 719
-140.5 704
-140.3 718
-140.1 675
-139.9 691
-139.7 738
-139.5 728
-139.3 756
-139.1 693
-138.9 667
-138.7 693
-138.5 719
-138.3 730
-138.1 742
-137.9 749
-137.7 692
-137.5 691
-137.3 705
-137.1 719
-136.9 669
-136.7 750
-136.5 742
-136.3 742
-136.1 717
-135.9 679
-135.7 727
-135.5 743
-135.3 710
-135.1 727
-134.9 772
-134.7 712
-134.5 670
-134.3 711
-134.1 708
-133.9 700
-133.7 739
-133.5 743
-133.3 726
-133.1 749
-132.9 749
-132.7 706
-132.5 728
-132.3 716
-132.1 720
-131.9 704
-131.7 707
-131.5 729
-131.3 693
-131.1 737
-130.9 709
-130.7 699
-130.5 730
-130.3 731
-130.1 730
-129.9 731
-129.7 694
-129.5 753
-129.3 701
-129.1 694
-128.9 724
-128.7 691
-128.5 769
-128.3 729
-128.1 749
-127.9 712
-127.7 659
-127.5 697
-127.3 749
-127.1 656
-126.9 757
-126.7 695
-126.5 709
-126.3 710
-126.1 699
-125.9 671
-125.7 665
-125.5 655
-125.3 734
-125.1 710
-124.9 719
-124.7 649
-124.5 687
-124.3 664
-124.1 699
-123.9 678
-123.7 704
-123.5 691
-123.3 689
-123.1 674
-122.9 716
-122.7 684
-122.5 728
-122.3 696
-122.1 680
-121.9 684
-121.7 695
-121.5 716
-121.3 673
-121.1 648
-120.9 688
-120.7 698
-120.5 617
-120.3 672
-120.1 654
-119.9 650
-119.7 701
-119.5 717
-119.3 650
-119.1 697
-118.9 648
-118.7 662
-118.5 696
-118.3 690
-118.1 671
-117.9 662
-117.7 712
-117.5 697
-117.3 651
-117.1 688
-116.9 674
-116.7 675
-116.5 657
-116.3 659
-116.1 646
-115.9 697
-115.7 639
-115.5 700
-115.3 652
-115.1 682
-114.9 680
-114.7 680
-114.5 648
-114.3 677
-114.1 639
-113.9 656
-113.7 689
-113.5 673
-113.3 672
-113.1 697
-112.9 689
-112.7 685
-112.5 699
-112.3 685
-112.1 689
-111.9 666
-111.7 707
-111.5 710
-111.3 678
-111.1 723
-110.9 688
-110.7 674
-110.5 677
-110.3 697
-110.1 668
-109.9 657
-109.7 664
-109.5 673
-109.3 659
-109.1 668
-108.9 639
-108.7 662
-108.5 674
-108.3 644
-108.1 721
-107.9 647
-107.7 670
-107.5 681
-107.3 665
-107.1 702
-106.9 678
-106.7 673
-106.5 647
-106.3 648
-106.1 650
-105.9 669
-105.7 664
-105.5 639
-105.3 628
-105.1 683
-104.9 692
-104.7 650
-104.5 700
-104.3 634
-104.1 649
-103.9 692
-103.7 634
-103.5 656
-103.3 637
-103.1 596
-102.9 617
-102.7 650
-102.5 680
-102.3 654
-102.1 654
-101.9 661
-101.7 676
-101.5 657
-101.3 664
-101.1 645
-100.9 646
-100.7 677
-100.5 661
-100.3 695
-100.1 677
-99.9 594
-99.7 608
-99.5 648
-99.3 648
-99.1 639
-98.9 626
-98.7 593
-98.5 687
-98.3 651
-98.1 694
-97.9 694
-97.7 618
-97.5 666
-97.3 677
-97.1 616
-96.9 628
-96.7 678
-96.5 623
-96.3 666
-96.1 641
-95.9 646
-95.7 675
-95.5 638
-95.3 689
-95.1 662
-94.9 653
-94.7 627
-94.5 686
-94.3 650
-94.1 619
-93.9 702
-93.7 703
-93.5 669
-93.3 658
-93.1 654
-92.9 628
-92.7 648
-92.5 618
-92.3 657
-92.1 679
-91.9 632
-91.7 647
-91.5 618
-91.3 649
-91.1 617
-90.9 657
-90.7 685
-90.5 649
-90.3 650
-90.1 627
-89.9 640
-89.7 626
-89.5 619
-89.3 608
-89.1 632
-88.9 630
-88.7 605
-88.5 653
-88.3 609
-88.1 604
-87.9 628
-87.7 624
-87.5 639
-87.3 661
-87.1 625
-86.9 630
-86.7 680
-86.5 610
-86.3 619
-86.1 662
-85.9 620
-85.7 622
-85.5 657
-85.3 693
-85.1 653
-84.9 630
-84.7 639
-84.5 718
-84.3 629
-84.1 602
-83.9 665
-83.7 656
-83.5 633
-83.3 687
-83.1 660
-82.9 695
-82.7 679
-82.5 620
-82.3 649
-82.1 668
-81.9 643
-81.7 666
-81.5 670
-81.3 618
-81.1 684
-80.9 675
-80.7 621
-80.5 654
-80.3 702
-80.1 660
-79.9 651
-79.7 689
-79.5 678
-79.3 663
-79.1 638
-78.9 623
-78.7 660
-78.5 681
-78.3 677
-78.1 656
-77.9 659
-77.7 642
-77.5 645
-77.3 635
-77.1 691
-76.9 638
-76.7 696
-76.5 676
-76.3 684
-76.1 690
-75.9 682
-75.7 640
-75.5 688
-75.3 640
-75.1 691
-74.9 674
-74.7 639
-74.5 641
-74.3 661
-74.1 645
-73.9 675
-73.7 619
-73.5 675
-73.3 656
-73.1 617
-72.9 639
-72.7 628
-72.5 675
-72.3 670
-72.1 655
-71.9 665
-71.7 686
-71.5 698
-71.3 627
-71.1 687
-70.9 671
-70.7 649
-70.5 622
-70.3 658
-70.1 651
-69.9 615
-69.7 684
-69.5 675
-69.3 662
-69.1 686
-68.9 635
-68.7 685
-68.5 667
-68.3 663
-68.1 683
-67.9 661
-67.7 680
-67.5 679
-67.3 668
-67.1 666
-66.9 651
-66.7 681
-66.5 690
-66.3 710
-66.1 694
-65.9 643
-65.7 685
-65.5 649
-65.3 712
-65.1 648
-64.9 684
-64.7 673
-64.5 655
-64.3 672
-64.1 661
-63.9 699
-63.7 635
-63.5 693
-63.3 660
-63.1 725
-62.9 669
-62.7 677
-62.5 647
-62.3 658
-62.1 668
-61.9 664
-61.7 676
-61.5 673
-61.3 635
-61.1 668
-60.9 626
-60.7 659
-60.5 722
-60.3 680
-60.1 702
-59.9 735
-59.7 637
-59.5 670
-59.3 705
-59.1 681
-58.9 653
-58.7 694
-58.5 692
-58.3 605
-58.1 661
-57.9 655
-57.7 664
-57.5 657
-57.3 653
-57.1 650
-56.9 682
-56.7 696
-56.5 677
-56.3 672
-56.1 706
-55.9 693
-55.7 659
-55.5 702
-55.3 654
-55.1 686
-54.9 674
-54.7 663
-54.5 682
-54.3 691
-54.1 689
-53.9 640
-53.7 691
-53.5 622
-53.3 681
-53.1 671
-52.9 712
-52.7 662
-52.5 614
-52.3 691
-52.1 634
-51.9 675
-51.7 698
-51.5 663
-51.3 657
-51.1 681
-50.9 669
-50.7 614
-50.5 645
-50.3 656
-50.1 648
-49.9 667
-49.7 677
-49.5 683
-49.3 633
-49.1 648
-48.9 686
-48.7 678
-48.5 661
-48.3 685
-48.1 624
-47.9 673
-47.7 696
-47.5 656
-47.3 670
-47.1 648
-46.9 643
-46.7 702
-46.5 673
-46.3 659
-46.1 656
-45.9 698
-45.7 637
-45.5 705
-45.3 585
-45.1 694
-44.9 616
-44.7 672
-44.5 677
-44.3 670
-44.1 631
-43.9 662
-43.7 649
-43.5 631
-43.3 659
-43.1 621
-42.9 675
-42.7 654
-42.5 667
-42.3 620
-42.1 665
-41.9 599
-41.7 684
-41.5 597
-41.3 662
-41.1 624
-40.9 684
-40.7 651
-40.5 654
-40.3 663
-40.1 638
-39.9 666
-39.7 665
-39.5 662
-39.3 667
-39.1 598
-38.9 623
-38.7 685
-38.5 698
-38.3 629
-38.1 694
-37.9 630
-37.7 625
-37.5 695
-37.3 619
-37.1 713
-36.9 694
-36.7 651
-36.5 712
-36.3 664
-36.1 661
-35.9 634
-35.7 660
-35.5 678
-35.3 666
-35.1 666
-34.9 626
-34.7 654
-34.5 636
-34.3 661
-34.1 679
-33.9 649
-33.7 624
-33.5 639
-33.3 678
-33.1 671
-32.9 633
-32.7 625
-32.5 666
-32.3 653
-32.1 677
-31.9 664
-31.7 631
-31.5 703
-31.3 611
-31.1 660
-30.9 677
-30.7 674
-30.5 691
-30.3 664
-30.1 688
-29.9 627
-29.7 626
-29.5 648
-29.3 646
-29.1 655
-28.9 601
-28.7 671
-28.5 657
-28.3 602
-28.1 672
-27.9 654
-27.7 658
-27.5 675
-27.3 686
-27.1 672
-26.9 642
-26.7 659
-26.5 647
-26.3 621
-26.1 617
-25.9 680
-25.7 649
-25.5 689
-25.3 621
-25.1 647
-24.9 685
-24.7 681
-24.5 669
-24.3 653
-24.1 656
-23.9 669
-23.7 633
-23.5 656
-23.3 676
-23.1 637
-22.9 635
-22.7 647
-22.5 702
-22.3 640
-22.1 627
-21.9 679
-21.7 655
-21.5 651
-21.3 669
-21.1 663
-20.9 674
-20.7 645
-20.5 650
-20.3 654
-20.1 640
-19.9 650
-19.7 680
-19.5 692
-19.3 645
-19.1 719
-18.9 675
-18.7 676
-18.5 653
-18.3 648
-18.1 701
-17.9 666
-17.7 659
-17.5 674
-17.3 661
-17.1 619
-16.9 684
-16.7 667
-16.5 628
-16.3 635
-16.1 650
-15.9 682
-15.7 627
-15.5 568
-15.3 655
-15.1 654
-14.9 647
-14.7 609
-14.5 661
-14.3 630
-14.1 709
-13.9 595
-13.7 676
-13.5 614
-13.3 658
-13.1 661
-12.9 645
-12.7 637
-12.5 674
-12.3 689
-12.1 612
-11.9 654
-11.7 647
-11.5 664
-11.3 728
-11.1 659
-10.9 658
-10.7 657
-10.5 651
-10.3 598
-10.1 654
-9.9 661
-9.7 639
-9.5 675
-9.3 637
-9.1 679
-8.9 663
-8.7 663
-8.5 635
-8.3 657
-8.1 656
-7.9 628
-7.7 622
-7.5 647
-7.3 628
-7.1 616
-6.9 634
-6.7 643
-6.5 647
-6.3 692
-6.1 670
-5.9 662
-5.7 642
-5.5 648
-5.3 642
-5.1 688
-4.9 630
-4.7 665
-4.5 672
-4.3 618
-4.1 650
-3.9 658
-3.7 610
-3.5 666
-3.3 639
-3.1 657
-2.9 654
-2.7 668
-2.5 626
-2.3 645
-2.1 656
-1.9 639
-1.7 662
-1.5 616
-1.3 683
-1.1 636
-0.9 679
-0.7 659
-0.5 659
-0.3 606
-0.1 634
0.1 680
0.3 647
0.5 624
0.7 643
0.9 662
1.1 655
1.3 676
1.5 695
1.7 642
1.9 640
2.1 606
2.3 678
2.5 638
2.7 692
2.9 683
3.1 613
3.3 653
3.5 677
3.7 632
3.9 654
4.1 672
4.3 642
4.5 660
4.7 627
4.9 619
5.1 689
5.3 650
5.5 669
5.7 682
5.9 607
6.1 642
6.3 609
6.5 670
6.7 623
6.9 632
7.1 649
7.3 635
7.5 649
7.7 631
7.9 657
8.1 658
8.3 677
8.5 643
8.7 656
8.9 643
9.1 661
9.3 648
9.5 650
9.7 672
9.9 642
10.1 628
10.3 613
10.5 668
10.7 660
10.9 624
11.1 625
11.3 588
11.5 646
11.7 623
11.9 646
12.1 576
12.3 623
12.5 593
12.7 648
12.9 624
13.1 609
13.3 604
13.5 645
13.7 573
13.9 596
14.1 648
14.3 586
14.5 610
14.7 579
14.9 596
15.1 580
15.3 607
15.5 573
15.7 549
15.9 541
16.1 567
16.3 579
16.5 539
16.7 543
16.9 538
17.1 538
17.3 529
17.5 517
17.7 527
17.9 497
18.1 511
18.3 527
18.5 506
18.7 528
18.9 486
19.1 485
19.3 448
19.5 515
19.7 454
19.9 464
20.1 436
20.3 419
20.5 491
20.7 422
20.9 387
21.1 411
21.3 392
21.5 377
21.7 400
21.9 391
22.1 387
22.3 398
22.5 368
22.7 347
22.9 343
23.1 358
23.3 326
23.5 321
23.7 374
23.9 300
24.1 288
24.3 303
24.5 295
24.7 286
24.9 272
25.1 268
25.3 269
25.5 281
25.7 247
25.9 270
26.1 267
26.3 245
26.5 253
26.7 231
26.9 218
27.1 188
27.3 212
27.5 188
27.7 215
27.9 177
28.1 183
28.3 163
28.5 134
28.7 162
28.9 145
29.1 157
29.3 138
29.5 151
29.7 122
29.9 157
30.1 129
30.3 110
30.5 121
30.7 111
30.9 105
31.1 95
31.3 98
31.5 109
31.7 106
31.9 102
32.1 86
32.3 83
32.5 92
32.7 77
32.9 71
33.1 68
33.3 62
33.5 52
33.7 63
33.9 53
34.1 55
34.3 46
34.5 49
34.7 40
34.9 39
35.1 26
35.3 42
35.5 26
35.7 31
35.9 24
36.1 22
36.3 30
36.5 34
36.7 31
36.9 29
37.1 31
37.3 14
37.5 16
37.7 13
37.9 17
38.1 13
38.3 15
38.5 6
38.7 12
38.9 11
39.1 7
39.3 9
39.5 11
39.7 5
39.9 4
40.1 10
40.3 7
40.5 11
40.7 5
40.9 4
41.1 0
41.3 8
41.5 4
41.7 3
41.9 2
42.1 0
42.3 2
42.5 4
42.7 4
42.9 4
43.1 2
43.3 2
43.5 0
43.7 3
43.9 0
44.1 0
44.3 1
44.5 3
44.7 1
44.9 1
45.1 1
45.3 0
45.5 0
45.7 3
45.9 1
46.1 1
46.3 1
46.5 0
46.7 0
46.9 1
47.1 0
47.3 0
47.5 1
47.7 0
47.9 0
48.1 0
48.3 0
48.5 0
48.7 0
48.9 0
49.1 0
49.3 0
49.5 1
49.7 1
49.9 0
