-209.9 0
-209.7 0
-209.5 0
-209.3 0
-209.1 0
-208.9 0
-208.7 0
-208.5 0
-208.3 0
-208.1 0
-207.9 0
-207.7 0
-207.5 0
-207.3 0
-207.1 0
-206.9 0
-206.7 0
-206.5 0
-206.3 0
-206.1 0
-205.9 0
-205.7 0
-205.5 0
-205.3 0
-205.1 0
-204.9 0
-204.7 0
-204.5 0
-204.3 0
-204.1 0
-203.9 0
-203.7 0
-203.5 0
-203.3 0
-203.1 0
-202.9 0
-202.7 0
-202.5 0
-202.3 0
-202.1 0
-201.9 0
-201.7 0
-201.5 0
-201.3 0
-201.1 0
-200.9 0
-200.7 0
-200.5 0
-200.3 1
-200.1 0
-199.9 1
-199.7 1
-199.5 2
-199.3 4
-199.1 8
-198.9 3
-198.7 20
-198.5 26
-198.3 35
-198.1 47
-197.9 85
-197.7 97
-197.5 128
-197.3 162
-197.1 199
-196.9 241
-196.7 359
-196.5 405
-196.3 505
-196.1 607
-195.9 696
-195.7 833
-195.5 875
-195.3 935
-195.1 1082
-194.9 1072
-194.7 1225
-194.5 1152
-194.3 1308
-194.1 1261
-193.9 1229
-193.7 1348
-193.5 1328
-193.3 1380
-193.1 1367
-192.9 1337
-192.7 1326
-192.5 1296
-192.3 1293
-192.1 1276
-191.9 1244
-191.7 1239
-191.5 1268
-191.3 1238
-191.1 1165
-190.9 1213
-190.7 1166
-190.5 1180
-190.3 1154
-190.1 1112
-189.9 1114
-189.7 1142
-189.5 1128
-189.3 1129
-189.1 1165
-188.9 1128
-188.7 1070
-188.5 1074
-188.3 1080
-188.1 1045
-187.9 1115
-187.7 1036
-187.5 1016
-187.3 1045
-187.1 1036
-186.9 1062
-186.7 1015
-186.5 1037
-186.3 1025
-186.1 1030
-185.9 1015
-185.7 997
-185.5 982
-185.3 975
-185.1 964
-184.9 1055
-184.7 995
-184.5 950
-184.3 962
-184.1 984
-183.9 990
-183.7 923
-183.5 987
-183.3 922
-183.1 974
-182.9 911
-182.7 918
-182.5 918
-182.3 904
-182.1 880
-181.9 942
-181.7 878
-181.5 852
-181.3 913
-181.1 907
-180.9 904
-180.7 850
-180.5 828
-180.3 873
-180.1 812
-179.9 894
-179.7 837
-179.5 855
-179.3 805
-179.1 797
-178.9 831
-178.7 816
-178.5 816
-178.3 786
-178.1 760
-177.9 765
-177.7 784
-177.5 769
-177.3 765
-177.1 799
-176.9 755
-176.7 788
-176.5 777
-176.3 748
-176.1 764
-175.9 799
-175.7 784
-175.5 734
-175.3 679
-175.1 749
-174.9 749
-174.7 719
-174.5 764
-174.3 745
-174.1 722
-173.9 754
-173.7 768
-173.5 720
-173.3 759
-173.1 751
-172.9 742
-172.7 664
-172.5 722
-172.3 713
-172.1 706
-171.9 728
-171.7 729
-171.5 705
-171.3 735
-171.1 801
-170.9 691
-170.7 666
-170.5 699
-170.3 716
-170.1 714
-169.9 690
-169.7 691
-169.5 702
-169.3 698
-169.1 705
-168.9 670
-168.7 751
-168.5 652
-168.3 707
-168.1 688
-167.9 687
-167.7 722
-167.5 630
-167.3 719
-167.1 639
-166.9 697
-166.7 680
-166.5 663
-166.3 676
-166.1 678
-165.9 641
-165.7 740
-165.5 672
-165.3 702
-165.1 680
-164.9 659
-164.7 658
-164.5 633
-164.3 659
-164.1 676
-163.9 652
-163.7 617
-163.5 660
-163.3 678
-163.1 700
-162.9 701
-162.7 604
-162.5 669
-162.3 662
-162.1 676
-161.9 654
-161.7 658
-161.5 687
-161.3 685
-161.1 658
-160.9 616
-160.7 650
-160.5 674
-160.3 632
-160.1 689
-159.9 661
-159.7 625
-159.5 682
-159.3 676
-159.1 649
-158.9 639
-158.7 632
-158.5 682
-158.3 675
-158.1 666
-157.9 661
-157.7 735
-157.5 649
-157.3 634
-157.1 636
-156.9 674
-156.7 692
-156.5 657
-156.3 626
-156.1 664
-155.9 681
-155.7 687
-155.5 640
-155.3 659
-155.1 667
-154.9 644
-154.7 686
-154.5 673
-154.3 674
-154.1 630
-153.9 681
-153.7 676
-153.5 699
-153.3 654
-153.1 695
-152.9 644
-152.7 608
-152.5 630
-152.3 634
-152.1 669
-151.9 671
-151.7 678
-151.5 620
-151.3 613
-151.1 613
-150.9 682
-150.7 706
-150.5 672
-150.3 654
-150.1 674
-149.9 683
-149.7 629
-149.5 652
-149.3 649
-149.1 647
-148.9 667
-148.7 681
-148.5 689
-148.3 620
-148.1 612
-147.9 698
-147.7 613
-147.5 675
-147.3 681
-147.1 620
-146.9 615
-146.7 644
-146.5 654
-146.3 573
-146.1 647
-145.9 610
-145.7 616
-145.5 648
-145.3 623
-145.1 606
-144.9 644
-144.7 603
-144.5 636
-144.3 609
-144.1 587
-143.9 628
-143.7 645
-143.5 603
-143.3 594
-143.1 606
-142.9 575
-142.7 636
-142.5 622
-142.3 619
-142.1 616
-141.9 607
-141.7 609
-141.5 624
-141.3 636
-141.1 610
-140.9 602
-140.7 648
-140.5 570
-140.3 606
-140.1 596
-139.9 611
-139.7 611
-139.5 657
-139.3 642
-139.1 614
-138.9 645
-138.7 653
-138.5 607
-138.3 614
-138.1 653
-137.9 651
-137.7 647
-137.5 676
-137.3 669
-137.1 626
-136.9 643
-136.7 636
-136.5 649
-136.3 683
-136.1 665
-135.9 647
-135.7 638
-135.5 685
-135.3 725
-135.1 647
-134.9 670
-134.7 640
-134.5 696
-134.3 642
-134.1 652
-133.9 647
-133.7 716
-133.5 657
-133.3 715
-133.1 655
-132.9 652
-132.7 637
-132.5 630
-132.3 666
-132.1 670
-131.9 677
-131.7 683
-131.5 761
-131.3 695
-131.1 652
-130.9 723
-130.7 669
-130.5 659
-130.3 701
-130.1 698
-129.9 714
-129.7 635
-129.5 706
-129.3 687
-129.1 647
-128.9 655
-128.7 638
-128.5 684
-128.3 692
-128.1 643
-127.9 670
-127.7 668
-127.5 645
-127.3 681
-127.1 657
-126.9 687
-126.7 673
-126.5 634
-126.3 621
-126.1 695
-125.9 651
-125.7 640
-125.5 630
-125.3 595
-125.1 677
-124.9 647
-124.7 651
-124.5 658
-124.3 643
-124.1 662
-123.9 662
-123.7 680
-123.5 672
-123.3 663
-123.1 674
-122.9 683
-122.7 647
-122.5 617
-122.3 644
-122.1 662
-121.9 660
-121.7 602
-121.5 617
-121.3 679
-121.1 639
-120.9 612
-120.7 652
-120.5 698
-120.3 632
-120.1 639
-119.9 616
-119.7 633
-119.5 641
-119.3 642
-119.1 621
-118.9 636
-118.7 648
-118.5 693
-118.3 639
-118.1 661
-117.9 681
-117.7 665
-117.5 627
-117.3 636
-117.1 601
-116.9 653
-116.7 671
-116.5 634
-116.3 587
-116.1 631
-115.9 641
-115.7 642
-115.5 633
-115.3 692
-115.1 652
-114.9 627
-114.7 684
-114.5 621
-114.3 662
-114.1 648
-113.9 677
-113.7 595
-113.5 636
-113.3 649
-113.1 612
-112.9 673
-112.7 647
-112.5 581
-112.3 663
-112.1 627
-111.9 679
-111.7 625
-111.5 706
-111.3 641
-111.1 617
-110.9 620
-110.7 627
-110.5 617
-110.3 661
-110.1 618
-109.9 659
-109.7 716
-109.5 663
-109.3 639
-109.1 691
-108.9 650
-108.7 628
-108.5 609
-108.3 651
-108.1 658
-107.9 652
-107.7 679
-107.5 639
-107.3 657
-107.1 633
-106.9 717
-106.7 625
-106.5 651
-106.3 631
-106.1 640
-105.9 633
-105.7 609
-105.5 615
-105.3 627
-105.1 651
-104.9 637
-104.7 647
-104.5 663
-104.3 678
-104.1 627
-103.9 624
-103.7 641
-103.5 609
-103.3 675
-103.1 693
-102.9 629
-102.7 656
-102.5 601
-102.3 703
-102.1 678
-101.9 647
-101.7 630
-101.5 652
-101.3 684
-101.1 594
-100.9 612
-100.7 625
-100.5 631
-100.3 672
-100.1 654
-99.9 679
-99.7 674
-99.5 618
-99.3 697
-99.1 656
-98.9 672
-98.7 637
-98.5 644
-98.3 607
-98.1 637
-97.9 625
-97.7 649
-97.5 690
-97.3 599
-97.1 619
-96.9 613
-96.7 704
-96.5 599
-96.3 624
-96.1 637
-95.9 682
-95.7 654
-95.5 640
-95.3 641
-95.1 606
-94.9 665
-94.7 644
-94.5 661
-94.3 639
-94.1 679
-93.9 678
-93.7 696
-93.5 644
-93.3 636
-93.1 598
-92.9 644
-92.7 667
-92.5 651
-92.3 625
-92.1 630
-91.9 602
-91.7 656
-91.5 632
-91.3 677
-91.1 685
-90.9 686
-90.7 634
-90.5 609
-90.3 614
-90.1 656
-89.9 661
-89.7 655
-89.5 640
-89.3 642
-89.1 624
-88.9 629
-88.7 668
-88.5 698
-88.3 639
-88.1 607
-87.9 602
-87.7 619
-87.5 649
-87.3 631
-87.1 648
-86.9 627
-86.7 644
-86.5 659
-86.3 665
-86.1 628
-85.9 601
-85.7 671
-85.5 629
-85.3 648
-85.1 628
-84.9 628
-84.7 654
-84.5 626
-84.3 635
-84.1 675
-83.9 606
-83.7 640
-83.5 587
-83.3 628
-83.1 660
-82.9 629
-82.7 650
-82.5 602
-82.3 605
-82.1 627
-81.9 665
-81.7 626
-81.5 660
-81.3 629
-81.1 638
-80.9 658
-80.7 623
-80.5 609
-80.3 581
-80.1 604
-79.9 642
-79.7 612
-79.5 626
-79.3 636
-79.1 659
-78.9 657
-78.7 621
-78.5 595
-78.3 635
-78.1 648
-77.9 618
-77.7 672
-77.5 631
-77.3 615
-77.1 599
-76.9 635
-76.7 653
-76.5 598
-76.3 645
-76.1 627
-75.9 650
-75.7 608
-75.5 608
-75.3 651
-75.1 635
-74.9 638
-74.7 663
-74.5 626
-74.3 630
-74.1 653
-73.9 660
-73.7 664
-73.5 649
-73.3 649
-73.1 659
-72.9 658
-72.7 653
-72.5 652
-72.3 663
-72.1 625
-71.9 694
-71.7 672
-71.5 627
-71.3 641
-71.1 641
-70.9 606
-70.7 632
-70.5 670
-70.3 635
-70.1 672
-69.9 617
-69.7 652
-69.5 665
-69.3 671
-69.1 634
-68.9 639
-68.7 674
-68.5 647
-68.3 616
-68.1 588
-67.9 643
-67.7 654
-67.5 606
-67.3 629
-67.1 648
-66.9 680
-66.7 626
-66.5 634
-66.3 645
-66.1 607
-65.9 663
-65.7 642
-65.5 633
-65.3 678
-65.1 652
-64.9 667
-64.7 642
-64.5 645
-64.3 643
-64.1 637
-63.9 682
-63.7 680
-63.5 705
-63.3 614
-63.1 680
-62.9 688
-62.7 589
-62.5 627
-62.3 645
-62.1 670
-61.9 632
-61.7 640
-61.5 602
-61.3 643
-61.1 652
-60.9 641
-60.7 656
-60.5 639
-60.3 643
-60.1 663
-59.9 657
-59.7 657
-59.5 658
-59.3 630
-59.1 628
-58.9 673
-58.7 681
-58.5 634
-58.3 645
-58.1 624
-57.9 605
-57.7 660
-57.5 629
-57.3 633
-57.1 627
-56.9 688
-56.7 643
-56.5 619
-56.3 661
-56.1 627
-55.9 623
-55.7 647
-55.5 653
-55.3 675
-55.1 646
-54.9 642
-54.7 665
-54.5 667
-54.3 664
-54.1 616
-53.9 704
-53.7 631
-53.5 675
-53.3 631
-53.1 618
-52.9 640
-52.7 661
-52.5 624
-52.3 652
-52.1 693
-51.9 664
-51.7 625
-51.5 654
-51.3 623
-51.1 616
-50.9 678
-50.7 637
-50.5 595
-50.3 647
-50.1 605
-49.9 672
-49.7 631
-49.5 600
-49.3 622
-49.1 626
-48.9 633
-48.7 626
-48.5 614
-48.3 650
-48.1 631
-47.9 628
-47.7 660
-47.5 627
-47.3 666
-47.1 606
-46.9 653
-46.7 659
-46.5 640
-46.3 589
-46.1 673
-45.9 614
-45.7 641
-45.5 646
-45.3 696
-45.1 682
-44.9 663
-44.7 634
-44.5 658
-44.3 622
-44.1 651
-43.9 634
-43.7 633
-43.5 675
-43.3 610
-43.1 650
-42.9 658
-42.7 636
-42.5 595
-42.3 651
-42.1 650
-41.9 674
-41.7 605
-41.5 654
-41.3 647
-41.1 680
-40.9 649
-40.7 635
-40.5 663
-40.3 636
-40.1 621
-39.9 622
-39.7 643
-39.5 626
-39.3 639
-39.1 658
-38.9 627
-38.7 660
-38.5 640
-38.3 618
-38.1 663
-37.9 627
-37.7 575
-37.5 665
-37.3 625
-37.1 675
-36.9 670
-36.7 632
-36.5 630
-36.3 655
-36.1 635
-35.9 661
-35.7 666
-35.5 653
-35.3 597
-35.1 658
-34.9 648
-34.7 647
-34.5 635
-34.3 651
-34.1 636
-33.9 625
-33.7 632
-33.5 623
-33.3 688
-33.1 643
-32.9 662
-32.7 644
-32.5 617
-32.3 693
-32.1 617
-31.9 662
-31.7 659
-31.5 635
-31.3 664
-31.1 669
-30.9 664
-30.7 645
-30.5 565
-30.3 627
-30.1 593
-29.9 623
-29.7 635
-29.5 655
-29.3 675
-29.1 622
-28.9 598
-28.7 632
-28.5 579
-28.3 624
-28.1 670
-27.9 659
-27.7 690
-27.5 674
-27.3 699
-27.1 656
-26.9 615
-26.7 609
-26.5 615
-26.3 572
-26.1 636
-25.9 632
-25.7 636
-25.5 611
-25.3 628
-25.1 631
-24.9 644
-24.7 637
-24.5 598
-24.3 623
-24.1 593
-23.9 615
-23.7 589
-23.5 609
-23.3 665
-23.1 630
-22.9 643
-22.7 620
-22.5 623
-22.3 614
-22.1 598
-21.9 642
-21.7 638
-21.5 627
-21.3 613
-21.1 607
-20.9 589
-20.7 620
-20.5 597
-20.3 614
-20.1 626
-19.9 657
-19.7 650
-19.5 660
-19.3 626
-19.1 615
-18.9 631
-18.7 637
-18.5 618
-18.3 682
-18.1 614
-17.9 602
-17.7 618
-17.5 629
-17.3 633
-17.1 646
-16.9 646
-16.7 617
-16.5 645
-16.3 647
-16.1 615
-15.9 603
-15.7 636
-15.5 633
-15.3 634
-15.1 681
-14.9 645
-14.7 605
-14.5 649
-14.3 636
-14.1 636
-13.9 640
-13.7 625
-13.5 641
-13.3 669
-13.1 675
-12.9 594
-12.7 622
-12.5 637
-12.3 663
-12.1 598
-11.9 624
-11.7 604
-11.5 623
-11.3 620
-11.1 637
-10.9 641
-10.7 656
-10.5 704
-10.3 640
-10.1 614
-9.9 709
-9.7 612
-9.5 651
-9.3 610
-9.1 640
-8.9 640
-8.7 627
-8.5 644
-8.3 646
-8.1 680
-7.9 670
-7.7 650
-7.5 646
-7.3 672
-7.1 654
-6.9 663
-6.7 630
-6.5 645
-6.3 648
-6.1 633
-5.9 603
-5.7 618
-5.5 639
-5.3 640
-5.1 648
-4.9 587
-4.7 582
-4.5 665
-4.3 630
-4.1 646
-3.9 652
-3.7 616
-3.5 649
-3.3 637
-3.1 659
-2.9 645
-2.7 661
-2.5 660
-2.3 642
-2.1 656
-1.9 613
-1.7 626
-1.5 666
-1.3 643
-1.1 581
-0.9 672
-0.7 661
-0.5 620
-0.3 614
-0.1 655
0.1 680
0.3 614
0.5 649
0.7 607
0.9 603
1.1 646
1.3 604
1.5 637
1.7 623
1.9 632
2.1 609
2.3 669
2.5 609
2.7 683
2.9 682
3.1 593
3.3 611
3.5 655
3.7 652
3.9 632
4.1 605
4.3 573
4.5 663
4.7 676
4.9 584
5.1 632
5.3 641
5.5 627
5.7 666
5.9 649
6.1 620
6.3 632
6.5 608
6.7 627
6.9 604
7.1 620
7.3 628
7.5 663
7.7 642
7.9 619
8.1 591
8.3 671
8.5 564
8.7 544
8.9 623
9.1 636
9.3 619
9.5 610
9.7 600
9.9 586
10.1 594
10.3 587
10.5 614
10.7 608
10.9 596
11.1 602
11.3 595
11.5 539
11.7 615
11.9 593
12.1 574
12.3 543
12.5 530
12.7 579
12.9 544
13.1 597
13.3 563
13.5 565
13.7 520
13.9 531
14.1 509
14.3 542
14.5 553
14.7 535
14.9 505
15.1 503
15.3 459
15.5 486
15.7 525
15.9 525
16.1 493
16.3 465
16.5 483
16.7 479
16.9 467
17.1 467
17.3 459
17.5 456
17.7 417
17.9 404
18.1 387
18.3 424
18.5 416
18.7 419
18.9 385
19.1 390
19.3 374
19.5 385
19.7 402
19.9 390
20.1 358
20.3 378
20.5 356
20.7 325
20.9 317
21.1 290
21.3 329
21.5 335
21.7 331
21.9 290
22.1 292
22.3 315
22.5 266
22.7 278
22.9 267
23.1 230
23.3 277
23.5 268
23.7 227
23.9 231
24.1 222
24.3 245
24.5 206
24.7 215
24.9 196
25.1 215
25.3 191
25.5 187
25.7 201
25.9 182
26.1 172
26.3 171
26.5 166
26.7 169
26.9 155
27.1 160
27.3 148
27.5 162
27.7 146
27.9 140
28.1 117
28.3 125
28.5 146
28.7 122
28.9 107
29.1 95
29.3 105
29.5 94
29.7 93
29.9 104
30.1 93
30.3 72
30.5 77
30.7 93
30.9 67
31.1 78
31.3 68
31.5 65
31.7 63
31.9 51
32.1 62
32.3 54
32.5 71
32.7 50
32.9 57
33.1 44
33.3 48
33.5 34
33.7 34
33.9 41
34.1 29
34.3 25
34.5 35
34.7 35
34.9 26
35.1 23
35.3 36
35.5 29
35.7 27
35.9 28
36.1 17
36.3 23
36.5 17
36.7 17
36.9 16
37.1 19
37.3 13
37.5 13
37.7 8
37.9 7
38.1 0
38.3 1
38.5 8
38.7 5
38.9 4
39.1 7
39.3 5
39.5 7
39.7 6
39.9 6
40.1 4
40.3 4
40.5 7
40.7 5
40.9 3
41.1 2
41.3 1
41.5 3
41.7 4
41.9 3
42.1 1
42.3 0
42.5 1
42.7 0
42.9 2
43.1 0
43.3 1
43.5 1
43.7 1
43.9 0
44.1 0
44.3 1
44.5 1
44.7 0
44.9 0
45.1 0
45.3 1
45.5 0
45.7 0
45.9 0
46.1 0
46.3 0
46.5 0
46.7 0
46.9 0
47.1 1
47.3 0
47.5 0
47.7 0
47.9 0
48.1 0
48.3 0
48.5 0
48.7 0
48.9 1
49.1 0
49.3 0
49.5 0
49.7 0
49.9 0
