-209.9 0
-209.7 0
-209.5 1
-209.3 1
-209.1 0
-208.9 0
-208.7 0
-208.5 0
-208.3 0
-208.1 0
-207.9 1
-207.7 0
-207.5 0
-207.3 0
-207.1 0
-206.9 1
-206.7 0
-206.5 0
-206.3 0
-206.1 0
-205.9 0
-205.7 0
-205.5 0
-205.3 1
-205.1 1
-204.9 0
-204.7 0
-204.5 0
-204.3 2
-204.1 2
-203.9 3
-203.7 1
-203.5 0
-203.3 2
-203.1 4
-202.9 2
-202.7 2
-202.5 3
-202.3 3
-202.1 8
-201.9 3
-201.7 6
-201.5 3
-201.3 9
-201.1 11
-200.9 9
-200.7 16
-200.5 17
-200.3 28
-200.1 18
-199.9 31
-199.7 31
-199.5 46
-199.3 70
-199.1 67
-198.9 80
-198.7 150
-198.5 162
-198.3 172
-198.1 236
-197.9 282
-197.7 350
-197.5 402
-197.3 437
-197.1 534
-196.9 582
-196.7 668
-196.5 759
-196.3 907
-196.1 928
-195.9 1015
-195.7 1060
-195.5 1030
-195.3 1153
-195.1 1241
-194.9 1131
-194.7 1303
-194.5 1275
-194.3 1257
-194.1 1206
-193.9 1258
-193.7 1295
-193.5 1253
-193.3 1267
-193.1 1254
-192.9 1257
-192.7 1179
-192.5 1226
-192.3 1289
-192.1 1239
-191.9 1247
-191.7 1194
-191.5 1284
-191.3 1216
-191.1 1218
-190.9 1213
-190.7 1184
-190.5 1212
-190.3 1155
-190.1 1197
-189.9 1120
-189.7 1180
-189.5 1120
-189.3 1194
-189.1 1052
-188.9 1101
-188.7 1111
-188.5 1095
-188.3 1064
-188.1 1090
-187.9 1098
-187.7 990
-187.5 1079
-187.3 1039
-187.1 1052
-186.9 1014
-186.7 1021
-186.5 1056
-186.3 1049
-186.1 1054
-185.9 1008
-185.7 1029
-185.5 1007
-185.3 963
-185.1 930
-184.9 997
-184.7 925
-184.5 923
-184.3 930
-184.1 980
-183.9 911
-183.7 874
-183.5 937
-183.3 917
-183.1 869
-182.9 886
-182.7 901
-182.5 884
-182.3 870
-182.1 918
-181.9 859
-181.7 824
-181.5 817
-181.3 855
-181.1 848
-180.9 844
-180.7 823
-180.5 865
-180.3 849
-180.1 814
-179.9 830
-179.7 793
-179.5 752
-179.3 856
-179.1 792
-178.9 807
-178.7 769
-178.5 833
-178.3 815
-178.1 717
-177.9 797
-177.7 742
-177.5 766
-177.3 767
-177.1 770
-176.9 756
-176.7 765
-176.5 759
-176.3 743
-176.1 753
-175.9 727
-175.7 770
-175.5 704
-175.3 701
-175.1 723
-174.9 728
-174.7 746
-174.5 717
-174.3 734
-174.1 711
-173.9 728
-173.7 726
-173.5 681
-173.3 688
-173.1 693
-172.9 667
-172.7 737
-172.5 742
-172.3 684
-172.1 732
-171.9 692
-171.7 704
-171.5 714
-171.3 642
-171.1 704
-170.9 705
-170.7 682
-170.5 707
-170.3 679
-170.1 721
-169.9 704
-169.7 648
-169.5 690
-169.3 711
-169.1 716
-168.9 731
-168.7 735
-168.5 650
-168.3 679
-168.1 654
-167.9 670
-167.7 702
-167.5 687
-167.3 627
-167.1 664
-166.9 638
-166.7 672
-166.5 682
-166.3 683
-166.1 648
-165.9 665
-165.7 648
-165.5 715
-165.3 717
-165.1 676
-164.9 673
-164.7 691
-164.5 699
-164.3 632
-164.1 642
-163.9 642
-163.7 667
-163.5 658
-163.3 663
-163.1 705
-162.9 729
-162.7 644
-162.5 670
-162.3 692
-162.1 665
-161.9 718
-161.7 676
-161.5 717
-161.3 685
-161.1 706
-160.9 671
-160.7 620
-160.5 671
-160.3 651
-160.1 679
-159.9 651
-159.7 685
-159.5 676
-159.3 688
-159.1 695
-158.9 702
-158.7 712
-158.5 666
-158.3 702
-158.1 655
-157.9 654
-157.7 605
-157.5 663
-157.3 672
-157.1 637
-156.9 666
-156.7 651
-156.5 707
-156.3 672
-156.1 648
-155.9 607
-155.7 608
-155.5 653
-155.3 664
-155.1 652
-154.9 679
-154.7 626
-154.5 670
-154.3 635
-154.1 671
-153.9 641
-153.7 662
-153.5 702
-153.3 665
-153.1 681
-152.9 679
-152.7 700
-152.5 679
-152.3 646
-152.1 670
-151.9 638
-151.7 663
-151.5 692
-151.3 660
-151.1 640
-150.9 658
-150.7 617
-150.5 682
-150.3 652
-150.1 681
-149.9 645
-149.7 637
-149.5 607
-149.3 650
-149.1 625
-148.9 669
-148.7 610
-148.5 678
-148.3 653
-148.1 624
-147.9 682
-147.7 600
-147.5 631
-147.3 631
-147.1 737
-146.9 625
-146.7 655
-146.5 652
-146.3 642
-146.1 634
-145.9 688
-145.7 648
-145.5 634
-145.3 620
-145.1 612
-144.9 662
-144.7 635
-144.5 576
-144.3 701
-144.1 591
-143.9 646
-143.7 638
-143.5 596
-143.3 593
-143.1 637
-142.9 604
-142.7 641
-142.5 584
-142.3 664
-142.1 632
-141.9 592
-141.7 596
-141.5 617
-141.3 612
-141.1 650
-140.9 627
-140.7 632
-140.5 613
-140.3 651
-140.1 651
-139.9 628
-139.7 629
-139.5 634
-139.3 614
-139.1 641
-138.9 623
-138.7 631
-138.5 630
-138.3 596
-138.1 649
-137.9 687
-137.7 647
-137.5 691
-137.3 659
-137.1 688
-136.9 661
-136.7 680
-136.5 654
-136.3 661
-136.1 669
-135.9 686
-135.7 651
-135.5 687
-135.3 631
-135.1 677
-134.9 672
-134.7 648
-134.5 672
-134.3 639
-134.1 658
-133.9 706
-133.7 668
-133.5 668
-133.3 650
-133.1 654
-132.9 690
-132.7 669
-132.5 658
-132.3 644
-132.1 701
-131.9 670
-131.7 699
-131.5 680
-131.3 641
-131.1 692
-130.9 697
-130.7 719
-130.5 680
-130.3 699
-130.1 696
-129.9 672
-129.7 670
-129.5 650
-129.3 677
-129.1 722
-128.9 630
-128.7 703
-128.5 670
-128.3 681
-128.1 669
-127.9 659
-127.7 697
-127.5 708
-127.3 719
-127.1 669
-126.9 685
-126.7 750
-126.5 685
-126.3 736
-126.1 651
-125.9 654
-125.7 622
-125.5 643
-125.3 623
-125.1 692
-124.9 659
-124.7 662
-124.5 676
-124.3 629
-124.1 674
-123.9 668
-123.7 620
-123.5 646
-123.3 673
-123.1 664
-122.9 644
-122.7 666
-122.5 641
-122.3 684
-122.1 668
-121.9 650
-121.7 673
-121.5 642
-121.3 592
-121.1 664
-120.9 666
-120.7 632
-120.5 663
-120.3 680
-120.1 630
-119.9 646
-119.7 665
-119.5 630
-119.3 635
-119.1 634
-118.9 646
-118.7 661
-118.5 639
-118.3 652
-118.1 645
-117.9 663
-117.7 659
-117.5 665
-117.3 634
-117.1 676
-116.9 658
-116.7 650
-116.5 638
-116.3 651
-116.1 600
-115.9 712
-115.7 619
-115.5 651
-115.3 615
-115.1 661
-114.9 624
-114.7 622
-114.5 668
-114.3 644
-114.1 663
-113.9 650
-113.7 608
-113.5 628
-113.3 658
-113.1 636
-112.9 645
-112.7 652
-112.5 669
-112.3 624
-112.1 667
-111.9 617
-111.7 692
-111.5 638
-111.3 669
-111.1 653
-110.9 629
-110.7 617
-110.5 704
-110.3 640
-110.1 618
-109.9 618
-109.7 700
-109.5 673
-109.3 594
-109.1 650
-108.9 690
-108.7 619
-108.5 612
-108.3 593
-108.1 642
-107.9 656
-107.7 647
-107.5 648
-107.3 679
-107.1 621
-106.9 630
-106.7 624
-106.5 661
-106.3 604
-106.1 634
-105.9 637
-105.7 648
-105.5 663
-105.3 677
-105.1 627
-104.9 644
-104.7 647
-104.5 644
-104.3 626
-104.1 655
-103.9 672
-103.7 602
-103.5 662
-103.3 592
-103.1 635
-102.9 635
-102.7 633
-102.5 599
-102.3 639
-102.1 629
-101.9 653
-101.7 601
-101.5 667
-101.3 652
-101.1 643
-100.9 661
-100.7 642
-100.5 603
-100.3 697
-100.1 594
-99.9 653
-99.7 639
-99.5 650
-99.3 634
-99.1 658
-98.9 669
-98.7 630
-98.5 595
-98.3 673
-98.1 626
-97.9 624
-97.7 623
-97.5 621
-97.3 671
-97.1 688
-96.9 687
-96.7 639
-96.5 648
-96.3 670
-96.1 642
-95.9 642
-95.7 666
-95.5 638
-95.3 639
-95.1 611
-94.9 636
-94.7 661
-94.5 675
-94.3 624
-94.1 673
-93.9 675
-93.7 633
-93.5 649
-93.3 597
-93.1 629
-92.9 592
-92.7 655
-92.5 638
-92.3 593
-92.1 695
-91.9 679
-91.7 624
-91.5 641
-91.3 651
-91.1 668
-90.9 639
-90.7 638
-90.5 674
-90.3 649
-90.1 611
-89.9 683
-89.7 654
-89.5 627
-89.3 636
-89.1 663
-88.9 632
-88.7 671
-88.5 628
-88.3 676
-88.1 635
-87.9 623
-87.7 602
-87.5 663
-87.3 619
-87.1 667
-86.9 606
-86.7 639
-86.5 687
-86.3 647
-86.1 617
-85.9 648
-85.7 643
-85.5 621
-85.3 614
-85.1 650
-84.9 602
-84.7 680
-84.5 585
-84.3 600
-84.1 673
-83.9 661
-83.7 627
-83.5 599
-83.3 656
-83.1 646
-82.9 620
-82.7 649
-82.5 642
-82.3 626
-82.1 637
-81.9 625
-81.7 649
-81.5 646
-81.3 645
-81.1 656
-80.9 675
-80.7 632
-80.5 663
-80.3 623
-80.1 639
-79.9 615
-79.7 689
-79.5 649
-79.3 626
-79.1 702
-78.9 628
-78.7 630
-78.5 662
-78.3 617
-78.1 633
-77.9 633
-77.7 670
-77.5 632
-77.3 636
-77.1 646
-76.9 637
-76.7 633
-76.5 625
-76.3 612
-76.1 668
-75.9 636
-75.7 638
-75.5 650
-75.3 671
-75.1 681
-74.9 621
-74.7 679
-74.5 708
-74.3 663
-74.1 648
-73.9 628
-73.7 616
-73.5 660
-73.3 612
-73.1 633
-72.9 630
-72.7 630
-72.5 646
-72.3 654
-72.1 652
-71.9 672
-71.7 617
-71.5 632
-71.3 665
-71.1 628
-70.9 626
-70.7 650
-70.5 655
-70.3 632
-70.1 635
-69.9 610
-69.7 647
-69.5 618
-69.3 639
-69.1 658
-68.9 635
-68.7 658
-68.5 668
-68.3 672
-68.1 646
-67.9 622
-67.7 634
-67.5 654
-67.3 635
-67.1 644
-66.9 685
-66.7 641
-66.5 670
-66.3 646
-66.1 625
-65.9 650
-65.7 618
-65.5 673
-65.3 646
-65.1 668
-64.9 652
-64.7 687
-64.5 647
-64.3 680
-64.1 596
-63.9 643
-63.7 586
-63.5 652
-63.3 668
-63.1 690
-62.9 695
-62.7 634
-62.5 637
-62.3 655
-62.1 700
-61.9 597
-61.7 620
-61.5 619
-61.3 615
-61.1 662
-60.9 688
-60.7 627
-60.5 600
-60.3 647
-60.1 610
-59.9 613
-59.7 670
-59.5 614
-59.3 634
-59.1 644
-58.9 665
-58.7 642
-58.5 627
-58.3 617
-58.1 618
-57.9 578
-57.7 594
-57.5 649
-57.3 667
-57.1 652
-56.9 681
-56.7 683
-56.5 664
-56.3 641
-56.1 632
-55.9 684
-55.7 633
-55.5 634
-55.3 663
-55.1 608
-54.9 630
-54.7 669
-54.5 610
-54.3 649
-54.1 651
-53.9 641
-53.7 645
-53.5 637
-53.3 687
-53.1 608
-52.9 610
-52.7 685
-52.5 657
-52.3 668
-52.1 640
-51.9 663
-51.7 619
-51.5 700
-51.3 642
-51.1 607
-50.9 650
-50.7 601
-50.5 694
-50.3 651
-50.1 624
-49.9 622
-49.7 646
-49.5 658
-49.3 652
-49.1 680
-48.9 638
-48.7 635
-48.5 612
-48.3 655
-48.1 659
-47.9 624
-47.7 634
-47.5 674
-47.3 613
-47.1 640
-46.9 624
-46.7 612
-46.5 667
-46.3 662
-46.1 614
-45.9 643
-45.7 625
-45.5 704
-45.3 650
-45.1 629
-44.9 623
-44.7 667
-44.5 652
-44.3 656
-44.1 654
-43.9 594
-43.7 627
-43.5 648
-43.3 611
-43.1 670
-42.9 636
-42.7 652
-42.5 680
-42.3 654
-42.1 630
-41.9 693
-41.7 628
-41.5 647
-41.3 704
-41.1 671
-40.9 636
-40.7 655
-40.5 652
-40.3 634
-40.1 646
-39.9 654
-39.7 639
-39.5 629
-39.3 618
-39.1 654
-38.9 664
-38.7 632
-38.5 633
-38.3 680
-38.1 633
-37.9 648
-37.7 643
-37.5 697
-37.3 680
-37.1 662
-36.9 640
-36.7 693
-36.5 680
-36.3 661
-36.1 625
-35.9 669
-35.7 654
-35.5 666
-35.3 606
-35.1 629
-34.9 631
-34.7 629
-34.5 657
-34.3 655
-34.1 676
-33.9 651
-33.7 617
-33.5 642
-33.3 644
-33.1 619
-32.9 644
-32.7 690
-32.5 644
-32.3 629
-32.1 668
-31.9 641
-31.7 623
-31.5 667
-31.3 597
-31.1 647
-30.9 620
-30.7 668
-30.5 674
-30.3 658
-30.1 641
-29.9 598
-29.7 633
-29.5 615
-29.3 656
-29.1 615
-28.9 644
-28.7 634
-28.5 660
-28.3 691
-28.1 656
-27.9 669
-27.7 643
-27.5 595
-27.3 618
-27.1 681
-26.9 661
-26.7 679
-26.5 670
-26.3 584
-26.1 653
-25.9 635
-25.7 654
-25.5 694
-25.3 680
-25.1 660
-24.9 640
-24.7 593
-24.5 645
-24.3 639
-24.1 622
-23.9 617
-23.7 680
-23.5 659
-23.3 640
-23.1 634
-22.9 670
-22.7 658
-22.5 654
-22.3 619
-22.1 647
-21.9 628
-21.7 643
-21.5 622
-21.3 647
-21.1 659
-20.9 624
-20.7 731
-20.5 637
-20.3 601
-20.1 591
-19.9 688
-19.7 653
-19.5 626
-19.3 625
-19.1 661
-18.9 656
-18.7 676
-18.5 653
-18.3 649
-18.1 633
-17.9 610
-17.7 664
-17.5 633
-17.3 669
-17.1 639
-16.9 690
-16.7 657
-16.5 657
-16.3 640
-16.1 618
-15.9 693
-15.7 634
-15.5 621
-15.3 603
-15.1 671
-14.9 661
-14.7 656
-14.5 676
-14.3 701
-14.1 641
-13.9 659
-13.7 659
-13.5 624
-13.3 652
-13.1 613
-12.9 645
-12.7 645
-12.5 672
-12.3 614
-12.1 663
-11.9 646
-11.7 630
-11.5 660
-11.3 624
-11.1 670
-10.9 606
-10.7 655
-10.5 668
-10.3 622
-10.1 610
-9.9 611
-9.7 634
-9.5 637
-9.3 585
-9.1 603
-8.9 698
-8.7 638
-8.5 603
-8.3 648
-8.1 661
-7.9 642
-7.7 633
-7.5 631
-7.3 631
-7.1 606
-6.9 631
-6.7 645
-6.5 671
-6.3 646
-6.1 639
-5.9 679
-5.7 644
-5.5 661
-5.3 641
-5.1 608
-4.9 639
-4.7 619
-4.5 662
-4.3 629
-4.1 645
-3.9 615
-3.7 665
-3.5 596
-3.3 609
-3.1 654
-2.9 660
-2.7 604
-2.5 642
-2.3 680
-2.1 610
-1.9 669
-1.7 628
-1.5 617
-1.3 628
-1.1 651
-0.9 660
-0.7 646
-0.5 647
-0.3 652
-0.1 654
0.1 609
0.3 668
0.5 588
0.7 639
0.9 665
1.1 593
1.3 609
1.5 672
1.7 595
1.9 648
2.1 652
2.3 629
2.5 643
2.7 618
2.9 611
3.1 664
3.3 658
3.5 647
3.7 646
3.9 637
4.1 623
4.3 647
4.5 641
4.7 663
4.9 638
5.1 645
5.3 577
5.5 647
5.7 640
5.9 611
6.1 637
6.3 656
6.5 633
6.7 634
6.9 617
7.1 671
7.3 637
7.5 644
7.7 653
7.9 622
8.1 614
8.3 640
8.5 649
8.7 615
8.9 646
9.1 645
9.3 653
9.5 618
9.7 600
9.9 674
10.1 605
10.3 634
10.5 627
10.7 648
10.9 629
11.1 585
11.3 615
11.5 694
11.7 626
11.9 580
12.1 662
12.3 607
12.5 658
12.7 645
12.9 604
13.1 567
13.3 612
13.5 655
13.7 593
13.9 612
14.1 587
14.3 609
14.5 621
14.7 589
14.9 635
15.1 584
15.3 533
15.5 526
15.7 525
15.9 555
16.1 534
16.3 530
16.5 544
16.7 481
16.9 510
17.1 507
17.3 506
17.5 483
17.7 528
17.9 505
18.1 487
18.3 499
18.5 471
18.7 473
18.9 447
19.1 448
19.3 438
19.5 458
19.7 430
19.9 438
20.1 451
20.3 351
20.5 414
20.7 367
20.9 425
21.1 372
21.3 375
21.5 416
21.7 382
21.9 356
22.1 366
22.3 333
22.5 328
22.7 313
22.9 317
23.1 287
23.3 301
23.5 283
23.7 306
23.9 278
24.1 283
24.3 272
24.5 260
24.7 298
24.9 264
25.1 210
25.3 232
25.5 233
25.7 228
25.9 194
26.1 233
26.3 211
26.5 237
26.7 197
26.9 184
27.1 192
27.3 185
27.5 157
27.7 155
27.9 151
28.1 137
28.3 166
28.5 148
28.7 136
28.9 131
29.1 126
29.3 128
29.5 108
29.7 123
29.9 111
30.1 124
30.3 94
30.5 97
30.7 74
30.9 73
31.1 101
31.3 86
31.5 70
31.7 54
31.9 78
32.1 75
32.3 85
32.5 51
32.7 60
32.9 64
33.1 58
33.3 52
33.5 40
33.7 31
33.9 40
34.1 43
34.3 31
34.5 37
34.7 35
34.9 36
35.1 33
35.3 28
35.5 18
35.7 22
35.9 19
36.1 21
36.3 16
36.5 23
36.7 17
36.9 23
37.1 15
37.3 11
37.5 16
37.7 11
37.9 13
38.1 14
38.3 11
38.5 14
38.7 8
38.9 7
39.1 7
39.3 5
39.5 5
39.7 4
39.9 5
40.1 3
40.3 7
40.5 2
40.7 3
40.9 3
41.1 3
41.3 2
41.5 1
41.7 2
41.9 2
42.1 0
42.3 3
42.5 2
42.7 2
42.9 0
43.1 1
43.3 0
43.5 0
43.7 0
43.9 2
44.1 1
44.3 0
44.5 1
44.7 2
44.9 1
45.1 1
45.3 1
45.5 0
45.7 0
45.9 0
46.1 0
46.3 0
46.5 0
46.7 0
46.9 0
47.1 0
47.3 0
47.5 0
47.7 0
47.9 0
48.1 0
48.3 0
48.5 0
48.7 0
48.9 0
49.1 0
49.3 0
49.5 0
49.7 0
49.9 0
