1296
-208.9 1.7794e-06
-208.7 1.7794e-06
-208.5 1.7794e-06
-208.3 1.7794e-06
-208.1 1.7794e-06
-207.9 1.7794e-06
-207.7 1.7794e-06
-207.5 1.7794e-06
-207.3 1.7794e-06
-207.1 1.7794e-06
-206.9 1.7794e-06
-206.7 1.7794e-06
-206.5 1.7794e-06
-206.3 1.7794e-06
-206.1 1.7794e-06
-205.9 1.7794e-06
-205.7 1.7794e-06
-205.5 1.7794e-06
-205.3 3.55879e-06
-205.1 3.55879e-06
-204.9 5.33819e-06
-204.7 5.33819e-06
-204.5 5.33819e-06
-204.3 5.33819e-06
-204.1 5.33819e-06
-203.9 5.33819e-06
-203.7 5.33819e-06
-203.5 5.33819e-06
-203.3 5.33819e-06
-203.1 5.33819e-06
-202.9 5.33819e-06
-202.7 5.33819e-06
-202.5 5.33819e-06
-202.3 5.33819e-06
-202.1 5.33819e-06
-201.9 7.11759e-06
-201.7 8.89699e-06
-201.5 8.89699e-06
-201.3 1.24558e-05
-201.1 1.42352e-05
-200.9 1.7794e-05
-200.7 2.6691e-05
-200.5 3.73673e-05
-200.3 4.98231e-05
-200.1 6.76171e-05
-199.9 7.65141e-05
-199.7 9.78669e-05
-199.5 0.000128117
-199.3 0.000167263
-199.1 0.000220645
-198.9 0.000300718
-198.7 0.000396806
-198.5 0.000524922
-198.3 0.00067973
-198.1 0.000896816
-197.9 0.00110323
-197.7 0.00133099
-197.5 0.0016673
-197.3 0.00208723
-197.1 0.0025997
-196.9 0.00318868
-196.7 0.00389866
-196.5 0.00468515
-196.3 0.00564069
-196.1 0.00667808
-195.9 0.00785426
-195.7 0.00920482
-195.5 0.010623
-195.3 0.0122013
-195.1 0.0138775
-194.9 0.0156071
-194.7 0.0173954
-194.5 0.0192655
-194.3 0.0211891
-194.1 0.02323
-193.9 0.0252674
-193.7 0.0273903
-193.5 0.0294348
-193.3 0.0314722
-193.1 0.0335345
-192.9 0.0355648
-192.7 0.0376609
-192.5 0.0395987
-192.3 0.0415827
-192.1 0.0436362
-191.9 0.0455721
-191.7 0.0476042
-191.5 0.0496523
-191.3 0.0516755
-191.1 0.0537325
-190.9 0.0557183
-190.7 0.0576632
-190.5 0.0595885
-190.3 0.0614355
-190.1 0.0632932
-189.9 0.0651277
-189.7 0.0670157
-189.5 0.0688413
-189.3 0.0707488
-189.1 0.0725852
-188.9 0.0743023
-188.7 0.0760675
-188.5 0.0779216
-188.3 0.079717
-188.1 0.0815017
-187.9 0.0833274
-187.7 0.0850374
-187.5 0.0867634
-187.3 0.0883969
-187.1 0.0900802
-186.9 0.0916941
-186.7 0.0934166
-186.5 0.0951462
-186.3 0.0967707
-186.1 0.0984861
-185.9 0.100159
-185.7 0.101879
-185.5 0.103584
-185.3 0.105241
-185.1 0.106945
-184.9 0.108622
-184.7 0.110216
-184.5 0.11184
-184.3 0.113429
-184.1 0.115011
-183.9 0.116634
-183.7 0.118173
-183.5 0.119746
-183.3 0.121309
-183.1 0.122876
-182.9 0.124453
-182.7 0.126074
-182.5 0.127538
-182.3 0.129031
-182.1 0.130529
-181.9 0.131958
-181.7 0.133343
-181.5 0.134736
-181.3 0.136099
-181.1 0.137428
-180.9 0.138731
-180.7 0.140058
-180.5 0.14138
-180.3 0.142683
-180.1 0.14396
-179.9 0.145243
-179.7 0.146565
-179.5 0.147747
-179.3 0.148932
-179.1 0.150124
-178.9 0.151332
-178.7 0.152475
-178.5 0.153639
-178.3 0.154872
-178.1 0.156046
-177.9 0.15716
-177.7 0.158269
-177.5 0.159327
-177.3 0.16035
-177.1 0.161525
-176.9 0.162582
-176.7 0.163641
-176.5 0.164696
-176.3 0.165754
-176.1 0.166763
-175.9 0.167767
-175.7 0.168744
-175.5 0.169744
-175.3 0.17074
-175.1 0.171724
-174.9 0.17271
-174.7 0.173755
-174.5 0.17476
-174.3 0.175726
-174.1 0.176758
-173.9 0.177746
-173.7 0.178664
-173.5 0.179627
-173.3 0.180582
-173.1 0.181426
-172.9 0.182402
-172.7 0.183322
-172.5 0.184266
-172.3 0.185308
-172.1 0.186217
-171.9 0.187153
-171.7 0.188121
-171.5 0.189024
-171.3 0.18996
-171.1 0.190862
-170.9 0.191782
-170.7 0.192723
-170.5 0.193632
-170.3 0.194543
-170.1 0.195465
-169.9 0.196449
-169.7 0.197397
-169.5 0.198362
-169.3 0.199253
-169.1 0.200193
-168.9 0.201113
-168.7 0.202004
-168.5 0.202839
-168.3 0.203752
-168.1 0.204645
-167.9 0.20549
-167.7 0.206399
-167.5 0.207291
-167.3 0.208193
-167.1 0.209138
-166.9 0.210019
-166.7 0.210871
-166.5 0.211729
-166.3 0.212615
-166.1 0.213517
-165.9 0.214412
-165.7 0.215296
-165.5 0.216207
-165.3 0.217078
-165.1 0.217971
-164.9 0.218823
-164.7 0.219752
-164.5 0.220636
-164.3 0.221551
-164.1 0.222398
-163.9 0.223209
-163.7 0.224021
-163.5 0.224905
-163.3 0.225775
-163.1 0.22667
-162.9 0.227608
-162.7 0.228455
-162.5 0.229309
-162.3 0.230165
-162.1 0.231032
-161.9 0.231868
-161.7 0.232676
-161.5 0.233571
-161.3 0.234491
-161.1 0.235341
-160.9 0.236197
-160.7 0.237053
-160.5 0.237897
-160.3 0.23872
-160.1 0.239585
-159.9 0.240484
-159.7 0.241283
-159.5 0.242137
-159.3 0.242973
-159.1 0.243793
-158.9 0.244651
-158.7 0.245509
-158.5 0.246372
-158.3 0.247228
-158.1 0.248119
-157.9 0.248986
-157.7 0.249883
-157.5 0.250737
-157.3 0.251514
-157.1 0.252392
-156.9 0.253199
-156.7 0.254078
-156.5 0.254957
-156.3 0.255751
-156.1 0.256612
-155.9 0.2575
-155.7 0.258326
-155.5 0.259121
-155.3 0.259963
-155.1 0.260756
-154.9 0.26155
-154.7 0.262349
-154.5 0.263087
-154.3 0.263906
-154.1 0.264739
-153.9 0.265474
-153.7 0.26628
-153.5 0.267079
-153.3 0.267879
-153.1 0.268735
-152.9 0.26957
-152.7 0.270312
-152.5 0.271143
-152.3 0.271999
-152.1 0.272773
-151.9 0.273568
-151.7 0.274381
-151.5 0.275134
-151.3 0.275912
-151.1 0.276671
-150.9 0.277461
-150.7 0.278237
-150.5 0.279034
-150.3 0.279771
-150.1 0.280511
-149.9 0.281307
-149.7 0.282072
-149.5 0.282768
-149.3 0.283572
-149.1 0.284373
-148.9 0.28515
-148.7 0.285937
-148.5 0.286755
-148.3 0.287513
-148.1 0.288302
-147.9 0.289086
-147.7 0.289898
-147.5 0.290609
-147.3 0.291341
-147.1 0.292088
-146.9 0.29288
-146.7 0.293618
-146.5 0.294412
-146.3 0.295159
-146.1 0.29594
-145.9 0.296766
-145.7 0.297585
-145.5 0.298369
-145.3 0.299165
-145.1 0.299989
-144.9 0.300786
-144.7 0.30157
-144.5 0.302352
-144.3 0.303131
-144.1 0.303964
-143.9 0.304837
-143.7 0.305692
-143.5 0.306562
-143.3 0.307394
-143.1 0.308186
-142.9 0.309021
-142.7 0.309895
-142.5 0.310683
-142.3 0.311548
-142.1 0.312478
-141.9 0.313245
-141.7 0.314085
-141.5 0.314923
-141.3 0.315831
-141.1 0.316654
-140.9 0.3175
-140.7 0.318267
-140.5 0.319089
-140.3 0.319918
-140.1 0.3208
-139.9 0.321617
-139.7 0.322439
-139.5 0.323331
-139.3 0.324197
-139.1 0.325091
-138.9 0.325946
-138.7 0.326827
-138.5 0.327713
-138.3 0.328608
-138.1 0.329466
-137.9 0.330365
-137.7 0.331208
-137.5 0.332125
-137.3 0.33308
-137.1 0.333986
-136.9 0.334884
-136.7 0.335749
-136.5 0.336616
-136.3 0.337539
-136.1 0.338456
-135.9 0.339297
-135.7 0.340224
-135.5 0.341155
-135.3 0.342077
-135.1 0.342975
-134.9 0.343917
-134.7 0.344854
-134.5 0.345705
-134.3 0.346643
-134.1 0.347522
-133.9 0.348472
-133.7 0.349429
-133.5 0.350358
-133.3 0.351246
-133.1 0.35215
-132.9 0.353068
-132.7 0.354002
-132.5 0.354936
-132.3 0.355837
-132.1 0.356655
-131.9 0.357495
-131.7 0.358447
-131.5 0.359346
-131.3 0.360257
-131.1 0.361155
-130.9 0.362002
-130.7 0.362887
-130.5 0.363714
-130.3 0.364517
-130.1 0.365444
-129.9 0.366364
-129.7 0.367228
-129.5 0.368097
-129.3 0.369001
-129.1 0.369889
-128.9 0.370711
-128.7 0.371549
-128.5 0.372401
-128.3 0.373271
-128.1 0.374172
-127.9 0.37501
-127.7 0.375912
-127.5 0.376766
-127.3 0.377608
-127.1 0.378517
-126.9 0.379348
-126.7 0.380266
-126.5 0.381078
-126.3 0.381976
-126.1 0.382812
-125.9 0.383629
-125.7 0.384503
-125.5 0.385366
-125.3 0.386234
-125.1 0.387053
-124.9 0.387871
-124.7 0.388729
-124.5 0.389619
-124.3 0.390419
-124.1 0.391252
-123.9 0.39209
-123.7 0.392914
-123.5 0.393772
-123.3 0.394647
-123.1 0.395544
-122.9 0.39643
-122.7 0.397306
-122.5 0.39811
-122.3 0.399005
-122.1 0.39985
-121.9 0.40067
-121.7 0.401576
-121.5 0.402404
-121.3 0.403236
-121.1 0.404123
-120.9 0.405002
-120.7 0.405875
-120.5 0.406742
-120.3 0.407614
-120.1 0.408448
-119.9 0.409299
-119.7 0.410135
-119.5 0.410954
-119.3 0.411753
-119.1 0.412626
-118.9 0.413536
-118.7 0.414334
-118.5 0.415197
-118.3 0.416103
-118.1 0.416957
-117.9 0.417806
-117.7 0.418714
-117.5 0.419573
-117.3 0.420411
-117.1 0.42121
-116.9 0.422053
-116.7 0.422902
-116.5 0.423731
-116.3 0.424575
-116.1 0.425468
-115.9 0.426278
-115.7 0.427121
-115.5 0.427974
-115.3 0.428765
-115.1 0.429552
-114.9 0.430381
-114.7 0.431198
-114.5 0.431991
-114.3 0.432828
-114.1 0.433641
-113.9 0.434408
-113.7 0.435219
-113.5 0.436166
-113.3 0.437084
-113.1 0.437945
-112.9 0.438778
-112.7 0.439577
-112.5 0.440367
-112.3 0.441207
-112.1 0.442027
-111.9 0.442869
-111.7 0.443725
-111.5 0.444511
-111.3 0.445319
-111.1 0.446098
-110.9 0.446954
-110.7 0.447794
-110.5 0.448659
-110.3 0.449495
-110.1 0.450323
-109.9 0.451134
-109.7 0.451899
-109.5 0.452721
-109.3 0.453652
-109.1 0.454503
-108.9 0.455351
-108.7 0.456177
-108.5 0.45704
-108.3 0.457848
-108.1 0.458693
-107.9 0.459638
-107.7 0.460455
-107.5 0.461275
-107.3 0.46214
-107.1 0.462996
-106.9 0.463853
-106.7 0.464659
-106.5 0.465457
-106.3 0.4663
-106.1 0.467136
-105.9 0.467907
-105.7 0.468791
-105.5 0.469595
-105.3 0.470439
-105.1 0.47127
-104.9 0.472124
-104.7 0.472902
-104.5 0.473733
-104.3 0.474585
-104.1 0.475448
-103.9 0.476313
-103.7 0.477206
-103.5 0.477982
-103.3 0.478761
-103.1 0.479553
-102.9 0.480363
-102.7 0.481199
-102.5 0.482048
-102.3 0.482839
-102.1 0.483697
-101.9 0.484459
-101.7 0.485361
-101.5 0.486096
-101.3 0.486927
-101.1 0.487784
-100.9 0.488562
-100.7 0.489379
-100.5 0.490212
-100.3 0.49097
-100.1 0.491793
-99.9 0.492639
-99.7 0.493432
-99.5 0.494265
-99.3 0.495005
-99.1 0.495826
-98.9 0.496585
-98.7 0.497406
-98.5 0.498171
-98.3 0.499039
-98.1 0.499811
-97.9 0.50063
-97.7 0.501393
-97.5 0.502228
-97.3 0.502997
-97.1 0.503829
-96.9 0.504678
-96.7 0.505489
-96.5 0.506324
-96.3 0.507199
-96.1 0.508011
-95.9 0.508776
-95.7 0.509623
-95.5 0.510424
-95.3 0.511297
-95.1 0.512073
-94.9 0.512865
-94.7 0.513648
-94.5 0.51447
-94.3 0.515281
-94.1 0.516066
-93.9 0.516851
-93.7 0.517637
-93.5 0.51844
-93.3 0.51921
-93.1 0.520016
-92.9 0.520883
-92.7 0.521678
-92.5 0.522401
-92.3 0.523177
-92.1 0.523976
-91.9 0.524732
-91.7 0.525581
-91.5 0.526342
-91.3 0.527143
-91.1 0.527953
-90.9 0.528757
-90.7 0.529554
-90.5 0.530378
-90.3 0.531182
-90.1 0.532043
-89.9 0.532851
-89.7 0.533666
-89.5 0.534476
-89.3 0.535245
-89.1 0.53601
-88.9 0.536832
-88.7 0.537643
-88.5 0.538419
-88.3 0.539197
-88.1 0.540058
-87.9 0.540887
-87.7 0.541654
-87.5 0.542512
-87.3 0.543295
-87.1 0.544022
-86.9 0.544837
-86.7 0.545661
-86.5 0.54638
-86.3 0.547126
-86.1 0.54791
-85.9 0.548731
-85.7 0.549533
-85.5 0.550375
-85.3 0.551227
-85.1 0.552069
-84.9 0.552885
-84.7 0.553679
-84.5 0.554478
-84.3 0.555307
-84.1 0.556131
-83.9 0.55698
-83.7 0.557752
-83.5 0.558606
-83.3 0.55937
-83.1 0.560072
-82.9 0.560893
-82.7 0.561736
-82.5 0.562576
-82.3 0.563425
-82.1 0.564167
-81.9 0.564939
-81.7 0.565685
-81.5 0.566519
-81.3 0.567291
-81.1 0.568069
-80.9 0.568802
-80.7 0.569637
-80.5 0.570473
-80.3 0.571263
-80.1 0.572066
-79.9 0.572847
-79.7 0.573687
-79.5 0.574464
-79.3 0.575265
-79.1 0.576019
-78.9 0.576836
-78.7 0.577637
-78.5 0.578477
-78.3 0.579277
-78.1 0.580014
-77.9 0.580833
-77.7 0.581696
-77.5 0.582502
-77.3 0.583308
-77.1 0.584103
-76.9 0.584911
-76.7 0.585708
-76.5 0.586493
-76.3 0.587311
-76.1 0.588066
-75.9 0.588957
-75.7 0.589749
-75.5 0.590541
-75.3 0.591315
-75.1 0.592103
-74.9 0.592934
-74.7 0.593767
-74.5 0.594682
-74.3 0.595545
-74.1 0.596402
-73.9 0.597224
-73.7 0.598061
-73.5 0.598899
-73.3 0.599691
-73.1 0.600497
-72.9 0.601381
-72.7 0.602221
-72.5 0.603059
-72.3 0.603862
-72.1 0.604725
-71.9 0.605588
-71.7 0.606436
-71.5 0.607312
-71.3 0.608125
-71.1 0.60899
-70.9 0.609796
-70.7 0.610575
-70.5 0.611387
-70.3 0.612159
-70.1 0.612956
-69.9 0.613785
-69.7 0.614602
-69.5 0.615426
-69.3 0.616275
-69.1 0.617102
-68.9 0.617917
-68.7 0.618732
-68.5 0.619538
-68.3 0.620335
-68.1 0.62114
-67.9 0.621907
-67.7 0.622807
-67.5 0.623563
-67.3 0.624344
-67.1 0.625191
-66.9 0.626056
-66.7 0.626846
-66.5 0.627686
-66.3 0.628579
-66.1 0.62936
-65.9 0.630134
-65.7 0.631033
-65.5 0.631876
-65.3 0.632704
-65.1 0.633519
-64.9 0.634359
-64.7 0.635197
-64.5 0.635994
-64.3 0.636807
-64.1 0.637638
-63.9 0.638457
-63.7 0.639281
-63.5 0.64008
-63.3 0.640966
-63.1 0.641797
-62.9 0.642669
-62.7 0.643483
-62.5 0.644323
-62.3 0.645147
-62.1 0.645985
-61.9 0.646857
-61.7 0.647724
-61.5 0.648619
-61.3 0.649418
-61.1 0.650202
-60.9 0.651041
-60.7 0.651943
-60.5 0.652754
-60.3 0.653674
-60.1 0.654468
-59.9 0.655322
-59.7 0.656103
-59.5 0.656968
-59.3 0.657735
-59.1 0.658548
-58.9 0.659434
-58.7 0.660329
-58.5 0.661221
-58.3 0.662028
-58.1 0.662861
-57.9 0.663733
-57.7 0.664548
-57.5 0.665466
-57.3 0.666286
-57.1 0.667107
-56.9 0.667966
-56.7 0.668719
-56.5 0.66955
-56.3 0.670367
-56.1 0.671171
-55.9 0.671931
-55.7 0.672699
-55.5 0.673573
-55.3 0.674409
-55.1 0.675192
-54.9 0.676107
-54.7 0.676904
-54.5 0.677744
-54.3 0.678539
-54.1 0.679406
-53.9 0.680235
-53.7 0.681055
-53.5 0.681869
-53.3 0.682705
-53.1 0.683602
-52.9 0.684451
-52.7 0.685312
-52.5 0.686139
-52.3 0.686968
-52.1 0.687769
-51.9 0.688591
-51.7 0.689356
-51.5 0.690196
-51.3 0.691041
-51.1 0.691906
-50.9 0.692748
-50.7 0.69357
-50.5 0.694401
-50.3 0.695241
-50.1 0.696091
-49.9 0.696965
-49.7 0.69776
-49.5 0.698643
-49.3 0.699456
-49.1 0.700362
-48.9 0.701211
-48.7 0.702106
-48.5 0.702906
-48.3 0.70372
-48.1 0.704563
-47.9 0.705417
-47.7 0.706225
-47.5 0.707058
-47.3 0.707907
-47.1 0.7087
-46.9 0.709549
-46.7 0.710417
-46.5 0.711214
-46.3 0.712058
-46.1 0.712921
-45.9 0.713752
-45.7 0.714595
-45.5 0.715432
-45.3 0.716232
-45.1 0.716998
-44.9 0.717747
-44.7 0.718526
-44.5 0.7194
-44.3 0.720142
-44.1 0.720974
-43.9 0.721846
-43.7 0.722727
-43.5 0.723592
-43.3 0.72443
-43.1 0.72519
-42.9 0.726021
-42.7 0.726747
-42.5 0.727478
-42.3 0.728261
-42.1 0.72908
-41.9 0.729932
-41.7 0.730779
-41.5 0.731594
-41.3 0.732347
-41.1 0.733124
-40.9 0.73395
-40.7 0.734706
-40.5 0.735491
-40.3 0.736364
-40.1 0.737217
-39.9 0.738021
-39.7 0.738763
-39.5 0.739557
-39.3 0.740341
-39.1 0.741149
-38.9 0.742007
-38.7 0.742806
-38.5 0.743678
-38.3 0.744548
-38.1 0.745358
-37.9 0.746205
-37.7 0.747018
-37.5 0.747792
-37.3 0.748619
-37.1 0.749454
-36.9 0.75024
-36.7 0.751098
-36.5 0.751936
-36.3 0.752749
-36.1 0.753546
-35.9 0.754392
-35.7 0.755242
-35.5 0.756068
-35.3 0.756933
-35.1 0.75773
-34.9 0.758566
-34.7 0.759377
-34.5 0.760224
-34.3 0.761054
-34.1 0.761856
-33.9 0.762698
-33.7 0.763541
-33.5 0.76436
-33.3 0.76521
-33.1 0.766073
-32.9 0.76686
-32.7 0.767766
-32.5 0.768616
-32.3 0.769429
-32.1 0.77026
-31.9 0.771081
-31.7 0.771897
-31.5 0.772746
-31.3 0.773678
-31.1 0.774543
-30.9 0.775356
-30.7 0.776205
-30.5 0.777008
-30.3 0.777801
-30.1 0.778655
-29.9 0.779461
-29.7 0.780228
-29.5 0.781045
-29.3 0.781899
-29.1 0.782631
-28.9 0.783465
-28.7 0.784367
-28.5 0.785189
-28.3 0.786001
-28.1 0.78685
-27.9 0.787638
-27.7 0.788385
-27.5 0.789184
-27.3 0.790044
-27.1 0.790823
-26.9 0.791569
-26.7 0.792389
-26.5 0.793223
-26.3 0.79399
-26.1 0.794745
-25.9 0.795469
-25.7 0.796319
-25.5 0.797154
-25.3 0.797981
-25.1 0.798821
-24.9 0.79961
-24.7 0.800426
-24.5 0.80122
-24.3 0.802049
-24.1 0.802946
-23.9 0.803793
-23.7 0.804604
-23.5 0.805359
-23.3 0.806195
-23.1 0.80695
-22.9 0.807818
-22.7 0.80864
-22.5 0.809441
-22.3 0.810302
-22.1 0.811115
-21.9 0.811903
-21.7 0.812688
-21.5 0.813571
-21.3 0.814359
-21.1 0.815183
-20.9 0.816053
-20.7 0.816911
-20.5 0.817681
-20.3 0.818512
-20.1 0.819329
-19.9 0.820178
-19.7 0.820932
-19.5 0.821768
-19.3 0.822585
-19.1 0.823389
-18.9 0.824245
-18.7 0.825048
-18.5 0.825841
-18.3 0.826623
-18.1 0.827461
-17.9 0.828215
-17.7 0.829078
-17.5 0.829893
-17.3 0.830731
-17.1 0.83155
-16.9 0.832434
-16.7 0.833196
-16.5 0.834005
-16.3 0.834788
-16.1 0.835685
-15.9 0.836475
-15.7 0.837244
-15.5 0.838032
-15.3 0.838916
-15.1 0.839733
-14.9 0.840527
-14.7 0.841347
-14.5 0.842192
-14.3 0.843027
-14.1 0.843799
-13.9 0.844646
-13.7 0.845452
-13.5 0.846281
-13.3 0.847103
-13.1 0.847933
-12.9 0.84878
-12.7 0.84957
-12.5 0.850353
-12.3 0.851166
-12.1 0.851984
-11.9 0.852846
-11.7 0.853541
-11.5 0.854379
-11.3 0.855171
-11.1 0.855965
-10.9 0.856742
-10.7 0.857572
-10.5 0.858388
-10.3 0.859211
-10.1 0.860072
-9.9 0.860942
-9.7 0.861769
-9.5 0.862543
-9.3 0.863371
-9.1 0.864164
-8.9 0.865027
-8.7 0.865878
-8.5 0.866736
-8.3 0.867549
-8.1 0.868371
-7.9 0.869152
-7.7 0.869981
-7.5 0.870778
-7.3 0.871615
-7.1 0.872488
-6.9 0.873302
-6.7 0.874081
-6.5 0.874948
-6.3 0.875766
-6.1 0.876613
-5.9 0.877423
-5.7 0.878277
-5.5 0.878989
-5.3 0.879787
-5.1 0.880665
-4.9 0.881528
-4.7 0.882368
-4.5 0.883172
-4.3 0.883982
-4.1 0.884816
-3.9 0.88562
-3.7 0.88645
-3.5 0.887345
-3.3 0.888151
-3.1 0.88898
-2.9 0.889727
-2.7 0.890562
-2.5 0.891377
-2.3 0.89227
-2.1 0.89306
-1.9 0.89388
-1.7 0.894706
-1.5 0.895528
-1.3 0.896345
-1.1 0.897188
-0.899999 0.898
-0.699999 0.898806
-0.499999 0.899633
-0.299999 0.900425
-0.0999994 0.901243
0.100001 0.902092
0.300001 0.902877
0.500001 0.903669
0.700001 0.904478
0.900001 0.905325
1.1 0.906199
1.3 0.907094
1.5 0.907941
1.7 0.908831
1.9 0.909713
2.1 0.910564
2.3 0.911413
2.5 0.91218
2.7 0.913053
2.9 0.913875
3.1 0.914724
3.3 0.915541
3.5 0.916272
3.7 0.917105
3.9 0.91795
4.1 0.91879
4.3 0.919669
4.5 0.920461
4.7 0.921294
4.9 0.922094
5.1 0.922854
5.3 0.923651
5.5 0.924465
5.7 0.925207
5.9 0.925974
6.1 0.926824
6.3 0.927639
6.5 0.928474
6.7 0.929321
6.9 0.930148
7.1 0.930963
7.3 0.931755
7.5 0.932588
7.7 0.93341
7.9 0.934264
8.1 0.935096
8.3 0.935851
8.5 0.93665
8.7 0.937509
8.9 0.938326
9.1 0.939168
9.3 0.939929
9.5 0.940783
9.7 0.941557
9.9 0.942301
10.1 0.943111
10.3 0.943896
10.5 0.944581
10.7 0.945319
10.9 0.94609
11.1 0.946833
11.3 0.947586
11.5 0.948403
11.7 0.949161
11.9 0.949969
12.1 0.950778
12.3 0.951565
12.5 0.952325
12.7 0.953033
12.9 0.953787
13.1 0.954568
13.3 0.955321
13.5 0.956136
13.7 0.95693
13.9 0.957752
14.1 0.958545
14.3 0.959284
14.5 0.959981
14.7 0.960716
14.9 0.961449
15.1 0.962172
15.3 0.96286
15.5 0.963597
15.7 0.9643
15.9 0.964935
16.1 0.965611
16.3 0.966296
16.5 0.966996
16.7 0.967684
16.9 0.96835
17.1 0.968944
17.3 0.96962
17.5 0.970304
17.7 0.970958
17.9 0.971624
18.1 0.97227
18.3 0.972916
18.5 0.973537
18.7 0.974129
18.9 0.974772
19.1 0.975393
19.3 0.97598
19.5 0.976558
19.7 0.977121
19.9 0.97777
20.1 0.978288
20.3 0.978893
20.5 0.979448
20.7 0.980065
20.9 0.980589
21.1 0.981062
21.3 0.98159
21.5 0.982035
21.7 0.982519
21.9 0.98301
22.1 0.983448
22.3 0.983966
22.5 0.984427
22.7 0.984889
22.9 0.985304
23.1 0.98577
23.3 0.986155
23.5 0.986571
23.7 0.986991
23.9 0.987388
24.1 0.987829
24.3 0.988219
24.5 0.988605
24.7 0.988978
24.9 0.989377
25.1 0.989736
25.3 0.990078
25.5 0.990429
25.7 0.990752
25.9 0.991037
26.1 0.991356
26.3 0.991683
26.5 0.99198
26.7 0.992299
26.9 0.992601
27.1 0.992875
27.3 0.993158
27.5 0.993409
27.7 0.993685
27.9 0.993918
28.1 0.994158
28.3 0.994386
28.5 0.994649
28.7 0.994877
28.9 0.995091
29.1 0.995308
29.3 0.99555
29.5 0.995731
29.7 0.995955
29.9 0.996144
30.1 0.996315
30.3 0.996486
30.5 0.996637
30.7 0.996792
30.9 0.99692
31.1 0.997076
31.3 0.997194
31.5 0.997317
31.7 0.997447
31.9 0.99758
32.1 0.997719
32.3 0.997843
32.5 0.997966
32.7 0.998062
32.9 0.998192
33.1 0.998308
33.3 0.998404
33.5 0.998493
33.7 0.998578
33.9 0.99863
34.1 0.998724
34.3 0.998799
34.5 0.998872
34.7 0.998932
34.9 0.998998
35.1 0.999055
35.3 0.999117
35.5 0.999181
35.7 0.999233
35.9 0.999285
36.1 0.999317
36.3 0.999354
36.5 0.999391
36.7 0.999438
36.9 0.999489
37.1 0.999523
37.3 0.999544
37.5 0.999569
37.7 0.999593
37.9 0.999616
38.1 0.999642
38.3 0.999658
38.5 0.999683
38.7 0.999705
38.9 0.999721
39.1 0.999742
39.3 0.999765
39.5 0.999779
39.7 0.999792
39.9 0.999808
40.1 0.999824
40.3 0.999842
40.5 0.999854
40.7 0.999861
40.9 0.999877
41.1 0.999883
41.3 0.999888
41.5 0.999895
41.7 0.999902
41.9 0.999907
42.1 0.999916
42.3 0.999925
42.5 0.999929
42.7 0.999938
42.9 0.999943
43.1 0.99995
43.3 0.999952
43.5 0.999961
43.7 0.999963
43.9 0.999966
44.1 0.999973
44.3 0.999975
44.5 0.999982
44.7 0.999984
44.9 0.999984
45.1 0.999986
45.3 0.999986
45.5 0.999986
45.7 0.999988
45.9 0.999989
46.1 0.999993
46.3 0.999995
46.5 0.999996
46.7 0.999996
46.9 0.999996
47.1 0.999996
47.3 0.999996
47.5 0.999996
47.7 0.999996
47.9 0.999996
48.1 0.999996
48.3 0.999996
48.5 0.999996
48.7 0.999996
48.9 0.999996
49.1 0.999996
49.3 0.999996
49.5 0.999998
49.7 0.999998
49.9 0.999998
50.1 1
