1292
-208.3 1.79461e-06
-208.1 1.79461e-06
-207.9 1.79461e-06
-207.7 1.79461e-06
-207.5 1.79461e-06
-207.3 1.79461e-06
-207.1 1.79461e-06
-206.9 1.79461e-06
-206.7 3.58923e-06
-206.5 3.58923e-06
-206.3 3.58923e-06
-206.1 3.58923e-06
-205.9 3.58923e-06
-205.7 3.58923e-06
-205.5 3.58923e-06
-205.3 3.58923e-06
-205.1 3.58923e-06
-204.9 3.58923e-06
-204.7 3.58923e-06
-204.5 3.58923e-06
-204.3 3.58923e-06
-204.1 3.58923e-06
-203.9 3.58923e-06
-203.7 3.58923e-06
-203.5 3.58923e-06
-203.3 3.58923e-06
-203.1 3.58923e-06
-202.9 3.58923e-06
-202.7 3.58923e-06
-202.5 3.58923e-06
-202.3 3.58923e-06
-202.1 3.58923e-06
-201.9 3.58923e-06
-201.7 3.58923e-06
-201.5 3.58923e-06
-201.3 3.58923e-06
-201.1 3.58923e-06
-200.9 3.58923e-06
-200.7 3.58923e-06
-200.5 3.58923e-06
-200.3 3.58923e-06
-200.1 3.58923e-06
-199.9 3.58923e-06
-199.7 3.58923e-06
-199.5 3.58923e-06
-199.3 3.58923e-06
-199.1 5.38384e-06
-198.9 5.38384e-06
-198.7 5.38384e-06
-198.5 7.17845e-06
-198.3 7.17845e-06
-198.1 7.17845e-06
-197.9 1.25623e-05
-197.7 1.79461e-05
-197.5 3.40977e-05
-197.3 4.84546e-05
-197.1 8.25522e-05
-196.9 0.000113061
-196.7 0.000175872
-196.5 0.000254835
-196.3 0.00036969
-196.1 0.000520438
-195.9 0.000710667
-195.7 0.000900896
-195.5 0.00118803
-195.3 0.00156849
-195.1 0.00202612
-194.9 0.00257348
-194.7 0.00324107
-194.5 0.00401635
-194.3 0.00495852
-194.1 0.00603529
-193.9 0.00742073
-193.7 0.00885821
-193.5 0.0103262
-193.3 0.0119019
-193.1 0.0136157
-192.9 0.015475
-192.7 0.0172785
-192.5 0.0191988
-192.3 0.021198
-192.1 0.0232582
-191.9 0.0252807
-191.7 0.0272997
-191.5 0.0292217
-191.3 0.0312873
-191.1 0.0333726
-190.9 0.0352677
-190.7 0.03731
-190.5 0.0393056
-190.3 0.0413784
-190.1 0.0433615
-189.9 0.0454342
-189.7 0.047446
-189.5 0.0493088
-189.3 0.0512165
-189.1 0.0532264
-188.9 0.0551772
-188.7 0.057101
-188.5 0.0590733
-188.3 0.0610922
-188.1 0.0630071
-187.9 0.0648861
-187.7 0.0667273
-187.5 0.0684968
-187.3 0.0702663
-187.1 0.0721112
-186.9 0.0739327
-186.7 0.0756896
-186.5 0.0775255
-186.3 0.0793327
-186.1 0.0810878
-185.9 0.0829327
-185.7 0.0846519
-185.5 0.0864483
-185.3 0.0883147
-185.1 0.0900429
-184.9 0.0916904
-184.7 0.0933271
-184.5 0.0950427
-184.3 0.0968338
-184.1 0.0985566
-183.9 0.100283
-183.7 0.101902
-183.5 0.103565
-183.3 0.105175
-183.1 0.106765
-182.9 0.108502
-182.7 0.110091
-182.5 0.111767
-182.3 0.113355
-182.1 0.114976
-181.9 0.116465
-181.7 0.118082
-181.5 0.119633
-181.3 0.121219
-181.1 0.122732
-180.9 0.124363
-180.7 0.125878
-180.5 0.127342
-180.3 0.128909
-180.1 0.130454
-179.9 0.131958
-179.7 0.133446
-179.5 0.134853
-179.3 0.13626
-179.1 0.137555
-178.9 0.138952
-178.7 0.140303
-178.5 0.141704
-178.3 0.143063
-178.1 0.144312
-177.9 0.145622
-177.7 0.146921
-177.5 0.148217
-177.3 0.149443
-177.1 0.150613
-176.9 0.15181
-176.7 0.152957
-176.5 0.154191
-176.3 0.155284
-176.1 0.156411
-175.9 0.157463
-175.7 0.158629
-175.5 0.159762
-175.3 0.160814
-175.1 0.161951
-174.9 0.163164
-174.7 0.164243
-174.5 0.165374
-174.3 0.166393
-174.1 0.167461
-173.9 0.168503
-173.7 0.169499
-173.5 0.170492
-173.3 0.171472
-173.1 0.172443
-172.9 0.173482
-172.7 0.174471
-172.5 0.175511
-172.3 0.176481
-172.1 0.177514
-171.9 0.178514
-171.7 0.179551
-171.5 0.180538
-171.3 0.181444
-171.1 0.182338
-170.9 0.183354
-170.7 0.184275
-170.5 0.185269
-170.3 0.186198
-170.1 0.187062
-169.9 0.187939
-169.7 0.188813
-169.5 0.189719
-169.3 0.190667
-169.1 0.191629
-168.9 0.192594
-168.7 0.19352
-168.5 0.194454
-168.3 0.19538
-168.1 0.19628
-167.9 0.197235
-167.7 0.198168
-167.5 0.199127
-167.3 0.200094
-167.1 0.201016
-166.9 0.201881
-166.7 0.202806
-166.5 0.203635
-166.3 0.204579
-166.1 0.205471
-165.9 0.206382
-165.7 0.207269
-165.5 0.208193
-165.3 0.209105
-165.1 0.210095
-164.9 0.21098
-164.7 0.211953
-164.5 0.212812
-164.3 0.21373
-164.1 0.214672
-163.9 0.215574
-163.7 0.216434
-163.5 0.21738
-163.3 0.218326
-163.1 0.219187
-162.9 0.220104
-162.7 0.220989
-162.5 0.221922
-162.3 0.222747
-162.1 0.223638
-161.9 0.224521
-161.7 0.225418
-161.5 0.226303
-161.3 0.227207
-161.1 0.22811
-160.9 0.228978
-160.7 0.229856
-160.5 0.230717
-160.3 0.231523
-160.1 0.232413
-159.9 0.233337
-159.7 0.234192
-159.5 0.235044
-159.3 0.235891
-159.1 0.236702
-158.9 0.23758
-158.7 0.238436
-158.5 0.239335
-158.3 0.240204
-158.1 0.241076
-157.9 0.241993
-157.7 0.242887
-157.5 0.243744
-157.3 0.244525
-157.1 0.245492
-156.9 0.246357
-156.7 0.247217
-156.5 0.248147
-156.3 0.249049
-156.1 0.249886
-155.9 0.250769
-155.7 0.251651
-155.5 0.25247
-155.3 0.253288
-155.1 0.254153
-154.9 0.254954
-154.7 0.255828
-154.5 0.256664
-154.3 0.257425
-154.1 0.258266
-153.9 0.259176
-153.7 0.260048
-153.5 0.260782
-153.3 0.261644
-153.1 0.262504
-152.9 0.263327
-152.7 0.264088
-152.5 0.264892
-152.3 0.26575
-152.1 0.266558
-151.9 0.267403
-151.7 0.268205
-151.5 0.269061
-151.3 0.269879
-151.1 0.270716
-150.9 0.271579
-150.7 0.272415
-150.5 0.273205
-150.3 0.274036
-150.1 0.274885
-149.9 0.275694
-149.7 0.276473
-149.5 0.277209
-149.3 0.278027
-149.1 0.278813
-148.9 0.279545
-148.7 0.280295
-148.5 0.281053
-148.3 0.281842
-148.1 0.282628
-147.9 0.283323
-147.7 0.284127
-147.5 0.284951
-147.3 0.285708
-147.1 0.286419
-146.9 0.287237
-146.7 0.288061
-146.5 0.288872
-146.3 0.289647
-146.1 0.290447
-145.9 0.291207
-145.7 0.292
-145.5 0.292739
-145.3 0.293502
-145.1 0.294275
-144.9 0.29506
-144.7 0.295883
-144.5 0.2967
-144.3 0.297507
-144.1 0.298356
-143.9 0.299108
-143.7 0.299912
-143.5 0.300745
-143.3 0.30163
-143.1 0.302452
-142.9 0.303241
-142.7 0.304094
-142.5 0.30491
-142.3 0.305729
-142.1 0.306545
-141.9 0.307331
-141.7 0.30815
-141.5 0.308928
-141.3 0.309684
-141.1 0.310536
-140.9 0.311331
-140.7 0.3122
-140.5 0.313017
-140.3 0.313907
-140.1 0.314736
-139.9 0.315624
-139.7 0.316446
-139.5 0.317263
-139.3 0.318049
-139.1 0.318881
-138.9 0.31971
-138.7 0.32061
-138.5 0.321446
-138.3 0.322311
-138.1 0.323206
-137.9 0.324082
-137.7 0.324881
-137.5 0.325769
-137.3 0.326577
-137.1 0.327422
-136.9 0.328271
-136.7 0.329186
-136.5 0.329994
-136.3 0.330954
-136.1 0.331844
-135.9 0.332741
-135.7 0.333522
-135.5 0.334417
-135.3 0.33527
-135.1 0.336171
-134.9 0.337125
-134.7 0.338023
-134.5 0.338916
-134.3 0.339833
-134.1 0.340749
-133.9 0.341601
-133.7 0.342504
-133.5 0.343354
-133.3 0.344219
-133.1 0.345111
-132.9 0.345989
-132.7 0.346849
-132.5 0.347746
-132.3 0.348614
-132.1 0.349456
-131.9 0.35031
-131.7 0.351186
-131.5 0.352076
-131.3 0.352934
-131.1 0.353808
-130.9 0.354623
-130.7 0.355511
-130.5 0.35645
-130.3 0.357343
-130.1 0.358239
-129.9 0.35912
-129.7 0.360026
-129.5 0.360843
-129.3 0.361722
-129.1 0.3626
-128.9 0.363483
-128.7 0.364373
-128.5 0.365173
-128.3 0.366146
-128.1 0.367156
-127.9 0.368057
-127.7 0.368985
-127.5 0.369884
-127.3 0.370724
-127.1 0.371636
-126.9 0.372481
-126.7 0.37335
-126.5 0.374207
-126.3 0.375033
-126.1 0.375991
-125.9 0.376842
-125.7 0.377682
-125.5 0.378522
-125.3 0.37941
-125.1 0.380257
-124.9 0.381162
-124.7 0.381971
-124.5 0.382906
-124.3 0.383801
-124.1 0.384679
-123.9 0.385535
-123.7 0.386411
-123.5 0.387301
-123.3 0.388182
-123.1 0.389044
-122.9 0.389894
-122.7 0.390784
-122.5 0.3917
-122.3 0.392557
-122.1 0.39341
-121.9 0.394266
-121.7 0.395172
-121.5 0.396071
-121.3 0.39694
-121.1 0.397708
-120.9 0.398539
-120.7 0.399425
-120.5 0.400269
-120.3 0.4011
-120.1 0.401979
-119.9 0.402792
-119.7 0.40363
-119.5 0.404456
-119.3 0.405319
-119.1 0.406152
-118.9 0.407035
-118.7 0.407946
-118.5 0.408908
-118.3 0.409778
-118.1 0.410638
-117.9 0.411498
-117.7 0.412325
-117.5 0.413199
-117.3 0.414028
-117.1 0.414881
-116.9 0.415758
-116.7 0.416661
-116.5 0.417431
-116.3 0.418267
-116.1 0.419127
-115.9 0.419959
-115.7 0.420765
-115.5 0.421666
-115.3 0.422508
-115.1 0.423348
-114.9 0.424182
-114.7 0.424988
-114.5 0.425821
-114.3 0.426651
-114.1 0.42757
-113.9 0.428358
-113.7 0.429137
-113.5 0.429973
-113.3 0.43088
-113.1 0.431806
-112.9 0.43269
-112.7 0.433555
-112.5 0.434444
-112.3 0.435312
-112.1 0.43612
-111.9 0.436978
-111.7 0.437819
-111.5 0.438683
-111.3 0.439539
-111.1 0.440382
-110.9 0.441181
-110.7 0.441976
-110.5 0.442866
-110.3 0.443729
-110.1 0.444598
-109.9 0.445466
-109.7 0.446328
-109.5 0.447167
-109.3 0.447995
-109.1 0.448858
-108.9 0.449626
-108.7 0.450441
-108.5 0.451302
-108.3 0.452072
-108.1 0.452957
-107.9 0.453768
-107.7 0.454678
-107.5 0.455516
-107.3 0.456399
-107.1 0.457255
-106.9 0.457966
-106.7 0.458832
-106.5 0.459592
-106.3 0.460462
-106.1 0.461361
-105.9 0.462205
-105.7 0.463107
-105.5 0.463952
-105.3 0.464774
-105.1 0.465591
-104.9 0.4664
-104.7 0.467246
-104.5 0.468109
-104.3 0.469022
-104.1 0.469925
-103.9 0.470785
-103.7 0.471666
-103.5 0.472403
-103.3 0.473232
-103.1 0.474058
-102.9 0.474842
-102.7 0.475709
-102.5 0.476535
-102.3 0.477326
-102.1 0.478143
-101.9 0.479029
-101.7 0.479885
-101.5 0.480666
-101.3 0.481506
-101.1 0.482358
-100.9 0.483157
-100.7 0.483962
-100.5 0.48486
-100.3 0.485612
-100.1 0.486421
-99.9 0.487182
-99.7 0.487938
-99.5 0.488806
-99.3 0.489684
-99.1 0.490513
-98.9 0.491304
-98.7 0.492162
-98.5 0.492977
-98.3 0.493763
-98.1 0.494617
-97.9 0.495453
-97.7 0.496257
-97.5 0.49704
-97.3 0.497919
-97.1 0.498781
-96.9 0.499574
-96.7 0.50041
-96.5 0.50125
-96.3 0.502031
-96.1 0.502933
-95.9 0.503829
-95.7 0.504676
-95.5 0.505514
-95.3 0.506357
-95.1 0.507235
-94.9 0.508064
-94.7 0.508825
-94.5 0.509658
-94.3 0.510446
-94.1 0.511314
-93.9 0.512141
-93.7 0.512987
-93.5 0.513825
-93.3 0.514623
-93.1 0.515454
-92.9 0.516253
-92.7 0.516998
-92.5 0.517787
-92.3 0.518545
-92.1 0.519411
-91.9 0.520205
-91.7 0.521
-91.5 0.521748
-91.3 0.52259
-91.1 0.523385
-90.9 0.52421
-90.7 0.525093
-90.5 0.525965
-90.3 0.526769
-90.1 0.527525
-89.9 0.528345
-89.7 0.529208
-89.5 0.530052
-89.3 0.530823
-89.1 0.531541
-88.9 0.532367
-88.7 0.533194
-88.5 0.534055
-88.3 0.534888
-88.1 0.535656
-87.9 0.536406
-87.7 0.537227
-87.5 0.538032
-87.3 0.538854
-87.1 0.539595
-86.9 0.540435
-86.7 0.541261
-86.5 0.54204
-86.3 0.542878
-86.1 0.543693
-85.9 0.544479
-85.7 0.545295
-85.5 0.54606
-85.3 0.546862
-85.1 0.547601
-84.9 0.548393
-84.7 0.549179
-84.5 0.550022
-84.3 0.550801
-84.1 0.551571
-83.9 0.552344
-83.7 0.553208
-83.5 0.554003
-83.3 0.554828
-83.1 0.555629
-82.9 0.556447
-82.7 0.557317
-82.5 0.558096
-82.3 0.558907
-82.1 0.55976
-81.9 0.560513
-81.7 0.561298
-81.5 0.562042
-81.3 0.562843
-81.1 0.563638
-80.9 0.564465
-80.7 0.565289
-80.5 0.566114
-80.3 0.566913
-80.1 0.567706
-79.9 0.568523
-79.7 0.569316
-79.5 0.570073
-79.3 0.570899
-79.1 0.571696
-78.9 0.572457
-78.7 0.573266
-78.5 0.574059
-78.3 0.574811
-78.1 0.575536
-77.9 0.576367
-77.7 0.57716
-77.5 0.577914
-77.3 0.578758
-77.1 0.579596
-76.9 0.580376
-76.7 0.581164
-76.5 0.582004
-76.3 0.582826
-76.1 0.58368
-75.9 0.584482
-75.7 0.58531
-75.5 0.586193
-75.3 0.587068
-75.1 0.587892
-74.9 0.588619
-74.7 0.58943
-74.5 0.590308
-74.3 0.591162
-74.1 0.591998
-73.9 0.592802
-73.7 0.593559
-73.5 0.59436
-73.3 0.595157
-73.1 0.595948
-72.9 0.596743
-72.7 0.597601
-72.5 0.598383
-72.3 0.599205
-72.1 0.599961
-71.9 0.600729
-71.7 0.601529
-71.5 0.602389
-71.3 0.603161
-71.1 0.603981
-70.9 0.60476
-70.7 0.605587
-70.5 0.6064
-70.3 0.607172
-70.1 0.608049
-69.9 0.60883
-69.7 0.609664
-69.5 0.610524
-69.3 0.611308
-69.1 0.612164
-68.9 0.612959
-68.7 0.613758
-68.5 0.614652
-68.3 0.615452
-68.1 0.616313
-67.9 0.617207
-67.7 0.61802
-67.5 0.618908
-67.3 0.619784
-67.1 0.62061
-66.9 0.621385
-66.7 0.622219
-66.5 0.623149
-66.3 0.623948
-66.1 0.624863
-65.9 0.625635
-65.7 0.626444
-65.5 0.627331
-65.3 0.628154
-65.1 0.628939
-64.9 0.629739
-64.7 0.630624
-64.5 0.631541
-64.3 0.632407
-64.1 0.633348
-63.9 0.634181
-63.7 0.635135
-63.5 0.636027
-63.3 0.636923
-63.1 0.637755
-62.9 0.638629
-62.7 0.639473
-62.5 0.640354
-62.3 0.641172
-62.1 0.642052
-61.9 0.642875
-61.7 0.643726
-61.5 0.644631
-61.3 0.645497
-61.1 0.646373
-60.9 0.647209
-60.7 0.648031
-60.5 0.648796
-60.3 0.649582
-60.1 0.650461
-59.9 0.651325
-59.7 0.652236
-59.5 0.653074
-59.3 0.653923
-59.1 0.654661
-58.9 0.655519
-58.7 0.656448
-58.5 0.65731
-58.3 0.658146
-58.1 0.658957
-57.9 0.659757
-57.7 0.660594
-57.5 0.661453
-57.3 0.66225
-57.1 0.663038
-56.9 0.663837
-56.7 0.664562
-56.5 0.665362
-56.3 0.666175
-56.1 0.667036
-55.9 0.667882
-55.7 0.668804
-55.5 0.669608
-55.3 0.670403
-55.1 0.6712
-54.9 0.671921
-54.7 0.672747
-54.5 0.673495
-54.3 0.674349
-54.1 0.675171
-53.9 0.676042
-53.7 0.676914
-53.5 0.677747
-53.3 0.678603
-53.1 0.679408
-52.9 0.680232
-52.7 0.681002
-52.5 0.681781
-52.3 0.682599
-52.1 0.6834
-51.9 0.684155
-51.7 0.684982
-51.5 0.685779
-51.3 0.68658
-51.1 0.687387
-50.9 0.688168
-50.7 0.688922
-50.5 0.689742
-50.3 0.69054
-50.1 0.691447
-49.9 0.692301
-49.7 0.6931
-49.5 0.693921
-49.3 0.69476
-49.1 0.695596
-48.9 0.696403
-48.7 0.697222
-48.5 0.698011
-48.3 0.698862
-48.1 0.699729
-47.9 0.700614
-47.7 0.701471
-47.5 0.702286
-47.3 0.703035
-47.1 0.703813
-46.9 0.704605
-46.7 0.705391
-46.5 0.706146
-46.3 0.706945
-46.1 0.707774
-45.9 0.708618
-45.7 0.709418
-45.5 0.710218
-45.3 0.711065
-45.1 0.711834
-44.9 0.712584
-44.7 0.713395
-44.5 0.714202
-44.3 0.715028
-44.1 0.715825
-43.9 0.716629
-43.7 0.71746
-43.5 0.718312
-43.3 0.7191
-43.1 0.719881
-42.9 0.720615
-42.7 0.721447
-42.5 0.722264
-42.3 0.723068
-42.1 0.723915
-41.9 0.724701
-41.7 0.725474
-41.5 0.726327
-41.3 0.727124
-41.1 0.727981
-40.9 0.728748
-40.7 0.729566
-40.5 0.730347
-40.3 0.731126
-40.1 0.731921
-39.9 0.732838
-39.7 0.733667
-39.5 0.734444
-39.3 0.735257
-39.1 0.73612
-38.9 0.737014
-38.7 0.737823
-38.5 0.73865
-38.3 0.739456
-38.1 0.740285
-37.9 0.741131
-37.7 0.741994
-37.5 0.74278
-37.3 0.743621
-37.1 0.74444
-36.9 0.745246
-36.7 0.746091
-36.5 0.746839
-36.3 0.747717
-36.1 0.748578
-35.9 0.749445
-35.7 0.750254
-35.5 0.75104
-35.3 0.751896
-35.1 0.752717
-34.9 0.753583
-34.7 0.754432
-34.5 0.755281
-34.3 0.756125
-34.1 0.756975
-33.9 0.757779
-33.7 0.758571
-33.5 0.759477
-33.3 0.760288
-33.1 0.761112
-32.9 0.762007
-32.7 0.762802
-32.5 0.763664
-32.3 0.764509
-32.1 0.765268
-31.9 0.766165
-31.7 0.767057
-31.5 0.767831
-31.3 0.768719
-31.1 0.769514
-30.9 0.77034
-30.7 0.771144
-30.5 0.77198
-30.3 0.772852
-30.1 0.773712
-29.9 0.774537
-29.7 0.775309
-29.5 0.776154
-29.3 0.777008
-29.1 0.777812
-28.9 0.778663
-28.7 0.77951
-28.5 0.780316
-28.3 0.781102
-28.1 0.781919
-27.9 0.782742
-27.7 0.783618
-27.5 0.784517
-27.3 0.785359
-27.1 0.786181
-26.9 0.787015
-26.7 0.787825
-26.5 0.78869
-26.3 0.789526
-26.1 0.790407
-25.9 0.791247
-25.7 0.792094
-25.5 0.792963
-25.3 0.793776
-25.1 0.794619
-24.9 0.795432
-24.7 0.796179
-24.5 0.797008
-24.3 0.797824
-24.1 0.798639
-23.9 0.799439
-23.7 0.800261
-23.5 0.801042
-23.3 0.801772
-23.1 0.802585
-22.9 0.803395
-22.7 0.80424
-22.5 0.80501
-22.3 0.805783
-22.1 0.806668
-21.9 0.807463
-21.7 0.808296
-21.5 0.809082
-21.3 0.809986
-21.1 0.810756
-20.9 0.811549
-20.7 0.812307
-20.5 0.813154
-20.3 0.813976
-20.1 0.814807
-19.9 0.815677
-19.7 0.81656
-19.5 0.817421
-19.3 0.81822
-19.1 0.818999
-18.9 0.819882
-18.7 0.820636
-18.5 0.821452
-18.3 0.822279
-18.1 0.823166
-17.9 0.823974
-17.7 0.824813
-17.5 0.825605
-17.3 0.826411
-17.1 0.827281
-16.9 0.828135
-16.7 0.828907
-16.5 0.829734
-16.3 0.830596
-16.1 0.831452
-15.9 0.83229
-15.7 0.833056
-15.5 0.833896
-15.3 0.834711
-15.1 0.835475
-14.9 0.836317
-14.7 0.837132
-14.5 0.837925
-14.3 0.838684
-14.1 0.839486
-13.9 0.840344
-13.7 0.841178
-13.5 0.842042
-13.3 0.842856
-13.1 0.843729
-12.9 0.844576
-12.7 0.84531
-12.5 0.846146
-12.3 0.846934
-12.1 0.847801
-11.9 0.848599
-11.7 0.84938
-11.5 0.850141
-11.3 0.850945
-11.1 0.851767
-10.9 0.852628
-10.7 0.853412
-10.5 0.854268
-10.3 0.855085
-10.1 0.85593
-9.9 0.856765
-9.7 0.857594
-9.5 0.858371
-9.3 0.859195
-9.1 0.859995
-8.9 0.860779
-8.7 0.861605
-8.5 0.862432
-8.3 0.863211
-8.1 0.864006
-7.9 0.864776
-7.7 0.865539
-7.5 0.86635
-7.3 0.8671
-7.1 0.86785
-6.9 0.868668
-6.7 0.869512
-6.5 0.870341
-6.3 0.871224
-6.1 0.872006
-5.9 0.872762
-5.7 0.873604
-5.5 0.874393
-5.3 0.875183
-5.1 0.875974
-4.9 0.876802
-4.7 0.877693
-4.5 0.878433
-4.3 0.879294
-4.1 0.880129
-3.9 0.880965
-3.7 0.881769
-3.5 0.882552
-3.3 0.883305
-3.1 0.884195
-2.9 0.885017
-2.7 0.885787
-2.5 0.886564
-2.3 0.887375
-2.1 0.888206
-1.9 0.889037
-1.7 0.889866
-1.5 0.890699
-1.3 0.891521
-1.1 0.892302
-0.899999 0.893152
-0.699999 0.893985
-0.499999 0.894681
-0.299999 0.895514
-0.0999994 0.896375
0.100001 0.897179
0.300001 0.898007
0.500001 0.898856
0.700001 0.899679
0.900001 0.900519
1.1 0.901343
1.3 0.902143
1.5 0.902962
1.7 0.903787
1.9 0.904573
2.1 0.905383
2.3 0.906248
2.5 0.907052
2.7 0.907856
2.9 0.908651
3.1 0.909503
3.3 0.910332
3.5 0.911109
3.7 0.911852
3.9 0.912706
4.1 0.91351
4.3 0.914332
4.5 0.91507
4.7 0.915852
4.9 0.91668
5.1 0.917518
5.3 0.918372
5.5 0.919151
5.7 0.919948
5.9 0.920804
6.1 0.921579
6.3 0.922394
6.5 0.923174
6.7 0.924002
6.9 0.924761
7.1 0.925624
7.3 0.926448
7.5 0.927291
7.7 0.928101
7.9 0.928906
8.1 0.929714
8.3 0.930495
8.5 0.931297
8.7 0.93207
8.9 0.93293
9.1 0.93382
9.3 0.934637
9.5 0.935466
9.7 0.936273
9.9 0.93702
10.1 0.937831
10.3 0.938723
10.5 0.939572
10.7 0.940365
10.9 0.941196
11.1 0.942011
11.3 0.942831
11.5 0.943701
11.7 0.944487
11.9 0.945286
12.1 0.946079
12.3 0.94686
12.5 0.947682
12.7 0.948487
12.9 0.949324
13.1 0.950165
13.3 0.950996
13.5 0.951775
13.7 0.952518
13.9 0.953259
14.1 0.95404
14.3 0.954842
14.5 0.955603
14.7 0.956319
14.9 0.957094
15.1 0.957846
15.3 0.95864
15.5 0.959431
15.7 0.960143
15.9 0.960917
16.1 0.961606
16.3 0.96238
16.5 0.963072
16.7 0.96379
16.9 0.964567
17.1 0.965326
17.3 0.966035
17.5 0.966746
17.7 0.967474
17.9 0.96818
18.1 0.968926
18.3 0.969617
18.5 0.970353
18.7 0.971003
18.9 0.971636
19.1 0.972309
19.3 0.972952
19.5 0.973564
19.7 0.974195
19.9 0.974759
20.1 0.975349
20.3 0.975934
20.5 0.976519
20.7 0.977126
20.9 0.977781
21.1 0.97838
21.3 0.978949
21.5 0.979525
21.7 0.980101
21.9 0.980622
22.1 0.981297
22.3 0.981824
22.5 0.982328
22.7 0.982797
22.9 0.983319
23.1 0.98377
23.3 0.984274
23.5 0.984749
23.7 0.985198
23.9 0.985632
24.1 0.986049
24.3 0.986505
24.5 0.986921
24.7 0.987292
24.9 0.987736
25.1 0.988147
25.3 0.988514
25.5 0.988924
25.7 0.989286
25.9 0.989647
26.1 0.990013
26.3 0.990334
26.5 0.990609
26.7 0.99095
26.9 0.991289
27.1 0.991598
27.3 0.991939
27.5 0.992237
27.7 0.992534
27.9 0.992823
28.1 0.993091
28.3 0.993362
28.5 0.9936
28.7 0.993862
28.9 0.994076
29.1 0.994284
29.3 0.994555
29.5 0.994762
29.7 0.994973
29.9 0.99518
30.1 0.995377
30.3 0.995566
30.5 0.995722
30.7 0.995924
30.9 0.996111
31.1 0.99631
31.3 0.996492
31.5 0.996669
31.7 0.996838
31.9 0.996974
32.1 0.997102
32.3 0.997285
32.5 0.997421
32.7 0.997536
32.9 0.997647
33.1 0.997778
33.3 0.997893
33.5 0.997997
33.7 0.998087
33.9 0.998191
34.1 0.998299
34.3 0.998392
34.5 0.998491
34.7 0.998568
34.9 0.998638
35.1 0.998713
35.3 0.998785
35.5 0.998848
35.7 0.998916
35.9 0.998966
36.1 0.999015
36.3 0.999076
36.5 0.999121
36.7 0.999183
36.9 0.999239
37.1 0.999288
37.3 0.999316
37.5 0.999354
37.7 0.999393
37.9 0.999424
38.1 0.999458
38.3 0.999489
38.5 0.999523
38.7 0.999546
38.9 0.999571
39.1 0.999598
39.3 0.999629
39.5 0.99965
39.7 0.999679
39.9 0.999709
40.1 0.999731
40.3 0.999747
40.5 0.999758
40.7 0.999774
40.9 0.999792
41.1 0.999806
41.3 0.999821
41.5 0.99983
41.7 0.999847
41.9 0.999856
42.1 0.999865
42.3 0.999873
42.5 0.999885
42.7 0.999894
42.9 0.999903
43.1 0.999912
43.3 0.999916
43.5 0.999921
43.7 0.99993
43.9 0.99993
44.1 0.999935
44.3 0.999943
44.5 0.999952
44.7 0.999957
44.9 0.999959
45.1 0.999961
45.3 0.999966
45.5 0.999966
45.7 0.999969
45.9 0.999969
46.1 0.999969
46.3 0.999977
46.5 0.999977
46.7 0.999977
46.9 0.999978
47.1 0.99998
47.3 0.999982
47.5 0.999986
47.7 0.999987
47.9 0.999987
48.1 0.999991
48.3 0.999995
48.5 0.999995
48.7 0.999995
48.9 0.999995
49.1 0.999995
49.3 0.999995
49.5 0.999996
49.7 0.999998
49.9 1
