1298
-209.5 1.91218e-06
-209.3 1.91218e-06
-209.1 1.91218e-06
-208.9 1.91218e-06
-208.7 1.91218e-06
-208.5 1.91218e-06
-208.3 1.91218e-06
-208.1 1.91218e-06
-207.9 3.82437e-06
-207.7 3.82437e-06
-207.5 3.82437e-06
-207.3 3.82437e-06
-207.1 3.82437e-06
-206.9 3.82437e-06
-206.7 3.82437e-06
-206.5 5.73655e-06
-206.3 7.64874e-06
-206.1 9.56092e-06
-205.9 1.14731e-05
-205.7 1.33853e-05
-205.5 1.52975e-05
-205.3 1.72097e-05
-205.1 1.91218e-05
-204.9 1.91218e-05
-204.7 1.91218e-05
-204.5 1.91218e-05
-204.3 2.29462e-05
-204.1 2.29462e-05
-203.9 2.48584e-05
-203.7 2.48584e-05
-203.5 2.86828e-05
-203.3 2.86828e-05
-203.1 2.86828e-05
-202.9 2.86828e-05
-202.7 2.86828e-05
-202.5 2.86828e-05
-202.3 2.86828e-05
-202.1 2.86828e-05
-201.9 2.86828e-05
-201.7 2.86828e-05
-201.5 2.86828e-05
-201.3 2.86828e-05
-201.1 3.0595e-05
-200.9 3.44193e-05
-200.7 3.44193e-05
-200.5 3.63315e-05
-200.3 3.63315e-05
-200.1 4.20681e-05
-199.9 4.20681e-05
-199.7 4.78046e-05
-199.5 5.54534e-05
-199.3 6.11899e-05
-199.1 7.2663e-05
-198.9 8.98727e-05
-198.7 0.00010517
-198.5 0.000124292
-198.3 0.00018357
-198.1 0.000229462
-197.9 0.000290652
-197.7 0.000372876
-197.5 0.000478046
-197.3 0.000625284
-197.1 0.000774435
-196.9 0.000959917
-196.7 0.00120085
-196.5 0.00149342
-196.3 0.00182996
-196.1 0.00222961
-195.9 0.00265794
-195.7 0.00317805
-195.5 0.00376318
-195.3 0.00440376
-195.1 0.00517437
-194.9 0.00593925
-194.7 0.00688195
-194.5 0.00789159
-194.3 0.00889548
-194.1 0.0100543
-193.9 0.0111691
-193.7 0.0122915
-193.5 0.0135191
-193.3 0.0147468
-193.1 0.0160107
-192.9 0.0172919
-192.7 0.0187662
-192.5 0.0201888
-192.3 0.0216459
-192.1 0.0231929
-191.9 0.0246863
-191.7 0.0261874
-191.5 0.0276731
-191.3 0.0292297
-191.1 0.030811
-190.9 0.0322719
-190.7 0.0338265
-190.5 0.0353888
-190.3 0.0370084
-190.1 0.0385611
-189.9 0.040131
-189.7 0.0417506
-189.5 0.0433358
-189.3 0.0448541
-189.1 0.0465368
-188.9 0.0481297
-188.7 0.0496116
-188.5 0.0512351
-188.3 0.052849
-188.1 0.0543481
-187.9 0.0558913
-187.7 0.0574133
-187.5 0.0589278
-187.3 0.0604289
-187.1 0.0619624
-186.9 0.063475
-186.7 0.0649971
-186.5 0.0664848
-186.3 0.0679514
-186.1 0.0694486
-185.9 0.0709784
-185.7 0.0724775
-185.5 0.073862
-185.3 0.0753477
-185.1 0.0768278
-184.9 0.0783059
-184.7 0.0797916
-184.5 0.0812258
-184.3 0.0826351
-184.1 0.0840864
-183.9 0.0853982
-183.7 0.0868648
-183.5 0.0882282
-183.3 0.0895992
-183.1 0.0909894
-182.9 0.0922878
-182.7 0.0936282
-182.5 0.0949457
-182.3 0.0962575
-182.1 0.0974947
-181.9 0.0988274
-181.7 0.100063
-181.5 0.101235
-181.3 0.102464
-181.1 0.103744
-180.9 0.104937
-180.7 0.106132
-180.5 0.107362
-180.3 0.108578
-180.1 0.109715
-179.9 0.110826
-179.7 0.11193
-179.5 0.113027
-179.3 0.114087
-179.1 0.115188
-178.9 0.11632
-178.7 0.117446
-178.5 0.118599
-178.3 0.119741
-178.1 0.120839
-177.9 0.121932
-177.7 0.12308
-177.5 0.124133
-177.3 0.125223
-177.1 0.126252
-176.9 0.127288
-176.7 0.128327
-176.5 0.129283
-176.3 0.130264
-176.1 0.131277
-175.9 0.132195
-175.7 0.133207
-175.5 0.134262
-175.3 0.135394
-175.1 0.136385
-174.9 0.137434
-174.7 0.138436
-174.5 0.139394
-174.3 0.14037
-174.1 0.141402
-173.9 0.142366
-173.7 0.143332
-173.5 0.144309
-173.3 0.145251
-173.1 0.146196
-172.9 0.147177
-172.7 0.148202
-172.5 0.149177
-172.3 0.150085
-172.1 0.151034
-171.9 0.151967
-171.7 0.15295
-171.5 0.153845
-171.3 0.154749
-171.1 0.155692
-170.9 0.156596
-170.7 0.157507
-170.5 0.158361
-170.3 0.159293
-170.1 0.160287
-169.9 0.161228
-169.7 0.162113
-169.5 0.163025
-169.3 0.163922
-169.1 0.164823
-168.9 0.165739
-168.7 0.166651
-168.5 0.167551
-168.3 0.16845
-168.1 0.169309
-167.9 0.170259
-167.7 0.171185
-167.5 0.172106
-167.3 0.17302
-167.1 0.173885
-166.9 0.174747
-166.7 0.175669
-166.5 0.176611
-166.3 0.17755
-166.1 0.178403
-165.9 0.17938
-165.7 0.180373
-165.5 0.18126
-165.3 0.182203
-165.1 0.183074
-164.9 0.183966
-164.7 0.184897
-164.5 0.185776
-164.3 0.186654
-164.1 0.187518
-163.9 0.188362
-163.7 0.18928
-163.5 0.190194
-163.3 0.191152
-163.1 0.192012
-162.9 0.19297
-162.7 0.193821
-162.5 0.194745
-162.3 0.195611
-162.1 0.196523
-161.9 0.19742
-161.7 0.198292
-161.5 0.199158
-161.3 0.200057
-161.1 0.200923
-160.9 0.201785
-160.7 0.202734
-160.5 0.203617
-160.3 0.204434
-160.1 0.205374
-159.9 0.206271
-159.7 0.207174
-159.5 0.20812
-159.3 0.209065
-159.1 0.209906
-158.9 0.210786
-158.7 0.211664
-158.5 0.212583
-158.3 0.21345
-158.1 0.21439
-157.9 0.215255
-157.7 0.216132
-157.5 0.217048
-157.3 0.217976
-157.1 0.218951
-156.9 0.219832
-156.7 0.220789
-156.5 0.221622
-156.3 0.222515
-156.1 0.223485
-155.9 0.224347
-155.7 0.225215
-155.5 0.226124
-155.3 0.226984
-155.1 0.227929
-154.9 0.22886
-154.7 0.229716
-154.5 0.230594
-154.3 0.231481
-154.1 0.232359
-153.9 0.233229
-153.7 0.234065
-153.5 0.234992
-153.3 0.235918
-153.1 0.236803
-152.9 0.23773
-152.7 0.238625
-152.5 0.239507
-152.3 0.240429
-152.1 0.241413
-151.9 0.242236
-151.7 0.243132
-151.5 0.244094
-151.3 0.245024
-151.1 0.245907
-150.9 0.246817
-150.7 0.247666
-150.5 0.24855
-150.3 0.24942
-150.1 0.250297
-149.9 0.25123
-149.7 0.252072
-149.5 0.252938
-149.3 0.253825
-149.1 0.254678
-148.9 0.255567
-148.7 0.256468
-148.5 0.257382
-148.3 0.258281
-148.1 0.259225
-147.9 0.26012
-147.7 0.261013
-147.5 0.261862
-147.3 0.262769
-147.1 0.263633
-146.9 0.264513
-146.7 0.265421
-146.5 0.266297
-146.3 0.267176
-146.1 0.267995
-145.9 0.268867
-145.7 0.269739
-145.5 0.270593
-145.3 0.271417
-145.1 0.272224
-144.9 0.273173
-144.7 0.274094
-144.5 0.275005
-144.3 0.275917
-144.1 0.276773
-143.9 0.277565
-143.7 0.278426
-143.5 0.279198
-143.3 0.280082
-143.1 0.280976
-142.9 0.281839
-142.7 0.282761
-142.5 0.283594
-142.3 0.284434
-142.1 0.285288
-141.9 0.286151
-141.7 0.287034
-141.5 0.287849
-141.3 0.288753
-141.1 0.289616
-140.9 0.290451
-140.7 0.291354
-140.5 0.292277
-140.3 0.293086
-140.1 0.293993
-139.9 0.2948
-139.7 0.295557
-139.5 0.29648
-139.3 0.297333
-139.1 0.298173
-138.9 0.299022
-138.7 0.299898
-138.5 0.300769
-138.3 0.301574
-138.1 0.30246
-137.9 0.303301
-137.7 0.304196
-137.5 0.305072
-137.3 0.305959
-137.1 0.306779
-136.9 0.307711
-136.7 0.308598
-136.5 0.30947
-136.3 0.310422
-136.1 0.311275
-135.9 0.312149
-135.7 0.31295
-135.5 0.313853
-135.3 0.314765
-135.1 0.315642
-134.9 0.316472
-134.7 0.317371
-134.5 0.318293
-134.3 0.319094
-134.1 0.320025
-133.9 0.320912
-133.7 0.321773
-133.5 0.322681
-133.3 0.323553
-133.1 0.324417
-132.9 0.325309
-132.7 0.326224
-132.5 0.327129
-132.3 0.32802
-132.1 0.328944
-131.9 0.329925
-131.7 0.330821
-131.5 0.331779
-131.3 0.33269
-131.1 0.33356
-130.9 0.334464
-130.7 0.335348
-130.5 0.336185
-130.3 0.337141
-130.1 0.338109
-129.9 0.338967
-129.7 0.339791
-129.5 0.340705
-129.3 0.341604
-129.1 0.342509
-128.9 0.343469
-128.7 0.344344
-128.5 0.34526
-128.3 0.34618
-128.1 0.346993
-127.9 0.347849
-127.7 0.348748
-127.5 0.349702
-127.3 0.350618
-127.1 0.351603
-126.9 0.352557
-126.7 0.353427
-126.5 0.354401
-126.3 0.355339
-126.1 0.356292
-125.9 0.357206
-125.7 0.358173
-125.5 0.359103
-125.3 0.359957
-125.1 0.360843
-124.9 0.361761
-124.7 0.362602
-124.5 0.363499
-124.3 0.364367
-124.1 0.365262
-123.9 0.366204
-123.7 0.367157
-123.5 0.368023
-123.3 0.368881
-123.1 0.369771
-122.9 0.370658
-122.7 0.371539
-122.5 0.372438
-122.3 0.373425
-122.1 0.374303
-121.9 0.375207
-121.7 0.376104
-121.5 0.377062
-121.3 0.377917
-121.1 0.378756
-120.9 0.379601
-120.7 0.380519
-120.5 0.381383
-120.3 0.382251
-120.1 0.383144
-119.9 0.38406
-119.7 0.384953
-119.5 0.385833
-119.3 0.386688
-119.1 0.387598
-118.9 0.388504
-118.7 0.389445
-118.5 0.39026
-118.3 0.391088
-118.1 0.391944
-117.9 0.392807
-117.7 0.393763
-117.5 0.394667
-117.3 0.395599
-117.1 0.396486
-116.9 0.3973
-116.7 0.398142
-116.5 0.399037
-116.3 0.399924
-116.1 0.400681
-115.9 0.401557
-115.7 0.402427
-115.5 0.403284
-115.3 0.404135
-115.1 0.405012
-114.9 0.40589
-114.7 0.406806
-114.5 0.407722
-114.3 0.408575
-114.1 0.409477
-113.9 0.410265
-113.7 0.411137
-113.5 0.412018
-113.3 0.412873
-113.1 0.41372
-112.9 0.414579
-112.7 0.415464
-112.5 0.416338
-112.3 0.41721
-112.1 0.418076
-111.9 0.41895
-111.7 0.419813
-111.5 0.420732
-111.3 0.421555
-111.1 0.422392
-110.9 0.423256
-110.7 0.424081
-110.5 0.424943
-110.3 0.425801
-110.1 0.426719
-109.9 0.42758
-109.7 0.428364
-109.5 0.429211
-109.3 0.430033
-109.1 0.43081
-108.9 0.431668
-108.7 0.432483
-108.5 0.433387
-108.3 0.434244
-108.1 0.435076
-107.9 0.436018
-107.7 0.4369
-107.5 0.437768
-107.3 0.438634
-107.1 0.439493
-106.9 0.440334
-106.7 0.441202
-106.5 0.442086
-106.3 0.442937
-106.1 0.443822
-105.9 0.4447
-105.7 0.445508
-105.5 0.44634
-105.3 0.447195
-105.1 0.448063
-104.9 0.448893
-104.7 0.449771
-104.5 0.45062
-104.3 0.451488
-104.1 0.452312
-103.9 0.453094
-103.7 0.453947
-103.5 0.454744
-103.3 0.455599
-103.1 0.456393
-102.9 0.457165
-102.7 0.457997
-102.5 0.458783
-102.3 0.459567
-102.1 0.460471
-101.9 0.46136
-101.7 0.462217
-101.5 0.463034
-101.3 0.463814
-101.1 0.464583
-100.9 0.465491
-100.7 0.466302
-100.5 0.467126
-100.3 0.468007
-100.1 0.468831
-99.9 0.469711
-99.7 0.4706
-99.5 0.471453
-99.3 0.472262
-99.1 0.473226
-98.9 0.474086
-98.7 0.474996
-98.5 0.475817
-98.3 0.476622
-98.1 0.477425
-97.9 0.478289
-97.7 0.479079
-97.5 0.479968
-97.3 0.480786
-97.1 0.481633
-96.9 0.482534
-96.7 0.483339
-96.5 0.484194
-96.3 0.485008
-96.1 0.485838
-95.9 0.48667
-95.7 0.487517
-95.5 0.488349
-95.3 0.489179
-95.1 0.490093
-94.9 0.490973
-94.7 0.491858
-94.5 0.492694
-94.3 0.493531
-94.1 0.494403
-93.9 0.495311
-93.7 0.496135
-93.5 0.497009
-93.3 0.497843
-93.1 0.498669
-92.9 0.499604
-92.7 0.500428
-92.5 0.501222
-92.3 0.502075
-92.1 0.502893
-91.9 0.503733
-91.7 0.504545
-91.5 0.505385
-91.3 0.506213
-91.1 0.507054
-90.9 0.507892
-90.7 0.508764
-90.5 0.509697
-90.3 0.510553
-90.1 0.511427
-89.9 0.512295
-89.7 0.513146
-89.5 0.513961
-89.3 0.514806
-89.1 0.515653
-88.9 0.51656
-88.7 0.517424
-88.5 0.51829
-88.3 0.519206
-88.1 0.519998
-87.9 0.52087
-87.7 0.521698
-87.5 0.522556
-87.3 0.523508
-87.1 0.524401
-86.9 0.525247
-86.7 0.526021
-86.5 0.526868
-86.3 0.52774
-86.1 0.528587
-85.9 0.529436
-85.7 0.53027
-85.5 0.531111
-85.3 0.531924
-85.1 0.532782
-84.9 0.533603
-84.7 0.534383
-84.5 0.535173
-84.3 0.535987
-84.1 0.536823
-83.9 0.537613
-83.7 0.53836
-83.5 0.539219
-83.3 0.540041
-83.1 0.540817
-82.9 0.541695
-82.7 0.542542
-82.5 0.543391
-82.3 0.544259
-82.1 0.545042
-81.9 0.545885
-81.7 0.546692
-81.5 0.547481
-81.3 0.548367
-81.1 0.549202
-80.9 0.550044
-80.7 0.550818
-80.5 0.551694
-80.3 0.55256
-80.1 0.553369
-79.9 0.554186
-79.7 0.55501
-79.5 0.555849
-79.3 0.556685
-79.1 0.557494
-78.9 0.558331
-78.7 0.559121
-78.5 0.559903
-78.3 0.560712
-78.1 0.56154
-77.9 0.562377
-77.7 0.563165
-77.5 0.563942
-77.3 0.564781
-77.1 0.565626
-76.9 0.566462
-76.7 0.567366
-76.5 0.568169
-76.3 0.568973
-76.1 0.569862
-75.9 0.570699
-75.7 0.57152
-75.5 0.572349
-75.3 0.573227
-75.1 0.574055
-74.9 0.574904
-74.7 0.575776
-74.5 0.576545
-74.3 0.5774
-74.1 0.57822
-73.9 0.578996
-73.7 0.579809
-73.5 0.580713
-73.3 0.581534
-73.1 0.582392
-72.9 0.583197
-72.7 0.584016
-72.5 0.584977
-72.3 0.5857
-72.1 0.586507
-71.9 0.587484
-71.7 0.588322
-71.5 0.589209
-71.3 0.590033
-71.1 0.590861
-70.9 0.591674
-70.7 0.592538
-70.5 0.593422
-70.3 0.594246
-70.1 0.595053
-69.9 0.595917
-69.7 0.596789
-69.5 0.597663
-69.3 0.59852
-69.1 0.599344
-68.9 0.600185
-68.7 0.601093
-68.5 0.601925
-68.3 0.602759
-68.1 0.603627
-67.9 0.604497
-67.7 0.605361
-67.5 0.606241
-67.3 0.607057
-67.1 0.607824
-66.9 0.608664
-66.7 0.609482
-66.5 0.610362
-66.3 0.611194
-66.1 0.612111
-65.9 0.612983
-65.7 0.613867
-65.5 0.614722
-65.3 0.61566
-65.1 0.61655
-64.9 0.617404
-64.7 0.618234
-64.5 0.619139
-64.3 0.619995
-64.1 0.620827
-63.9 0.621655
-63.7 0.622544
-63.5 0.623384
-63.3 0.62429
-63.1 0.625164
-62.9 0.626059
-62.7 0.626912
-62.5 0.627797
-62.3 0.628602
-62.1 0.629531
-61.9 0.630386
-61.7 0.631258
-61.5 0.632132
-61.3 0.632943
-61.1 0.633841
-60.9 0.634694
-60.7 0.635566
-60.5 0.636421
-60.3 0.637222
-60.1 0.638046
-59.9 0.638836
-59.7 0.639677
-59.5 0.640542
-59.3 0.641387
-59.1 0.642203
-58.9 0.642989
-58.7 0.643852
-58.5 0.644649
-58.3 0.645523
-58.1 0.646361
-57.9 0.647145
-57.7 0.647953
-57.5 0.648793
-57.3 0.649552
-57.1 0.650372
-56.9 0.6512
-56.7 0.652086
-56.5 0.652938
-56.3 0.653818
-56.1 0.654707
-55.9 0.655562
-55.7 0.656388
-55.5 0.657333
-55.3 0.658147
-55.1 0.659023
-54.9 0.659939
-54.7 0.660803
-54.5 0.661692
-54.3 0.662593
-54.1 0.663494
-53.9 0.664213
-53.7 0.665123
-53.5 0.665995
-53.3 0.666744
-53.1 0.667593
-52.9 0.66836
-52.7 0.669316
-52.5 0.670158
-52.3 0.671051
-52.1 0.67194
-51.9 0.672735
-51.7 0.673642
-51.5 0.674445
-51.3 0.675298
-51.1 0.67617
-50.9 0.676982
-50.7 0.677803
-50.5 0.67855
-50.3 0.679468
-50.1 0.680308
-49.9 0.681183
-49.7 0.681994
-49.5 0.682814
-49.3 0.68364
-49.1 0.684438
-48.9 0.685272
-48.7 0.686191
-48.5 0.686993
-48.3 0.687805
-48.1 0.688606
-47.9 0.689421
-47.7 0.690226
-47.5 0.691027
-47.3 0.691968
-47.1 0.692827
-46.9 0.693668
-46.7 0.69449
-46.5 0.695337
-46.3 0.696135
-46.1 0.697009
-45.9 0.69784
-45.7 0.698689
-45.5 0.699535
-45.3 0.700288
-45.1 0.701068
-44.9 0.701976
-44.7 0.702799
-44.5 0.703674
-44.3 0.70452
-44.1 0.705265
-43.9 0.706047
-43.7 0.706963
-43.5 0.707845
-43.3 0.70869
-43.1 0.709663
-42.9 0.710499
-42.7 0.711396
-42.5 0.712283
-42.3 0.713205
-42.1 0.714075
-41.9 0.714897
-41.7 0.715813
-41.5 0.716651
-41.3 0.7175
-41.1 0.718377
-40.9 0.719142
-40.7 0.719959
-40.5 0.720813
-40.3 0.721668
-40.1 0.72264
-39.9 0.723429
-39.7 0.724295
-39.5 0.725179
-39.3 0.726034
-39.1 0.726907
-38.9 0.727762
-38.7 0.728579
-38.5 0.729437
-38.3 0.730256
-38.1 0.73108
-37.9 0.731981
-37.7 0.732881
-37.5 0.733638
-37.3 0.734529
-37.1 0.735405
-36.9 0.736281
-36.7 0.73705
-36.5 0.737924
-36.3 0.738765
-36.1 0.739585
-35.9 0.740474
-35.7 0.74131
-35.5 0.742121
-35.3 0.742995
-35.1 0.74384
-34.9 0.744647
-34.7 0.745482
-34.5 0.746393
-34.3 0.747249
-34.1 0.748095
-33.9 0.748953
-33.7 0.749764
-33.5 0.750674
-33.3 0.751523
-33.1 0.752384
-32.9 0.753282
-32.7 0.754055
-32.5 0.754894
-32.3 0.755801
-32.1 0.756665
-31.9 0.757499
-31.7 0.758346
-31.5 0.759243
-31.3 0.760072
-31.1 0.760891
-30.9 0.761845
-30.7 0.762759
-30.5 0.763635
-30.3 0.764484
-30.1 0.765304
-29.9 0.76613
-29.7 0.766947
-29.5 0.767859
-29.3 0.768675
-29.1 0.769551
-28.9 0.770408
-28.7 0.771291
-28.5 0.772154
-28.3 0.773079
-28.1 0.773951
-27.9 0.774775
-27.7 0.775603
-27.5 0.776452
-27.3 0.77729
-27.1 0.778183
-26.9 0.77906
-26.7 0.779848
-26.5 0.780711
-26.3 0.781489
-26.1 0.782395
-25.9 0.783218
-25.7 0.784089
-25.5 0.784921
-25.3 0.785715
-25.1 0.786707
-24.9 0.787503
-24.7 0.788365
-24.5 0.789153
-24.3 0.790004
-24.1 0.790876
-23.9 0.791711
-23.7 0.792603
-23.5 0.793497
-23.3 0.794383
-23.1 0.795251
-22.9 0.796062
-22.7 0.796907
-22.5 0.797716
-22.3 0.798601
-22.1 0.799483
-21.9 0.800345
-21.7 0.801288
-21.5 0.802127
-21.3 0.803005
-21.1 0.803779
-20.9 0.804661
-20.7 0.805561
-20.5 0.806466
-20.3 0.807372
-20.1 0.808214
-19.9 0.809045
-19.7 0.809923
-19.5 0.810805
-19.3 0.811677
-19.1 0.81257
-18.9 0.813382
-18.7 0.814248
-18.5 0.815059
-18.3 0.815904
-18.1 0.816725
-17.9 0.817547
-17.7 0.818381
-17.5 0.819216
-17.3 0.820065
-17.1 0.820909
-16.9 0.82179
-16.7 0.822593
-16.5 0.823555
-16.3 0.82441
-16.1 0.825257
-15.9 0.826112
-15.7 0.826995
-15.5 0.827844
-15.3 0.828687
-15.1 0.829548
-14.9 0.830412
-14.7 0.831301
-14.5 0.83221
-14.3 0.833072
-14.1 0.833955
-13.9 0.834774
-13.7 0.835644
-13.5 0.836587
-13.3 0.837392
-13.1 0.838288
-12.9 0.839128
-12.7 0.840027
-12.5 0.840939
-12.3 0.841851
-12.1 0.8427
-11.9 0.843558
-11.7 0.844413
-11.5 0.845358
-11.3 0.846186
-11.1 0.847084
-10.9 0.847937
-10.7 0.84876
-10.5 0.849614
-10.3 0.850557
-10.1 0.851391
-9.9 0.852324
-9.7 0.853096
-9.5 0.854026
-9.3 0.854999
-9.1 0.85589
-8.9 0.856791
-8.7 0.857645
-8.5 0.858514
-8.3 0.859462
-8.1 0.860347
-7.9 0.861237
-7.7 0.862185
-7.5 0.863068
-7.3 0.863954
-7.1 0.864835
-6.9 0.865726
-6.7 0.866658
-6.5 0.867518
-6.3 0.868379
-6.1 0.86921
-5.9 0.870084
-5.7 0.870973
-5.5 0.871941
-5.3 0.872865
-5.1 0.873759
-4.9 0.87458
-4.7 0.875477
-4.5 0.876356
-4.3 0.877234
-4.1 0.878079
-3.9 0.879003
-3.7 0.879878
-3.5 0.880703
-3.3 0.88154
-3.1 0.88242
-2.9 0.883275
-2.7 0.88412
-2.5 0.884997
-2.3 0.885902
-2.1 0.886699
-1.9 0.887583
-1.7 0.888407
-1.5 0.889292
-1.3 0.890153
-1.1 0.890979
-0.899999 0.891862
-0.699999 0.892732
-0.499999 0.893612
-0.299999 0.894503
-0.0999994 0.895279
0.100001 0.896195
0.300001 0.897075
0.500001 0.897973
0.700001 0.898836
0.900001 0.899645
1.1 0.900471
1.3 0.901339
1.5 0.902201
1.7 0.903016
1.9 0.903829
2.1 0.90472
2.3 0.905664
2.5 0.906536
2.7 0.907466
2.9 0.908343
3.1 0.909165
3.3 0.910045
3.5 0.910919
3.7 0.911737
3.9 0.91259
4.1 0.913388
4.3 0.914258
4.5 0.915154
4.7 0.915971
4.9 0.916807
5.1 0.917652
5.3 0.918637
5.5 0.919537
5.7 0.920315
5.9 0.921207
6.1 0.922038
6.3 0.922918
6.5 0.923757
6.7 0.924666
6.9 0.925597
7.1 0.926505
7.3 0.92731
7.5 0.928182
7.7 0.929071
7.9 0.929928
8.1 0.930815
8.3 0.931687
8.5 0.932571
8.7 0.93333
8.9 0.934206
9.1 0.935011
9.3 0.935896
9.5 0.936743
9.7 0.937663
9.9 0.938527
10.1 0.939345
10.3 0.940221
10.5 0.941066
10.7 0.941889
10.9 0.942745
11.1 0.943575
11.3 0.944403
11.5 0.945214
11.7 0.946061
11.9 0.946935
12.1 0.947772
12.3 0.948551
12.5 0.949312
12.7 0.950165
12.9 0.95101
13.1 0.951876
13.3 0.952725
13.5 0.953555
13.7 0.954415
13.9 0.955276
14.1 0.956098
14.3 0.956941
14.5 0.957796
14.7 0.958657
14.9 0.959488
15.1 0.960248
15.3 0.961043
15.5 0.961839
15.7 0.962615
15.9 0.963414
16.1 0.964271
16.3 0.965093
16.5 0.965833
16.7 0.966627
16.9 0.967361
17.1 0.968099
17.3 0.968849
17.5 0.969583
17.7 0.970323
17.9 0.97105
18.1 0.971761
18.3 0.972482
18.5 0.973149
18.7 0.973828
18.9 0.974478
19.1 0.975069
19.3 0.975671
19.5 0.976287
19.7 0.976926
19.9 0.977545
20.1 0.978138
20.3 0.978729
20.5 0.979325
20.7 0.979874
20.9 0.980431
21.1 0.980953
21.3 0.981502
21.5 0.982079
21.7 0.982624
21.9 0.983159
22.1 0.983689
22.3 0.984152
22.5 0.984636
22.7 0.98515
22.9 0.985615
23.1 0.986041
23.3 0.986515
23.5 0.986936
23.7 0.987433
23.9 0.987833
24.1 0.988252
24.3 0.988645
24.5 0.989043
24.7 0.989429
24.9 0.98985
25.1 0.990244
25.3 0.990588
25.5 0.990927
25.7 0.991263
25.9 0.991619
26.1 0.991932
26.3 0.992244
26.5 0.992525
26.7 0.992785
26.9 0.99308
27.1 0.993325
27.3 0.993611
27.5 0.993862
27.7 0.994114
27.9 0.994351
28.1 0.994592
28.3 0.994808
28.5 0.994996
28.7 0.9952
28.9 0.995409
29.1 0.995583
29.3 0.995778
29.5 0.995988
29.7 0.996174
29.9 0.996374
30.1 0.996501
30.3 0.996615
30.5 0.996793
30.7 0.996919
30.9 0.997069
31.1 0.997183
31.3 0.9973
31.5 0.997468
31.7 0.997594
31.9 0.997719
32.1 0.997826
32.3 0.997967
32.5 0.998078
32.7 0.998168
32.9 0.998279
33.1 0.998388
33.3 0.99848
33.5 0.998556
33.7 0.998627
33.9 0.998696
34.1 0.998776
34.3 0.998851
34.5 0.998937
34.7 0.999009
34.9 0.999075
35.1 0.999149
35.3 0.999205
35.5 0.999252
35.7 0.999302
35.9 0.999356
36.1 0.999377
36.3 0.999413
36.5 0.999455
36.7 0.999484
36.9 0.999514
37.1 0.999545
37.3 0.999581
37.5 0.9996
37.7 0.999635
37.9 0.999648
38.1 0.99966
38.3 0.999677
38.5 0.999706
38.7 0.999725
38.9 0.999736
39.1 0.999753
39.3 0.999769
39.5 0.999786
39.7 0.999793
39.9 0.999805
40.1 0.999816
40.3 0.999824
40.5 0.999828
40.7 0.999836
40.9 0.999841
41.1 0.999849
41.3 0.999851
41.5 0.99986
41.7 0.999872
41.9 0.999878
42.1 0.999883
42.3 0.999887
42.5 0.999889
42.7 0.999897
42.9 0.999901
43.1 0.999904
43.3 0.999904
43.5 0.999912
43.7 0.999916
43.9 0.999922
44.1 0.999925
44.3 0.999929
44.5 0.999933
44.7 0.999939
44.9 0.999941
45.1 0.999945
45.3 0.99995
45.5 0.999954
45.7 0.999958
45.9 0.999964
46.1 0.999964
46.3 0.999966
46.5 0.999966
46.7 0.999967
46.9 0.999969
47.1 0.999971
47.3 0.999975
47.5 0.999975
47.7 0.999975
47.9 0.999975
48.1 0.999981
48.3 0.999983
48.5 0.999989
48.7 0.999989
48.9 0.999989
49.1 0.999992
49.3 0.999994
49.5 0.999994
49.7 0.999998
49.9 1
