1297
-209.7 1.96209e-06
-209.5 1.96209e-06
-209.3 1.96209e-06
-209.1 1.96209e-06
-208.9 1.96209e-06
-208.7 1.96209e-06
-208.5 1.96209e-06
-208.3 3.92418e-06
-208.1 3.92418e-06
-207.9 3.92418e-06
-207.7 5.88628e-06
-207.5 5.88628e-06
-207.3 5.88628e-06
-207.1 5.88628e-06
-206.9 5.88628e-06
-206.7 5.88628e-06
-206.5 7.84837e-06
-206.3 7.84837e-06
-206.1 7.84837e-06
-205.9 7.84837e-06
-205.7 7.84837e-06
-205.5 7.84837e-06
-205.3 9.81046e-06
-205.1 9.81046e-06
-204.9 9.81046e-06
-204.7 9.81046e-06
-204.5 9.81046e-06
-204.3 9.81046e-06
-204.1 1.37346e-05
-203.9 1.37346e-05
-203.7 1.37346e-05
-203.5 1.37346e-05
-203.3 1.37346e-05
-203.1 1.37346e-05
-202.9 1.37346e-05
-202.7 1.37346e-05
-202.5 1.56967e-05
-202.3 1.56967e-05
-202.1 1.56967e-05
-201.9 1.56967e-05
-201.7 1.56967e-05
-201.5 1.56967e-05
-201.3 1.56967e-05
-201.1 1.56967e-05
-200.9 1.56967e-05
-200.7 1.56967e-05
-200.5 1.56967e-05
-200.3 1.56967e-05
-200.1 1.56967e-05
-199.9 1.56967e-05
-199.7 1.56967e-05
-199.5 1.56967e-05
-199.3 1.56967e-05
-199.1 1.56967e-05
-198.9 1.76588e-05
-198.7 1.76588e-05
-198.5 1.96209e-05
-198.3 1.96209e-05
-198.1 3.53177e-05
-197.9 6.67111e-05
-197.7 8.82942e-05
-197.5 0.000115763
-197.3 0.000149119
-197.1 0.000209944
-196.9 0.000296276
-196.7 0.000414001
-196.5 0.000557234
-196.3 0.000737747
-196.1 0.0010144
-195.9 0.00130675
-195.7 0.00163246
-195.5 0.00213868
-195.3 0.0026861
-195.1 0.00338461
-194.9 0.00418122
-194.7 0.00509359
-194.5 0.00604717
-194.3 0.00713613
-194.1 0.00831731
-193.9 0.00954166
-193.7 0.0108268
-193.5 0.0121709
-193.3 0.0135522
-193.1 0.0150512
-192.9 0.0165189
-192.7 0.0181494
-192.5 0.0197485
-192.3 0.0212769
-192.1 0.0228996
-191.9 0.0246223
-191.7 0.0262705
-191.5 0.0280108
-191.3 0.0296178
-191.1 0.0312738
-190.9 0.0329475
-190.7 0.0346721
-190.5 0.036338
-190.3 0.0380979
-190.1 0.0396657
-189.9 0.0413197
-189.7 0.0429816
-189.5 0.0445787
-189.3 0.0461975
-189.1 0.0479104
-188.9 0.049533
-188.7 0.05114
-188.5 0.052745
-188.3 0.0542577
-188.1 0.0558647
-187.9 0.057352
-187.7 0.0589628
-187.5 0.060509
-187.3 0.0620433
-187.1 0.0635051
-186.9 0.0649394
-186.7 0.0664698
-186.5 0.0679806
-186.3 0.0693992
-186.1 0.0708669
-185.9 0.072307
-185.7 0.0738375
-185.5 0.0752659
-185.3 0.0767119
-185.1 0.0780736
-184.9 0.0794255
-184.7 0.0808539
-184.5 0.0823117
-184.3 0.0837146
-184.1 0.0850881
-183.9 0.0865675
-183.7 0.0879429
-183.5 0.0893282
-183.3 0.0905839
-183.1 0.0918867
-182.9 0.0932347
-182.7 0.0946141
-182.5 0.0959228
-182.3 0.0972256
-182.1 0.0985127
-181.9 0.0997645
-181.7 0.10104
-181.5 0.102419
-181.3 0.103671
-181.1 0.104848
-180.9 0.106112
-180.7 0.107393
-180.5 0.108553
-180.3 0.109775
-180.1 0.110986
-179.9 0.112167
-179.7 0.113421
-179.5 0.114667
-179.3 0.115756
-179.1 0.116901
-178.9 0.118165
-178.7 0.119246
-178.5 0.120335
-178.3 0.121448
-178.1 0.122621
-177.9 0.123737
-177.7 0.124834
-177.5 0.125894
-177.3 0.126983
-177.1 0.128009
-176.9 0.12899
-176.7 0.130014
-176.5 0.13107
-176.3 0.132125
-176.1 0.133179
-175.9 0.134213
-175.7 0.135192
-175.5 0.136203
-175.3 0.137201
-175.1 0.138259
-174.9 0.139258
-174.7 0.140325
-174.5 0.141396
-174.3 0.142434
-174.1 0.143441
-173.9 0.144443
-173.7 0.145458
-173.5 0.146513
-173.3 0.147489
-173.1 0.14844
-172.9 0.149421
-172.7 0.150438
-172.5 0.151423
-172.3 0.152396
-172.1 0.153322
-171.9 0.154211
-171.7 0.155152
-171.5 0.156126
-171.3 0.157118
-171.1 0.158123
-170.9 0.159106
-170.7 0.160042
-170.5 0.160986
-170.3 0.161904
-170.1 0.162822
-169.9 0.163829
-169.7 0.164765
-169.5 0.165703
-169.3 0.166654
-169.1 0.167553
-168.9 0.168448
-168.7 0.169384
-168.5 0.170317
-168.3 0.171304
-168.1 0.172203
-167.9 0.173129
-167.7 0.174055
-167.5 0.174977
-167.3 0.175813
-167.1 0.176832
-166.9 0.177746
-166.7 0.178629
-166.5 0.179524
-166.3 0.180409
-166.1 0.181388
-165.9 0.18232
-165.7 0.183216
-165.5 0.184078
-165.3 0.18498
-165.1 0.185916
-164.9 0.186813
-164.7 0.187698
-164.5 0.18863
-164.3 0.189556
-164.1 0.19048
-163.9 0.191437
-163.7 0.19236
-163.5 0.193278
-163.3 0.194175
-163.1 0.195056
-162.9 0.195984
-162.7 0.19687
-162.5 0.197689
-162.3 0.198642
-162.1 0.199557
-161.9 0.200467
-161.7 0.20137
-161.5 0.20228
-161.3 0.203143
-161.1 0.204107
-160.9 0.204968
-160.7 0.205927
-160.5 0.206797
-160.3 0.20775
-160.1 0.208653
-159.9 0.209555
-159.7 0.210462
-159.5 0.211337
-159.3 0.212216
-159.1 0.213101
-158.9 0.214013
-158.7 0.214847
-158.5 0.215716
-158.3 0.216629
-158.1 0.217574
-157.9 0.21853
-157.7 0.219505
-157.5 0.220361
-157.3 0.221302
-157.1 0.22214
-156.9 0.223068
-156.7 0.223916
-156.5 0.224801
-156.3 0.225733
-156.1 0.226681
-155.9 0.227558
-155.7 0.228431
-155.5 0.229325
-155.3 0.230318
-155.1 0.231229
-154.9 0.232106
-154.7 0.233061
-154.5 0.233927
-154.3 0.234798
-154.1 0.235659
-153.9 0.236562
-153.7 0.237533
-153.5 0.238382
-153.3 0.239244
-153.1 0.240154
-152.9 0.241045
-152.7 0.241973
-152.5 0.242872
-152.3 0.243774
-152.1 0.244571
-151.9 0.245499
-151.7 0.246384
-151.5 0.247233
-151.3 0.248083
-151.1 0.248944
-150.9 0.249841
-150.7 0.250767
-150.5 0.251668
-150.3 0.25251
-150.1 0.25343
-149.9 0.254315
-149.7 0.255282
-149.5 0.256088
-149.3 0.257022
-149.1 0.25798
-148.9 0.258818
-148.7 0.259697
-148.5 0.260507
-148.3 0.261378
-148.1 0.262261
-147.9 0.263195
-147.7 0.264068
-147.5 0.265041
-147.3 0.265887
-147.1 0.266776
-146.9 0.267659
-146.7 0.268503
-146.5 0.269305
-146.3 0.270153
-146.1 0.27104
-145.9 0.271944
-145.7 0.272815
-145.5 0.273716
-145.3 0.274595
-145.1 0.275478
-144.9 0.276351
-144.7 0.277138
-144.5 0.278062
-144.3 0.278941
-144.1 0.279843
-143.9 0.280703
-143.7 0.281568
-143.5 0.282428
-143.3 0.283385
-143.1 0.284256
-142.9 0.28511
-142.7 0.285936
-142.5 0.286746
-142.3 0.287582
-142.1 0.288424
-141.9 0.289273
-141.7 0.290109
-141.5 0.291051
-141.3 0.291961
-141.1 0.292766
-140.9 0.293617
-140.7 0.29449
-140.5 0.295303
-140.3 0.296117
-140.1 0.297055
-139.9 0.297912
-139.7 0.298756
-139.5 0.299647
-139.3 0.300569
-139.1 0.301381
-138.9 0.302219
-138.7 0.303143
-138.5 0.304005
-138.3 0.304864
-138.1 0.305649
-137.9 0.30651
-137.7 0.307326
-137.5 0.308229
-137.3 0.309061
-137.1 0.309944
-136.9 0.310768
-136.7 0.311629
-136.5 0.312516
-136.3 0.31335
-136.1 0.314239
-135.9 0.315043
-135.7 0.315881
-135.5 0.316719
-135.3 0.317637
-135.1 0.318487
-134.9 0.319376
-134.7 0.320239
-134.5 0.321114
-134.3 0.322054
-134.1 0.322933
-133.9 0.323877
-133.7 0.324795
-133.5 0.325654
-133.3 0.326553
-133.1 0.32745
-132.9 0.32839
-132.7 0.329261
-132.5 0.330097
-132.3 0.330972
-132.1 0.331872
-131.9 0.332781
-131.7 0.333732
-131.5 0.334629
-131.3 0.335533
-131.1 0.336424
-130.9 0.33729
-130.7 0.338135
-130.5 0.33905
-130.3 0.339964
-130.1 0.340912
-129.9 0.341765
-129.7 0.342668
-129.5 0.343511
-129.3 0.344426
-129.1 0.345311
-128.9 0.346266
-128.7 0.347157
-128.5 0.348083
-128.3 0.34897
-128.1 0.349853
-127.9 0.350816
-127.7 0.351668
-127.5 0.35259
-127.3 0.353508
-127.1 0.354389
-126.9 0.355341
-126.7 0.356251
-126.5 0.357181
-126.3 0.358137
-126.1 0.359002
-125.9 0.359848
-125.7 0.360778
-125.5 0.361598
-125.3 0.362465
-125.1 0.363323
-124.9 0.364296
-124.7 0.365281
-124.5 0.366168
-124.3 0.367139
-124.1 0.368004
-123.9 0.368883
-123.7 0.36968
-123.5 0.370567
-123.3 0.371414
-123.1 0.372317
-122.9 0.373188
-122.7 0.374114
-122.5 0.375056
-122.3 0.375978
-122.1 0.376859
-121.9 0.37774
-121.7 0.37866
-121.5 0.37959
-121.3 0.380511
-121.1 0.381421
-120.9 0.382316
-120.7 0.38321
-120.5 0.384082
-120.3 0.385014
-120.1 0.385871
-119.9 0.386723
-119.7 0.387586
-119.5 0.388453
-119.3 0.389334
-119.1 0.390243
-118.9 0.391149
-118.7 0.39201
-118.5 0.392858
-118.3 0.39377
-118.1 0.394634
-117.9 0.395515
-117.7 0.39647
-117.5 0.397306
-117.3 0.398209
-117.1 0.399031
-116.9 0.399916
-116.7 0.400806
-116.5 0.40166
-116.3 0.402647
-116.1 0.403502
-115.9 0.404444
-115.7 0.405253
-115.5 0.406116
-115.3 0.406975
-115.1 0.407811
-114.9 0.40868
-114.7 0.409495
-114.5 0.410366
-114.3 0.411278
-114.1 0.412071
-113.9 0.412922
-113.7 0.413799
-113.5 0.414745
-113.3 0.415591
-113.1 0.416462
-112.9 0.417306
-112.7 0.41821
-112.5 0.419197
-112.3 0.420062
-112.1 0.420924
-111.9 0.421797
-111.7 0.422707
-111.5 0.423559
-111.3 0.42444
-111.1 0.425315
-110.9 0.426139
-110.7 0.427032
-110.5 0.427852
-110.3 0.428743
-110.1 0.429649
-109.9 0.430516
-109.7 0.431325
-109.5 0.432274
-109.3 0.433104
-109.1 0.433942
-108.9 0.434786
-108.7 0.435634
-108.5 0.436544
-108.3 0.437358
-108.1 0.438229
-107.9 0.439105
-107.7 0.439944
-107.5 0.440788
-107.3 0.441655
-107.1 0.442532
-106.9 0.443415
-106.7 0.444267
-106.5 0.44514
-106.3 0.44598
-106.1 0.446921
-105.9 0.447769
-105.7 0.44864
-105.5 0.449462
-105.3 0.450267
-105.1 0.451075
-104.9 0.451952
-104.7 0.452782
-104.5 0.453659
-104.3 0.454434
-104.1 0.455315
-103.9 0.456137
-103.7 0.456975
-103.5 0.457833
-103.3 0.458641
-103.1 0.459516
-102.9 0.460391
-102.7 0.461202
-102.5 0.462051
-102.3 0.462905
-102.1 0.463801
-101.9 0.464684
-101.7 0.46554
-101.5 0.466403
-101.3 0.467253
-101.1 0.468106
-100.9 0.469013
-100.7 0.469892
-100.5 0.470786
-100.3 0.471646
-100.1 0.47255
-99.9 0.473461
-99.7 0.474197
-99.5 0.475174
-99.3 0.476033
-99.1 0.476873
-98.9 0.477718
-98.7 0.478586
-98.5 0.479398
-98.3 0.480234
-98.1 0.481085
-97.9 0.481894
-97.7 0.4828
-97.5 0.483658
-97.3 0.484576
-97.1 0.485445
-96.9 0.486285
-96.7 0.487199
-96.5 0.488051
-96.3 0.488883
-96.1 0.489685
-95.9 0.490492
-95.7 0.491381
-95.5 0.492203
-95.3 0.493044
-95.1 0.493906
-94.9 0.494822
-94.7 0.495636
-94.5 0.496543
-94.3 0.497379
-94.1 0.498236
-93.9 0.49907
-93.7 0.499943
-93.5 0.50083
-93.3 0.501723
-93.1 0.502617
-92.9 0.503479
-92.7 0.50437
-92.5 0.505215
-92.3 0.506165
-92.1 0.506997
-91.9 0.507901
-91.7 0.508784
-91.5 0.509626
-91.3 0.510468
-91.1 0.511361
-90.9 0.512232
-90.7 0.513115
-90.5 0.514045
-90.3 0.514977
-90.1 0.515881
-89.9 0.516707
-89.7 0.517602
-89.5 0.518528
-89.3 0.519419
-89.1 0.52021
-88.9 0.521045
-88.7 0.521854
-88.5 0.522705
-88.3 0.523537
-88.1 0.524426
-87.9 0.525297
-87.7 0.526188
-87.5 0.527124
-87.3 0.528083
-87.1 0.528917
-86.9 0.529792
-86.7 0.530726
-86.5 0.531627
-86.3 0.532535
-86.1 0.533469
-85.9 0.534384
-85.7 0.535318
-85.5 0.536087
-85.3 0.536954
-85.1 0.537782
-84.9 0.538606
-84.7 0.539436
-84.5 0.540333
-84.3 0.541143
-84.1 0.541985
-83.9 0.542821
-83.7 0.543708
-83.5 0.544547
-83.3 0.545387
-83.1 0.546215
-82.9 0.547153
-82.7 0.547977
-82.5 0.548809
-82.3 0.549631
-82.1 0.550492
-81.9 0.55134
-81.7 0.552229
-81.5 0.553088
-81.3 0.553989
-81.1 0.554858
-80.9 0.555733
-80.7 0.556536
-80.5 0.557417
-80.3 0.558282
-80.1 0.559153
-79.9 0.560122
-79.7 0.560927
-79.5 0.561802
-79.3 0.562708
-79.1 0.563531
-78.9 0.564378
-78.7 0.565206
-78.5 0.566036
-78.3 0.566907
-78.1 0.567828
-77.9 0.568658
-77.7 0.569529
-77.5 0.570404
-77.3 0.571267
-77.1 0.572087
-76.9 0.572917
-76.7 0.573771
-76.5 0.574612
-76.3 0.575495
-76.1 0.576371
-75.9 0.577185
-75.7 0.578032
-75.5 0.578888
-75.3 0.579686
-75.1 0.580618
-74.9 0.581419
-74.7 0.582237
-74.5 0.583099
-74.3 0.583852
-74.1 0.584713
-73.9 0.585612
-73.7 0.586499
-73.5 0.587358
-73.3 0.588218
-73.1 0.589077
-72.9 0.58983
-72.7 0.590666
-72.5 0.591534
-72.3 0.592358
-72.1 0.59319
-71.9 0.594065
-71.7 0.594859
-71.5 0.595723
-71.3 0.596633
-71.1 0.597541
-70.9 0.598383
-70.7 0.599264
-70.5 0.600163
-70.3 0.600989
-70.1 0.601846
-69.9 0.602717
-69.7 0.603634
-69.5 0.604481
-69.3 0.605341
-69.1 0.606161
-68.9 0.607018
-68.7 0.607903
-68.5 0.608727
-68.3 0.609591
-68.1 0.610503
-67.9 0.611327
-67.7 0.612159
-67.5 0.612964
-67.3 0.613784
-67.1 0.614674
-66.9 0.615597
-66.7 0.616423
-66.5 0.617308
-66.3 0.618265
-66.1 0.619113
-65.9 0.619958
-65.7 0.620871
-65.5 0.621697
-65.3 0.62258
-65.1 0.623453
-64.9 0.62431
-64.7 0.625091
-64.5 0.625951
-64.3 0.626847
-64.1 0.627738
-63.9 0.628611
-63.7 0.629376
-63.5 0.630275
-63.3 0.631235
-63.1 0.632094
-62.9 0.632904
-62.7 0.633756
-62.5 0.634554
-62.3 0.635343
-62.1 0.63622
-61.9 0.637148
-61.7 0.638082
-61.5 0.638942
-61.3 0.639789
-61.1 0.640619
-60.9 0.641479
-60.7 0.642371
-60.5 0.643168
-60.3 0.644
-60.1 0.644902
-59.9 0.645803
-59.7 0.646651
-59.5 0.647567
-59.3 0.648354
-59.1 0.64918
-58.9 0.650102
-58.7 0.651012
-58.5 0.651833
-58.3 0.652714
-58.1 0.653577
-57.9 0.654454
-57.7 0.655319
-57.5 0.656159
-57.3 0.657009
-57.1 0.657827
-56.9 0.658669
-56.7 0.659573
-56.5 0.66044
-56.3 0.661255
-56.1 0.662139
-55.9 0.662993
-55.7 0.663825
-55.5 0.664665
-55.3 0.665555
-55.1 0.666403
-54.9 0.667302
-54.7 0.668108
-54.5 0.669005
-54.3 0.669898
-54.1 0.670771
-53.9 0.671559
-53.7 0.672431
-53.5 0.673263
-53.3 0.674093
-53.1 0.67497
-52.9 0.675906
-52.7 0.676763
-52.5 0.677646
-52.3 0.678511
-52.1 0.679239
-51.9 0.68012
-51.7 0.681046
-51.5 0.6819
-51.3 0.682771
-51.1 0.683646
-50.9 0.684568
-50.7 0.685369
-50.5 0.686199
-50.3 0.687044
-50.1 0.687912
-49.9 0.688791
-49.7 0.689687
-49.5 0.690598
-49.3 0.691441
-49.1 0.692279
-48.9 0.693144
-48.7 0.694016
-48.5 0.694851
-48.3 0.695729
-48.1 0.696604
-47.9 0.697461
-47.7 0.698309
-47.5 0.699182
-47.3 0.700069
-47.1 0.700932
-46.9 0.701842
-46.7 0.702714
-46.5 0.703504
-46.3 0.704299
-46.1 0.705154
-45.9 0.706055
-45.7 0.706832
-45.5 0.707723
-45.3 0.708667
-45.1 0.709512
-44.9 0.710383
-44.7 0.711268
-44.5 0.71213
-44.3 0.713017
-44.1 0.713821
-43.9 0.714678
-43.7 0.71553
-43.5 0.716374
-43.3 0.717243
-43.1 0.718138
-42.9 0.719015
-42.7 0.719839
-42.5 0.720777
-42.3 0.721701
-42.1 0.722509
-41.9 0.723337
-41.7 0.724187
-41.5 0.725001
-41.3 0.725843
-41.1 0.726722
-40.9 0.727544
-40.7 0.728376
-40.5 0.729233
-40.3 0.730083
-40.1 0.730995
-39.9 0.731902
-39.7 0.732771
-39.5 0.73366
-39.3 0.734466
-39.1 0.735363
-38.9 0.736222
-38.7 0.737038
-38.5 0.737872
-38.3 0.738832
-38.1 0.739648
-37.9 0.740478
-37.7 0.741373
-37.5 0.742179
-37.3 0.743072
-37.1 0.743892
-36.9 0.744761
-36.7 0.745646
-36.5 0.74649
-36.3 0.747357
-36.1 0.748183
-35.9 0.749025
-35.7 0.749851
-35.5 0.75072
-35.3 0.751609
-35.1 0.752513
-34.9 0.753377
-34.7 0.754291
-34.5 0.755174
-34.3 0.75601
-34.1 0.756877
-33.9 0.757699
-33.7 0.75867
-33.5 0.759498
-33.3 0.76033
-33.1 0.761172
-32.9 0.762041
-32.7 0.762909
-32.5 0.763684
-32.3 0.764508
-32.1 0.765399
-31.9 0.766303
-31.7 0.767147
-31.5 0.768006
-31.3 0.76882
-31.1 0.769719
-30.9 0.770643
-30.7 0.771505
-30.5 0.772362
-30.3 0.773184
-30.1 0.774016
-29.9 0.774897
-29.7 0.775796
-29.5 0.776635
-29.3 0.777512
-29.1 0.778323
-28.9 0.779216
-28.7 0.780083
-28.5 0.780934
-28.3 0.781806
-28.1 0.782724
-27.9 0.783558
-27.7 0.784388
-27.5 0.785227
-27.3 0.786132
-27.1 0.786968
-26.9 0.787825
-26.7 0.788653
-26.5 0.78955
-26.3 0.790386
-26.1 0.791306
-25.9 0.792142
-25.7 0.792989
-25.5 0.793878
-25.3 0.794798
-25.1 0.79556
-24.9 0.79648
-24.7 0.797337
-24.5 0.798191
-24.3 0.798972
-24.1 0.799821
-23.9 0.800685
-23.7 0.80154
-23.5 0.802298
-23.3 0.803155
-23.1 0.803971
-22.9 0.804786
-22.7 0.805659
-22.5 0.806573
-22.3 0.807417
-22.1 0.808296
-21.9 0.809112
-21.7 0.810003
-21.5 0.810964
-21.3 0.811831
-21.1 0.81271
-20.9 0.813627
-20.7 0.814516
-20.5 0.81534
-20.3 0.81617
-20.1 0.816992
-19.9 0.817841
-19.7 0.818714
-19.5 0.819623
-19.3 0.820461
-19.1 0.821289
-18.9 0.822213
-18.7 0.823161
-18.5 0.824018
-18.3 0.824909
-18.1 0.8258
-17.9 0.826584
-17.7 0.827454
-17.5 0.828303
-17.3 0.829231
-17.1 0.830108
-16.9 0.830917
-16.7 0.831764
-16.5 0.832581
-16.3 0.833412
-16.1 0.834223
-15.9 0.835102
-15.7 0.835959
-15.5 0.836789
-15.3 0.837737
-15.1 0.838608
-14.9 0.839464
-14.7 0.840321
-14.5 0.841182
-14.3 0.842001
-14.1 0.842838
-13.9 0.843653
-13.7 0.844541
-13.5 0.845438
-13.3 0.846266
-13.1 0.847161
-12.9 0.848063
-12.7 0.848962
-12.5 0.849851
-12.3 0.850644
-12.1 0.851515
-11.9 0.852441
-11.7 0.853312
-11.5 0.854148
-11.3 0.854984
-11.1 0.855855
-10.9 0.856724
-10.7 0.857603
-10.5 0.858411
-10.3 0.859265
-10.1 0.860136
-9.9 0.860992
-9.7 0.861898
-9.5 0.862701
-9.3 0.863499
-9.1 0.864292
-8.9 0.865175
-8.7 0.866011
-8.5 0.866864
-8.3 0.867724
-8.1 0.868557
-7.9 0.86948
-7.7 0.87041
-7.5 0.871267
-7.3 0.87214
-7.1 0.873027
-6.9 0.873898
-6.7 0.874691
-6.5 0.875541
-6.3 0.876369
-6.1 0.877189
-5.9 0.878013
-5.7 0.879037
-5.5 0.879942
-5.3 0.880768
-5.1 0.88169
-4.9 0.88253
-4.7 0.883412
-4.5 0.884323
-4.3 0.88518
-4.1 0.886014
-3.9 0.886821
-3.7 0.887753
-3.5 0.888639
-3.3 0.889513
-3.1 0.890374
-2.9 0.891251
-2.7 0.892142
-2.5 0.89298
-2.3 0.8939
-2.1 0.894789
-1.9 0.895713
-1.7 0.896547
-1.5 0.897332
-1.3 0.898275
-1.1 0.89915
-0.899999 0.900047
-0.699999 0.900981
-0.499999 0.901844
-0.299999 0.9027
-0.0999994 0.903583
0.100001 0.904468
0.300001 0.905317
0.500001 0.90621
0.700001 0.907093
0.900001 0.908058
1.1 0.908922
1.3 0.909744
1.5 0.910605
1.7 0.911466
1.9 0.912326
2.1 0.913181
2.3 0.914062
2.5 0.914865
2.7 0.915752
2.9 0.91665
3.1 0.917523
3.3 0.918397
3.5 0.919315
3.7 0.920192
3.9 0.921118
4.1 0.921972
4.3 0.922858
4.5 0.923708
4.7 0.92451
4.9 0.925437
5.1 0.926253
5.3 0.927112
5.5 0.927962
5.7 0.928835
5.9 0.929669
6.1 0.930538
6.3 0.931364
6.5 0.932237
6.7 0.933104
6.9 0.933978
7.1 0.934908
7.3 0.935726
7.5 0.936552
7.7 0.937443
7.9 0.938302
8.1 0.93905
8.3 0.939897
8.5 0.940702
8.7 0.941557
8.9 0.942415
9.1 0.943327
9.3 0.944188
9.5 0.945044
9.7 0.945866
9.9 0.946725
10.1 0.947594
10.3 0.948385
10.5 0.949194
10.7 0.949988
10.9 0.950822
11.1 0.951611
11.3 0.952447
11.5 0.95322
11.7 0.953956
11.9 0.954684
12.1 0.955457
12.3 0.956249
12.5 0.957044
12.7 0.957856
12.9 0.958743
13.1 0.959497
13.3 0.96023
13.5 0.960954
13.7 0.961722
13.9 0.962432
14.1 0.963228
14.3 0.963935
14.5 0.964706
14.7 0.965424
14.9 0.96613
15.1 0.966831
15.3 0.967525
15.5 0.968242
15.7 0.968911
15.9 0.969627
16.1 0.970298
16.3 0.970992
16.5 0.971644
16.7 0.972244
16.9 0.972917
17.1 0.973588
17.3 0.974226
17.5 0.974924
17.7 0.975519
17.9 0.976178
18.1 0.976863
18.3 0.977422
18.5 0.977974
18.7 0.978633
18.9 0.979123
19.1 0.979724
19.3 0.980332
19.5 0.980895
19.7 0.981454
19.9 0.981919
20.1 0.982451
20.3 0.982953
20.5 0.983393
20.7 0.983842
20.9 0.984335
21.1 0.984827
21.3 0.985286
21.5 0.985816
21.7 0.986301
21.9 0.986703
22.1 0.987125
22.3 0.987543
22.5 0.987937
22.7 0.98839
22.9 0.98884
23.1 0.98925
23.3 0.989597
23.5 0.989931
23.7 0.99027
23.9 0.9906
24.1 0.990896
24.3 0.991175
24.5 0.991475
24.7 0.991781
24.9 0.992059
25.1 0.992348
25.3 0.992619
25.5 0.992925
25.7 0.993184
25.9 0.993419
26.1 0.993674
26.3 0.993916
26.5 0.994169
26.7 0.994434
26.9 0.994642
27.1 0.994842
27.3 0.995052
27.5 0.995289
27.7 0.995503
27.9 0.995705
28.1 0.995891
28.3 0.996066
28.5 0.99626
28.7 0.996415
28.9 0.996551
29.1 0.9967
29.3 0.996878
29.5 0.996982
29.7 0.997149
29.9 0.997283
30.1 0.997416
30.3 0.997557
30.5 0.997657
30.7 0.997744
30.9 0.997846
31.1 0.99793
31.3 0.998034
31.5 0.99815
31.7 0.998256
31.9 0.998338
32.1 0.998409
32.3 0.998495
32.5 0.99857
32.7 0.998658
32.9 0.998719
33.1 0.998778
33.3 0.99887
33.5 0.998931
33.7 0.998982
33.9 0.999042
34.1 0.999101
34.3 0.999158
34.5 0.999213
34.7 0.99926
34.9 0.999296
35.1 0.999337
35.3 0.999378
35.5 0.999409
35.7 0.999445
35.9 0.999478
36.1 0.999519
36.3 0.999549
36.5 0.999584
36.7 0.999615
36.9 0.999639
37.1 0.999672
37.3 0.99969
37.5 0.999712
37.7 0.999739
37.9 0.999759
38.1 0.999774
38.3 0.9998
38.5 0.999825
38.7 0.999843
38.9 0.999843
39.1 0.999857
39.3 0.999871
39.5 0.999882
39.7 0.99989
39.9 0.999896
40.1 0.999904
40.3 0.999908
40.5 0.99991
40.7 0.99992
40.9 0.999923
41.1 0.999929
41.3 0.999929
41.5 0.999931
41.7 0.999935
41.9 0.999941
42.1 0.999945
42.3 0.999945
42.5 0.999949
42.7 0.999951
42.9 0.999955
43.1 0.999963
43.3 0.999963
43.5 0.999965
43.7 0.999965
43.9 0.999965
44.1 0.999967
44.3 0.999969
44.5 0.999976
44.7 0.999976
44.9 0.999978
45.1 0.999978
45.3 0.99998
45.5 0.999986
45.7 0.999988
45.9 0.99999
46.1 0.99999
46.3 0.99999
46.5 0.99999
46.7 0.99999
46.9 0.999992
47.1 0.999992
47.3 0.999992
47.5 0.999994
47.7 0.999994
47.9 0.999994
48.1 0.999994
48.3 0.999996
48.5 0.999996
48.7 0.999996
48.9 0.999996
49.1 0.999996
49.3 0.999996
49.5 1
