-1589.9 0
-1589.7 1
-1589.5 0
-1589.3 0
-1589.1 1
-1588.9 0
-1588.7 2
-1588.5 0
-1588.3 0
-1588.1 2
-1587.9 0
-1587.7 0
-1587.5 0
-1587.3 1
-1587.1 1
-1586.9 0
-1586.7 2
-1586.5 0
-1586.3 0
-1586.1 0
-1585.9 0
-1585.7 1
-1585.5 0
-1585.3 0
-1585.1 0
-1584.9 0
-1584.7 1
-1584.5 1
-1584.3 1
-1584.1 0
-1583.9 0
-1583.7 1
-1583.5 0
-1583.3 0
-1583.1 0
-1582.9 1
-1582.7 1
-1582.5 1
-1582.3 2
-1582.1 2
-1581.9 0
-1581.7 2
-1581.5 3
-1581.3 8
-1581.1 7
-1580.9 6
-1580.7 10
-1580.5 11
-1580.3 14
-1580.1 12
-1579.9 27
-1579.7 26
-1579.5 26
-1579.3 18
-1579.1 41
-1578.9 35
-1578.7 46
-1578.5 45
-1578.3 54
-1578.1 53
-1577.9 66
-1577.7 50
-1577.5 66
-1577.3 74
-1577.1 79
-1576.9 85
-1576.7 76
-1576.5 85
-1576.3 95
-1576.1 89
-1575.9 100
-1575.7 90
-1575.5 101
-1575.3 115
-1575.1 121
-1574.9 130
-1574.7 125
-1574.5 139
-1574.3 137
-1574.1 143
-1573.9 114
-1573.7 151
-1573.5 180
-1573.3 165
-1573.1 180
-1572.9 186
-1572.7 190
-1572.5 207
-1572.3 201
-1572.1 214
-1571.9 211
-1571.7 255
-1571.5 223
-1571.3 274
-1571.1 260
-1570.9 306
-1570.7 314
-1570.5 322
-1570.3 341
-1570.1 326
-1569.9 350
-1569.7 368
-1569.5 365
-1569.3 402
-1569.1 407
-1568.9 421
-1568.7 461
-1568.5 441
-1568.3 484
-1568.1 504
-1567.9 539
-1567.7 521
-1567.5 527
-1567.3 564
-1567.1 547
-1566.9 642
-1566.7 617
-1566.5 668
-1566.3 646
-1566.1 659
-1565.9 640
-1565.7 678
-1565.5 683
-1565.3 691
-1565.1 770
-1564.9 716
-1564.7 777
-1564.5 821
-1564.3 792
-1564.1 837
-1563.9 827
-1563.7 863
-1563.5 809
-1563.3 888
-1563.1 927
-1562.9 892
-1562.7 898
-1562.5 886
-1562.3 942
-1562.1 951
-1561.9 951
-1561.7 948
-1561.5 986
-1561.3 1032
-1561.1 994
-1560.9 998
-1560.7 1052
-1560.5 1001
-1560.3 1048
-1560.1 1016
-1559.9 1018
-1559.7 1026
-1559.5 1013
-1559.3 1027
-1559.1 976
-1558.9 1031
-1558.7 1011
-1558.5 1035
-1558.3 1026
-1558.1 1000
-1557.9 979
-1557.7 998
-1557.5 1012
-1557.3 1016
-1557.1 1010
-1556.9 1027
-1556.7 1001
-1556.5 982
-1556.3 960
-1556.1 999
-1555.9 987
-1555.7 950
-1555.5 1024
-1555.3 977
-1555.1 1009
-1554.9 1003
-1554.7 949
-1554.5 968
-1554.3 933
-1554.1 958
-1553.9 982
-1553.7 926
-1553.5 965
-1553.3 947
-1553.1 927
-1552.9 982
-1552.7 938
-1552.5 972
-1552.3 943
-1552.1 947
-1551.9 911
-1551.7 929
-1551.5 1023
-1551.3 931
-1551.1 880
-1550.9 917
-1550.7 943
-1550.5 900
-1550.3 869
-1550.1 889
-1549.9 883
-1549.7 895
-1549.5 866
-1549.3 872
-1549.1 881
-1548.9 897
-1548.7 877
-1548.5 862
-1548.3 892
-1548.1 885
-1547.9 844
-1547.7 898
-1547.5 867
-1547.3 872
-1547.1 832
-1546.9 834
-1546.7 818
-1546.5 848
-1546.3 807
-1546.1 830
-1545.9 854
-1545.7 795
-1545.5 836
-1545.3 823
-1545.1 828
-1544.9 835
-1544.7 817
-1544.5 818
-1544.3 835
-1544.1 843
-1543.9 792
-1543.7 775
-1543.5 833
-1543.3 858
-1543.1 865
-1542.9 838
-1542.7 789
-1542.5 845
-1542.3 787
-1542.1 846
-1541.9 835
-1541.7 820
-1541.5 820
-1541.3 795
-1541.1 858
-1540.9 793
-1540.7 753
-1540.5 873
-1540.3 771
-1540.1 776
-1539.9 770
-1539.7 833
-1539.5 765
-1539.3 727
-1539.1 762
-1538.9 864
-1538.7 772
-1538.5 791
-1538.3 833
-1538.1 775
-1537.9 763
-1537.7 722
-1537.5 763
-1537.3 766
-1537.1 743
-1536.9 779
-1536.7 786
-1536.5 754
-1536.3 751
-1536.1 791
-1535.9 759
-1535.7 730
-1535.5 756
-1535.3 764
-1535.1 739
-1534.9 770
-1534.7 728
-1534.5 793
-1534.3 747
-1534.1 793
-1533.9 759
-1533.7 747
-1533.5 807
-1533.3 746
-1533.1 762
-1532.9 745
-1532.7 799
-1532.5 796
-1532.3 732
-1532.1 773
-1531.9 763
-1531.7 846
-1531.5 786
-1531.3 821
-1531.1 777
-1530.9 828
-1530.7 784
-1530.5 817
-1530.3 793
-1530.1 754
-1529.9 782
-1529.7 816
-1529.5 761
-1529.3 779
-1529.1 769
-1528.9 803
-1528.7 803
-1528.5 827
-1528.3 777
-1528.1 798
-1527.9 766
-1527.7 751
-1527.5 787
-1527.3 749
-1527.1 747
-1526.9 811
-1526.7 778
-1526.5 793
-1526.3 794
-1526.1 775
-1525.9 814
-1525.7 747
-1525.5 741
-1525.3 781
-1525.1 698
-1524.9 725
-1524.7 775
-1524.5 744
-1524.3 737
-1524.1 748
-1523.9 683
-1523.7 717
-1523.5 693
-1523.3 737
-1523.1 687
-1522.9 713
-1522.7 697
-1522.5 712
-1522.3 708
-1522.1 682
-1521.9 747
-1521.7 646
-1521.5 685
-1521.3 686
-1521.1 704
-1520.9 675
-1520.7 660
-1520.5 682
-1520.3 712
-1520.1 670
-1519.9 675
-1519.7 684
-1519.5 641
-1519.3 655
-1519.1 682
-1518.9 669
-1518.7 701
-1518.5 754
-1518.3 699
-1518.1 709
-1517.9 701
-1517.7 709
-1517.5 711
-1517.3 759
-1517.1 689
-1516.9 709
-1516.7 711
-1516.5 709
-1516.3 776
-1516.1 714
-1515.9 715
-1515.7 699
-1515.5 732
-1515.3 734
-1515.1 779
-1514.9 787
-1514.7 788
-1514.5 750
-1514.3 776
-1514.1 747
-1513.9 771
-1513.7 801
-1513.5 781
-1513.3 817
-1513.1 790
-1512.9 849
-1512.7 780
-1512.5 838
-1512.3 820
-1512.1 823
-1511.9 844
-1511.7 830
-1511.5 796
-1511.3 848
-1511.1 823
-1510.9 794
-1510.7 797
-1510.5 834
-1510.3 770
-1510.1 849
-1509.9 746
-1509.7 775
-1509.5 780
-1509.3 764
-1509.1 769
-1508.9 756
-1508.7 716
-1508.5 734
-1508.3 731
-1508.1 688
-1507.9 708
-1507.7 719
-1507.5 712
-1507.3 666
-1507.1 695
-1506.9 662
-1506.7 632
-1506.5 641
-1506.3 681
-1506.1 702
-1505.9 624
-1505.7 645
-1505.5 678
-1505.3 648
-1505.1 661
-1504.9 607
-1504.7 665
-1504.5 644
-1504.3 700
-1504.1 678
-1503.9 659
-1503.7 661
-1503.5 654
-1503.3 691
-1503.1 722
-1502.9 703
-1502.7 729
-1502.5 683
-1502.3 686
-1502.1 704
-1501.9 759
-1501.7 747
-1501.5 734
-1501.3 719
-1501.1 757
-1500.9 830
-1500.7 777
-1500.5 788
-1500.3 827
-1500.1 744
-1499.9 818
-1499.7 798
-1499.5 874
-1499.3 799
-1499.1 848
-1498.9 820
-1498.7 836
-1498.5 887
-1498.3 889
-1498.1 831
-1497.9 835
-1497.7 875
-1497.5 894
-1497.3 884
-1497.1 848
-1496.9 877
-1496.7 853
-1496.5 808
-1496.3 896
-1496.1 848
-1495.9 866
-1495.7 846
-1495.5 836
-1495.3 850
-1495.1 808
-1494.9 865
-1494.7 852
-1494.5 808
-1494.3 791
-1494.1 850
-1493.9 778
-1493.7 799
-1493.5 751
-1493.3 770
-1493.1 757
-1492.9 772
-1492.7 737
-1492.5 710
-1492.3 741
-1492.1 766
-1491.9 723
-1491.7 754
-1491.5 679
-1491.3 691
-1491.1 659
-1490.9 635
-1490.7 668
-1490.5 704
-1490.3 675
-1490.1 663
-1489.9 693
-1489.7 648
-1489.5 677
-1489.3 664
-1489.1 658
-1488.9 648
-1488.7 625
-1488.5 700
-1488.3 657
-1488.1 656
-1487.9 657
-1487.7 643
-1487.5 684
-1487.3 666
-1487.1 699
-1486.9 626
-1486.7 650
-1486.5 684
-1486.3 689
-1486.1 710
-1485.9 664
-1485.7 681
-1485.5 734
-1485.3 757
-1485.1 754
-1484.9 778
-1484.7 758
-1484.5 778
-1484.3 792
-1484.1 778
-1483.9 791
-1483.7 804
-1483.5 793
-1483.3 755
-1483.1 782
-1482.9 808
-1482.7 826
-1482.5 799
-1482.3 766
-1482.1 795
-1481.9 830
-1481.7 816
-1481.5 839
-1481.3 790
-1481.1 830
-1480.9 850
-1480.7 839
-1480.5 824
-1480.3 834
-1480.1 820
-1479.9 798
-1479.7 796
-1479.5 850
-1479.3 802
-1479.1 815
-1478.9 776
-1478.7 810
-1478.5 752
-1478.3 837
-1478.1 794
-1477.9 756
-1477.7 776
-1477.5 766
-1477.3 821
-1477.1 772
-1476.9 800
-1476.7 778
-1476.5 744
-1476.3 777
-1476.1 722
-1475.9 712
-1475.7 760
-1475.5 765
-1475.3 800
-1475.1 723
-1474.9 695
-1474.7 753
-1474.5 732
-1474.3 713
-1474.1 708
-1473.9 789
-1473.7 728
-1473.5 699
-1473.3 686
-1473.1 699
-1472.9 674
-1472.7 734
-1472.5 693
-1472.3 746
-1472.1 745
-1471.9 693
-1471.7 690
-1471.5 660
-1471.3 717
-1471.1 687
-1470.9 693
-1470.7 725
-1470.5 760
-1470.3 774
-1470.1 714
-1469.9 765
-1469.7 730
-1469.5 708
-1469.3 702
-1469.1 742
-1468.9 755
-1468.7 743
-1468.5 776
-1468.3 775
-1468.1 744
-1467.9 789
-1467.7 753
-1467.5 745
-1467.3 738
-1467.1 809
-1466.9 797
-1466.7 743
-1466.5 753
-1466.3 784
-1466.1 793
-1465.9 844
-1465.7 830
-1465.5 788
-1465.3 749
-1465.1 794
-1464.9 777
-1464.7 732
-1464.5 819
-1464.3 808
-1464.1 830
-1463.9 806
-1463.7 876
-1463.5 793
-1463.3 737
-1463.1 731
-1462.9 766
-1462.7 806
-1462.5 838
-1462.3 814
-1462.1 845
-1461.9 811
-1461.7 782
-1461.5 765
-1461.3 745
-1461.1 790
-1460.9 798
-1460.7 802
-1460.5 798
-1460.3 812
-1460.1 805
-1459.9 784
-1459.7 803
-1459.5 798
-1459.3 751
-1459.1 793
-1458.9 804
-1458.7 775
-1458.5 762
-1458.3 732
-1458.1 727
-1457.9 674
-1457.7 762
-1457.5 738
-1457.3 764
-1457.1 732
-1456.9 736
-1456.7 708
-1456.5 711
-1456.3 699
-1456.1 685
-1455.9 692
-1455.7 730
-1455.5 743
-1455.3 731
-1455.1 691
-1454.9 765
-1454.7 718
-1454.5 755
-1454.3 696
-1454.1 693
-1453.9 706
-1453.7 659
-1453.5 685
-1453.3 653
-1453.1 711
-1452.9 727
-1452.7 697
-1452.5 743
-1452.3 736
-1452.1 694
-1451.9 700
-1451.7 701
-1451.5 745
-1451.3 770
-1451.1 784
-1450.9 714
-1450.7 761
-1450.5 777
-1450.3 799
-1450.1 752
-1449.9 757
-1449.7 745
-1449.5 703
-1449.3 786
-1449.1 738
-1448.9 750
-1448.7 751
-1448.5 768
-1448.3 725
-1448.1 803
-1447.9 793
-1447.7 731
-1447.5 749
-1447.3 776
-1447.1 693
-1446.9 690
-1446.7 807
-1446.5 786
-1446.3 762
-1446.1 788
-1445.9 758
-1445.7 773
-1445.5 774
-1445.3 789
-1445.1 748
-1444.9 782
-1444.7 766
-1444.5 790
-1444.3 821
-1444.1 789
-1443.9 757
-1443.7 798
-1443.5 817
-1443.3 750
-1443.1 740
-1442.9 790
-1442.7 781
-1442.5 783
-1442.3 759
-1442.1 785
-1441.9 813
-1441.7 759
-1441.5 748
-1441.3 764
-1441.1 763
-1440.9 814
-1440.7 767
-1440.5 763
-1440.3 729
-1440.1 780
-1439.9 754
-1439.7 736
-1439.5 736
-1439.3 725
-1439.1 738
-1438.9 755
-1438.7 728
-1438.5 754
-1438.3 789
-1438.1 756
-1437.9 704
-1437.7 714
-1437.5 760
-1437.3 740
-1437.1 756
-1436.9 759
-1436.7 715
-1436.5 740
-1436.3 749
-1436.1 744
-1435.9 743
-1435.7 745
-1435.5 794
-1435.3 757
-1435.1 738
-1434.9 760
-1434.7 749
-1434.5 719
-1434.3 762
-1434.1 774
-1433.9 741
-1433.7 805
-1433.5 752
-1433.3 719
-1433.1 754
-1432.9 779
-1432.7 774
-1432.5 792
-1432.3 758
-1432.1 723
-1431.9 724
-1431.7 752
-1431.5 679
-1431.3 760
-1431.1 745
-1430.9 710
-1430.7 789
-1430.5 788
-1430.3 824
-1430.1 749
-1429.9 776
-1429.7 756
-1429.5 787
-1429.3 794
-1429.1 749
-1428.9 798
-1428.7 755
-1428.5 732
-1428.3 792
-1428.1 759
-1427.9 817
-1427.7 801
-1427.5 753
-1427.3 785
-1427.1 740
-1426.9 809
-1426.7 784
-1426.5 764
-1426.3 769
-1426.1 759
-1425.9 753
-1425.7 725
-1425.5 755
-1425.3 798
-1425.1 743
-1424.9 779
-1424.7 720
-1424.5 710
-1424.3 754
-1424.1 700
-1423.9 702
-1423.7 748
-1423.5 732
-1423.3 755
-1423.1 783
-1422.9 775
-1422.7 732
-1422.5 754
-1422.3 740
-1422.1 701
-1421.9 761
-1421.7 732
-1421.5 802
-1421.3 785
-1421.1 757
-1420.9 754
-1420.7 743
-1420.5 698
-1420.3 745
-1420.1 720
-1419.9 742
-1419.7 728
-1419.5 729
-1419.3 749
-1419.1 757
-1418.9 761
-1418.7 752
-1418.5 767
-1418.3 732
-1418.1 763
-1417.9 801
-1417.7 765
-1417.5 775
-1417.3 748
-1417.1 751
-1416.9 721
-1416.7 751
-1416.5 726
-1416.3 770
-1416.1 736
-1415.9 752
-1415.7 756
-1415.5 817
-1415.3 731
-1415.1 789
-1414.9 754
-1414.7 755
-1414.5 779
-1414.3 812
-1414.1 770
-1413.9 712
-1413.7 713
-1413.5 741
-1413.3 769
-1413.1 720
-1412.9 763
-1412.7 770
-1412.5 757
-1412.3 758
-1412.1 755
-1411.9 775
-1411.7 787
-1411.5 783
-1411.3 742
-1411.1 781
-1410.9 782
-1410.7 699
-1410.5 731
-1410.3 754
-1410.1 746
-1409.9 774
-1409.7 727
-1409.5 701
-1409.3 778
-1409.1 764
-1408.9 752
-1408.7 773
-1408.5 705
-1408.3 719
-1408.1 736
-1407.9 735
-1407.7 739
-1407.5 753
-1407.3 733
-1407.1 733
-1406.9 771
-1406.7 790
-1406.5 736
-1406.3 746
-1406.1 764
-1405.9 770
-1405.7 775
-1405.5 757
-1405.3 780
-1405.1 708
-1404.9 717
-1404.7 714
-1404.5 729
-1404.3 696
-1404.1 743
-1403.9 743
-1403.7 777
-1403.5 799
-1403.3 781
-1403.1 747
-1402.9 719
-1402.7 767
-1402.5 772
-1402.3 712
-1402.1 734
-1401.9 706
-1401.7 744
-1401.5 756
-1401.3 753
-1401.1 792
-1400.9 734
-1400.7 746
-1400.5 694
-1400.3 738
-1400.1 699
-1399.9 729
-1399.7 772
-1399.5 736
-1399.3 737
-1399.1 745
-1398.9 757
-1398.7 772
-1398.5 734
-1398.3 756
-1398.1 757
-1397.9 717
-1397.7 681
-1397.5 725
-1397.3 715
-1397.1 753
-1396.9 797
-1396.7 763
-1396.5 780
-1396.3 761
-1396.1 761
-1395.9 733
-1395.7 748
-1395.5 714
-1395.3 765
-1395.1 755
-1394.9 770
-1394.7 817
-1394.5 772
-1394.3 754
-1394.1 756
-1393.9 768
-1393.7 791
-1393.5 752
-1393.3 730
-1393.1 737
-1392.9 762
-1392.7 749
-1392.5 760
-1392.3 696
-1392.1 785
-1391.9 743
-1391.7 699
-1391.5 757
-1391.3 687
-1391.1 765
-1390.9 740
-1390.7 701
-1390.5 736
-1390.3 771
-1390.1 771
-1389.9 752
-1389.7 711
-1389.5 737
-1389.3 736
-1389.1 686
-1388.9 722
-1388.7 725
-1388.5 735
-1388.3 745
-1388.1 761
-1387.9 734
-1387.7 723
-1387.5 761
-1387.3 716
-1387.1 753
-1386.9 712
-1386.7 722
-1386.5 706
-1386.3 770
-1386.1 754
-1385.9 796
-1385.7 741
-1385.5 727
-1385.3 769
-1385.1 759
-1384.9 734
-1384.7 772
-1384.5 742
-1384.3 772
-1384.1 733
-1383.9 717
-1383.7 747
-1383.5 748
-1383.3 740
-1383.1 751
-1382.9 796
-1382.7 737
-1382.5 746
-1382.3 760
-1382.1 762
-1381.9 773
-1381.7 763
-1381.5 834
-1381.3 797
-1381.1 757
-1380.9 713
-1380.7 803
-1380.5 711
-1380.3 725
-1380.1 802
-1379.9 780
-1379.7 773
-1379.5 767
-1379.3 727
-1379.1 797
-1378.9 791
-1378.7 743
-1378.5 745
-1378.3 732
-1378.1 755
-1377.9 702
-1377.7 723
-1377.5 791
-1377.3 739
-1377.1 791
-1376.9 774
-1376.7 759
-1376.5 727
-1376.3 741
-1376.1 759
-1375.9 715
-1375.7 777
-1375.5 750
-1375.3 740
-1375.1 756
-1374.9 689
-1374.7 776
-1374.5 766
-1374.3 760
-1374.1 751
-1373.9 791
-1373.7 807
-1373.5 717
-1373.3 797
-1373.1 780
-1372.9 784
-1372.7 741
-1372.5 804
-1372.3 718
-1372.1 757
-1371.9 742
-1371.7 768
-1371.5 752
-1371.3 721
-1371.1 761
-1370.9 759
-1370.7 741
-1370.5 745
-1370.3 704
-1370.1 740
-1369.9 741
-1369.7 725
-1369.5 805
-1369.3 739
-1369.1 765
-1368.9 714
-1368.7 732
-1368.5 695
-1368.3 756
-1368.1 706
-1367.9 738
-1367.7 691
-1367.5 714
-1367.3 752
-1367.1 764
-1366.9 713
-1366.7 726
-1366.5 722
-1366.3 680
-1366.1 717
-1365.9 725
-1365.7 706
-1365.5 628
-1365.3 764
-1365.1 704
-1364.9 740
-1364.7 720
-1364.5 741
-1364.3 733
-1364.1 728
-1363.9 671
-1363.7 688
-1363.5 730
-1363.3 719
-1363.1 714
-1362.9 696
-1362.7 678
-1362.5 723
-1362.3 692
-1362.1 632
-1361.9 724
-1361.7 655
-1361.5 696
-1361.3 671
-1361.1 644
-1360.9 643
-1360.7 618
-1360.5 642
-1360.3 651
-1360.1 641
-1359.9 647
-1359.7 618
-1359.5 565
-1359.3 594
-1359.1 545
-1358.9 573
-1358.7 572
-1358.5 573
-1358.3 592
-1358.1 564
-1357.9 539
-1357.7 561
-1357.5 542
-1357.3 571
-1357.1 550
-1356.9 562
-1356.7 533
-1356.5 480
-1356.3 535
-1356.1 498
-1355.9 481
-1355.7 465
-1355.5 498
-1355.3 483
-1355.1 446
-1354.9 457
-1354.7 481
-1354.5 397
-1354.3 430
-1354.1 415
-1353.9 398
-1353.7 415
-1353.5 384
-1353.3 384
-1353.1 396
-1352.9 406
-1352.7 395
-1352.5 376
-1352.3 370
-1352.1 381
-1351.9 356
-1351.7 327
-1351.5 344
-1351.3 338
-1351.1 341
-1350.9 339
-1350.7 331
-1350.5 312
-1350.3 322
-1350.1 304
-1349.9 291
-1349.7 281
-1349.5 271
-1349.3 285
-1349.1 282
-1348.9 297
-1348.7 252
-1348.5 261
-1348.3 268
-1348.1 241
-1347.9 241
-1347.7 225
-1347.5 263
-1347.3 239
-1347.1 243
-1346.9 210
-1346.7 233
-1346.5 196
-1346.3 185
-1346.1 201
-1345.9 225
-1345.7 201
-1345.5 206
-1345.3 197
-1345.1 190
-1344.9 195
-1344.7 191
-1344.5 193
-1344.3 208
-1344.1 191
-1343.9 170
-1343.7 173
-1343.5 163
-1343.3 171
-1343.1 172
-1342.9 168
-1342.7 159
-1342.5 161
-1342.3 151
-1342.1 133
-1341.9 152
-1341.7 151
-1341.5 142
-1341.3 133
-1341.1 115
-1340.9 145
-1340.7 102
-1340.5 111
-1340.3 120
-1340.1 125
-1339.9 101
-1339.7 106
-1339.5 109
-1339.3 105
-1339.1 97
-1338.9 98
-1338.7 113
-1338.5 71
-1338.3 82
-1338.1 86
-1337.9 91
-1337.7 88
-1337.5 87
-1337.3 74
-1337.1 71
-1336.9 83
-1336.7 62
-1336.5 63
-1336.3 63
-1336.1 58
-1335.9 70
-1335.7 63
-1335.5 51
-1335.3 48
-1335.1 53
-1334.9 38
-1334.7 47
-1334.5 37
-1334.3 42
-1334.1 43
-1333.9 42
-1333.7 33
-1333.5 44
-1333.3 36
-1333.1 40
-1332.9 32
-1332.7 27
-1332.5 35
-1332.3 33
-1332.1 22
-1331.9 32
-1331.7 24
-1331.5 28
-1331.3 20
-1331.1 25
-1330.9 19
-1330.7 24
-1330.5 26
-1330.3 22
-1330.1 18
-1329.9 14
-1329.7 26
-1329.5 11
-1329.3 12
-1329.1 18
-1328.9 19
-1328.7 11
-1328.5 17
-1328.3 15
-1328.1 13
-1327.9 8
-1327.7 16
-1327.5 17
-1327.3 17
-1327.1 5
-1326.9 11
-1326.7 8
-1326.5 10
-1326.3 13
-1326.1 11
-1325.9 4
-1325.7 13
-1325.5 11
-1325.3 10
-1325.1 11
-1324.9 6
-1324.7 7
-1324.5 9
-1324.3 4
-1324.1 6
-1323.9 14
-1323.7 5
-1323.5 10
-1323.3 11
-1323.1 8
-1322.9 8
-1322.7 2
-1322.5 7
-1322.3 14
-1322.1 6
-1321.9 13
-1321.7 11
-1321.5 13
-1321.3 11
-1321.1 12
-1320.9 4
-1320.7 5
-1320.5 6
-1320.3 5
-1320.1 8
-1319.9 10
-1319.7 11
-1319.5 9
-1319.3 7
-1319.1 8
-1318.9 9
-1318.7 10
-1318.5 6
-1318.3 2
-1318.1 7
-1317.9 5
-1317.7 7
-1317.5 3
-1317.3 6
-1317.1 6
-1316.9 7
-1316.7 6
-1316.5 8
-1316.3 6
-1316.1 6
-1315.9 9
-1315.7 9
-1315.5 8
-1315.3 8
-1315.1 8
-1314.9 5
-1314.7 6
-1314.5 8
-1314.3 8
-1314.1 7
-1313.9 3
-1313.7 3
-1313.5 6
-1313.3 5
-1313.1 5
-1312.9 6
-1312.7 6
-1312.5 5
-1312.3 9
-1312.1 7
-1311.9 5
-1311.7 3
-1311.5 11
-1311.3 7
-1311.1 4
-1310.9 6
-1310.7 9
-1310.5 8
-1310.3 5
-1310.1 8
-1309.9 8
-1309.7 8
-1309.5 4
-1309.3 4
-1309.1 2
-1308.9 4
-1308.7 8
-1308.5 6
-1308.3 1
-1308.1 4
-1307.9 2
-1307.7 9
-1307.5 6
-1307.3 6
-1307.1 7
-1306.9 9
-1306.7 8
-1306.5 4
-1306.3 6
-1306.1 7
-1305.9 6
-1305.7 5
-1305.5 9
-1305.3 9
-1305.1 9
-1304.9 7
-1304.7 9
-1304.5 8
-1304.3 4
-1304.1 5
-1303.9 13
-1303.7 5
-1303.5 4
-1303.3 11
-1303.1 5
-1302.9 9
-1302.7 3
-1302.5 4
-1302.3 6
-1302.1 6
-1301.9 7
-1301.7 10
-1301.5 5
-1301.3 6
-1301.1 6
-1300.9 6
-1300.7 5
-1300.5 12
-1300.3 6
-1300.1 4
