-1589.9 0
-1589.7 1
-1589.5 2
-1589.3 0
-1589.1 0
-1588.9 0
-1588.7 1
-1588.5 0
-1588.3 2
-1588.1 0
-1587.9 0
-1587.7 0
-1587.5 0
-1587.3 0
-1587.1 0
-1586.9 1
-1586.7 0
-1586.5 0
-1586.3 0
-1586.1 0
-1585.9 1
-1585.7 0
-1585.5 1
-1585.3 0
-1585.1 0
-1584.9 0
-1584.7 0
-1584.5 0
-1584.3 0
-1584.1 0
-1583.9 4
-1583.7 0
-1583.5 1
-1583.3 2
-1583.1 0
-1582.9 0
-1582.7 0
-1582.5 1
-1582.3 0
-1582.1 2
-1581.9 0
-1581.7 1
-1581.5 1
-1581.3 1
-1581.1 2
-1580.9 2
-1580.7 2
-1580.5 0
-1580.3 2
-1580.1 1
-1579.9 1
-1579.7 2
-1579.5 3
-1579.3 1
-1579.1 0
-1578.9 5
-1578.7 2
-1578.5 3
-1578.3 2
-1578.1 4
-1577.9 6
-1577.7 10
-1577.5 10
-1577.3 12
-1577.1 12
-1576.9 15
-1576.7 20
-1576.5 25
-1576.3 33
-1576.1 27
-1575.9 31
-1575.7 38
-1575.5 44
-1575.3 48
-1575.1 51
-1574.9 54
-1574.7 48
-1574.5 65
-1574.3 68
-1574.1 67
-1573.9 78
-1573.7 86
-1573.5 90
-1573.3 84
-1573.1 83
-1572.9 102
-1572.7 99
-1572.5 94
-1572.3 117
-1572.1 99
-1571.9 133
-1571.7 141
-1571.5 116
-1571.3 152
-1571.1 149
-1570.9 173
-1570.7 144
-1570.5 163
-1570.3 186
-1570.1 187
-1569.9 194
-1569.7 184
-1569.5 201
-1569.3 233
-1569.1 223
-1568.9 219
-1568.7 235
-1568.5 269
-1568.3 292
-1568.1 272
-1567.9 294
-1567.7 288
-1567.5 372
-1567.3 330
-1567.1 357
-1566.9 314
-1566.7 364
-1566.5 396
-1566.3 424
-1566.1 443
-1565.9 472
-1565.7 424
-1565.5 489
-1565.3 462
-1565.1 479
-1564.9 536
-1564.7 546
-1564.5 544
-1564.3 571
-1564.1 576
-1563.9 582
-1563.7 642
-1563.5 609
-1563.3 645
-1563.1 659
-1562.9 698
-1562.7 704
-1562.5 700
-1562.3 747
-1562.1 764
-1561.9 776
-1561.7 806
-1561.5 873
-1561.3 835
-1561.1 844
-1560.9 851
-1560.7 863
-1560.5 905
-1560.3 897
-1560.1 905
-1559.9 888
-1559.7 958
-1559.5 993
-1559.3 991
-1559.1 1007
-1558.9 971
-1558.7 997
-1558.5 1004
-1558.3 1058
-1558.1 1004
-1557.9 1016
-1557.7 1018
-1557.5 1022
-1557.3 1055
-1557.1 1025
-1556.9 1009
-1556.7 1074
-1556.5 1050
-1556.3 994
-1556.1 1003
-1555.9 1033
-1555.7 1060
-1555.5 1126
-1555.3 990
-1555.1 1082
-1554.9 1066
-1554.7 1015
-1554.5 1050
-1554.3 1030
-1554.1 1008
-1553.9 1045
-1553.7 1014
-1553.5 1023
-1553.3 1041
-1553.1 1032
-1552.9 979
-1552.7 984
-1552.5 989
-1552.3 1022
-1552.1 992
-1551.9 968
-1551.7 938
-1551.5 941
-1551.3 971
-1551.1 984
-1550.9 975
-1550.7 971
-1550.5 962
-1550.3 947
-1550.1 911
-1549.9 924
-1549.7 963
-1549.5 930
-1549.3 937
-1549.1 941
-1548.9 950
-1548.7 921
-1548.5 929
-1548.3 908
-1548.1 887
-1547.9 940
-1547.7 930
-1547.5 895
-1547.3 927
-1547.1 890
-1546.9 883
-1546.7 905
-1546.5 896
-1546.3 903
-1546.1 888
-1545.9 919
-1545.7 921
-1545.5 847
-1545.3 897
-1545.1 921
-1544.9 924
-1544.7 874
-1544.5 823
-1544.3 896
-1544.1 843
-1543.9 914
-1543.7 845
-1543.5 868
-1543.3 861
-1543.1 898
-1542.9 858
-1542.7 800
-1542.5 826
-1542.3 824
-1542.1 838
-1541.9 794
-1541.7 819
-1541.5 844
-1541.3 836
-1541.1 825
-1540.9 854
-1540.7 826
-1540.5 837
-1540.3 835
-1540.1 823
-1539.9 822
-1539.7 849
-1539.5 825
-1539.3 823
-1539.1 800
-1538.9 771
-1538.7 784
-1538.5 774
-1538.3 818
-1538.1 868
-1537.9 834
-1537.7 799
-1537.5 799
-1537.3 805
-1537.1 749
-1536.9 822
-1536.7 804
-1536.5 850
-1536.3 837
-1536.1 764
-1535.9 755
-1535.7 803
-1535.5 789
-1535.3 792
-1535.1 801
-1534.9 809
-1534.7 866
-1534.5 800
-1534.3 796
-1534.1 783
-1533.9 805
-1533.7 772
-1533.5 833
-1533.3 785
-1533.1 781
-1532.9 761
-1532.7 818
-1532.5 805
-1532.3 779
-1532.1 753
-1531.9 816
-1531.7 788
-1531.5 757
-1531.3 799
-1531.1 725
-1530.9 785
-1530.7 761
-1530.5 786
-1530.3 787
-1530.1 779
-1529.9 802
-1529.7 749
-1529.5 769
-1529.3 775
-1529.1 785
-1528.9 780
-1528.7 835
-1528.5 812
-1528.3 775
-1528.1 762
-1527.9 839
-1527.7 746
-1527.5 777
-1527.3 785
-1527.1 812
-1526.9 795
-1526.7 757
-1526.5 737
-1526.3 779
-1526.1 773
-1525.9 813
-1525.7 728
-1525.5 736
-1525.3 780
-1525.1 754
-1524.9 780
-1524.7 755
-1524.5 750
-1524.3 774
-1524.1 729
-1523.9 777
-1523.7 750
-1523.5 789
-1523.3 763
-1523.1 767
-1522.9 794
-1522.7 763
-1522.5 777
-1522.3 737
-1522.1 726
-1521.9 742
-1521.7 708
-1521.5 731
-1521.3 789
-1521.1 739
-1520.9 749
-1520.7 748
-1520.5 710
-1520.3 709
-1520.1 774
-1519.9 762
-1519.7 704
-1519.5 710
-1519.3 741
-1519.1 686
-1518.9 768
-1518.7 715
-1518.5 698
-1518.3 744
-1518.1 692
-1517.9 769
-1517.7 732
-1517.5 720
-1517.3 762
-1517.1 777
-1516.9 730
-1516.7 764
-1516.5 768
-1516.3 757
-1516.1 714
-1515.9 770
-1515.7 720
-1515.5 740
-1515.3 709
-1515.1 747
-1514.9 792
-1514.7 705
-1514.5 731
-1514.3 736
-1514.1 744
-1513.9 728
-1513.7 797
-1513.5 778
-1513.3 751
-1513.1 786
-1512.9 794
-1512.7 769
-1512.5 806
-1512.3 700
-1512.1 730
-1511.9 810
-1511.7 699
-1511.5 738
-1511.3 736
-1511.1 766
-1510.9 750
-1510.7 813
-1510.5 803
-1510.3 777
-1510.1 805
-1509.9 765
-1509.7 740
-1509.5 791
-1509.3 732
-1509.1 773
-1508.9 751
-1508.7 816
-1508.5 797
-1508.3 785
-1508.1 783
-1507.9 794
-1507.7 747
-1507.5 809
-1507.3 794
-1507.1 747
-1506.9 746
-1506.7 742
-1506.5 771
-1506.3 782
-1506.1 781
-1505.9 785
-1505.7 739
-1505.5 788
-1505.3 741
-1505.1 782
-1504.9 710
-1504.7 732
-1504.5 741
-1504.3 709
-1504.1 763
-1503.9 753
-1503.7 760
-1503.5 770
-1503.3 691
-1503.1 771
-1502.9 729
-1502.7 735
-1502.5 726
-1502.3 728
-1502.1 747
-1501.9 760
-1501.7 728
-1501.5 796
-1501.3 690
-1501.1 772
-1500.9 726
-1500.7 762
-1500.5 713
-1500.3 706
-1500.1 769
-1499.9 762
-1499.7 777
-1499.5 751
-1499.3 795
-1499.1 732
-1498.9 747
-1498.7 738
-1498.5 757
-1498.3 800
-1498.1 838
-1497.9 780
-1497.7 774
-1497.5 743
-1497.3 764
-1497.1 826
-1496.9 784
-1496.7 817
-1496.5 790
-1496.3 751
-1496.1 758
-1495.9 819
-1495.7 787
-1495.5 760
-1495.3 750
-1495.1 805
-1494.9 801
-1494.7 813
-1494.5 753
-1494.3 779
-1494.1 738
-1493.9 816
-1493.7 758
-1493.5 800
-1493.3 771
-1493.1 753
-1492.9 745
-1492.7 809
-1492.5 759
-1492.3 775
-1492.1 788
-1491.9 762
-1491.7 790
-1491.5 771
-1491.3 772
-1491.1 739
-1490.9 787
-1490.7 768
-1490.5 758
-1490.3 728
-1490.1 769
-1489.9 786
-1489.7 777
-1489.5 743
-1489.3 735
-1489.1 737
-1488.9 761
-1488.7 721
-1488.5 777
-1488.3 773
-1488.1 754
-1487.9 757
-1487.7 775
-1487.5 756
-1487.3 792
-1487.1 761
-1486.9 738
-1486.7 772
-1486.5 770
-1486.3 771
-1486.1 737
-1485.9 776
-1485.7 715
-1485.5 769
-1485.3 769
-1485.1 763
-1484.9 805
-1484.7 814
-1484.5 804
-1484.3 817
-1484.1 722
-1483.9 746
-1483.7 804
-1483.5 763
-1483.3 740
-1483.1 805
-1482.9 812
-1482.7 799
-1482.5 765
-1482.3 737
-1482.1 799
-1481.9 760
-1481.7 757
-1481.5 770
-1481.3 770
-1481.1 757
-1480.9 780
-1480.7 838
-1480.5 819
-1480.3 784
-1480.1 781
-1479.9 784
-1479.7 770
-1479.5 736
-1479.3 785
-1479.1 769
-1478.9 763
-1478.7 786
-1478.5 806
-1478.3 747
-1478.1 774
-1477.9 769
-1477.7 777
-1477.5 775
-1477.3 792
-1477.1 810
-1476.9 781
-1476.7 736
-1476.5 805
-1476.3 796
-1476.1 719
-1475.9 777
-1475.7 805
-1475.5 801
-1475.3 794
-1475.1 776
-1474.9 763
-1474.7 800
-1474.5 770
-1474.3 828
-1474.1 778
-1473.9 709
-1473.7 751
-1473.5 755
-1473.3 791
-1473.1 744
-1472.9 766
-1472.7 760
-1472.5 762
-1472.3 757
-1472.1 791
-1471.9 741
-1471.7 755
-1471.5 789
-1471.3 755
-1471.1 792
-1470.9 705
-1470.7 735
-1470.5 786
-1470.3 745
-1470.1 758
-1469.9 756
-1469.7 712
-1469.5 777
-1469.3 768
-1469.1 737
-1468.9 759
-1468.7 785
-1468.5 790
-1468.3 734
-1468.1 741
-1467.9 692
-1467.7 703
-1467.5 741
-1467.3 728
-1467.1 747
-1466.9 722
-1466.7 758
-1466.5 752
-1466.3 778
-1466.1 729
-1465.9 755
-1465.7 762
-1465.5 822
-1465.3 759
-1465.1 739
-1464.9 759
-1464.7 745
-1464.5 761
-1464.3 773
-1464.1 755
-1463.9 787
-1463.7 703
-1463.5 728
-1463.3 776
-1463.1 786
-1462.9 781
-1462.7 760
-1462.5 797
-1462.3 770
-1462.1 781
-1461.9 780
-1461.7 784
-1461.5 796
-1461.3 774
-1461.1 800
-1460.9 762
-1460.7 815
-1460.5 736
-1460.3 790
-1460.1 757
-1459.9 833
-1459.7 792
-1459.5 793
-1459.3 822
-1459.1 770
-1458.9 771
-1458.7 777
-1458.5 722
-1458.3 759
-1458.1 772
-1457.9 807
-1457.7 809
-1457.5 772
-1457.3 777
-1457.1 743
-1456.9 857
-1456.7 779
-1456.5 745
-1456.3 715
-1456.1 821
-1455.9 756
-1455.7 709
-1455.5 742
-1455.3 780
-1455.1 750
-1454.9 781
-1454.7 782
-1454.5 787
-1454.3 752
-1454.1 746
-1453.9 799
-1453.7 746
-1453.5 738
-1453.3 746
-1453.1 751
-1452.9 727
-1452.7 695
-1452.5 755
-1452.3 755
-1452.1 772
-1451.9 722
-1451.7 748
-1451.5 752
-1451.3 740
-1451.1 725
-1450.9 764
-1450.7 732
-1450.5 736
-1450.3 711
-1450.1 767
-1449.9 790
-1449.7 773
-1449.5 801
-1449.3 782
-1449.1 805
-1448.9 796
-1448.7 776
-1448.5 803
-1448.3 791
-1448.1 759
-1447.9 783
-1447.7 790
-1447.5 780
-1447.3 761
-1447.1 772
-1446.9 812
-1446.7 748
-1446.5 782
-1446.3 807
-1446.1 773
-1445.9 724
-1445.7 792
-1445.5 740
-1445.3 766
-1445.1 794
-1444.9 760
-1444.7 798
-1444.5 805
-1444.3 736
-1444.1 770
-1443.9 779
-1443.7 774
-1443.5 728
-1443.3 765
-1443.1 800
-1442.9 793
-1442.7 759
-1442.5 792
-1442.3 776
-1442.1 706
-1441.9 710
-1441.7 713
-1441.5 801
-1441.3 825
-1441.1 729
-1440.9 746
-1440.7 769
-1440.5 735
-1440.3 665
-1440.1 813
-1439.9 744
-1439.7 753
-1439.5 714
-1439.3 761
-1439.1 779
-1438.9 734
-1438.7 731
-1438.5 733
-1438.3 761
-1438.1 749
-1437.9 786
-1437.7 754
-1437.5 770
-1437.3 738
-1437.1 741
-1436.9 768
-1436.7 739
-1436.5 753
-1436.3 704
-1436.1 771
-1435.9 793
-1435.7 736
-1435.5 764
-1435.3 739
-1435.1 765
-1434.9 781
-1434.7 785
-1434.5 771
-1434.3 763
-1434.1 793
-1433.9 768
-1433.7 802
-1433.5 720
-1433.3 759
-1433.1 791
-1432.9 764
-1432.7 788
-1432.5 793
-1432.3 776
-1432.1 837
-1431.9 765
-1431.7 767
-1431.5 749
-1431.3 740
-1431.1 781
-1430.9 850
-1430.7 786
-1430.5 842
-1430.3 878
-1430.1 812
-1429.9 800
-1429.7 788
-1429.5 794
-1429.3 819
-1429.1 785
-1428.9 794
-1428.7 815
-1428.5 784
-1428.3 806
-1428.1 838
-1427.9 821
-1427.7 776
-1427.5 777
-1427.3 802
-1427.1 814
-1426.9 775
-1426.7 808
-1426.5 791
-1426.3 745
-1426.1 796
-1425.9 773
-1425.7 781
-1425.5 787
-1425.3 732
-1425.1 773
-1424.9 785
-1424.7 784
-1424.5 726
-1424.3 767
-1424.1 738
-1423.9 761
-1423.7 723
-1423.5 760
-1423.3 767
-1423.1 758
-1422.9 779
-1422.7 725
-1422.5 750
-1422.3 764
-1422.1 708
-1421.9 768
-1421.7 788
-1421.5 760
-1421.3 750
-1421.1 775
-1420.9 756
-1420.7 791
-1420.5 718
-1420.3 750
-1420.1 793
-1419.9 773
-1419.7 770
-1419.5 724
-1419.3 763
-1419.1 706
-1418.9 765
-1418.7 773
-1418.5 804
-1418.3 780
-1418.1 711
-1417.9 748
-1417.7 750
-1417.5 760
-1417.3 719
-1417.1 725
-1416.9 770
-1416.7 738
-1416.5 826
-1416.3 742
-1416.1 761
-1415.9 720
-1415.7 762
-1415.5 752
-1415.3 745
-1415.1 840
-1414.9 803
-1414.7 767
-1414.5 761
-1414.3 729
-1414.1 743
-1413.9 777
-1413.7 817
-1413.5 822
-1413.3 738
-1413.1 694
-1412.9 751
-1412.7 764
-1412.5 789
-1412.3 765
-1412.1 795
-1411.9 759
-1411.7 735
-1411.5 792
-1411.3 798
-1411.1 785
-1410.9 763
-1410.7 760
-1410.5 739
-1410.3 755
-1410.1 774
-1409.9 742
-1409.7 774
-1409.5 741
-1409.3 760
-1409.1 751
-1408.9 725
-1408.7 727
-1408.5 763
-1408.3 740
-1408.1 753
-1407.9 709
-1407.7 772
-1407.5 738
-1407.3 784
-1407.1 806
-1406.9 791
-1406.7 778
-1406.5 750
-1406.3 764
-1406.1 745
-1405.9 733
-1405.7 689
-1405.5 709
-1405.3 724
-1405.1 778
-1404.9 799
-1404.7 730
-1404.5 677
-1404.3 751
-1404.1 798
-1403.9 788
-1403.7 743
-1403.5 691
-1403.3 712
-1403.1 772
-1402.9 806
-1402.7 786
-1402.5 749
-1402.3 803
-1402.1 744
-1401.9 770
-1401.7 751
-1401.5 771
-1401.3 783
-1401.1 775
-1400.9 767
-1400.7 756
-1400.5 754
-1400.3 774
-1400.1 734
-1399.9 756
-1399.7 806
-1399.5 779
-1399.3 785
-1399.1 785
-1398.9 771
-1398.7 765
-1398.5 840
-1398.3 813
-1398.1 743
-1397.9 724
-1397.7 810
-1397.5 809
-1397.3 811
-1397.1 746
-1396.9 742
-1396.7 751
-1396.5 778
-1396.3 840
-1396.1 781
-1395.9 788
-1395.7 784
-1395.5 782
-1395.3 739
-1395.1 759
-1394.9 778
-1394.7 760
-1394.5 764
-1394.3 738
-1394.1 774
-1393.9 749
-1393.7 732
-1393.5 762
-1393.3 720
-1393.1 775
-1392.9 784
-1392.7 742
-1392.5 746
-1392.3 757
-1392.1 761
-1391.9 778
-1391.7 781
-1391.5 720
-1391.3 761
-1391.1 691
-1390.9 740
-1390.7 787
-1390.5 770
-1390.3 754
-1390.1 726
-1389.9 787
-1389.7 753
-1389.5 750
-1389.3 731
-1389.1 734
-1388.9 741
-1388.7 699
-1388.5 784
-1388.3 726
-1388.1 754
-1387.9 745
-1387.7 719
-1387.5 755
-1387.3 724
-1387.1 728
-1386.9 750
-1386.7 783
-1386.5 777
-1386.3 764
-1386.1 780
-1385.9 742
-1385.7 763
-1385.5 756
-1385.3 793
-1385.1 710
-1384.9 733
-1384.7 719
-1384.5 750
-1384.3 796
-1384.1 739
-1383.9 766
-1383.7 755
-1383.5 729
-1383.3 719
-1383.1 770
-1382.9 713
-1382.7 722
-1382.5 710
-1382.3 754
-1382.1 727
-1381.9 726
-1381.7 751
-1381.5 767
-1381.3 678
-1381.1 732
-1380.9 716
-1380.7 816
-1380.5 724
-1380.3 734
-1380.1 738
-1379.9 766
-1379.7 689
-1379.5 780
-1379.3 724
-1379.1 751
-1378.9 762
-1378.7 768
-1378.5 759
-1378.3 744
-1378.1 770
-1377.9 724
-1377.7 767
-1377.5 681
-1377.3 780
-1377.1 731
-1376.9 728
-1376.7 766
-1376.5 738
-1376.3 756
-1376.1 698
-1375.9 718
-1375.7 765
-1375.5 777
-1375.3 761
-1375.1 757
-1374.9 718
-1374.7 742
-1374.5 737
-1374.3 747
-1374.1 763
-1373.9 801
-1373.7 784
-1373.5 772
-1373.3 787
-1373.1 790
-1372.9 767
-1372.7 732
-1372.5 810
-1372.3 737
-1372.1 762
-1371.9 779
-1371.7 793
-1371.5 761
-1371.3 795
-1371.1 752
-1370.9 727
-1370.7 820
-1370.5 787
-1370.3 800
-1370.1 741
-1369.9 773
-1369.7 731
-1369.5 765
-1369.3 775
-1369.1 761
-1368.9 778
-1368.7 789
-1368.5 743
-1368.3 799
-1368.1 763
-1367.9 775
-1367.7 786
-1367.5 737
-1367.3 736
-1367.1 749
-1366.9 748
-1366.7 763
-1366.5 776
-1366.3 730
-1366.1 775
-1365.9 761
-1365.7 722
-1365.5 736
-1365.3 748
-1365.1 763
-1364.9 755
-1364.7 740
-1364.5 717
-1364.3 762
-1364.1 758
-1363.9 708
-1363.7 761
-1363.5 752
-1363.3 703
-1363.1 704
-1362.9 736
-1362.7 708
-1362.5 689
-1362.3 724
-1362.1 739
-1361.9 733
-1361.7 688
-1361.5 712
-1361.3 656
-1361.1 680
-1360.9 721
-1360.7 666
-1360.5 680
-1360.3 656
-1360.1 660
-1359.9 665
-1359.7 604
-1359.5 637
-1359.3 637
-1359.1 639
-1358.9 659
-1358.7 615
-1358.5 638
-1358.3 670
-1358.1 621
-1357.9 639
-1357.7 576
-1357.5 633
-1357.3 581
-1357.1 580
-1356.9 597
-1356.7 592
-1356.5 568
-1356.3 554
-1356.1 550
-1355.9 566
-1355.7 527
-1355.5 572
-1355.3 517
-1355.1 491
-1354.9 531
-1354.7 475
-1354.5 489
-1354.3 488
-1354.1 450
-1353.9 504
-1353.7 467
-1353.5 433
-1353.3 480
-1353.1 440
-1352.9 432
-1352.7 450
-1352.5 454
-1352.3 468
-1352.1 401
-1351.9 440
-1351.7 392
-1351.5 390
-1351.3 395
-1351.1 383
-1350.9 354
-1350.7 398
-1350.5 400
-1350.3 366
-1350.1 359
-1349.9 370
-1349.7 356
-1349.5 324
-1349.3 327
-1349.1 328
-1348.9 352
-1348.7 338
-1348.5 310
-1348.3 303
-1348.1 284
-1347.9 299
-1347.7 264
-1347.5 262
-1347.3 297
-1347.1 271
-1346.9 274
-1346.7 274
-1346.5 266
-1346.3 257
-1346.1 252
-1345.9 256
-1345.7 216
-1345.5 227
-1345.3 217
-1345.1 237
-1344.9 226
-1344.7 229
-1344.5 207
-1344.3 210
-1344.1 219
-1343.9 198
-1343.7 186
-1343.5 183
-1343.3 198
-1343.1 178
-1342.9 152
-1342.7 161
-1342.5 169
-1342.3 168
-1342.1 157
-1341.9 154
-1341.7 147
-1341.5 152
-1341.3 158
-1341.1 145
-1340.9 152
-1340.7 123
-1340.5 142
-1340.3 139
-1340.1 129
-1339.9 122
-1339.7 113
-1339.5 130
-1339.3 117
-1339.1 98
-1338.9 107
-1338.7 119
-1338.5 113
-1338.3 99
-1338.1 89
-1337.9 94
-1337.7 96
-1337.5 90
-1337.3 85
-1337.1 86
-1336.9 79
-1336.7 74
-1336.5 82
-1336.3 89
-1336.1 72
-1335.9 69
-1335.7 78
-1335.5 69
-1335.3 66
-1335.1 58
-1334.9 60
-1334.7 60
-1334.5 53
-1334.3 45
-1334.1 49
-1333.9 52
-1333.7 58
-1333.5 43
-1333.3 51
-1333.1 40
-1332.9 46
-1332.7 44
-1332.5 37
-1332.3 34
-1332.1 37
-1331.9 50
-1331.7 23
-1331.5 34
-1331.3 29
-1331.1 42
-1330.9 34
-1330.7 28
-1330.5 27
-1330.3 45
-1330.1 32
-1329.9 30
-1329.7 28
-1329.5 25
-1329.3 23
-1329.1 15
-1328.9 19
-1328.7 17
-1328.5 19
-1328.3 22
-1328.1 23
-1327.9 15
-1327.7 19
-1327.5 14
-1327.3 19
-1327.1 16
-1326.9 15
-1326.7 16
-1326.5 8
-1326.3 12
-1326.1 19
-1325.9 19
-1325.7 13
-1325.5 14
-1325.3 15
-1325.1 9
-1324.9 18
-1324.7 6
-1324.5 9
-1324.3 12
-1324.1 6
-1323.9 4
-1323.7 9
-1323.5 6
-1323.3 12
-1323.1 12
-1322.9 10
-1322.7 6
-1322.5 11
-1322.3 8
-1322.1 5
-1321.9 13
-1321.7 6
-1321.5 8
-1321.3 11
-1321.1 8
-1320.9 7
-1320.7 3
-1320.5 9
-1320.3 7
-1320.1 7
-1319.9 5
-1319.7 4
-1319.5 8
-1319.3 8
-1319.1 6
-1318.9 5
-1318.7 6
-1318.5 7
-1318.3 5
-1318.1 11
-1317.9 11
-1317.7 5
-1317.5 7
-1317.3 8
-1317.1 7
-1316.9 5
-1316.7 4
-1316.5 6
-1316.3 7
-1316.1 8
-1315.9 8
-1315.7 9
-1315.5 6
-1315.3 4
-1315.1 8
-1314.9 12
-1314.7 6
-1314.5 10
-1314.3 5
-1314.1 4
-1313.9 9
-1313.7 4
-1313.5 9
-1313.3 8
-1313.1 2
-1312.9 7
-1312.7 9
-1312.5 5
-1312.3 6
-1312.1 8
-1311.9 10
-1311.7 5
-1311.5 1
-1311.3 11
-1311.1 10
-1310.9 9
-1310.7 3
-1310.5 9
-1310.3 10
-1310.1 2
-1309.9 11
-1309.7 6
-1309.5 5
-1309.3 11
-1309.1 6
-1308.9 5
-1308.7 9
-1308.5 12
-1308.3 9
-1308.1 8
-1307.9 9
-1307.7 7
-1307.5 2
-1307.3 8
-1307.1 12
-1306.9 4
-1306.7 6
-1306.5 7
-1306.3 11
-1306.1 7
-1305.9 10
-1305.7 5
-1305.5 6
-1305.3 6
-1305.1 7
-1304.9 8
-1304.7 11
-1304.5 7
-1304.3 7
-1304.1 6
-1303.9 8
-1303.7 5
-1303.5 4
-1303.3 9
-1303.1 3
-1302.9 10
-1302.7 8
-1302.5 4
-1302.3 5
-1302.1 7
-1301.9 5
-1301.7 5
-1301.5 5
-1301.3 5
-1301.1 3
-1300.9 9
-1300.7 5
-1300.5 7
-1300.3 11
-1300.1 10
