1450
-1589.7 4.68972e-06
-1589.5 1.12553e-05
-1589.3 1.5945e-05
-1589.1 1.96968e-05
-1588.9 2.43865e-05
-1588.7 2.81383e-05
-1588.5 3.2828e-05
-1588.3 4.12695e-05
-1588.1 4.87731e-05
-1587.9 5.81525e-05
-1587.7 6.6594e-05
-1587.5 7.40976e-05
-1587.3 8.3477e-05
-1587.1 9.00426e-05
-1586.9 0.000105988
-1586.7 0.000122871
-1586.5 0.000135064
-1586.3 0.000150071
-1586.1 0.000161326
-1585.9 0.000178209
-1585.7 0.000191341
-1585.5 0.00020541
-1585.3 0.000219479
-1585.1 0.000240114
-1584.9 0.000267314
-1584.7 0.000283259
-1584.5 0.000306708
-1584.3 0.000339536
-1584.1 0.000357357
-1583.9 0.000382681
-1583.7 0.000412695
-1583.5 0.000443647
-1583.3 0.000473662
-1583.1 0.000504614
-1582.9 0.000530876
-1582.7 0.000574022
-1582.5 0.000623733
-1582.3 0.000662188
-1582.1 0.000711899
-1581.9 0.000762548
-1581.7 0.000816011
-1581.5 0.000874164
-1581.3 0.000949199
-1581.1 0.00101861
-1580.9 0.00107582
-1580.7 0.00113397
-1580.5 0.00121745
-1580.3 0.00128592
-1580.1 0.00136846
-1579.9 0.00146132
-1579.7 0.00156355
-1579.5 0.00165922
-1579.3 0.00176146
-1579.1 0.00186276
-1578.9 0.0019725
-1578.7 0.00208974
-1578.5 0.00219854
-1578.3 0.00231578
-1578.1 0.0024546
-1577.9 0.00259248
-1577.7 0.0027191
-1577.5 0.00286448
-1577.3 0.00301455
-1577.1 0.00316368
-1576.9 0.00332876
-1576.7 0.0034779
-1576.5 0.00365986
-1576.3 0.00384651
-1576.1 0.00402284
-1575.9 0.00420949
-1575.7 0.00440552
-1575.5 0.0045978
-1575.3 0.00478445
-1575.1 0.00498798
-1574.9 0.00522622
-1574.7 0.00548134
-1574.5 0.00572052
-1574.3 0.0059475
-1574.1 0.00616604
-1573.9 0.00644461
-1573.7 0.00670442
-1573.5 0.00696048
-1573.3 0.00724655
-1573.1 0.00752794
-1572.9 0.00779525
-1572.7 0.00808883
-1572.5 0.00837584
-1572.3 0.00871256
-1572.1 0.00905678
-1571.9 0.00937569
-1571.7 0.00971147
-1571.5 0.0100407
-1571.3 0.0103952
-1571.1 0.0107685
-1570.9 0.0111428
-1570.7 0.0115245
-1570.5 0.0118847
-1570.3 0.0123152
-1570.1 0.0127232
-1569.9 0.0131265
-1569.7 0.0135786
-1569.5 0.0140269
-1569.3 0.0144772
-1569.1 0.0149611
-1568.9 0.0154423
-1568.7 0.0159225
-1568.5 0.0164046
-1568.3 0.0169515
-1568.1 0.0174917
-1567.9 0.0179879
-1567.7 0.0185235
-1567.5 0.0190543
-1567.3 0.0195899
-1567.1 0.0201573
-1566.9 0.0207492
-1566.7 0.0212613
-1566.5 0.0218391
-1566.3 0.0224009
-1566.1 0.0229637
-1565.9 0.0235799
-1565.7 0.0241914
-1565.5 0.0247964
-1565.3 0.0253873
-1565.1 0.0259979
-1564.9 0.0265682
-1564.7 0.0271976
-1564.5 0.0278597
-1564.3 0.0285079
-1564.1 0.0291804
-1563.9 0.0298172
-1563.7 0.0304804
-1563.5 0.0310694
-1563.3 0.0317156
-1563.1 0.0324003
-1562.9 0.0330916
-1562.7 0.033765
-1562.5 0.0344338
-1562.3 0.0351222
-1562.1 0.0358285
-1561.9 0.0364963
-1561.7 0.0372092
-1561.5 0.0379211
-1561.3 0.0386255
-1561.1 0.0393608
-1560.9 0.040083
-1560.7 0.0408118
-1560.5 0.0415443
-1560.3 0.0422337
-1560.1 0.0429484
-1559.9 0.0436847
-1559.7 0.0444154
-1559.5 0.0452126
-1559.3 0.0459386
-1559.1 0.046688
-1558.9 0.0474412
-1558.7 0.0482122
-1558.5 0.0489569
-1558.3 0.0497467
-1558.1 0.0505392
-1557.9 0.0513233
-1557.7 0.0521084
-1557.5 0.0528653
-1557.3 0.0537067
-1557.1 0.054473
-1556.9 0.0552627
-1556.7 0.0560515
-1556.5 0.0568713
-1556.3 0.0576573
-1556.1 0.0584695
-1555.9 0.0592827
-1555.7 0.06002
-1555.5 0.0608031
-1555.3 0.0616886
-1555.1 0.062544
-1554.9 0.0633872
-1554.7 0.0641666
-1554.5 0.0650426
-1554.3 0.0659093
-1554.1 0.0668116
-1553.9 0.0676858
-1553.7 0.0685252
-1553.5 0.0693863
-1553.3 0.0702811
-1553.1 0.0711337
-1552.9 0.0719778
-1552.7 0.0728717
-1552.5 0.0737768
-1552.3 0.0746491
-1552.1 0.0755429
-1551.9 0.0764509
-1551.7 0.0773081
-1551.5 0.0782339
-1551.3 0.0792131
-1551.1 0.0800779
-1550.9 0.0810524
-1550.7 0.0819847
-1550.5 0.0829968
-1550.3 0.083916
-1550.1 0.0849074
-1549.9 0.0858809
-1549.7 0.0868498
-1549.5 0.0878187
-1549.3 0.0887445
-1549.1 0.0897575
-1548.9 0.0906635
-1548.7 0.0916071
-1548.5 0.0925713
-1548.3 0.093604
-1548.1 0.0946057
-1547.9 0.0955558
-1547.7 0.0965519
-1547.5 0.0975687
-1547.3 0.098531
-1547.1 0.0995083
-1546.9 0.100515
-1546.7 0.101518
-1546.5 0.102518
-1546.3 0.103603
-1546.1 0.104623
-1545.9 0.105622
-1545.7 0.10664
-1545.5 0.10762
-1545.3 0.108641
-1545.1 0.109654
-1544.9 0.110706
-1544.7 0.111723
-1544.5 0.112754
-1544.3 0.113755
-1544.1 0.114745
-1543.9 0.115766
-1543.7 0.116796
-1543.5 0.117828
-1543.3 0.118875
-1543.1 0.119935
-1542.9 0.120975
-1542.7 0.121966
-1542.5 0.123036
-1542.3 0.124045
-1542.1 0.125116
-1541.9 0.126117
-1541.7 0.127102
-1541.5 0.128112
-1541.3 0.129135
-1541.1 0.130158
-1540.9 0.13122
-1540.7 0.132233
-1540.5 0.133284
-1540.3 0.134257
-1540.1 0.135286
-1539.9 0.136274
-1539.7 0.137266
-1539.5 0.13825
-1539.3 0.139282
-1539.1 0.140312
-1538.9 0.141327
-1538.7 0.142344
-1538.5 0.143384
-1538.3 0.144374
-1538.1 0.14541
-1537.9 0.146478
-1537.7 0.147474
-1537.5 0.148519
-1537.3 0.149558
-1537.1 0.150596
-1536.9 0.151592
-1536.7 0.152633
-1536.5 0.153666
-1536.3 0.154655
-1536.1 0.155704
-1535.9 0.156699
-1535.7 0.157732
-1535.5 0.158815
-1535.3 0.159852
-1535.1 0.160879
-1534.9 0.161898
-1534.7 0.162949
-1534.5 0.163973
-1534.3 0.165013
-1534.1 0.16607
-1533.9 0.167061
-1533.7 0.168088
-1533.5 0.169182
-1533.3 0.170195
-1533.1 0.171215
-1532.9 0.172247
-1532.7 0.173252
-1532.5 0.174302
-1532.3 0.17533
-1532.1 0.176395
-1531.9 0.177364
-1531.7 0.178348
-1531.5 0.179367
-1531.3 0.180354
-1531.1 0.181389
-1530.9 0.18242
-1530.7 0.183446
-1530.5 0.184484
-1530.3 0.185424
-1530.1 0.186425
-1529.9 0.187441
-1529.7 0.188385
-1529.5 0.189342
-1529.3 0.190339
-1529.1 0.191286
-1528.9 0.192243
-1528.7 0.193205
-1528.5 0.194121
-1528.3 0.19509
-1528.1 0.196025
-1527.9 0.196915
-1527.7 0.197859
-1527.5 0.19877
-1527.3 0.199681
-1527.1 0.200612
-1526.9 0.201535
-1526.7 0.202432
-1526.5 0.203295
-1526.3 0.20419
-1526.1 0.205119
-1525.9 0.206054
-1525.7 0.20705
-1525.5 0.207985
-1525.3 0.208848
-1525.1 0.209734
-1524.9 0.21065
-1524.7 0.211519
-1524.5 0.212389
-1524.3 0.213283
-1524.1 0.214198
-1523.9 0.215028
-1523.7 0.215895
-1523.5 0.21679
-1523.3 0.217625
-1523.1 0.218476
-1522.9 0.219376
-1522.7 0.220242
-1522.5 0.221058
-1522.3 0.22196
-1522.1 0.222809
-1521.9 0.223664
-1521.7 0.224542
-1521.5 0.225442
-1521.3 0.226276
-1521.1 0.227161
-1520.9 0.228047
-1520.7 0.228863
-1520.5 0.229701
-1520.3 0.230555
-1520.1 0.23146
-1519.9 0.232312
-1519.7 0.233211
-1519.5 0.234059
-1519.3 0.234926
-1519.1 0.235823
-1518.9 0.236674
-1518.7 0.237494
-1518.5 0.238377
-1518.3 0.239265
-1518.1 0.240115
-1517.9 0.241039
-1517.7 0.241901
-1517.5 0.242806
-1517.3 0.243682
-1517.1 0.244579
-1516.9 0.245481
-1516.7 0.24639
-1516.5 0.247251
-1516.3 0.248169
-1516.1 0.249075
-1515.9 0.249999
-1515.7 0.250936
-1515.5 0.251879
-1515.3 0.252828
-1515.1 0.253773
-1514.9 0.254685
-1514.7 0.255594
-1514.5 0.256492
-1514.3 0.257473
-1514.1 0.258441
-1513.9 0.259454
-1513.7 0.260424
-1513.5 0.261343
-1513.3 0.2623
-1513.1 0.263295
-1512.9 0.264272
-1512.7 0.265282
-1512.5 0.266295
-1512.3 0.267286
-1512.1 0.268281
-1511.9 0.269253
-1511.7 0.270241
-1511.5 0.271193
-1511.3 0.272117
-1511.1 0.273067
-1510.9 0.273954
-1510.7 0.274867
-1510.5 0.275798
-1510.3 0.276637
-1510.1 0.277573
-1509.9 0.278497
-1509.7 0.279415
-1509.5 0.280286
-1509.3 0.281233
-1509.1 0.282088
-1508.9 0.282945
-1508.7 0.283818
-1508.5 0.284682
-1508.3 0.285534
-1508.1 0.286363
-1507.9 0.287236
-1507.7 0.288057
-1507.5 0.288878
-1507.3 0.289698
-1507.1 0.290454
-1506.9 0.291252
-1506.7 0.29211
-1506.5 0.292915
-1506.3 0.293718
-1506.1 0.294549
-1505.9 0.29535
-1505.7 0.296146
-1505.5 0.296985
-1505.3 0.297818
-1505.1 0.298651
-1504.9 0.299395
-1504.7 0.300263
-1504.5 0.30103
-1504.3 0.301856
-1504.1 0.302632
-1503.9 0.303482
-1503.7 0.3043
-1503.5 0.305162
-1503.3 0.306014
-1503.1 0.306844
-1502.9 0.307702
-1502.7 0.308529
-1502.5 0.309387
-1502.3 0.310256
-1502.1 0.311128
-1501.9 0.311975
-1501.7 0.312808
-1501.5 0.313711
-1501.3 0.314572
-1501.1 0.315449
-1500.9 0.316297
-1500.7 0.317205
-1500.5 0.318123
-1500.3 0.319005
-1500.1 0.319903
-1499.9 0.320822
-1499.7 0.32175
-1499.5 0.322625
-1499.3 0.323565
-1499.1 0.324506
-1498.9 0.325459
-1498.7 0.326426
-1498.5 0.327376
-1498.3 0.328299
-1498.1 0.329299
-1497.9 0.330269
-1497.7 0.331196
-1497.5 0.332167
-1497.3 0.333064
-1497.1 0.333998
-1496.9 0.334966
-1496.7 0.335886
-1496.5 0.336856
-1496.3 0.337772
-1496.1 0.338756
-1495.9 0.339706
-1495.7 0.340681
-1495.5 0.341645
-1495.3 0.342634
-1495.1 0.34354
-1494.9 0.344477
-1494.7 0.345396
-1494.5 0.346288
-1494.3 0.347273
-1494.1 0.348166
-1493.9 0.349061
-1493.7 0.349954
-1493.5 0.350874
-1493.3 0.351746
-1493.1 0.352633
-1492.9 0.353563
-1492.7 0.354381
-1492.5 0.355245
-1492.3 0.356137
-1492.1 0.35701
-1491.9 0.357829
-1491.7 0.358703
-1491.5 0.359505
-1491.3 0.360353
-1491.1 0.361176
-1490.9 0.361979
-1490.7 0.362767
-1490.5 0.363595
-1490.3 0.364407
-1490.1 0.365171
-1489.9 0.365951
-1489.7 0.36677
-1489.5 0.367536
-1489.3 0.368274
-1489.1 0.369112
-1488.9 0.369885
-1488.7 0.370673
-1488.5 0.37148
-1488.3 0.372276
-1488.1 0.373079
-1487.9 0.373905
-1487.7 0.37467
-1487.5 0.375465
-1487.3 0.376281
-1487.1 0.377088
-1486.9 0.377914
-1486.7 0.37876
-1486.5 0.379589
-1486.3 0.380407
-1486.1 0.381265
-1485.9 0.382122
-1485.7 0.382961
-1485.5 0.38379
-1485.3 0.38463
-1485.1 0.385538
-1484.9 0.386321
-1484.7 0.387197
-1484.5 0.388038
-1484.3 0.388903
-1484.1 0.389741
-1483.9 0.390589
-1483.7 0.391469
-1483.5 0.392337
-1483.3 0.393248
-1483.1 0.394098
-1482.9 0.394984
-1482.7 0.395833
-1482.5 0.396685
-1482.3 0.397574
-1482.1 0.398451
-1481.9 0.399326
-1481.7 0.400197
-1481.5 0.401076
-1481.3 0.402006
-1481.1 0.402919
-1480.9 0.403822
-1480.7 0.40472
-1480.5 0.405644
-1480.3 0.406592
-1480.1 0.407522
-1479.9 0.408466
-1479.7 0.409388
-1479.5 0.410301
-1479.3 0.411253
-1479.1 0.41214
-1478.9 0.413108
-1478.7 0.414036
-1478.5 0.414955
-1478.3 0.415902
-1478.1 0.416878
-1477.9 0.417809
-1477.7 0.418719
-1477.5 0.419625
-1477.3 0.420522
-1477.1 0.421406
-1476.9 0.422312
-1476.7 0.42321
-1476.5 0.424103
-1476.3 0.424992
-1476.1 0.425881
-1475.9 0.42679
-1475.7 0.427647
-1475.5 0.428501
-1475.3 0.429415
-1475.1 0.430311
-1474.9 0.431155
-1474.7 0.43205
-1474.5 0.432859
-1474.3 0.43371
-1474.1 0.43458
-1473.9 0.435418
-1473.7 0.436233
-1473.5 0.437027
-1473.3 0.437902
-1473.1 0.438699
-1472.9 0.439479
-1472.7 0.440328
-1472.5 0.441158
-1472.3 0.442001
-1472.1 0.442818
-1471.9 0.44363
-1471.7 0.444431
-1471.5 0.445284
-1471.3 0.446121
-1471.1 0.446956
-1470.9 0.447778
-1470.7 0.448642
-1470.5 0.449461
-1470.3 0.45035
-1470.1 0.451182
-1469.9 0.452045
-1469.7 0.452947
-1469.5 0.453784
-1469.3 0.454677
-1469.1 0.455562
-1468.9 0.456399
-1468.7 0.457242
-1468.5 0.458134
-1468.3 0.458999
-1468.1 0.459954
-1467.9 0.460864
-1467.7 0.461771
-1467.5 0.462636
-1467.3 0.463513
-1467.1 0.464394
-1466.9 0.465255
-1466.7 0.466112
-1466.5 0.466985
-1466.3 0.467877
-1466.1 0.468735
-1465.9 0.469676
-1465.7 0.470616
-1465.5 0.471536
-1465.3 0.472454
-1465.1 0.47338
-1464.9 0.474245
-1464.7 0.47515
-1464.5 0.476034
-1464.3 0.476921
-1464.1 0.477844
-1463.9 0.47874
-1463.7 0.479621
-1463.5 0.480472
-1463.3 0.481399
-1463.1 0.482291
-1462.9 0.483168
-1462.7 0.484071
-1462.5 0.484945
-1462.3 0.485832
-1462.1 0.486772
-1461.9 0.48765
-1461.7 0.488534
-1461.5 0.489445
-1461.3 0.490384
-1461.1 0.491258
-1460.9 0.492123
-1460.7 0.492986
-1460.5 0.493874
-1460.3 0.49473
-1460.1 0.4956
-1459.9 0.496482
-1459.7 0.497347
-1459.5 0.498219
-1459.3 0.499002
-1459.1 0.499811
-1458.9 0.500657
-1458.7 0.501453
-1458.5 0.502264
-1458.3 0.503094
-1458.1 0.503942
-1457.9 0.504769
-1457.7 0.505617
-1457.5 0.506401
-1457.3 0.507223
-1457.1 0.507983
-1456.9 0.50878
-1456.7 0.509575
-1456.5 0.510413
-1456.3 0.511241
-1456.1 0.512067
-1455.9 0.512881
-1455.7 0.513725
-1455.5 0.514595
-1455.3 0.515464
-1455.1 0.516301
-1454.9 0.517165
-1454.7 0.518029
-1454.5 0.518899
-1454.3 0.519704
-1454.1 0.520563
-1453.9 0.521419
-1453.7 0.522284
-1453.5 0.523152
-1453.3 0.524052
-1453.1 0.524973
-1452.9 0.525876
-1452.7 0.526756
-1452.5 0.52764
-1452.3 0.528559
-1452.1 0.529417
-1451.9 0.530367
-1451.7 0.531311
-1451.5 0.532208
-1451.3 0.533142
-1451.1 0.534038
-1450.9 0.534972
-1450.7 0.535862
-1450.5 0.536766
-1450.3 0.537634
-1450.1 0.538528
-1449.9 0.539427
-1449.7 0.540367
-1449.5 0.541303
-1449.3 0.542215
-1449.1 0.543126
-1448.9 0.543988
-1448.7 0.544882
-1448.5 0.545823
-1448.3 0.546739
-1448.1 0.547628
-1447.9 0.548511
-1447.7 0.549392
-1447.5 0.550226
-1447.3 0.551106
-1447.1 0.552046
-1446.9 0.552946
-1446.7 0.553822
-1446.5 0.554744
-1446.3 0.555632
-1446.1 0.556489
-1445.9 0.557324
-1445.7 0.55818
-1445.5 0.559018
-1445.3 0.559869
-1445.1 0.560766
-1444.9 0.561663
-1444.7 0.562537
-1444.5 0.563393
-1444.3 0.564211
-1444.1 0.565094
-1443.9 0.565911
-1443.7 0.566698
-1443.5 0.567557
-1443.3 0.568435
-1443.1 0.569207
-1442.9 0.570043
-1442.7 0.570879
-1442.5 0.571718
-1442.3 0.572592
-1442.1 0.573418
-1441.9 0.574225
-1441.7 0.57506
-1441.5 0.57587
-1441.3 0.576685
-1441.1 0.577562
-1440.9 0.578414
-1440.7 0.579223
-1440.5 0.580073
-1440.3 0.580958
-1440.1 0.581814
-1439.9 0.582627
-1439.7 0.583537
-1439.5 0.584384
-1439.3 0.585266
-1439.1 0.586107
-1438.9 0.58699
-1438.7 0.587885
-1438.5 0.588808
-1438.3 0.589682
-1438.1 0.590591
-1437.9 0.591496
-1437.7 0.59243
-1437.5 0.59331
-1437.3 0.594239
-1437.1 0.595128
-1436.9 0.59603
-1436.7 0.596956
-1436.5 0.597824
-1436.3 0.598739
-1436.1 0.599689
-1435.9 0.600595
-1435.7 0.601466
-1435.5 0.602355
-1435.3 0.603251
-1435.1 0.604191
-1434.9 0.605116
-1434.7 0.606012
-1434.5 0.606859
-1434.3 0.607722
-1434.1 0.608612
-1433.9 0.609467
-1433.7 0.610326
-1433.5 0.6112
-1433.3 0.612139
-1433.1 0.613035
-1432.9 0.613906
-1432.7 0.614867
-1432.5 0.615732
-1432.3 0.616633
-1432.1 0.617519
-1431.9 0.618409
-1431.7 0.619315
-1431.5 0.620184
-1431.3 0.621041
-1431.1 0.621913
-1430.9 0.622756
-1430.7 0.623605
-1430.5 0.624505
-1430.3 0.625334
-1430.1 0.626221
-1429.9 0.627095
-1429.7 0.627958
-1429.5 0.628816
-1429.3 0.629705
-1429.1 0.630584
-1428.9 0.631425
-1428.7 0.632291
-1428.5 0.63312
-1428.3 0.633936
-1428.1 0.634831
-1427.9 0.635695
-1427.7 0.636536
-1427.5 0.63742
-1427.3 0.638229
-1427.1 0.639069
-1426.9 0.639907
-1426.7 0.640738
-1426.5 0.641549
-1426.3 0.642409
-1426.1 0.643262
-1425.9 0.644079
-1425.7 0.644909
-1425.5 0.645744
-1425.3 0.646648
-1425.1 0.64758
-1424.9 0.648425
-1424.7 0.649344
-1424.5 0.650195
-1424.3 0.651121
-1424.1 0.652039
-1423.9 0.652867
-1423.7 0.653782
-1423.5 0.654666
-1423.3 0.655549
-1423.1 0.65644
-1422.9 0.657334
-1422.7 0.65822
-1422.5 0.659136
-1422.3 0.660041
-1422.1 0.660914
-1421.9 0.661846
-1421.7 0.662754
-1421.5 0.66362
-1421.3 0.664459
-1421.1 0.665359
-1420.9 0.666307
-1420.7 0.667211
-1420.5 0.668107
-1420.3 0.669018
-1420.1 0.669862
-1419.9 0.670756
-1419.7 0.6717
-1419.5 0.672618
-1419.3 0.673503
-1419.1 0.674381
-1418.9 0.6752
-1418.7 0.67607
-1418.5 0.67695
-1418.3 0.677795
-1418.1 0.67866
-1417.9 0.67947
-1417.7 0.680321
-1417.5 0.681178
-1417.3 0.682046
-1417.1 0.68287
-1416.9 0.683759
-1416.7 0.684604
-1416.5 0.685476
-1416.3 0.686343
-1416.1 0.687189
-1415.9 0.68805
-1415.7 0.688929
-1415.5 0.68974
-1415.3 0.690615
-1415.1 0.691441
-1414.9 0.692339
-1414.7 0.693141
-1414.5 0.693994
-1414.3 0.694844
-1414.1 0.695687
-1413.9 0.696493
-1413.7 0.697377
-1413.5 0.698207
-1413.3 0.69905
-1413.1 0.699853
-1412.9 0.700693
-1412.7 0.701513
-1412.5 0.702365
-1412.3 0.703229
-1412.1 0.704085
-1411.9 0.704956
-1411.7 0.705788
-1411.5 0.706649
-1411.3 0.70755
-1411.1 0.70843
-1410.9 0.709297
-1410.7 0.710176
-1410.5 0.711051
-1410.3 0.711941
-1410.1 0.712758
-1409.9 0.713589
-1409.7 0.714436
-1409.5 0.715288
-1409.3 0.716134
-1409.1 0.716976
-1408.9 0.717857
-1408.7 0.718738
-1408.5 0.719604
-1408.3 0.720477
-1408.1 0.721377
-1407.9 0.722267
-1407.7 0.723124
-1407.5 0.723949
-1407.3 0.724819
-1407.1 0.725642
-1406.9 0.726545
-1406.7 0.727435
-1406.5 0.728331
-1406.3 0.729206
-1406.1 0.730071
-1405.9 0.730924
-1405.7 0.731785
-1405.5 0.732594
-1405.3 0.73347
-1405.1 0.734311
-1404.9 0.735151
-1404.7 0.735983
-1404.5 0.736827
-1404.3 0.737689
-1404.1 0.738539
-1403.9 0.739382
-1403.7 0.740207
-1403.5 0.741032
-1403.3 0.741959
-1403.1 0.74283
-1402.9 0.743677
-1402.7 0.744507
-1402.5 0.745302
-1402.3 0.746104
-1402.1 0.746926
-1401.9 0.747718
-1401.7 0.748566
-1401.5 0.749399
-1401.3 0.750248
-1401.1 0.751103
-1400.9 0.751943
-1400.7 0.752766
-1400.5 0.753639
-1400.3 0.754509
-1400.1 0.755373
-1399.9 0.756217
-1399.7 0.757049
-1399.5 0.757916
-1399.3 0.758831
-1399.1 0.759599
-1398.9 0.760484
-1398.7 0.761355
-1398.5 0.76219
-1398.3 0.763041
-1398.1 0.763946
-1397.9 0.764788
-1397.7 0.765643
-1397.5 0.76652
-1397.3 0.767397
-1397.1 0.768258
-1396.9 0.769135
-1396.7 0.770003
-1396.5 0.770867
-1396.3 0.771795
-1396.1 0.772687
-1395.9 0.77365
-1395.7 0.774563
-1395.5 0.775476
-1395.3 0.776312
-1395.1 0.777206
-1394.9 0.778073
-1394.7 0.779008
-1394.5 0.779928
-1394.3 0.78085
-1394.1 0.78175
-1393.9 0.782701
-1393.7 0.783586
-1393.5 0.784457
-1393.3 0.785342
-1393.1 0.786198
-1392.9 0.787095
-1392.7 0.787969
-1392.5 0.788874
-1392.3 0.789779
-1392.1 0.790728
-1391.9 0.791612
-1391.7 0.792478
-1391.5 0.793401
-1391.3 0.794365
-1391.1 0.795268
-1390.9 0.796176
-1390.7 0.797081
-1390.5 0.797892
-1390.3 0.798764
-1390.1 0.799652
-1389.9 0.800493
-1389.7 0.801378
-1389.5 0.802284
-1389.3 0.803144
-1389.1 0.804004
-1388.9 0.804823
-1388.7 0.805693
-1388.5 0.806504
-1388.3 0.807368
-1388.1 0.808244
-1387.9 0.809094
-1387.7 0.809949
-1387.5 0.810772
-1387.3 0.811635
-1387.1 0.812428
-1386.9 0.813185
-1386.7 0.814085
-1386.5 0.814863
-1386.3 0.815702
-1386.1 0.816542
-1385.9 0.817437
-1385.7 0.818274
-1385.5 0.819097
-1385.3 0.819948
-1385.1 0.820786
-1384.9 0.821627
-1384.7 0.822489
-1384.5 0.823306
-1384.3 0.824146
-1384.1 0.824995
-1383.9 0.825795
-1383.7 0.826615
-1383.5 0.827471
-1383.3 0.828302
-1383.1 0.829141
-1382.9 0.829955
-1382.7 0.830767
-1382.5 0.831579
-1382.3 0.832464
-1382.1 0.833277
-1381.9 0.834091
-1381.7 0.834954
-1381.5 0.835789
-1381.3 0.836695
-1381.1 0.837589
-1380.9 0.83848
-1380.7 0.839323
-1380.5 0.840187
-1380.3 0.841048
-1380.1 0.841922
-1379.9 0.842784
-1379.7 0.843648
-1379.5 0.844514
-1379.3 0.845379
-1379.1 0.846233
-1378.9 0.847117
-1378.7 0.847993
-1378.5 0.8489
-1378.3 0.84978
-1378.1 0.850655
-1377.9 0.851536
-1377.7 0.852389
-1377.5 0.853247
-1377.3 0.854093
-1377.1 0.854988
-1376.9 0.855862
-1376.7 0.856688
-1376.5 0.857545
-1376.3 0.858449
-1376.1 0.859311
-1375.9 0.860217
-1375.7 0.861123
-1375.5 0.862027
-1375.3 0.862871
-1375.1 0.863738
-1374.9 0.864567
-1374.7 0.865418
-1374.5 0.866305
-1374.3 0.86718
-1374.1 0.868046
-1373.9 0.868888
-1373.7 0.869721
-1373.5 0.870553
-1373.3 0.871378
-1373.1 0.872265
-1372.9 0.873122
-1372.7 0.873938
-1372.5 0.874837
-1372.3 0.875722
-1372.1 0.876572
-1371.9 0.877425
-1371.7 0.878246
-1371.5 0.879073
-1371.3 0.879911
-1371.1 0.88076
-1370.9 0.881613
-1370.7 0.88252
-1370.5 0.883346
-1370.3 0.884145
-1370.1 0.884987
-1369.9 0.885812
-1369.7 0.886643
-1369.5 0.887462
-1369.3 0.888305
-1369.1 0.889155
-1368.9 0.889971
-1368.7 0.890749
-1368.5 0.891623
-1368.3 0.892453
-1368.1 0.893295
-1367.9 0.89411
-1367.7 0.89489
-1367.5 0.895724
-1367.3 0.896525
-1367.1 0.897318
-1366.9 0.898148
-1366.7 0.898992
-1366.5 0.899799
-1366.3 0.900608
-1366.1 0.901424
-1365.9 0.90227
-1365.7 0.903154
-1365.5 0.903977
-1365.3 0.904767
-1365.1 0.905601
-1364.9 0.906426
-1364.7 0.907229
-1364.5 0.908079
-1364.3 0.908956
-1364.1 0.909811
-1363.9 0.910574
-1363.7 0.911433
-1363.5 0.912263
-1363.3 0.913053
-1363.1 0.913871
-1362.9 0.914704
-1362.7 0.915525
-1362.5 0.916346
-1362.3 0.917156
-1362.1 0.917911
-1361.9 0.91877
-1361.7 0.919588
-1361.5 0.920392
-1361.3 0.921213
-1361.1 0.922034
-1360.9 0.922797
-1360.7 0.923643
-1360.5 0.924397
-1360.3 0.925194
-1360.1 0.925954
-1359.9 0.926746
-1359.7 0.927505
-1359.5 0.928291
-1359.3 0.929043
-1359.1 0.929825
-1358.9 0.930639
-1358.7 0.931389
-1358.5 0.932201
-1358.3 0.932935
-1358.1 0.93367
-1357.9 0.934399
-1357.7 0.935132
-1357.5 0.935881
-1357.3 0.936668
-1357.1 0.93741
-1356.9 0.938139
-1356.7 0.938853
-1356.5 0.939556
-1356.3 0.940316
-1356.1 0.941081
-1355.9 0.941813
-1355.7 0.942517
-1355.5 0.943253
-1355.3 0.944004
-1355.1 0.944706
-1354.9 0.945442
-1354.7 0.946193
-1354.5 0.946926
-1354.3 0.94765
-1354.1 0.948367
-1353.9 0.949082
-1353.7 0.949786
-1353.5 0.950519
-1353.3 0.951248
-1353.1 0.951982
-1352.9 0.95266
-1352.7 0.953339
-1352.5 0.954031
-1352.3 0.954706
-1352.1 0.955401
-1351.9 0.956122
-1351.7 0.956871
-1351.5 0.957565
-1351.3 0.958255
-1351.1 0.95897
-1350.9 0.959694
-1350.7 0.960374
-1350.5 0.961089
-1350.3 0.961783
-1350.1 0.962481
-1349.9 0.963162
-1349.7 0.963816
-1349.5 0.964474
-1349.3 0.965124
-1349.1 0.965736
-1348.9 0.966408
-1348.7 0.967015
-1348.5 0.967607
-1348.3 0.968192
-1348.1 0.968803
-1347.9 0.969448
-1347.7 0.970019
-1347.5 0.97066
-1347.3 0.971273
-1347.1 0.971817
-1346.9 0.972353
-1346.7 0.972926
-1346.5 0.973498
-1346.3 0.97401
-1346.1 0.974542
-1345.9 0.975069
-1345.7 0.97558
-1345.5 0.976117
-1345.3 0.97663
-1345.1 0.977131
-1344.9 0.977597
-1344.7 0.978116
-1344.5 0.978593
-1344.3 0.979048
-1344.1 0.97954
-1343.9 0.979982
-1343.7 0.980449
-1343.5 0.980912
-1343.3 0.981362
-1343.1 0.981791
-1342.9 0.982222
-1342.7 0.982617
-1342.5 0.98304
-1342.3 0.983444
-1342.1 0.983849
-1341.9 0.98422
-1341.7 0.984604
-1341.5 0.984993
-1341.3 0.985364
-1341.1 0.985726
-1340.9 0.986098
-1340.7 0.986488
-1340.5 0.986828
-1340.3 0.987179
-1340.1 0.987492
-1339.9 0.98784
-1339.7 0.988134
-1339.5 0.988444
-1339.3 0.988762
-1339.1 0.989037
-1338.9 0.989344
-1338.7 0.989654
-1338.5 0.989936
-1338.3 0.990197
-1338.1 0.990436
-1337.9 0.990699
-1337.7 0.990973
-1337.5 0.991228
-1337.3 0.991493
-1337.1 0.991747
-1336.9 0.992012
-1336.7 0.992226
-1336.5 0.992458
-1336.3 0.992647
-1336.1 0.992881
-1335.9 0.993086
-1335.7 0.993297
-1335.5 0.993495
-1335.3 0.993702
-1335.1 0.993894
-1334.9 0.994066
-1334.7 0.994227
-1334.5 0.994414
-1334.3 0.994592
-1334.1 0.994739
-1333.9 0.994889
-1333.7 0.995023
-1333.5 0.995165
-1333.3 0.995316
-1333.1 0.995456
-1332.9 0.995594
-1332.7 0.995739
-1332.5 0.995849
-1332.3 0.995967
-1332.1 0.996091
-1331.9 0.996198
-1331.7 0.996318
-1331.5 0.99643
-1331.3 0.996541
-1331.1 0.996652
-1330.9 0.99675
-1330.7 0.996848
-1330.5 0.99694
-1330.3 0.997024
-1330.1 0.997108
-1329.9 0.997192
-1329.7 0.997287
-1329.5 0.997377
-1329.3 0.997439
-1329.1 0.997492
-1328.9 0.997552
-1328.7 0.997624
-1328.5 0.997697
-1328.3 0.997752
-1328.1 0.997805
-1327.9 0.997872
-1327.7 0.997938
-1327.5 0.998005
-1327.3 0.998059
-1327.1 0.998114
-1326.9 0.998175
-1326.7 0.998239
-1326.5 0.998295
-1326.3 0.998337
-1326.1 0.998396
-1325.9 0.998447
-1325.7 0.998491
-1325.5 0.998524
-1325.3 0.998556
-1325.1 0.998598
-1324.9 0.998632
-1324.7 0.998665
-1324.5 0.998703
-1324.3 0.998745
-1324.1 0.998774
-1323.9 0.998805
-1323.7 0.998831
-1323.5 0.99887
-1323.3 0.998899
-1323.1 0.998929
-1322.9 0.998953
-1322.7 0.998978
-1322.5 0.999008
-1322.3 0.999029
-1322.1 0.999054
-1321.9 0.99907
-1321.7 0.999088
-1321.5 0.999116
-1321.3 0.999137
-1321.1 0.999161
-1320.9 0.99918
-1320.7 0.999202
-1320.5 0.999217
-1320.3 0.999245
-1320.1 0.999265
-1319.9 0.999287
-1319.7 0.999303
-1319.5 0.999318
-1319.3 0.999336
-1319.1 0.999351
-1318.9 0.999361
-1318.7 0.999371
-1318.5 0.999384
-1318.3 0.999403
-1318.1 0.999418
-1317.9 0.999431
-1317.7 0.999441
-1317.5 0.999448
-1317.3 0.99946
-1317.1 0.999465
-1316.9 0.999473
-1316.7 0.999483
-1316.5 0.999493
-1316.3 0.9995
-1316.1 0.999509
-1315.9 0.999518
-1315.7 0.999521
-1315.5 0.999531
-1315.3 0.999539
-1315.1 0.999545
-1314.9 0.999555
-1314.7 0.999568
-1314.5 0.999576
-1314.3 0.999588
-1314.1 0.999598
-1313.9 0.999604
-1313.7 0.999611
-1313.5 0.999617
-1313.3 0.999625
-1313.1 0.99963
-1312.9 0.999635
-1312.7 0.999638
-1312.5 0.999648
-1312.3 0.999651
-1312.1 0.999655
-1311.9 0.999664
-1311.7 0.99967
-1311.5 0.999676
-1311.3 0.999685
-1311.1 0.99969
-1310.9 0.999697
-1310.7 0.999701
-1310.5 0.999709
-1310.3 0.999715
-1310.1 0.99972
-1309.9 0.999727
-1309.7 0.999734
-1309.5 0.999738
-1309.3 0.999741
-1309.1 0.999746
-1308.9 0.999751
-1308.7 0.999756
-1308.5 0.99976
-1308.3 0.999763
-1308.1 0.999767
-1307.9 0.99977
-1307.7 0.999778
-1307.5 0.999782
-1307.3 0.99979
-1307.1 0.999796
-1306.9 0.999799
-1306.7 0.999807
-1306.5 0.999811
-1306.3 0.999814
-1306.1 0.99982
-1305.9 0.99983
-1305.7 0.999841
-1305.5 0.999847
-1305.3 0.999852
-1305.1 0.999861
-1304.9 0.999871
-1304.7 0.999876
-1304.5 0.999882
-1304.3 0.999887
-1304.1 0.99989
-1303.9 0.999894
-1303.7 0.999896
-1303.5 0.999902
-1303.3 0.999909
-1303.1 0.999914
-1302.9 0.999917
-1302.7 0.999921
-1302.5 0.999929
-1302.3 0.999938
-1302.1 0.999946
-1301.9 0.999949
-1301.7 0.999953
-1301.5 0.999962
-1301.3 0.999968
-1301.1 0.999974
-1300.9 0.999978
-1300.7 0.999981
-1300.5 0.999989
-1300.3 0.999992
-1300.1 0.999996
-1299.9 1
