1450
-1589.7 1.54665e-06
-1589.5 3.09331e-06
-1589.3 3.86663e-06
-1589.1 4.63996e-06
-1588.9 6.95994e-06
-1588.7 6.95994e-06
-1588.5 7.73326e-06
-1588.3 1.08266e-05
-1588.1 1.08266e-05
-1587.9 1.15999e-05
-1587.7 1.31465e-05
-1587.5 1.46932e-05
-1587.3 1.54665e-05
-1587.1 1.70132e-05
-1586.9 1.85598e-05
-1586.7 2.01065e-05
-1586.5 2.16531e-05
-1586.3 2.39731e-05
-1586.1 2.47464e-05
-1585.9 2.47464e-05
-1585.7 2.55198e-05
-1585.5 2.70664e-05
-1585.3 2.70664e-05
-1585.1 2.93864e-05
-1584.9 3.01597e-05
-1584.7 3.09331e-05
-1584.5 3.17064e-05
-1584.3 3.40264e-05
-1584.1 3.47997e-05
-1583.9 3.5573e-05
-1583.7 3.86663e-05
-1583.5 4.0213e-05
-1583.3 4.17596e-05
-1583.1 4.40796e-05
-1582.9 4.40796e-05
-1582.7 4.48529e-05
-1582.5 4.48529e-05
-1582.3 4.56263e-05
-1582.1 4.63996e-05
-1581.9 4.71729e-05
-1581.7 4.79462e-05
-1581.5 4.94929e-05
-1581.3 5.02662e-05
-1581.1 5.41328e-05
-1580.9 5.41328e-05
-1580.7 5.56795e-05
-1580.5 5.87728e-05
-1580.3 5.95461e-05
-1580.1 6.10928e-05
-1579.9 6.10928e-05
-1579.7 6.26394e-05
-1579.5 6.57327e-05
-1579.3 6.72794e-05
-1579.1 6.80527e-05
-1578.9 7.03727e-05
-1578.7 7.19194e-05
-1578.5 7.50127e-05
-1578.3 7.65593e-05
-1578.1 7.88793e-05
-1577.9 8.04259e-05
-1577.7 8.35193e-05
-1577.5 8.42926e-05
-1577.3 8.73859e-05
-1577.1 8.97059e-05
-1576.9 9.43458e-05
-1576.7 9.66658e-05
-1576.5 9.82125e-05
-1576.3 0.000102079
-1576.1 0.000107492
-1575.9 0.000112132
-1575.7 0.000113679
-1575.5 0.000116772
-1575.3 0.000119866
-1575.1 0.000124506
-1574.9 0.000129146
-1574.7 0.000131465
-1574.5 0.000134559
-1574.3 0.000138425
-1574.1 0.000143065
-1573.9 0.000146932
-1573.7 0.000151572
-1573.5 0.000157759
-1573.3 0.000161625
-1573.1 0.000167812
-1572.9 0.000172452
-1572.7 0.000181732
-1572.5 0.000188692
-1572.3 0.000194105
-1572.1 0.000202612
-1571.9 0.000211118
-1571.7 0.000221945
-1571.5 0.000230451
-1571.3 0.000245144
-1571.1 0.000257518
-1570.9 0.000266024
-1570.7 0.000283037
-1570.5 0.000298504
-1570.3 0.000319384
-1570.1 0.000338717
-1569.9 0.00035573
-1569.7 0.000378157
-1569.5 0.000394396
-1569.3 0.00042069
-1569.1 0.000452396
-1568.9 0.000477916
-1568.7 0.000518129
-1568.5 0.000551382
-1568.3 0.000597781
-1568.1 0.000634901
-1567.9 0.000671247
-1567.7 0.00072306
-1567.5 0.0007741
-1567.3 0.000829006
-1567.1 0.000884685
-1566.9 0.000950418
-1566.7 0.00100919
-1566.5 0.00106564
-1566.3 0.00113292
-1566.1 0.00121799
-1565.9 0.00129146
-1565.7 0.00137343
-1565.5 0.00147319
-1565.3 0.00155903
-1565.1 0.00164719
-1564.9 0.00173457
-1564.7 0.0018467
-1564.5 0.00193254
-1564.3 0.00202612
-1564.1 0.00212897
-1563.9 0.00224187
-1563.7 0.00235633
-1563.5 0.00249011
-1563.3 0.00262312
-1563.1 0.00275304
-1562.9 0.00288837
-1562.7 0.00302835
-1562.5 0.00318146
-1562.3 0.00334696
-1562.1 0.00350626
-1561.9 0.00366634
-1561.7 0.00385658
-1561.5 0.00405455
-1561.3 0.00427418
-1561.1 0.00448916
-1560.9 0.00472657
-1560.7 0.00496476
-1560.5 0.00523619
-1560.3 0.00549758
-1560.1 0.00576902
-1559.9 0.00606443
-1559.7 0.0063552
-1559.5 0.00666375
-1559.3 0.00700092
-1559.1 0.00734351
-1558.9 0.00768918
-1558.7 0.00802945
-1558.5 0.00837745
-1558.3 0.0087587
-1558.1 0.00911907
-1557.9 0.00949954
-1557.7 0.00992487
-1557.5 0.0103347
-1557.3 0.0107608
-1557.1 0.0111962
-1556.9 0.0116331
-1556.7 0.0120716
-1556.5 0.0125279
-1556.3 0.0129756
-1556.1 0.0134489
-1555.9 0.0139199
-1555.7 0.0144256
-1555.5 0.0149198
-1555.3 0.0153907
-1555.1 0.0159383
-1554.9 0.0164541
-1554.7 0.0169761
-1554.5 0.0175267
-1554.3 0.0180881
-1554.1 0.0186449
-1553.9 0.0192257
-1553.7 0.0198126
-1553.5 0.0203764
-1553.3 0.0209626
-1553.1 0.0215766
-1552.9 0.0221713
-1552.7 0.0228015
-1552.5 0.023448
-1552.3 0.0240651
-1552.1 0.0246861
-1551.9 0.0253319
-1551.7 0.0259869
-1551.5 0.0266009
-1551.3 0.0272203
-1551.1 0.0278831
-1550.9 0.0284785
-1550.7 0.0291714
-1550.5 0.0298241
-1550.3 0.0305077
-1550.1 0.0311751
-1549.9 0.0318201
-1549.7 0.0324843
-1549.5 0.0331525
-1549.3 0.0338624
-1549.1 0.0345112
-1548.9 0.0352335
-1548.7 0.0359017
-1548.5 0.0365698
-1548.3 0.0372712
-1548.1 0.0379835
-1547.9 0.038681
-1547.7 0.0393507
-1547.5 0.0400537
-1547.3 0.0407613
-1547.1 0.0414696
-1546.9 0.0422283
-1546.7 0.0429505
-1546.5 0.0436852
-1546.3 0.0444036
-1546.1 0.0451545
-1545.9 0.0458931
-1545.7 0.0466362
-1545.5 0.0473748
-1545.3 0.0481427
-1545.1 0.0488827
-1544.9 0.0496754
-1544.7 0.0504503
-1544.5 0.0512128
-1544.3 0.0520178
-1544.1 0.0527919
-1543.9 0.0535621
-1543.7 0.0544074
-1543.5 0.0552403
-1543.3 0.0560724
-1543.1 0.0568271
-1542.9 0.0576646
-1542.7 0.0584743
-1542.5 0.0592585
-1542.3 0.0601068
-1542.1 0.0609861
-1541.9 0.0617996
-1541.7 0.0625884
-1541.5 0.063453
-1541.3 0.0642727
-1541.1 0.065162
-1540.9 0.0660537
-1540.7 0.0669515
-1540.5 0.0678609
-1540.3 0.0687302
-1540.1 0.0696319
-1539.9 0.0704825
-1539.7 0.0713664
-1539.5 0.0722782
-1539.3 0.0731644
-1539.1 0.0740274
-1538.9 0.0748565
-1538.7 0.075786
-1538.5 0.0767086
-1538.3 0.0776033
-1538.1 0.0785452
-1537.9 0.0794461
-1537.7 0.0803563
-1537.5 0.081306
-1537.3 0.0822309
-1537.1 0.0831836
-1536.9 0.0841163
-1536.7 0.085062
-1536.5 0.0860009
-1536.3 0.0869714
-1536.1 0.0879937
-1535.9 0.0889526
-1535.7 0.0898783
-1535.5 0.0908442
-1535.3 0.0917691
-1535.1 0.0927737
-1534.9 0.0937473
-1534.7 0.0946884
-1534.5 0.0956203
-1534.3 0.0965978
-1534.1 0.0976008
-1533.9 0.0985295
-1533.7 0.0994892
-1533.5 0.100447
-1533.3 0.101441
-1533.1 0.102461
-1532.9 0.103408
-1532.7 0.104353
-1532.5 0.105321
-1532.3 0.106215
-1532.1 0.107134
-1531.9 0.108029
-1531.7 0.108949
-1531.5 0.109897
-1531.3 0.110809
-1531.1 0.111736
-1530.9 0.112659
-1530.7 0.113608
-1530.5 0.114578
-1530.3 0.115542
-1530.1 0.116492
-1529.9 0.117409
-1529.7 0.118351
-1529.5 0.119325
-1529.3 0.120295
-1529.1 0.121204
-1528.9 0.122152
-1528.7 0.12308
-1528.5 0.124001
-1528.3 0.124939
-1528.1 0.125819
-1527.9 0.126752
-1527.7 0.127694
-1527.5 0.128573
-1527.3 0.129458
-1527.1 0.130421
-1526.9 0.131356
-1526.7 0.132272
-1526.5 0.133177
-1526.3 0.134155
-1526.1 0.135093
-1525.9 0.136054
-1525.7 0.13702
-1525.5 0.137995
-1525.3 0.139038
-1525.1 0.140134
-1524.9 0.14117
-1524.7 0.142203
-1524.5 0.143227
-1524.3 0.144279
-1524.1 0.145358
-1523.9 0.146386
-1523.7 0.147518
-1523.5 0.148638
-1523.3 0.14969
-1523.1 0.150785
-1522.9 0.151908
-1522.7 0.153041
-1522.5 0.154133
-1522.3 0.155311
-1522.1 0.156425
-1521.9 0.157522
-1521.7 0.158652
-1521.5 0.15978
-1521.3 0.160914
-1521.1 0.162075
-1520.9 0.163158
-1520.7 0.164275
-1520.5 0.165394
-1520.3 0.166459
-1520.1 0.167575
-1519.9 0.168663
-1519.7 0.169738
-1519.5 0.170808
-1519.3 0.171796
-1519.1 0.172847
-1518.9 0.173865
-1518.7 0.174839
-1518.5 0.175835
-1518.3 0.176825
-1518.1 0.177769
-1517.9 0.178744
-1517.7 0.17974
-1517.5 0.18071
-1517.3 0.181674
-1517.1 0.182589
-1516.9 0.183469
-1516.7 0.184332
-1516.5 0.185174
-1516.3 0.186012
-1516.1 0.186901
-1515.9 0.187759
-1515.7 0.188599
-1515.5 0.189426
-1515.3 0.190232
-1515.1 0.191037
-1514.9 0.191796
-1514.7 0.192571
-1514.5 0.193363
-1514.3 0.194127
-1514.1 0.194855
-1513.9 0.19557
-1513.7 0.19629
-1513.5 0.196967
-1513.3 0.197652
-1513.1 0.198355
-1512.9 0.199022
-1512.7 0.19967
-1512.5 0.200336
-1512.3 0.200995
-1512.1 0.201682
-1511.9 0.202366
-1511.7 0.20302
-1511.5 0.203716
-1511.3 0.204395
-1511.1 0.205073
-1510.9 0.205774
-1510.7 0.206465
-1510.5 0.2072
-1510.3 0.207957
-1510.1 0.20868
-1509.9 0.209437
-1509.7 0.210267
-1509.5 0.211106
-1509.3 0.211987
-1509.1 0.21279
-1508.9 0.2137
-1508.7 0.214621
-1508.5 0.21567
-1508.3 0.216688
-1508.1 0.217698
-1507.9 0.218769
-1507.7 0.219863
-1507.5 0.220963
-1507.3 0.222108
-1507.1 0.223267
-1506.9 0.224491
-1506.7 0.225628
-1506.5 0.226816
-1506.3 0.228079
-1506.1 0.229263
-1505.9 0.230497
-1505.7 0.23175
-1505.5 0.233022
-1505.3 0.234255
-1505.1 0.235517
-1504.9 0.236793
-1504.7 0.238075
-1504.5 0.239349
-1504.3 0.240577
-1504.1 0.241794
-1503.9 0.242984
-1503.7 0.244164
-1503.5 0.245322
-1503.3 0.246492
-1503.1 0.247615
-1502.9 0.248674
-1502.7 0.249765
-1502.5 0.250769
-1502.3 0.251823
-1502.1 0.252857
-1501.9 0.25387
-1501.7 0.254796
-1501.5 0.255681
-1501.3 0.256601
-1501.1 0.257454
-1500.9 0.258272
-1500.7 0.259135
-1500.5 0.259936
-1500.3 0.260734
-1500.1 0.261493
-1499.9 0.262214
-1499.7 0.262994
-1499.5 0.263714
-1499.3 0.26448
-1499.1 0.265225
-1498.9 0.26595
-1498.7 0.266669
-1498.5 0.267383
-1498.3 0.268095
-1498.1 0.268778
-1497.9 0.269414
-1497.7 0.270027
-1497.5 0.270661
-1497.3 0.271315
-1497.1 0.272025
-1496.9 0.27265
-1496.7 0.273347
-1496.5 0.274007
-1496.3 0.274664
-1496.1 0.275292
-1495.9 0.275921
-1495.7 0.27662
-1495.5 0.277275
-1495.3 0.277959
-1495.1 0.27863
-1494.9 0.279287
-1494.7 0.279995
-1494.5 0.280725
-1494.3 0.281516
-1494.1 0.282406
-1493.9 0.283314
-1493.7 0.284285
-1493.5 0.285359
-1493.3 0.286537
-1493.1 0.28781
-1492.9 0.28911
-1492.7 0.290419
-1492.5 0.291751
-1492.3 0.29302
-1492.1 0.294283
-1491.9 0.29552
-1491.7 0.296718
-1491.5 0.297856
-1491.3 0.298933
-1491.1 0.300064
-1490.9 0.301152
-1490.7 0.302285
-1490.5 0.303463
-1490.3 0.304706
-1490.1 0.305888
-1489.9 0.307185
-1489.7 0.308468
-1489.5 0.309824
-1489.3 0.311207
-1489.1 0.312599
-1488.9 0.314016
-1488.7 0.315455
-1488.5 0.316932
-1488.3 0.318427
-1488.1 0.319859
-1487.9 0.321332
-1487.7 0.322735
-1487.5 0.324176
-1487.3 0.325645
-1487.1 0.327048
-1486.9 0.328431
-1486.7 0.329726
-1486.5 0.331034
-1486.3 0.332312
-1486.1 0.333569
-1485.9 0.334753
-1485.7 0.335867
-1485.5 0.336984
-1485.3 0.338066
-1485.1 0.339097
-1484.9 0.340138
-1484.7 0.341048
-1484.5 0.341973
-1484.3 0.342876
-1484.1 0.34372
-1483.9 0.344562
-1483.7 0.345403
-1483.5 0.346189
-1483.3 0.347042
-1483.1 0.347858
-1482.9 0.34865
-1482.7 0.349407
-1482.5 0.350161
-1482.3 0.350885
-1482.1 0.351632
-1481.9 0.352354
-1481.7 0.35307
-1481.5 0.353797
-1481.3 0.354502
-1481.1 0.355258
-1480.9 0.355985
-1480.7 0.356708
-1480.5 0.357409
-1480.3 0.35813
-1480.1 0.358862
-1479.9 0.359572
-1479.7 0.360305
-1479.5 0.361065
-1479.3 0.361873
-1479.1 0.362701
-1478.9 0.363579
-1478.7 0.364439
-1478.5 0.365352
-1478.3 0.366212
-1478.1 0.36709
-1477.9 0.367962
-1477.7 0.368752
-1477.5 0.369522
-1477.3 0.370297
-1477.1 0.371042
-1476.9 0.371753
-1476.7 0.372493
-1476.5 0.373217
-1476.3 0.373931
-1476.1 0.374685
-1475.9 0.37542
-1475.7 0.376167
-1475.5 0.376915
-1475.3 0.377671
-1475.1 0.378469
-1474.9 0.379273
-1474.7 0.380061
-1474.5 0.380941
-1474.3 0.381799
-1474.1 0.382743
-1473.9 0.38368
-1473.7 0.384625
-1473.5 0.385624
-1473.3 0.386667
-1473.1 0.387723
-1472.9 0.388802
-1472.7 0.3899
-1472.5 0.391093
-1472.3 0.39231
-1472.1 0.393533
-1471.9 0.39477
-1471.7 0.396074
-1471.5 0.397405
-1471.3 0.398769
-1471.1 0.400135
-1470.9 0.401465
-1470.7 0.402786
-1470.5 0.404133
-1470.3 0.405504
-1470.1 0.406762
-1469.9 0.407997
-1469.7 0.409268
-1469.5 0.410495
-1469.3 0.411697
-1469.1 0.412876
-1468.9 0.414022
-1468.7 0.415113
-1468.5 0.416174
-1468.3 0.417205
-1468.1 0.418177
-1467.9 0.41911
-1467.7 0.420066
-1467.5 0.420997
-1467.3 0.421898
-1467.1 0.422775
-1466.9 0.423633
-1466.7 0.424463
-1466.5 0.425252
-1466.3 0.426053
-1466.1 0.426856
-1465.9 0.427641
-1465.7 0.428408
-1465.5 0.429161
-1465.3 0.429958
-1465.1 0.430676
-1464.9 0.431447
-1464.7 0.432186
-1464.5 0.432976
-1464.3 0.433708
-1464.1 0.434462
-1463.9 0.435232
-1463.7 0.435981
-1463.5 0.436741
-1463.3 0.437522
-1463.1 0.438307
-1462.9 0.439061
-1462.7 0.439821
-1462.5 0.440626
-1462.3 0.441386
-1462.1 0.442146
-1461.9 0.442924
-1461.7 0.443687
-1461.5 0.444482
-1461.3 0.44528
-1461.1 0.44608
-1460.9 0.446856
-1460.7 0.44762
-1460.5 0.448391
-1460.3 0.44917
-1460.1 0.449977
-1459.9 0.45073
-1459.7 0.45153
-1459.5 0.452281
-1459.3 0.453025
-1459.1 0.453823
-1458.9 0.454612
-1458.7 0.455377
-1458.5 0.456182
-1458.3 0.456932
-1458.1 0.457733
-1457.9 0.458477
-1457.7 0.459268
-1457.5 0.460057
-1457.3 0.460877
-1457.1 0.461688
-1456.9 0.46252
-1456.7 0.463383
-1456.5 0.464242
-1456.3 0.465082
-1456.1 0.465973
-1455.9 0.466873
-1455.7 0.467784
-1455.5 0.468678
-1455.3 0.469656
-1455.1 0.470657
-1454.9 0.47167
-1454.7 0.472652
-1454.5 0.473665
-1454.3 0.474759
-1454.1 0.475852
-1453.9 0.476968
-1453.7 0.478021
-1453.5 0.479158
-1453.3 0.480228
-1453.1 0.481346
-1452.9 0.482467
-1452.7 0.483553
-1452.5 0.48469
-1452.3 0.485841
-1452.1 0.486979
-1451.9 0.488119
-1451.7 0.489219
-1451.5 0.490317
-1451.3 0.491426
-1451.1 0.492473
-1450.9 0.493535
-1450.7 0.49455
-1450.5 0.495536
-1450.3 0.496619
-1450.1 0.49762
-1449.9 0.498565
-1449.7 0.499552
-1449.5 0.500525
-1449.3 0.50142
-1449.1 0.502323
-1448.9 0.50319
-1448.7 0.504098
-1448.5 0.505008
-1448.3 0.505868
-1448.1 0.506717
-1447.9 0.507611
-1447.7 0.50841
-1447.5 0.509288
-1447.3 0.510175
-1447.1 0.511014
-1446.9 0.511898
-1446.7 0.512749
-1446.5 0.5136
-1446.3 0.514496
-1446.1 0.515343
-1445.9 0.516219
-1445.7 0.517042
-1445.5 0.517881
-1445.3 0.518693
-1445.1 0.519504
-1444.9 0.520355
-1444.7 0.521201
-1444.5 0.522045
-1444.3 0.522862
-1444.1 0.523673
-1443.9 0.524501
-1443.7 0.525296
-1443.5 0.526082
-1443.3 0.526864
-1443.1 0.527667
-1442.9 0.528423
-1442.7 0.529159
-1442.5 0.529893
-1442.3 0.530626
-1442.1 0.531385
-1441.9 0.532152
-1441.7 0.5329
-1441.5 0.533621
-1441.3 0.534386
-1441.1 0.535095
-1440.9 0.535843
-1440.7 0.536603
-1440.5 0.537369
-1440.3 0.538125
-1440.1 0.538872
-1439.9 0.539617
-1439.7 0.540357
-1439.5 0.541083
-1439.3 0.541779
-1439.1 0.542516
-1438.9 0.54328
-1438.7 0.544028
-1438.5 0.544811
-1438.3 0.545637
-1438.1 0.546414
-1437.9 0.547179
-1437.7 0.547968
-1437.5 0.548814
-1437.3 0.549645
-1437.1 0.550441
-1436.9 0.551304
-1436.7 0.552168
-1436.5 0.553004
-1436.3 0.553951
-1436.1 0.554903
-1435.9 0.555819
-1435.7 0.556798
-1435.5 0.55779
-1435.3 0.558803
-1435.1 0.559837
-1434.9 0.560887
-1434.7 0.561952
-1434.5 0.562972
-1434.3 0.564014
-1434.1 0.56504
-1433.9 0.566135
-1433.7 0.567185
-1433.5 0.568219
-1433.3 0.569279
-1433.1 0.570333
-1432.9 0.571361
-1432.7 0.572445
-1432.5 0.573541
-1432.3 0.574594
-1432.1 0.575667
-1431.9 0.576693
-1431.7 0.577702
-1431.5 0.578725
-1431.3 0.579746
-1431.1 0.580738
-1430.9 0.581739
-1430.7 0.582689
-1430.5 0.58367
-1430.3 0.584632
-1430.1 0.585571
-1429.9 0.586492
-1429.7 0.587423
-1429.5 0.588396
-1429.3 0.589258
-1429.1 0.590195
-1428.9 0.591077
-1428.7 0.591984
-1428.5 0.592872
-1428.3 0.593762
-1428.1 0.5946
-1427.9 0.595436
-1427.7 0.596287
-1427.5 0.597095
-1427.3 0.597889
-1427.1 0.598712
-1426.9 0.599464
-1426.7 0.600269
-1426.5 0.601064
-1426.3 0.601825
-1426.1 0.602628
-1425.9 0.60337
-1425.7 0.604153
-1425.5 0.604909
-1425.3 0.605671
-1425.1 0.606425
-1424.9 0.60717
-1424.7 0.60794
-1424.5 0.608681
-1424.3 0.609389
-1424.1 0.610093
-1423.9 0.610839
-1423.7 0.611564
-1423.5 0.61231
-1423.3 0.613118
-1423.1 0.61385
-1422.9 0.614592
-1422.7 0.615363
-1422.5 0.61612
-1422.3 0.616817
-1422.1 0.617589
-1421.9 0.618334
-1421.7 0.619084
-1421.5 0.619871
-1421.3 0.620605
-1421.1 0.62131
-1420.9 0.622094
-1420.7 0.622876
-1420.5 0.623678
-1420.3 0.624422
-1420.1 0.62521
-1419.9 0.626037
-1419.7 0.626875
-1419.5 0.627708
-1419.3 0.628514
-1419.1 0.629348
-1418.9 0.630228
-1418.7 0.631092
-1418.5 0.631965
-1418.3 0.632824
-1418.1 0.633698
-1417.9 0.634639
-1417.7 0.63553
-1417.5 0.636458
-1417.3 0.637386
-1417.1 0.638335
-1416.9 0.639302
-1416.7 0.640286
-1416.5 0.641267
-1416.3 0.642248
-1416.1 0.643249
-1415.9 0.644273
-1415.7 0.64528
-1415.5 0.64626
-1415.3 0.647246
-1415.1 0.648208
-1414.9 0.649198
-1414.7 0.650216
-1414.5 0.65119
-1414.3 0.652206
-1414.1 0.653182
-1413.9 0.654166
-1413.7 0.655159
-1413.5 0.656068
-1413.3 0.656982
-1413.1 0.657914
-1412.9 0.658879
-1412.7 0.659804
-1412.5 0.660712
-1412.3 0.661612
-1412.1 0.662545
-1411.9 0.6634
-1411.7 0.664262
-1411.5 0.665118
-1411.3 0.665981
-1411.1 0.666809
-1410.9 0.667639
-1410.7 0.668442
-1410.5 0.669213
-1410.3 0.670029
-1410.1 0.670836
-1409.9 0.671594
-1409.7 0.672353
-1409.5 0.673137
-1409.3 0.673886
-1409.1 0.674656
-1408.9 0.675421
-1408.7 0.676182
-1408.5 0.676904
-1408.3 0.677623
-1408.1 0.678356
-1407.9 0.679102
-1407.7 0.679851
-1407.5 0.680589
-1407.3 0.681333
-1407.1 0.682068
-1406.9 0.682809
-1406.7 0.683583
-1406.5 0.684304
-1406.3 0.685057
-1406.1 0.685872
-1405.9 0.686606
-1405.7 0.687376
-1405.5 0.688168
-1405.3 0.688969
-1405.1 0.689707
-1404.9 0.690464
-1404.7 0.691211
-1404.5 0.692026
-1404.3 0.692805
-1404.1 0.69359
-1403.9 0.694395
-1403.7 0.695161
-1403.5 0.695952
-1403.3 0.696728
-1403.1 0.697482
-1402.9 0.698308
-1402.7 0.699095
-1402.5 0.699888
-1402.3 0.700675
-1402.1 0.701486
-1401.9 0.702241
-1401.7 0.703058
-1401.5 0.70391
-1401.3 0.704726
-1401.1 0.705507
-1400.9 0.706332
-1400.7 0.70718
-1400.5 0.708036
-1400.3 0.708843
-1400.1 0.709723
-1399.9 0.710558
-1399.7 0.711455
-1399.5 0.71233
-1399.3 0.713215
-1399.1 0.71412
-1398.9 0.715028
-1398.7 0.715938
-1398.5 0.716828
-1398.3 0.717724
-1398.1 0.718651
-1397.9 0.719598
-1397.7 0.72054
-1397.5 0.72148
-1397.3 0.7224
-1397.1 0.723322
-1396.9 0.724225
-1396.7 0.725174
-1396.5 0.726113
-1396.3 0.727053
-1396.1 0.728013
-1395.9 0.728978
-1395.7 0.729934
-1395.5 0.730834
-1395.3 0.731758
-1395.1 0.732695
-1394.9 0.733614
-1394.7 0.734555
-1394.5 0.735477
-1394.3 0.736337
-1394.1 0.737207
-1393.9 0.738049
-1393.7 0.738905
-1393.5 0.739715
-1393.3 0.740517
-1393.1 0.741362
-1392.9 0.742138
-1392.7 0.742938
-1392.5 0.743739
-1392.3 0.744512
-1392.1 0.745321
-1391.9 0.746082
-1391.7 0.746889
-1391.5 0.747655
-1391.3 0.748502
-1391.1 0.749253
-1390.9 0.749993
-1390.7 0.750745
-1390.5 0.751506
-1390.3 0.752256
-1390.1 0.753009
-1389.9 0.753733
-1389.7 0.75446
-1389.5 0.75521
-1389.3 0.755937
-1389.1 0.756698
-1388.9 0.757446
-1388.7 0.758196
-1388.5 0.758971
-1388.3 0.75972
-1388.1 0.760475
-1387.9 0.76127
-1387.7 0.762046
-1387.5 0.76279
-1387.3 0.763565
-1387.1 0.76432
-1386.9 0.765092
-1386.7 0.765855
-1386.5 0.766612
-1386.3 0.767332
-1386.1 0.768082
-1385.9 0.768877
-1385.7 0.769652
-1385.5 0.770448
-1385.3 0.771211
-1385.1 0.771987
-1384.9 0.772793
-1384.7 0.773589
-1384.5 0.774388
-1384.3 0.775163
-1384.1 0.775975
-1383.9 0.776745
-1383.7 0.777502
-1383.5 0.778266
-1383.3 0.779063
-1383.1 0.779873
-1382.9 0.780695
-1382.7 0.781528
-1382.5 0.782381
-1382.3 0.783226
-1382.1 0.784091
-1381.9 0.784985
-1381.7 0.785828
-1381.5 0.786705
-1381.3 0.787621
-1381.1 0.788532
-1380.9 0.789429
-1380.7 0.790306
-1380.5 0.791172
-1380.3 0.79209
-1380.1 0.793043
-1379.9 0.793965
-1379.7 0.794891
-1379.5 0.795786
-1379.3 0.796725
-1379.1 0.797678
-1378.9 0.798617
-1378.7 0.799548
-1378.5 0.800435
-1378.3 0.801339
-1378.1 0.80228
-1377.9 0.80319
-1377.7 0.804069
-1377.5 0.804966
-1377.3 0.805836
-1377.1 0.806729
-1376.9 0.807634
-1376.7 0.808521
-1376.5 0.809413
-1376.3 0.81033
-1376.1 0.811175
-1375.9 0.812043
-1375.7 0.812869
-1375.5 0.813708
-1375.3 0.814543
-1375.1 0.815305
-1374.9 0.816116
-1374.7 0.816943
-1374.5 0.817737
-1374.3 0.818556
-1374.1 0.819332
-1373.9 0.820112
-1373.7 0.820901
-1373.5 0.821669
-1373.3 0.822472
-1373.1 0.823214
-1372.9 0.823976
-1372.7 0.824728
-1372.5 0.825517
-1372.3 0.826264
-1372.1 0.827042
-1371.9 0.827769
-1371.7 0.828525
-1371.5 0.829279
-1371.3 0.830018
-1371.1 0.830785
-1370.9 0.831563
-1370.7 0.83233
-1370.5 0.833057
-1370.3 0.833773
-1370.1 0.83454
-1369.9 0.83532
-1369.7 0.83611
-1369.5 0.836866
-1369.3 0.837578
-1369.1 0.838353
-1368.9 0.839077
-1368.7 0.839865
-1368.5 0.840589
-1368.3 0.841364
-1368.1 0.842152
-1367.9 0.842913
-1367.7 0.843712
-1367.5 0.844524
-1367.3 0.845296
-1367.1 0.846071
-1366.9 0.846905
-1366.7 0.847712
-1366.5 0.848507
-1366.3 0.849301
-1366.1 0.850097
-1365.9 0.850872
-1365.7 0.851708
-1365.5 0.852568
-1365.3 0.853393
-1365.1 0.854217
-1364.9 0.855083
-1364.7 0.855915
-1364.5 0.856828
-1364.3 0.857651
-1364.1 0.858517
-1363.9 0.859388
-1363.7 0.860268
-1363.5 0.861158
-1363.3 0.862035
-1363.1 0.862924
-1362.9 0.863754
-1362.7 0.864627
-1362.5 0.865521
-1362.3 0.866443
-1362.1 0.867362
-1361.9 0.86827
-1361.7 0.869132
-1361.5 0.870012
-1361.3 0.87094
-1361.1 0.871841
-1360.9 0.872767
-1360.7 0.873664
-1360.5 0.874562
-1360.3 0.875488
-1360.1 0.87638
-1359.9 0.877274
-1359.7 0.878151
-1359.5 0.879049
-1359.3 0.879957
-1359.1 0.880858
-1358.9 0.881741
-1358.7 0.882617
-1358.5 0.883486
-1358.3 0.884347
-1358.1 0.88527
-1357.9 0.886131
-1357.7 0.886994
-1357.5 0.887879
-1357.3 0.888764
-1357.1 0.889623
-1356.9 0.89047
-1356.7 0.891337
-1356.5 0.892199
-1356.3 0.893086
-1356.1 0.89389
-1355.9 0.894723
-1355.7 0.895559
-1355.5 0.896366
-1355.3 0.897131
-1355.1 0.897886
-1354.9 0.898711
-1354.7 0.899506
-1354.5 0.9003
-1354.3 0.901126
-1354.1 0.901887
-1353.9 0.902654
-1353.7 0.903447
-1353.5 0.904234
-1353.3 0.905041
-1353.1 0.905855
-1352.9 0.906649
-1352.7 0.90742
-1352.5 0.908194
-1352.3 0.908983
-1352.1 0.909723
-1351.9 0.910466
-1351.7 0.91119
-1351.5 0.911928
-1351.3 0.91268
-1351.1 0.913415
-1350.9 0.914182
-1350.7 0.914935
-1350.5 0.915682
-1350.3 0.916451
-1350.1 0.917199
-1349.9 0.917969
-1349.7 0.918738
-1349.5 0.919485
-1349.3 0.920303
-1349.1 0.921058
-1348.9 0.921816
-1348.7 0.922562
-1348.5 0.923352
-1348.3 0.924087
-1348.1 0.924839
-1347.9 0.925562
-1347.7 0.926319
-1347.5 0.927078
-1347.3 0.927845
-1347.1 0.928654
-1346.9 0.92943
-1346.7 0.930159
-1346.5 0.93091
-1346.3 0.931664
-1346.1 0.932454
-1345.9 0.933222
-1345.7 0.933968
-1345.5 0.934703
-1345.3 0.935467
-1345.1 0.936163
-1344.9 0.936958
-1344.7 0.937732
-1344.5 0.938479
-1344.3 0.939258
-1344.1 0.939962
-1343.9 0.940685
-1343.7 0.941429
-1343.5 0.942182
-1343.3 0.942939
-1343.1 0.943682
-1342.9 0.944427
-1342.7 0.945159
-1342.5 0.945882
-1342.3 0.946613
-1342.1 0.947338
-1341.9 0.948039
-1341.7 0.948796
-1341.5 0.949501
-1341.3 0.950185
-1341.1 0.950892
-1340.9 0.951584
-1340.7 0.952313
-1340.5 0.95298
-1340.3 0.95368
-1340.1 0.954396
-1339.9 0.955062
-1339.7 0.955761
-1339.5 0.956426
-1339.3 0.957042
-1339.1 0.957698
-1338.9 0.958355
-1338.7 0.958999
-1338.5 0.959671
-1338.3 0.960303
-1338.1 0.960935
-1337.9 0.961596
-1337.7 0.962191
-1337.5 0.962825
-1337.3 0.96345
-1337.1 0.96406
-1336.9 0.964661
-1336.7 0.965287
-1336.5 0.965865
-1336.3 0.966448
-1336.1 0.967006
-1335.9 0.967581
-1335.7 0.968162
-1335.5 0.968745
-1335.3 0.96929
-1335.1 0.96981
-1334.9 0.970372
-1334.7 0.970887
-1334.5 0.971434
-1334.3 0.971979
-1334.1 0.972521
-1333.9 0.973009
-1333.7 0.973513
-1333.5 0.974012
-1333.3 0.974537
-1333.1 0.975039
-1332.9 0.975524
-1332.7 0.976006
-1332.5 0.976437
-1332.3 0.976905
-1332.1 0.977355
-1331.9 0.977834
-1331.7 0.978297
-1331.5 0.978705
-1331.3 0.979148
-1331.1 0.979612
-1330.9 0.980028
-1330.7 0.980469
-1330.5 0.980883
-1330.3 0.981319
-1330.1 0.981721
-1329.9 0.982121
-1329.7 0.982501
-1329.5 0.982882
-1329.3 0.983255
-1329.1 0.983624
-1328.9 0.983999
-1328.7 0.984372
-1328.5 0.984732
-1328.3 0.985095
-1328.1 0.98544
-1327.9 0.985775
-1327.7 0.986116
-1327.5 0.986451
-1327.3 0.986795
-1327.1 0.987123
-1326.9 0.987457
-1326.7 0.98776
-1326.5 0.988081
-1326.3 0.988429
-1326.1 0.98874
-1325.9 0.989057
-1325.7 0.989364
-1325.5 0.989691
-1325.3 0.989987
-1325.1 0.990291
-1324.9 0.99054
-1324.7 0.990811
-1324.5 0.991087
-1324.3 0.991384
-1324.1 0.991643
-1323.9 0.9919
-1323.7 0.992147
-1323.5 0.992412
-1323.3 0.992643
-1323.1 0.992876
-1322.9 0.993124
-1322.7 0.993337
-1322.5 0.993554
-1322.3 0.993772
-1322.1 0.993973
-1321.9 0.994191
-1321.7 0.994393
-1321.5 0.9946
-1321.3 0.994791
-1321.1 0.994976
-1320.9 0.995147
-1320.7 0.995323
-1320.5 0.99549
-1320.3 0.995663
-1320.1 0.995803
-1319.9 0.995945
-1319.7 0.996095
-1319.5 0.996247
-1319.3 0.996396
-1319.1 0.99653
-1318.9 0.996662
-1318.7 0.996794
-1318.5 0.99693
-1318.3 0.99703
-1318.1 0.997139
-1317.9 0.997261
-1317.7 0.997359
-1317.5 0.997464
-1317.3 0.997575
-1317.1 0.997675
-1316.9 0.997764
-1316.7 0.997853
-1316.5 0.99794
-1316.3 0.998013
-1316.1 0.998084
-1315.9 0.998159
-1315.7 0.998231
-1315.5 0.998313
-1315.3 0.998385
-1315.1 0.998439
-1314.9 0.998507
-1314.7 0.998555
-1314.5 0.998605
-1314.3 0.998651
-1314.1 0.998702
-1313.9 0.998741
-1313.7 0.99879
-1313.5 0.998834
-1313.3 0.998868
-1313.1 0.998907
-1312.9 0.998937
-1312.7 0.998978
-1312.5 0.999017
-1312.3 0.999053
-1312.1 0.999098
-1311.9 0.999125
-1311.7 0.999153
-1311.5 0.999185
-1311.3 0.999214
-1311.1 0.999241
-1310.9 0.999264
-1310.7 0.999284
-1310.5 0.999306
-1310.3 0.999333
-1310.1 0.99936
-1309.9 0.999387
-1309.7 0.999414
-1309.5 0.999435
-1309.3 0.999459
-1309.1 0.999478
-1308.9 0.999503
-1308.7 0.999519
-1308.5 0.99954
-1308.3 0.999556
-1308.1 0.999571
-1307.9 0.999591
-1307.7 0.999609
-1307.5 0.999626
-1307.3 0.99965
-1307.1 0.999667
-1306.9 0.999675
-1306.7 0.999693
-1306.5 0.999702
-1306.3 0.999715
-1306.1 0.999726
-1305.9 0.999742
-1305.7 0.999751
-1305.5 0.99976
-1305.3 0.999773
-1305.1 0.999783
-1304.9 0.999794
-1304.7 0.9998
-1304.5 0.999808
-1304.3 0.999821
-1304.1 0.999828
-1303.9 0.999841
-1303.7 0.999848
-1303.5 0.999856
-1303.3 0.999864
-1303.1 0.999868
-1302.9 0.999877
-1302.7 0.999891
-1302.5 0.999903
-1302.3 0.99991
-1302.1 0.999923
-1301.9 0.999933
-1301.7 0.999938
-1301.5 0.999944
-1301.3 0.999953
-1301.1 0.999961
-1300.9 0.999967
-1300.7 0.999972
-1300.5 0.999981
-1300.3 0.999987
-1300.1 0.999992
-1299.9 1
