1450
-1589.7 9.32041e-06
-1589.5 1.86408e-05
-1589.3 2.79612e-05
-1589.1 3.72816e-05
-1588.9 4.9144e-05
-1588.7 5.76171e-05
-1588.5 6.52428e-05
-1588.3 7.62579e-05
-1588.1 9.15094e-05
-1587.9 0.000102524
-1587.7 0.000117776
-1587.5 0.000129638
-1587.3 0.00014489
-1587.1 0.000163531
-1586.9 0.000180477
-1586.7 0.000202507
-1586.5 0.000231316
-1586.3 0.000252498
-1586.1 0.000283001
-1585.9 0.000312657
-1585.7 0.000341466
-1585.5 0.000377053
-1585.3 0.000406709
-1585.1 0.000450769
-1584.9 0.000486356
-1584.7 0.000524485
-1584.5 0.000567698
-1584.3 0.000621925
-1584.1 0.000677
-1583.9 0.000726992
-1583.7 0.000784609
-1583.5 0.000855783
-1583.3 0.000928651
-1583.1 0.00098881
-1582.9 0.00106761
-1582.7 0.00114556
-1582.5 0.00123622
-1582.3 0.00131587
-1582.1 0.0014006
-1581.9 0.00148449
-1581.7 0.00157854
-1581.5 0.00169208
-1581.3 0.00178782
-1581.1 0.0018912
-1580.9 0.00200473
-1580.7 0.00211743
-1580.5 0.00224283
-1580.3 0.00236738
-1580.1 0.00247584
-1579.9 0.00261988
-1579.7 0.00274105
-1579.5 0.00288001
-1579.3 0.00301812
-1579.1 0.00316047
-1578.9 0.00331722
-1578.7 0.0034799
-1578.5 0.00361547
-1578.3 0.0037951
-1578.1 0.00397134
-1577.9 0.00415182
-1577.7 0.004345
-1577.5 0.00453311
-1577.3 0.00474578
-1577.1 0.00498133
-1576.9 0.00523044
-1576.7 0.00548294
-1576.5 0.00572442
-1576.3 0.00599133
-1576.1 0.0062362
-1575.9 0.00649293
-1575.7 0.00679373
-1575.5 0.00711571
-1575.3 0.00744362
-1575.1 0.00777915
-1574.9 0.00813163
-1574.7 0.00849174
-1574.5 0.00885269
-1574.3 0.00924754
-1574.1 0.00961951
-1573.9 0.0100271
-1573.7 0.0104406
-1573.5 0.0108557
-1573.3 0.0112523
-1573.1 0.0117022
-1572.9 0.0121521
-1572.7 0.0125749
-1572.5 0.0130494
-1572.3 0.0135426
-1572.1 0.0140179
-1571.9 0.0145636
-1571.7 0.015027
-1571.5 0.0155625
-1571.3 0.0161328
-1571.1 0.0166835
-1570.9 0.0172436
-1570.7 0.0178147
-1570.5 0.0183798
-1570.3 0.0189848
-1570.1 0.0195754
-1569.9 0.0201761
-1569.7 0.0207904
-1569.5 0.0214124
-1569.3 0.0220699
-1569.1 0.0227401
-1568.9 0.0233807
-1568.7 0.0240043
-1568.5 0.0246313
-1568.3 0.0252736
-1568.1 0.0259167
-1567.9 0.0266403
-1567.7 0.0273393
-1567.5 0.0279688
-1567.3 0.0286763
-1567.1 0.0294025
-1566.9 0.0300905
-1566.7 0.0307641
-1566.5 0.0315114
-1566.3 0.0322427
-1566.1 0.0329612
-1565.9 0.0337289
-1565.7 0.0344753
-1565.5 0.0352269
-1565.3 0.0359573
-1565.1 0.0367199
-1564.9 0.0374655
-1564.7 0.0382264
-1564.5 0.0390008
-1564.3 0.0397558
-1564.1 0.0405285
-1563.9 0.0412953
-1563.7 0.0420681
-1563.5 0.0428696
-1563.3 0.0436509
-1563.1 0.044427
-1562.9 0.0451963
-1562.7 0.0460021
-1562.5 0.0468444
-1562.3 0.0476129
-1562.1 0.0484195
-1561.9 0.0492304
-1561.7 0.0500447
-1561.5 0.0508648
-1561.3 0.0516664
-1561.1 0.0524849
-1560.9 0.0533356
-1560.7 0.0541872
-1560.5 0.0550294
-1560.3 0.0558708
-1560.1 0.0566833
-1559.9 0.0575086
-1559.7 0.0583568
-1559.5 0.0592066
-1559.3 0.0600954
-1559.1 0.0609648
-1558.9 0.0618384
-1558.7 0.0627263
-1558.5 0.0635635
-1558.3 0.0644591
-1558.1 0.0653259
-1557.9 0.0662003
-1557.7 0.0670425
-1557.5 0.0679441
-1557.3 0.0688337
-1557.1 0.0696921
-1556.9 0.0705851
-1556.7 0.0715621
-1556.5 0.0724484
-1556.3 0.0733677
-1556.1 0.0742684
-1555.9 0.0751987
-1555.7 0.0760867
-1555.5 0.0769755
-1555.3 0.0778593
-1555.1 0.0787913
-1554.9 0.0797183
-1554.7 0.0806732
-1554.5 0.0815875
-1554.3 0.0825915
-1554.1 0.0835413
-1553.9 0.0844497
-1553.7 0.0854097
-1553.5 0.0862731
-1553.3 0.0872441
-1553.1 0.0882727
-1552.9 0.0892404
-1552.7 0.0902563
-1552.5 0.0912493
-1552.3 0.0922093
-1552.1 0.0931761
-1551.9 0.0941505
-1551.7 0.0951427
-1551.5 0.0961222
-1551.3 0.0970839
-1551.1 0.0980608
-1550.9 0.099059
-1550.7 0.100085
-1550.5 0.101076
-1550.3 0.102105
-1550.1 0.10308
-1549.9 0.104117
-1549.7 0.105158
-1549.5 0.106187
-1549.3 0.107179
-1549.1 0.108145
-1548.9 0.109111
-1548.7 0.110134
-1548.5 0.111137
-1548.3 0.11217
-1548.1 0.113227
-1547.9 0.114229
-1547.7 0.115291
-1547.5 0.116286
-1547.3 0.117277
-1547.1 0.118258
-1546.9 0.119274
-1546.7 0.120279
-1546.5 0.121281
-1546.3 0.12231
-1546.1 0.123356
-1545.9 0.124361
-1545.7 0.125382
-1545.5 0.126442
-1545.3 0.127444
-1545.1 0.128416
-1544.9 0.129381
-1544.7 0.130369
-1544.5 0.131361
-1544.3 0.132363
-1544.1 0.133372
-1543.9 0.134309
-1543.7 0.135287
-1543.5 0.136269
-1543.3 0.137223
-1543.1 0.138201
-1542.9 0.139184
-1542.7 0.140149
-1542.5 0.141169
-1542.3 0.142139
-1542.1 0.143117
-1541.9 0.144123
-1541.7 0.145068
-1541.5 0.146025
-1541.3 0.146976
-1541.1 0.147917
-1540.9 0.148878
-1540.7 0.149813
-1540.5 0.150781
-1540.3 0.151706
-1540.1 0.152605
-1539.9 0.15353
-1539.7 0.154441
-1539.5 0.155341
-1539.3 0.156261
-1539.1 0.157167
-1538.9 0.158119
-1538.7 0.159058
-1538.5 0.159948
-1538.3 0.160855
-1538.1 0.161818
-1537.9 0.162755
-1537.7 0.163653
-1537.5 0.164602
-1537.3 0.16553
-1537.1 0.166526
-1536.9 0.167522
-1536.7 0.168499
-1536.5 0.169459
-1536.3 0.170412
-1536.1 0.17138
-1535.9 0.172367
-1535.7 0.173298
-1535.5 0.174314
-1535.3 0.175308
-1535.1 0.176341
-1534.9 0.177384
-1534.7 0.178385
-1534.5 0.179442
-1534.3 0.180453
-1534.1 0.18153
-1533.9 0.182593
-1533.7 0.183645
-1533.5 0.184662
-1533.3 0.185689
-1533.1 0.186695
-1532.9 0.187708
-1532.7 0.188721
-1532.5 0.18976
-1532.3 0.190782
-1532.1 0.1918
-1531.9 0.192835
-1531.7 0.193832
-1531.5 0.194841
-1531.3 0.195869
-1531.1 0.196857
-1530.9 0.197854
-1530.7 0.19886
-1530.5 0.199877
-1530.3 0.200883
-1530.1 0.201888
-1529.9 0.20288
-1529.7 0.203888
-1529.5 0.204968
-1529.3 0.205992
-1529.1 0.206955
-1528.9 0.207908
-1528.7 0.208853
-1528.5 0.209772
-1528.3 0.210712
-1528.1 0.211623
-1527.9 0.212554
-1527.7 0.213486
-1527.5 0.21439
-1527.3 0.215276
-1527.1 0.216149
-1526.9 0.217033
-1526.7 0.21791
-1526.5 0.218808
-1526.3 0.219656
-1526.1 0.220489
-1525.9 0.221274
-1525.7 0.222091
-1525.5 0.222881
-1525.3 0.223654
-1525.1 0.224432
-1524.9 0.225217
-1524.7 0.225938
-1524.5 0.226722
-1524.3 0.227471
-1524.1 0.228219
-1523.9 0.228958
-1523.7 0.22964
-1523.5 0.230398
-1523.3 0.231131
-1523.1 0.231862
-1522.9 0.232613
-1522.7 0.233356
-1522.5 0.234104
-1522.3 0.234847
-1522.1 0.235599
-1521.9 0.236313
-1521.7 0.237048
-1521.5 0.237834
-1521.3 0.238623
-1521.1 0.239398
-1520.9 0.24018
-1520.7 0.240959
-1520.5 0.241733
-1520.3 0.242552
-1520.1 0.243367
-1519.9 0.244223
-1519.7 0.245017
-1519.5 0.245927
-1519.3 0.246812
-1519.1 0.247717
-1518.9 0.24864
-1518.7 0.249577
-1518.5 0.250543
-1518.3 0.251489
-1518.1 0.252474
-1517.9 0.253474
-1517.7 0.254532
-1517.5 0.255577
-1517.3 0.256656
-1517.1 0.257734
-1516.9 0.258811
-1516.7 0.259871
-1516.5 0.260969
-1516.3 0.262114
-1516.1 0.263192
-1515.9 0.264279
-1515.7 0.265408
-1515.5 0.266504
-1515.3 0.267577
-1515.1 0.268695
-1514.9 0.269837
-1514.7 0.270915
-1514.5 0.271975
-1514.3 0.272991
-1514.1 0.274094
-1513.9 0.27513
-1513.7 0.276183
-1513.5 0.277186
-1513.3 0.278162
-1513.1 0.279127
-1512.9 0.280111
-1512.7 0.281064
-1512.5 0.282005
-1512.3 0.282953
-1512.1 0.283933
-1511.9 0.284877
-1511.7 0.285777
-1511.5 0.286761
-1511.3 0.287662
-1511.1 0.288583
-1510.9 0.289531
-1510.7 0.290379
-1510.5 0.291297
-1510.3 0.292157
-1510.1 0.293051
-1509.9 0.293941
-1509.7 0.294738
-1509.5 0.295606
-1509.3 0.296465
-1509.1 0.297272
-1508.9 0.298089
-1508.7 0.298894
-1508.5 0.299738
-1508.3 0.300506
-1508.1 0.301256
-1507.9 0.302026
-1507.7 0.302799
-1507.5 0.303515
-1507.3 0.304295
-1507.1 0.305
-1506.9 0.305697
-1506.7 0.306424
-1506.5 0.307126
-1506.3 0.307834
-1506.1 0.308566
-1505.9 0.309271
-1505.7 0.309954
-1505.5 0.310585
-1505.3 0.311262
-1505.1 0.311971
-1504.9 0.312669
-1504.7 0.313387
-1504.5 0.314084
-1504.3 0.31478
-1504.1 0.315492
-1503.9 0.316237
-1503.7 0.316959
-1503.5 0.31771
-1503.3 0.318412
-1503.1 0.319187
-1502.9 0.319957
-1502.7 0.320727
-1502.5 0.321502
-1502.3 0.322323
-1502.1 0.323139
-1501.9 0.323942
-1501.7 0.324802
-1501.5 0.325625
-1501.3 0.326584
-1501.1 0.327511
-1500.9 0.328406
-1500.7 0.32932
-1500.5 0.330314
-1500.3 0.331299
-1500.1 0.332289
-1499.9 0.333289
-1499.7 0.334297
-1499.5 0.335297
-1499.3 0.336347
-1499.1 0.337421
-1498.9 0.338497
-1498.7 0.339635
-1498.5 0.340764
-1498.3 0.341816
-1498.1 0.342927
-1497.9 0.344094
-1497.7 0.345258
-1497.5 0.346406
-1497.3 0.34756
-1497.1 0.348726
-1496.9 0.349951
-1496.7 0.351129
-1496.5 0.352319
-1496.3 0.353489
-1496.1 0.354638
-1495.9 0.355788
-1495.7 0.356907
-1495.5 0.357993
-1495.3 0.359009
-1495.1 0.360093
-1494.9 0.361145
-1494.7 0.362208
-1494.5 0.363201
-1494.3 0.364178
-1494.1 0.365162
-1493.9 0.366162
-1493.7 0.367133
-1493.5 0.36807
-1493.3 0.369014
-1493.1 0.369936
-1492.9 0.370778
-1492.7 0.371623
-1492.5 0.372429
-1492.3 0.373248
-1492.1 0.374059
-1491.9 0.374795
-1491.7 0.375522
-1491.5 0.376273
-1491.3 0.377027
-1491.1 0.377719
-1490.9 0.378402
-1490.7 0.379089
-1490.5 0.379793
-1490.3 0.380445
-1490.1 0.381081
-1489.9 0.381745
-1489.7 0.382369
-1489.5 0.382967
-1489.3 0.383625
-1489.1 0.384252
-1488.9 0.384898
-1488.7 0.385491
-1488.5 0.386127
-1488.3 0.386769
-1488.1 0.387405
-1487.9 0.388044
-1487.7 0.38869
-1487.5 0.389355
-1487.3 0.389979
-1487.1 0.390695
-1486.9 0.39133
-1486.7 0.392012
-1486.5 0.392721
-1486.3 0.39342
-1486.1 0.394183
-1485.9 0.394894
-1485.7 0.39565
-1485.5 0.396421
-1485.3 0.397215
-1485.1 0.398065
-1484.9 0.398875
-1484.7 0.399704
-1484.5 0.400544
-1484.3 0.40144
-1484.1 0.402298
-1483.9 0.40318
-1483.7 0.404057
-1483.5 0.404955
-1483.3 0.405902
-1483.1 0.406868
-1482.9 0.407894
-1482.7 0.40888
-1482.5 0.409885
-1482.3 0.410903
-1482.1 0.411923
-1481.9 0.412993
-1481.7 0.414079
-1481.5 0.415144
-1481.3 0.416135
-1481.1 0.417253
-1480.9 0.418359
-1480.7 0.419436
-1480.5 0.420575
-1480.3 0.421634
-1480.1 0.422739
-1479.9 0.423829
-1479.7 0.424978
-1479.5 0.426049
-1479.3 0.427119
-1479.1 0.428207
-1478.9 0.429306
-1478.7 0.430323
-1478.5 0.431389
-1478.3 0.432436
-1478.1 0.433477
-1477.9 0.434516
-1477.7 0.435502
-1477.5 0.436503
-1477.3 0.437413
-1477.1 0.438299
-1476.9 0.439196
-1476.7 0.440103
-1476.5 0.441
-1476.3 0.441836
-1476.1 0.442722
-1475.9 0.443605
-1475.7 0.444487
-1475.5 0.445336
-1475.3 0.446138
-1475.1 0.44693
-1474.9 0.447695
-1474.7 0.448467
-1474.5 0.449223
-1474.3 0.449982
-1474.1 0.450749
-1473.9 0.451518
-1473.7 0.452207
-1473.5 0.452929
-1473.3 0.453662
-1473.1 0.454416
-1472.9 0.45521
-1472.7 0.455931
-1472.5 0.456641
-1472.3 0.457377
-1472.1 0.458088
-1471.9 0.458867
-1471.7 0.459599
-1471.5 0.460306
-1471.3 0.461029
-1471.1 0.461821
-1470.9 0.46257
-1470.7 0.463319
-1470.5 0.464113
-1470.3 0.464901
-1470.1 0.465657
-1469.9 0.466419
-1469.7 0.467137
-1469.5 0.467867
-1469.3 0.46862
-1469.1 0.469378
-1468.9 0.470176
-1468.7 0.470963
-1468.5 0.471765
-1468.3 0.472522
-1468.1 0.473366
-1467.9 0.474219
-1467.7 0.475074
-1467.5 0.475925
-1467.3 0.476762
-1467.1 0.477581
-1466.9 0.478484
-1466.7 0.479321
-1466.5 0.480232
-1466.3 0.481157
-1466.1 0.482058
-1465.9 0.482987
-1465.7 0.48389
-1465.5 0.48487
-1465.3 0.485767
-1465.1 0.4867
-1464.9 0.487631
-1464.7 0.488597
-1464.5 0.489608
-1464.3 0.490587
-1464.1 0.491574
-1463.9 0.492606
-1463.7 0.493576
-1463.5 0.494577
-1463.3 0.4956
-1463.1 0.496565
-1462.9 0.497572
-1462.7 0.498592
-1462.5 0.499644
-1462.3 0.500653
-1462.1 0.501723
-1461.9 0.502756
-1461.7 0.503799
-1461.5 0.504851
-1461.3 0.505885
-1461.1 0.506946
-1460.9 0.507976
-1460.7 0.508965
-1460.5 0.50996
-1460.3 0.510977
-1460.1 0.511939
-1459.9 0.51296
-1459.7 0.51397
-1459.5 0.514931
-1459.3 0.515884
-1459.1 0.516851
-1458.9 0.517868
-1458.7 0.518813
-1458.5 0.519736
-1458.3 0.520685
-1458.1 0.521613
-1457.9 0.522441
-1457.7 0.523337
-1457.5 0.524239
-1457.3 0.525062
-1457.1 0.525869
-1456.9 0.52676
-1456.7 0.527576
-1456.5 0.528426
-1456.3 0.529278
-1456.1 0.530101
-1455.9 0.530938
-1455.7 0.531755
-1455.5 0.532543
-1455.3 0.533317
-1455.1 0.534108
-1454.9 0.534869
-1454.7 0.535631
-1454.5 0.536415
-1454.3 0.537184
-1454.1 0.53792
-1453.9 0.538609
-1453.7 0.539359
-1453.5 0.540136
-1453.3 0.540904
-1453.1 0.541636
-1452.9 0.542368
-1452.7 0.543075
-1452.5 0.543837
-1452.3 0.544573
-1452.1 0.5453
-1451.9 0.546076
-1451.7 0.546778
-1451.5 0.547485
-1451.3 0.548253
-1451.1 0.548994
-1450.9 0.549747
-1450.7 0.550501
-1450.5 0.551255
-1450.3 0.55202
-1450.1 0.55279
-1449.9 0.553582
-1449.7 0.554381
-1449.5 0.555221
-1449.3 0.556066
-1449.1 0.55687
-1448.9 0.557716
-1448.7 0.558529
-1448.5 0.559361
-1448.3 0.560238
-1448.1 0.561173
-1447.9 0.562073
-1447.7 0.562951
-1447.5 0.56383
-1447.3 0.564749
-1447.1 0.565654
-1446.9 0.566529
-1446.7 0.567463
-1446.5 0.568396
-1446.3 0.569351
-1446.1 0.570311
-1445.9 0.571293
-1445.7 0.572219
-1445.5 0.573149
-1445.3 0.574124
-1445.1 0.575116
-1444.9 0.576078
-1444.7 0.577045
-1444.5 0.57802
-1444.3 0.57899
-1444.1 0.57996
-1443.9 0.580964
-1443.7 0.581942
-1443.5 0.582932
-1443.3 0.583934
-1443.1 0.584937
-1442.9 0.585888
-1442.7 0.586862
-1442.5 0.587888
-1442.3 0.588851
-1442.1 0.589852
-1441.9 0.590849
-1441.7 0.591796
-1441.5 0.59283
-1441.3 0.593814
-1441.1 0.59479
-1440.9 0.595753
-1440.7 0.596716
-1440.5 0.597609
-1440.3 0.598494
-1440.1 0.599421
-1439.9 0.600356
-1439.7 0.601237
-1439.5 0.602113
-1439.3 0.603017
-1439.1 0.603815
-1438.9 0.604652
-1438.7 0.605498
-1438.5 0.60634
-1438.3 0.607178
-1438.1 0.607994
-1437.9 0.608817
-1437.7 0.60968
-1437.5 0.610515
-1437.3 0.611315
-1437.1 0.612107
-1436.9 0.612874
-1436.7 0.613665
-1436.5 0.614457
-1436.3 0.615233
-1436.1 0.616045
-1435.9 0.616832
-1435.7 0.617619
-1435.5 0.618408
-1435.3 0.619194
-1435.1 0.619963
-1434.9 0.620772
-1434.7 0.621572
-1434.5 0.622376
-1434.3 0.623156
-1434.1 0.623978
-1433.9 0.624791
-1433.7 0.62561
-1433.5 0.626443
-1433.3 0.627264
-1433.1 0.628101
-1432.9 0.628927
-1432.7 0.629742
-1432.5 0.630554
-1432.3 0.631363
-1432.1 0.632158
-1431.9 0.633001
-1431.7 0.633877
-1431.5 0.634712
-1431.3 0.635581
-1431.1 0.636474
-1430.9 0.63734
-1430.7 0.638223
-1430.5 0.639149
-1430.3 0.640031
-1430.1 0.640975
-1429.9 0.641837
-1429.7 0.64272
-1429.5 0.643578
-1429.3 0.644504
-1429.1 0.645439
-1428.9 0.646272
-1428.7 0.647184
-1428.5 0.64801
-1428.3 0.648935
-1428.1 0.64984
-1427.9 0.65073
-1427.7 0.651661
-1427.5 0.652536
-1427.3 0.653449
-1427.1 0.654341
-1426.9 0.655232
-1426.7 0.65609
-1426.5 0.657027
-1426.3 0.657919
-1426.1 0.658789
-1425.9 0.659664
-1425.7 0.660566
-1425.5 0.66144
-1425.3 0.662301
-1425.1 0.663179
-1424.9 0.664077
-1424.7 0.664967
-1424.5 0.665796
-1424.3 0.666639
-1424.1 0.667525
-1423.9 0.668351
-1423.7 0.669236
-1423.5 0.670119
-1423.3 0.670968
-1423.1 0.671792
-1422.9 0.672622
-1422.7 0.673434
-1422.5 0.67425
-1422.3 0.675119
-1422.1 0.675955
-1421.9 0.676762
-1421.7 0.677592
-1421.5 0.678421
-1421.3 0.679267
-1421.1 0.680088
-1420.9 0.680932
-1420.7 0.681761
-1420.5 0.682599
-1420.3 0.68342
-1420.1 0.684272
-1419.9 0.685105
-1419.7 0.685955
-1419.5 0.686788
-1419.3 0.687634
-1419.1 0.688432
-1418.9 0.689268
-1418.7 0.69013
-1418.5 0.690904
-1418.3 0.691765
-1418.1 0.692613
-1417.9 0.693417
-1417.7 0.694243
-1417.5 0.695065
-1417.3 0.695956
-1417.1 0.696796
-1416.9 0.697635
-1416.7 0.698501
-1416.5 0.699337
-1416.3 0.700175
-1416.1 0.701022
-1415.9 0.701867
-1415.7 0.702728
-1415.5 0.70357
-1415.3 0.704438
-1415.1 0.7053
-1414.9 0.706139
-1414.7 0.707024
-1414.5 0.707876
-1414.3 0.708758
-1414.1 0.709572
-1413.9 0.710416
-1413.7 0.711285
-1413.5 0.712151
-1413.3 0.712961
-1413.1 0.713818
-1412.9 0.714661
-1412.7 0.715519
-1412.5 0.716382
-1412.3 0.71726
-1412.1 0.718116
-1411.9 0.719011
-1411.7 0.719862
-1411.5 0.720707
-1411.3 0.72161
-1411.1 0.72247
-1410.9 0.723327
-1410.7 0.724142
-1410.5 0.725033
-1410.3 0.725896
-1410.1 0.726739
-1409.9 0.727614
-1409.7 0.728469
-1409.5 0.729283
-1409.3 0.730138
-1409.1 0.730953
-1408.9 0.73182
-1408.7 0.732653
-1408.5 0.733499
-1408.3 0.734307
-1408.1 0.73517
-1407.9 0.736018
-1407.7 0.736793
-1407.5 0.73764
-1407.3 0.738463
-1407.1 0.73925
-1406.9 0.7401
-1406.7 0.74093
-1406.5 0.741789
-1406.3 0.742623
-1406.1 0.743484
-1405.9 0.744334
-1405.7 0.745164
-1405.5 0.746001
-1405.3 0.746805
-1405.1 0.747677
-1404.9 0.748513
-1404.7 0.749373
-1404.5 0.750221
-1404.3 0.751077
-1404.1 0.751866
-1403.9 0.752658
-1403.7 0.753513
-1403.5 0.754348
-1403.3 0.75521
-1403.1 0.756038
-1402.9 0.756905
-1402.7 0.757722
-1402.5 0.758584
-1402.3 0.759442
-1402.1 0.760278
-1401.9 0.761115
-1401.7 0.761931
-1401.5 0.762693
-1401.3 0.763568
-1401.1 0.764386
-1400.9 0.765226
-1400.7 0.766074
-1400.5 0.766907
-1400.3 0.76778
-1400.1 0.768675
-1399.9 0.769494
-1399.7 0.770318
-1399.5 0.771163
-1399.3 0.772014
-1399.1 0.772868
-1398.9 0.773703
-1398.7 0.774534
-1398.5 0.775363
-1398.3 0.776205
-1398.1 0.776975
-1397.9 0.777799
-1397.7 0.778694
-1397.5 0.779541
-1397.3 0.780336
-1397.1 0.781142
-1396.9 0.78191
-1396.7 0.782771
-1396.5 0.7836
-1396.3 0.784486
-1396.1 0.785327
-1395.9 0.78615
-1395.7 0.78697
-1395.5 0.787789
-1395.3 0.788656
-1395.1 0.789442
-1394.9 0.790271
-1394.7 0.791114
-1394.5 0.79195
-1394.3 0.792756
-1394.1 0.79355
-1393.9 0.794368
-1393.7 0.795226
-1393.5 0.796053
-1393.3 0.796895
-1393.1 0.797716
-1392.9 0.798568
-1392.7 0.799388
-1392.5 0.800233
-1392.3 0.801112
-1392.1 0.801965
-1391.9 0.802805
-1391.7 0.803657
-1391.5 0.804489
-1391.3 0.805347
-1391.1 0.806209
-1390.9 0.807029
-1390.7 0.807867
-1390.5 0.808733
-1390.3 0.809566
-1390.1 0.810403
-1389.9 0.811219
-1389.7 0.812054
-1389.5 0.812877
-1389.3 0.813744
-1389.1 0.814598
-1388.9 0.815387
-1388.7 0.816231
-1388.5 0.817076
-1388.3 0.817906
-1388.1 0.818798
-1387.9 0.819675
-1387.7 0.820519
-1387.5 0.82137
-1387.3 0.822225
-1387.1 0.823077
-1386.9 0.823928
-1386.7 0.824761
-1386.5 0.825597
-1386.3 0.826469
-1386.1 0.827314
-1385.9 0.828166
-1385.7 0.828993
-1385.5 0.829801
-1385.3 0.83064
-1385.1 0.831463
-1384.9 0.832311
-1384.7 0.833151
-1384.5 0.83401
-1384.3 0.83487
-1384.1 0.835735
-1383.9 0.836584
-1383.7 0.837422
-1383.5 0.838282
-1383.3 0.839159
-1383.1 0.840017
-1382.9 0.840854
-1382.7 0.841693
-1382.5 0.842529
-1382.3 0.843401
-1382.1 0.844221
-1381.9 0.845046
-1381.7 0.845912
-1381.5 0.846784
-1381.3 0.847647
-1381.1 0.848542
-1380.9 0.849344
-1380.7 0.850229
-1380.5 0.851092
-1380.3 0.851924
-1380.1 0.852805
-1379.9 0.853648
-1379.7 0.854508
-1379.5 0.855355
-1379.3 0.856209
-1379.1 0.857056
-1378.9 0.857915
-1378.7 0.858788
-1378.5 0.859647
-1378.3 0.860496
-1378.1 0.861396
-1377.9 0.862241
-1377.7 0.863114
-1377.5 0.863986
-1377.3 0.864818
-1377.1 0.865637
-1376.9 0.866483
-1376.7 0.867369
-1376.5 0.868263
-1376.3 0.869152
-1376.1 0.870004
-1375.9 0.870786
-1375.7 0.871592
-1375.5 0.872476
-1375.3 0.873379
-1375.1 0.874178
-1374.9 0.87499
-1374.7 0.875822
-1374.5 0.876664
-1374.3 0.877516
-1374.1 0.878379
-1373.9 0.879227
-1373.7 0.880089
-1373.5 0.880939
-1373.3 0.881802
-1373.1 0.882613
-1372.9 0.883508
-1372.7 0.884335
-1372.5 0.885212
-1372.3 0.886043
-1372.1 0.886913
-1371.9 0.887797
-1371.7 0.888617
-1371.5 0.889474
-1371.3 0.89033
-1371.1 0.89122
-1370.9 0.892006
-1370.7 0.892867
-1370.5 0.893694
-1370.3 0.894507
-1370.1 0.895346
-1369.9 0.8962
-1369.7 0.897081
-1369.5 0.897947
-1369.3 0.898777
-1369.1 0.899646
-1368.9 0.900503
-1368.7 0.901313
-1368.5 0.902094
-1368.3 0.902936
-1368.1 0.90373
-1367.9 0.90459
-1367.7 0.905432
-1367.5 0.906269
-1367.3 0.907096
-1367.1 0.907911
-1366.9 0.908726
-1366.7 0.909578
-1366.5 0.910386
-1366.3 0.911184
-1366.1 0.912015
-1365.9 0.912841
-1365.7 0.913681
-1365.5 0.914491
-1365.3 0.915344
-1365.1 0.916126
-1364.9 0.916981
-1364.7 0.917756
-1364.5 0.918482
-1364.3 0.919315
-1364.1 0.920147
-1363.9 0.920975
-1363.7 0.921737
-1363.5 0.922474
-1363.3 0.923273
-1363.1 0.924032
-1362.9 0.924882
-1362.7 0.925741
-1362.5 0.926579
-1362.3 0.927419
-1362.1 0.928202
-1361.9 0.929012
-1361.7 0.929757
-1361.5 0.930578
-1361.3 0.931395
-1361.1 0.932193
-1360.9 0.932983
-1360.7 0.933734
-1360.5 0.93448
-1360.3 0.935249
-1360.1 0.936068
-1359.9 0.936812
-1359.7 0.937547
-1359.5 0.938334
-1359.3 0.939078
-1359.1 0.939822
-1358.9 0.940543
-1358.7 0.941302
-1358.5 0.942049
-1358.3 0.942797
-1358.1 0.943563
-1357.9 0.944305
-1357.7 0.94501
-1357.5 0.945762
-1357.3 0.946442
-1357.1 0.947164
-1356.9 0.947866
-1356.7 0.948588
-1356.5 0.949295
-1356.3 0.950011
-1356.1 0.950699
-1355.9 0.951403
-1355.7 0.95208
-1355.5 0.952751
-1355.3 0.953412
-1355.1 0.954101
-1354.9 0.95474
-1354.7 0.955395
-1354.5 0.956029
-1354.3 0.956668
-1354.1 0.957276
-1353.9 0.957908
-1353.7 0.958525
-1353.5 0.959127
-1353.3 0.95975
-1353.1 0.960362
-1352.9 0.96099
-1352.7 0.961586
-1352.5 0.962191
-1352.3 0.962779
-1352.1 0.96338
-1351.9 0.963958
-1351.7 0.964537
-1351.5 0.965115
-1351.3 0.965727
-1351.1 0.966284
-1350.9 0.966838
-1350.7 0.967415
-1350.5 0.968004
-1350.3 0.968509
-1350.1 0.969026
-1349.9 0.969571
-1349.7 0.97012
-1349.5 0.970679
-1349.3 0.971206
-1349.1 0.971743
-1348.9 0.972284
-1348.7 0.972795
-1348.5 0.973311
-1348.3 0.973779
-1348.1 0.974254
-1347.9 0.974726
-1347.7 0.975222
-1347.5 0.975701
-1347.3 0.97618
-1347.1 0.976646
-1346.9 0.977122
-1346.7 0.977596
-1346.5 0.978096
-1346.3 0.978573
-1346.1 0.979038
-1345.9 0.979511
-1345.7 0.979984
-1345.5 0.980418
-1345.3 0.980859
-1345.1 0.981324
-1344.9 0.981774
-1344.7 0.982217
-1344.5 0.982669
-1344.3 0.983097
-1344.1 0.983488
-1343.9 0.983893
-1343.7 0.984328
-1343.5 0.984709
-1343.3 0.985123
-1343.1 0.985476
-1342.9 0.985878
-1342.7 0.986281
-1342.5 0.986658
-1342.3 0.987023
-1342.1 0.987386
-1341.9 0.98774
-1341.7 0.988069
-1341.5 0.988418
-1341.3 0.988762
-1341.1 0.989078
-1340.9 0.989398
-1340.7 0.989717
-1340.5 0.990038
-1340.3 0.990344
-1340.1 0.990641
-1339.9 0.990967
-1339.7 0.991246
-1339.5 0.991504
-1339.3 0.991779
-1339.1 0.992029
-1338.9 0.992269
-1338.7 0.992485
-1338.5 0.992732
-1338.3 0.992983
-1338.1 0.993196
-1337.9 0.993435
-1337.7 0.993681
-1337.5 0.993866
-1337.3 0.994089
-1337.1 0.994294
-1336.9 0.994479
-1336.7 0.994649
-1336.5 0.994841
-1336.3 0.995028
-1336.1 0.995214
-1335.9 0.995353
-1335.7 0.995501
-1335.5 0.995666
-1335.3 0.995807
-1335.1 0.995947
-1334.9 0.996087
-1334.7 0.996225
-1334.5 0.996351
-1334.3 0.996477
-1334.1 0.996569
-1333.9 0.996683
-1333.7 0.996786
-1333.5 0.996901
-1333.3 0.996993
-1333.1 0.997087
-1332.9 0.997166
-1332.7 0.997242
-1332.5 0.997331
-1332.3 0.997402
-1332.1 0.997481
-1331.9 0.997552
-1331.7 0.997618
-1331.5 0.997688
-1331.3 0.997753
-1331.1 0.997808
-1330.9 0.997861
-1330.7 0.997927
-1330.5 0.997994
-1330.3 0.998047
-1330.1 0.998102
-1329.9 0.998149
-1329.7 0.998203
-1329.5 0.998247
-1329.3 0.998294
-1329.1 0.998335
-1328.9 0.998382
-1328.7 0.998416
-1328.5 0.99846
-1328.3 0.998504
-1328.1 0.998548
-1327.9 0.998584
-1327.7 0.998621
-1327.5 0.998667
-1327.3 0.998703
-1327.1 0.998729
-1326.9 0.998768
-1326.7 0.998796
-1326.5 0.998822
-1326.3 0.998842
-1326.1 0.99887
-1325.9 0.998889
-1325.7 0.998912
-1325.5 0.998939
-1325.3 0.99896
-1325.1 0.998979
-1324.9 0.999007
-1324.7 0.999026
-1324.5 0.999048
-1324.3 0.999071
-1324.1 0.999085
-1323.9 0.999099
-1323.7 0.999113
-1323.5 0.999129
-1323.3 0.999148
-1323.1 0.999165
-1322.9 0.999176
-1322.7 0.999194
-1322.5 0.999204
-1322.3 0.999215
-1322.1 0.999226
-1321.9 0.999238
-1321.7 0.99925
-1321.5 0.999262
-1321.3 0.999272
-1321.1 0.999289
-1320.9 0.999296
-1320.7 0.999301
-1320.5 0.999314
-1320.3 0.999327
-1320.1 0.999337
-1319.9 0.999351
-1319.7 0.999359
-1319.5 0.999368
-1319.3 0.999375
-1319.1 0.999387
-1318.9 0.999397
-1318.7 0.999409
-1318.5 0.999424
-1318.3 0.999434
-1318.1 0.999445
-1317.9 0.99945
-1317.7 0.999458
-1317.5 0.999469
-1317.3 0.999476
-1317.1 0.999483
-1316.9 0.999492
-1316.7 0.999503
-1316.5 0.999512
-1316.3 0.99952
-1316.1 0.999521
-1315.9 0.99953
-1315.7 0.999534
-1315.5 0.999539
-1315.3 0.999545
-1315.1 0.999557
-1314.9 0.999562
-1314.7 0.999566
-1314.5 0.999573
-1314.3 0.999575
-1314.1 0.999588
-1313.9 0.999597
-1313.7 0.999604
-1313.5 0.999608
-1313.3 0.999615
-1313.1 0.999618
-1312.9 0.999622
-1312.7 0.999629
-1312.5 0.999634
-1312.3 0.999637
-1312.1 0.999643
-1311.9 0.999646
-1311.7 0.999652
-1311.5 0.999661
-1311.3 0.999668
-1311.1 0.999673
-1310.9 0.999677
-1310.7 0.999686
-1310.5 0.999691
-1310.3 0.999698
-1310.1 0.999702
-1309.9 0.999708
-1309.7 0.999717
-1309.5 0.999724
-1309.3 0.999733
-1309.1 0.999738
-1308.9 0.999745
-1308.7 0.999753
-1308.5 0.999765
-1308.3 0.999774
-1308.1 0.999778
-1307.9 0.999785
-1307.7 0.99979
-1307.5 0.999796
-1307.3 0.999803
-1307.1 0.999809
-1306.9 0.999814
-1306.7 0.99982
-1306.5 0.999824
-1306.3 0.99983
-1306.1 0.999832
-1305.9 0.999839
-1305.7 0.999841
-1305.5 0.999845
-1305.3 0.999851
-1305.1 0.999858
-1304.9 0.999866
-1304.7 0.999875
-1304.5 0.999882
-1304.3 0.999886
-1304.1 0.999895
-1303.9 0.999902
-1303.7 0.999908
-1303.5 0.999915
-1303.3 0.999922
-1303.1 0.999927
-1302.9 0.999935
-1302.7 0.999938
-1302.5 0.99994
-1302.3 0.999947
-1302.1 0.99995
-1301.9 0.999953
-1301.7 0.999959
-1301.5 0.999965
-1301.3 0.999967
-1301.1 0.999971
-1300.9 0.999974
-1300.7 0.999975
-1300.5 0.999983
-1300.3 0.999986
-1300.1 0.999991
-1299.9 1
