-209.9 0
-209.7 0
-209.5 0
-209.3 0
-209.1 0
-208.9 0
-208.7 0
-208.5 0
-208.3 0
-208.1 0
-207.9 0
-207.7 0
-207.5 1
-207.3 0
-207.1 0
-206.9 0
-206.7 0
-206.5 0
-206.3 2
-206.1 0
-205.9 0
-205.7 1
-205.5 0
-205.3 0
-205.1 1
-204.9 0
-204.7 0
-204.5 1
-204.3 0
-204.1 1
-203.9 0
-203.7 0
-203.5 0
-203.3 0
-203.1 0
-202.9 1
-202.7 0
-202.5 1
-202.3 0
-202.1 2
-201.9 1
-201.7 0
-201.5 2
-201.3 4
-201.1 3
-200.9 4
-200.7 13
-200.5 9
-200.3 12
-200.1 20
-199.9 18
-199.7 51
-199.5 41
-199.3 72
-199.1 98
-198.9 150
-198.7 156
-198.5 215
-198.3 281
-198.1 353
-197.9 452
-197.7 533
-197.5 677
-197.3 790
-197.1 1043
-196.9 1115
-196.7 1287
-196.5 1509
-196.3 1755
-196.1 1952
-195.9 2082
-195.7 2307
-195.5 2325
-195.3 2544
-195.1 2643
-194.9 2563
-194.7 2524
-194.5 2686
-194.3 2728
-194.1 2664
-193.9 2733
-193.7 2593
-193.5 2549
-193.3 2534
-193.1 2476
-192.9 2504
-192.7 2440
-192.5 2369
-192.3 2332
-192.1 2292
-191.9 2291
-191.7 2293
-191.5 2254
-191.3 2126
-191.1 2241
-190.9 2171
-190.7 2120
-190.5 2093
-190.3 2051
-190.1 2087
-189.9 2082
-189.7 1959
-189.5 2016
-189.3 1986
-189.1 1942
-188.9 1982
-188.7 2034
-188.5 1901
-188.3 1918
-188.1 1966
-187.9 1955
-187.7 1903
-187.5 1873
-187.3 1895
-187.1 1921
-186.9 1829
-186.7 1833
-186.5 1935
-186.3 1789
-186.1 1907
-185.9 1821
-185.7 1815
-185.5 1869
-185.3 1813
-185.1 1848
-184.9 1813
-184.7 1916
-184.5 1766
-184.3 1769
-184.1 1812
-183.9 1758
-183.7 1747
-183.5 1708
-183.3 1715
-183.1 1623
-182.9 1676
-182.7 1654
-182.5 1704
-182.3 1610
-182.1 1608
-181.9 1540
-181.7 1589
-181.5 1546
-181.3 1446
-181.1 1495
-180.9 1503
-180.7 1424
-180.5 1420
-180.3 1455
-180.1 1417
-179.9 1393
-179.7 1444
-179.5 1364
-179.3 1383
-179.1 1406
-178.9 1299
-178.7 1266
-178.5 1243
-178.3 1295
-178.1 1264
-177.9 1302
-177.7 1164
-177.5 1197
-177.3 1221
-177.1 1226
-176.9 1201
-176.7 1173
-176.5 1233
-176.3 1206
-176.1 1197
-175.9 1205
-175.7 1155
-175.5 1156
-175.3 1170
-175.1 1101
-174.9 1143
-174.7 1156
-174.5 1165
-174.3 1106
-174.1 1182
-173.9 1101
-173.7 1112
-173.5 1101
-173.3 1113
-173.1 1102
-172.9 1084
-172.7 1074
-172.5 1096
-172.3 1088
-172.1 1142
-171.9 1094
-171.7 1109
-171.5 1066
-171.3 1061
-171.1 1078
-170.9 1042
-170.7 1009
-170.5 1080
-170.3 1020
-170.1 1046
-169.9 1068
-169.7 1086
-169.5 971
-169.3 1122
-169.1 1064
-168.9 1058
-168.7 1047
-168.5 1049
-168.3 1044
-168.1 1005
-167.9 1084
-167.7 1047
-167.5 1048
-167.3 1022
-167.1 1018
-166.9 1004
-166.7 1069
-166.5 1120
-166.3 1036
-166.1 1072
-165.9 1053
-165.7 1078
-165.5 939
-165.3 1019
-165.1 1032
-164.9 1118
-164.7 1014
-164.5 973
-164.3 1035
-164.1 988
-163.9 990
-163.7 1011
-163.5 1005
-163.3 982
-163.1 1012
-162.9 1067
-162.7 1076
-162.5 1002
-162.3 991
-162.1 1023
-161.9 1006
-161.7 1003
-161.5 993
-161.3 974
-161.1 1031
-160.9 974
-160.7 1019
-160.5 984
-160.3 1044
-160.1 1054
-159.9 1052
-159.7 1009
-159.5 949
-159.3 953
-159.1 1011
-158.9 980
-158.7 973
-158.5 935
-158.3 1031
-158.1 1006
-157.9 1068
-157.7 1014
-157.5 961
-157.3 980
-157.1 929
-156.9 955
-156.7 1039
-156.5 983
-156.3 1001
-156.1 982
-155.9 971
-155.7 979
-155.5 958
-155.3 940
-155.1 946
-154.9 915
-154.7 920
-154.5 937
-154.3 962
-154.1 966
-153.9 884
-153.7 953
-153.5 969
-153.3 904
-153.1 894
-152.9 923
-152.7 929
-152.5 904
-152.3 946
-152.1 964
-151.9 928
-151.7 918
-151.5 825
-151.3 896
-151.1 942
-150.9 814
-150.7 909
-150.5 901
-150.3 951
-150.1 902
-149.9 877
-149.7 858
-149.5 835
-149.3 972
-149.1 900
-148.9 856
-148.7 892
-148.5 904
-148.3 915
-148.1 943
-147.9 922
-147.7 932
-147.5 951
-147.3 891
-147.1 896
-146.9 917
-146.7 929
-146.5 942
-146.3 907
-146.1 954
-145.9 911
-145.7 909
-145.5 976
-145.3 901
-145.1 934
-144.9 967
-144.7 935
-144.5 936
-144.3 907
-144.1 995
-143.9 953
-143.7 1012
-143.5 977
-143.3 1018
-143.1 996
-142.9 980
-142.7 989
-142.5 986
-142.3 986
-142.1 1017
-141.9 1007
-141.7 1002
-141.5 1028
-141.3 1018
-141.1 1046
-140.9 985
-140.7 1016
-140.5 1008
-140.3 1039
-140.1 974
-139.9 986
-139.7 1027
-139.5 1030
-139.3 1020
-139.1 999
-138.9 1014
-138.7 1071
-138.5 1074
-138.3 965
-138.1 1013
-137.9 1075
-137.7 1055
-137.5 1086
-137.3 1018
-137.1 1059
-136.9 1085
-136.7 1014
-136.5 1033
-136.3 1060
-136.1 1028
-135.9 1044
-135.7 1002
-135.5 1093
-135.3 1062
-135.1 1093
-134.9 1049
-134.7 991
-134.5 1065
-134.3 1067
-134.1 959
-133.9 1054
-133.7 980
-133.5 1039
-133.3 1017
-133.1 1012
-132.9 1078
-132.7 995
-132.5 1070
-132.3 991
-132.1 1081
-131.9 1059
-131.7 1023
-131.5 1052
-131.3 1013
-131.1 1027
-130.9 1075
-130.7 1015
-130.5 1009
-130.3 1040
-130.1 1017
-129.9 1047
-129.7 1007
-129.5 1006
-129.3 1060
-129.1 994
-128.9 1004
-128.7 989
-128.5 968
-128.3 1035
-128.1 1091
-127.9 993
-127.7 985
-127.5 1023
-127.3 1044
-127.1 1013
-126.9 991
-126.7 1000
-126.5 988
-126.3 1047
-126.1 971
-125.9 1036
-125.7 972
-125.5 989
-125.3 996
-125.1 1017
-124.9 1021
-124.7 982
-124.5 1000
-124.3 1028
-124.1 995
-123.9 1006
-123.7 1038
-123.5 1012
-123.3 1005
-123.1 1017
-122.9 955
-122.7 945
-122.5 945
-122.3 965
-122.1 986
-121.9 941
-121.7 994
-121.5 1068
-121.3 981
-121.1 958
-120.9 987
-120.7 956
-120.5 982
-120.3 1047
-120.1 944
-119.9 1030
-119.7 1023
-119.5 955
-119.3 964
-119.1 990
-118.9 996
-118.7 1007
-118.5 982
-118.3 965
-118.1 989
-117.9 1015
-117.7 966
-117.5 1007
-117.3 974
-117.1 989
-116.9 1009
-116.7 955
-116.5 1011
-116.3 998
-116.1 996
-115.9 988
-115.7 995
-115.5 956
-115.3 942
-115.1 979
-114.9 976
-114.7 958
-114.5 954
-114.3 968
-114.1 1020
-113.9 929
-113.7 970
-113.5 989
-113.3 1005
-113.1 950
-112.9 997
-112.7 941
-112.5 963
-112.3 930
-112.1 979
-111.9 964
-111.7 990
-111.5 950
-111.3 957
-111.1 911
-110.9 986
-110.7 1007
-110.5 954
-110.3 959
-110.1 1043
-109.9 928
-109.7 1026
-109.5 954
-109.3 904
-109.1 965
-108.9 958
-108.7 979
-108.5 1007
-108.3 968
-108.1 949
-107.9 934
-107.7 1018
-107.5 949
-107.3 928
-107.1 924
-106.9 951
-106.7 913
-106.5 990
-106.3 932
-106.1 985
-105.9 927
-105.7 975
-105.5 925
-105.3 985
-105.1 974
-104.9 939
-104.7 968
-104.5 970
-104.3 1054
-104.1 947
-103.9 988
-103.7 1017
-103.5 907
-103.3 959
-103.1 975
-102.9 995
-102.7 949
-102.5 931
-102.3 943
-102.1 964
-101.9 990
-101.7 976
-101.5 940
-101.3 958
-101.1 980
-100.9 986
-100.7 939
-100.5 901
-100.3 960
-100.1 923
-99.9 953
-99.7 891
-99.5 944
-99.3 930
-99.1 906
-98.9 911
-98.7 921
-98.5 941
-98.3 967
-98.1 917
-97.9 901
-97.7 942
-97.5 1017
-97.3 899
-97.1 905
-96.9 1005
-96.7 873
-96.5 919
-96.3 986
-96.1 916
-95.9 929
-95.7 904
-95.5 917
-95.3 918
-95.1 880
-94.9 941
-94.7 978
-94.5 907
-94.3 924
-94.1 950
-93.9 975
-93.7 939
-93.5 968
-93.3 975
-93.1 946
-92.9 893
-92.7 919
-92.5 934
-92.3 918
-92.1 954
-91.9 902
-91.7 899
-91.5 996
-91.3 885
-91.1 925
-90.9 877
-90.7 916
-90.5 846
-90.3 959
-90.1 899
-89.9 948
-89.7 949
-89.5 976
-89.3 967
-89.1 983
-88.9 913
-88.7 919
-88.5 904
-88.3 948
-88.1 945
-87.9 937
-87.7 1005
-87.5 919
-87.3 937
-87.1 944
-86.9 929
-86.7 962
-86.5 962
-86.3 887
-86.1 956
-85.9 931
-85.7 933
-85.5 947
-85.3 932
-85.1 945
-84.9 962
-84.7 963
-84.5 901
-84.3 979
-84.1 899
-83.9 950
-83.7 942
-83.5 920
-83.3 914
-83.1 902
-82.9 980
-82.7 957
-82.5 923
-82.3 946
-82.1 958
-81.9 986
-81.7 961
-81.5 973
-81.3 958
-81.1 951
-80.9 958
-80.7 895
-80.5 959
-80.3 980
-80.1 940
-79.9 929
-79.7 976
-79.5 1007
-79.3 997
-79.1 964
-78.9 975
-78.7 979
-78.5 950
-78.3 961
-78.1 989
-77.9 964
-77.7 1021
-77.5 995
-77.3 971
-77.1 959
-76.9 997
-76.7 1005
-76.5 965
-76.3 954
-76.1 954
-75.9 962
-75.7 937
-75.5 1009
-75.3 1007
-75.1 970
-74.9 1006
-74.7 933
-74.5 957
-74.3 956
-74.1 951
-73.9 959
-73.7 1002
-73.5 954
-73.3 965
-73.1 979
-72.9 976
-72.7 1012
-72.5 986
-72.3 970
-72.1 931
-71.9 919
-71.7 991
-71.5 982
-71.3 988
-71.1 922
-70.9 948
-70.7 972
-70.5 966
-70.3 896
-70.1 939
-69.9 969
-69.7 1010
-69.5 980
-69.3 964
-69.1 1006
-68.9 994
-68.7 939
-68.5 991
-68.3 964
-68.1 936
-67.9 958
-67.7 989
-67.5 959
-67.3 1011
-67.1 978
-66.9 933
-66.7 1027
-66.5 978
-66.3 958
-66.1 991
-65.9 949
-65.7 1036
-65.5 964
-65.3 1063
-65.1 973
-64.9 986
-64.7 996
-64.5 945
-64.3 965
-64.1 952
-63.9 959
-63.7 960
-63.5 954
-63.3 991
-63.1 937
-62.9 988
-62.7 986
-62.5 949
-62.3 998
-62.1 913
-61.9 922
-61.7 982
-61.5 975
-61.3 923
-61.1 931
-60.9 925
-60.7 1025
-60.5 949
-60.3 990
-60.1 1004
-59.9 953
-59.7 944
-59.5 941
-59.3 912
-59.1 871
-58.9 992
-58.7 969
-58.5 922
-58.3 938
-58.1 922
-57.9 944
-57.7 992
-57.5 906
-57.3 954
-57.1 902
-56.9 979
-56.7 932
-56.5 954
-56.3 965
-56.1 929
-55.9 932
-55.7 925
-55.5 940
-55.3 967
-55.1 942
-54.9 1006
-54.7 921
-54.5 945
-54.3 973
-54.1 1009
-53.9 978
-53.7 997
-53.5 925
-53.3 922
-53.1 979
-52.9 943
-52.7 984
-52.5 932
-52.3 1046
-52.1 944
-51.9 940
-51.7 949
-51.5 959
-51.3 1036
-51.1 954
-50.9 983
-50.7 947
-50.5 1010
-50.3 985
-50.1 993
-49.9 932
-49.7 957
-49.5 947
-49.3 978
-49.1 1008
-48.9 954
-48.7 1016
-48.5 949
-48.3 1006
-48.1 970
-47.9 998
-47.7 1032
-47.5 972
-47.3 976
-47.1 990
-46.9 946
-46.7 957
-46.5 958
-46.3 1015
-46.1 958
-45.9 974
-45.7 949
-45.5 942
-45.3 945
-45.1 945
-44.9 967
-44.7 976
-44.5 960
-44.3 898
-44.1 967
-43.9 971
-43.7 997
-43.5 995
-43.3 968
-43.1 948
-42.9 946
-42.7 941
-42.5 950
-42.3 969
-42.1 969
-41.9 995
-41.7 958
-41.5 941
-41.3 923
-41.1 927
-40.9 987
-40.7 976
-40.5 954
-40.3 932
-40.1 934
-39.9 949
-39.7 927
-39.5 946
-39.3 934
-39.1 1023
-38.9 926
-38.7 992
-38.5 1003
-38.3 957
-38.1 982
-37.9 981
-37.7 927
-37.5 917
-37.3 922
-37.1 910
-36.9 943
-36.7 970
-36.5 935
-36.3 998
-36.1 987
-35.9 943
-35.7 902
-35.5 963
-35.3 961
-35.1 865
-34.9 946
-34.7 915
-34.5 930
-34.3 922
-34.1 921
-33.9 936
-33.7 974
-33.5 912
-33.3 921
-33.1 960
-32.9 962
-32.7 982
-32.5 982
-32.3 942
-32.1 901
-31.9 908
-31.7 968
-31.5 910
-31.3 895
-31.1 953
-30.9 971
-30.7 997
-30.5 943
-30.3 942
-30.1 930
-29.9 963
-29.7 955
-29.5 984
-29.3 1028
-29.1 982
-28.9 925
-28.7 943
-28.5 949
-28.3 899
-28.1 955
-27.9 969
-27.7 963
-27.5 968
-27.3 953
-27.1 943
-26.9 922
-26.7 878
-26.5 942
-26.3 941
-26.1 940
-25.9 997
-25.7 961
-25.5 965
-25.3 986
-25.1 979
-24.9 976
-24.7 981
-24.5 888
-24.3 1030
-24.1 1008
-23.9 902
-23.7 937
-23.5 932
-23.3 972
-23.1 976
-22.9 985
-22.7 958
-22.5 920
-22.3 925
-22.1 941
-21.9 919
-21.7 947
-21.5 927
-21.3 901
-21.1 907
-20.9 992
-20.7 994
-20.5 975
-20.3 878
-20.1 969
-19.9 989
-19.7 930
-19.5 940
-19.3 948
-19.1 951
-18.9 1001
-18.7 1019
-18.5 962
-18.3 959
-18.1 995
-17.9 977
-17.7 963
-17.5 933
-17.3 895
-17.1 901
-16.9 963
-16.7 979
-16.5 995
-16.3 952
-16.1 938
-15.9 913
-15.7 929
-15.5 936
-15.3 978
-15.1 966
-14.9 914
-14.7 983
-14.5 897
-14.3 985
-14.1 944
-13.9 881
-13.7 877
-13.5 936
-13.3 940
-13.1 937
-12.9 961
-12.7 928
-12.5 969
-12.3 959
-12.1 921
-11.9 978
-11.7 945
-11.5 932
-11.3 920
-11.1 993
-10.9 970
-10.7 951
-10.5 969
-10.3 929
-10.1 961
-9.9 979
-9.7 902
-9.5 959
-9.3 927
-9.1 993
-8.9 974
-8.7 890
-8.5 975
-8.3 970
-8.1 949
-7.9 920
-7.7 933
-7.5 947
-7.3 950
-7.1 915
-6.9 967
-6.7 944
-6.5 896
-6.3 925
-6.1 934
-5.9 955
-5.7 927
-5.5 962
-5.3 924
-5.1 873
-4.9 926
-4.7 905
-4.5 957
-4.3 999
-4.1 948
-3.9 938
-3.7 914
-3.5 963
-3.3 973
-3.1 935
-2.9 970
-2.7 941
-2.5 942
-2.3 917
-2.1 979
-1.9 935
-1.7 917
-1.5 904
-1.3 958
-1.1 947
-0.9 959
-0.7 951
-0.5 909
-0.3 984
-0.1 907
0.1 961
0.3 918
0.5 985
0.7 937
0.9 945
1.1 969
1.3 903
1.5 940
1.7 923
1.9 942
2.1 939
2.3 962
2.5 951
2.7 935
2.9 945
3.1 954
3.3 972
3.5 955
3.7 957
3.9 953
4.1 943
4.3 942
4.5 917
4.7 902
4.9 945
5.1 996
5.3 976
5.5 989
5.7 962
5.9 951
6.1 914
6.3 980
6.5 949
6.7 942
6.9 939
7.1 892
7.3 965
7.5 951
7.7 981
7.9 934
8.1 1020
8.3 979
8.5 954
8.7 930
8.9 961
9.1 984
9.3 950
9.5 889
9.7 926
9.9 953
10.1 916
10.3 966
10.5 983
10.7 962
10.9 956
11.1 891
11.3 913
11.5 931
11.7 908
11.9 919
12.1 909
12.3 944
12.5 849
12.7 850
12.9 884
13.1 896
13.3 917
13.5 892
13.7 862
13.9 898
14.1 851
14.3 858
14.5 812
14.7 902
14.9 835
15.1 873
15.3 863
15.5 769
15.7 823
15.9 876
16.1 831
16.3 800
16.5 805
16.7 784
16.9 776
17.1 802
17.3 762
17.5 779
17.7 789
17.9 782
18.1 784
18.3 768
18.5 705
18.7 763
18.9 700
19.1 722
19.3 724
19.5 701
19.7 705
19.9 690
20.1 676
20.3 663
20.5 650
20.7 646
20.9 654
21.1 602
21.3 628
21.5 567
21.7 613
21.9 538
22.1 531
22.3 557
22.5 521
22.7 535
22.9 552
23.1 544
23.3 498
23.5 521
23.7 498
23.9 538
24.1 490
24.3 478
24.5 477
24.7 426
24.9 470
25.1 393
25.3 437
25.5 392
25.7 383
25.9 385
26.1 333
26.3 369
26.5 365
26.7 354
26.9 303
27.1 346
27.3 317
27.5 293
27.7 308
27.9 280
28.1 269
28.3 294
28.5 250
28.7 270
28.9 230
29.1 253
29.3 226
29.5 233
29.7 211
29.9 200
30.1 215
30.3 188
30.5 190
30.7 183
30.9 159
31.1 174
31.3 161
31.5 173
31.7 169
31.9 152
32.1 112
32.3 123
32.5 149
32.7 121
32.9 105
33.1 114
33.3 108
33.5 76
33.7 96
33.9 78
34.1 105
34.3 87
34.5 78
34.7 74
34.9 68
35.1 56
35.3 61
35.5 61
35.7 47
35.9 44
36.1 42
36.3 42
36.5 55
36.7 49
36.9 34
37.1 35
37.3 38
37.5 33
37.7 17
37.9 26
38.1 23
38.3 20
38.5 24
38.7 19
38.9 22
39.1 15
39.3 17
39.5 14
39.7 13
39.9 12
40.1 7
40.3 8
40.5 8
40.7 10
40.9 3
41.1 6
41.3 5
41.5 4
41.7 5
41.9 7
42.1 2
42.3 5
42.5 7
42.7 5
42.9 3
43.1 1
43.3 3
43.5 2
43.7 4
43.9 5
44.1 3
44.3 2
44.5 2
44.7 2
44.9 3
45.1 0
45.3 0
45.5 0
45.7 2
45.9 0
46.1 0
46.3 2
46.5 1
46.7 1
46.9 0
47.1 3
47.3 0
47.5 1
47.7 2
47.9 0
48.1 0
48.3 1
48.5 0
48.7 0
48.9 0
49.1 1
49.3 2
49.5 0
49.7 0
49.9 2
