-209.9 0
-209.7 0
-209.5 1
-209.3 0
-209.1 1
-208.9 0
-208.7 0
-208.5 0
-208.3 0
-208.1 0
-207.9 0
-207.7 0
-207.5 2
-207.3 0
-207.1 0
-206.9 0
-206.7 0
-206.5 0
-206.3 0
-206.1 0
-205.9 0
-205.7 0
-205.5 0
-205.3 0
-205.1 0
-204.9 2
-204.7 1
-204.5 0
-204.3 0
-204.1 0
-203.9 1
-203.7 1
-203.5 0
-203.3 0
-203.1 0
-202.9 1
-202.7 0
-202.5 1
-202.3 0
-202.1 1
-201.9 0
-201.7 0
-201.5 0
-201.3 0
-201.1 1
-200.9 0
-200.7 1
-200.5 1
-200.3 0
-200.1 0
-199.9 0
-199.7 0
-199.5 2
-199.3 0
-199.1 0
-198.9 1
-198.7 0
-198.5 1
-198.3 2
-198.1 2
-197.9 7
-197.7 9
-197.5 14
-197.3 18
-197.1 30
-196.9 44
-196.7 101
-196.5 144
-196.3 159
-196.1 223
-195.9 319
-195.7 406
-195.5 518
-195.3 707
-195.1 844
-194.9 1064
-194.7 1222
-194.5 1431
-194.3 1655
-194.1 1827
-193.9 1962
-193.7 2163
-193.5 2323
-193.3 2447
-193.1 2522
-192.9 2504
-192.7 2445
-192.5 2549
-192.3 2614
-192.1 2643
-191.9 2532
-191.7 2458
-191.5 2539
-191.3 2451
-191.1 2345
-190.9 2327
-190.7 2391
-190.5 2350
-190.3 2211
-190.1 2264
-189.9 2273
-189.7 2263
-189.5 2215
-189.3 2190
-189.1 2210
-188.9 2141
-188.7 2089
-188.5 2088
-188.3 2117
-188.1 2109
-187.9 2106
-187.7 2024
-187.5 1940
-187.3 2028
-187.1 2055
-186.9 2030
-186.7 1926
-186.5 1938
-186.3 2034
-186.1 1971
-185.9 1928
-185.7 1947
-185.5 1924
-185.3 2017
-185.1 1920
-184.9 1948
-184.7 1854
-184.5 1897
-184.3 1923
-184.1 1837
-183.9 1865
-183.7 1790
-183.5 1911
-183.3 1785
-183.1 1811
-182.9 1824
-182.7 1755
-182.5 1782
-182.3 1774
-182.1 1781
-181.9 1808
-181.7 1692
-181.5 1673
-181.3 1751
-181.1 1675
-180.9 1682
-180.7 1749
-180.5 1651
-180.3 1662
-180.1 1648
-179.9 1581
-179.7 1515
-179.5 1576
-179.3 1521
-179.1 1527
-178.9 1516
-178.7 1493
-178.5 1485
-178.3 1487
-178.1 1474
-177.9 1499
-177.7 1396
-177.5 1492
-177.3 1417
-177.1 1344
-176.9 1317
-176.7 1403
-176.5 1316
-176.3 1301
-176.1 1231
-175.9 1248
-175.7 1262
-175.5 1334
-175.3 1216
-175.1 1262
-174.9 1290
-174.7 1226
-174.5 1224
-174.3 1141
-174.1 1189
-173.9 1219
-173.7 1200
-173.5 1128
-173.3 1191
-173.1 1158
-172.9 1169
-172.7 1159
-172.5 1098
-172.3 1161
-172.1 1114
-171.9 1131
-171.7 1132
-171.5 1093
-171.3 1131
-171.1 1081
-170.9 1115
-170.7 1108
-170.5 1062
-170.3 1114
-170.1 1145
-169.9 1147
-169.7 1114
-169.5 1016
-169.3 1053
-169.1 1155
-168.9 1108
-168.7 1006
-168.5 1088
-168.3 1079
-168.1 1092
-167.9 1088
-167.7 1064
-167.5 1149
-167.3 1021
-167.1 1082
-166.9 1111
-166.7 1087
-166.5 1053
-166.3 1012
-166.1 1031
-165.9 1075
-165.7 1017
-165.5 1024
-165.3 1054
-165.1 1109
-164.9 1056
-164.7 1035
-164.5 1005
-164.3 1026
-164.1 1015
-163.9 1030
-163.7 1069
-163.5 1033
-163.3 1043
-163.1 1088
-162.9 1016
-162.7 987
-162.5 1022
-162.3 1014
-162.1 1004
-161.9 1021
-161.7 979
-161.5 949
-161.3 1053
-161.1 1018
-160.9 1059
-160.7 1041
-160.5 1018
-160.3 974
-160.1 991
-159.9 1001
-159.7 1054
-159.5 1110
-159.3 1008
-159.1 1012
-158.9 1033
-158.7 1027
-158.5 979
-158.3 978
-158.1 1014
-157.9 985
-157.7 1011
-157.5 991
-157.3 1009
-157.1 960
-156.9 958
-156.7 986
-156.5 965
-156.3 994
-156.1 1053
-155.9 956
-155.7 1016
-155.5 979
-155.3 987
-155.1 934
-154.9 1001
-154.7 970
-154.5 993
-154.3 974
-154.1 947
-153.9 978
-153.7 944
-153.5 945
-153.3 937
-153.1 930
-152.9 992
-152.7 907
-152.5 921
-152.3 951
-152.1 972
-151.9 951
-151.7 884
-151.5 923
-151.3 886
-151.1 907
-150.9 889
-150.7 910
-150.5 853
-150.3 904
-150.1 886
-149.9 915
-149.7 924
-149.5 810
-149.3 908
-149.1 910
-148.9 918
-148.7 879
-148.5 877
-148.3 883
-148.1 885
-147.9 886
-147.7 927
-147.5 863
-147.3 922
-147.1 889
-146.9 924
-146.7 863
-146.5 883
-146.3 919
-146.1 930
-145.9 925
-145.7 826
-145.5 937
-145.3 887
-145.1 912
-144.9 937
-144.7 860
-144.5 860
-144.3 927
-144.1 960
-143.9 948
-143.7 1002
-143.5 937
-143.3 949
-143.1 972
-142.9 956
-142.7 924
-142.5 931
-142.3 937
-142.1 1010
-141.9 965
-141.7 889
-141.5 914
-141.3 925
-141.1 933
-140.9 1034
-140.7 1014
-140.5 997
-140.3 961
-140.1 952
-139.9 1000
-139.7 958
-139.5 959
-139.3 1010
-139.1 939
-138.9 988
-138.7 1006
-138.5 1015
-138.3 991
-138.1 976
-137.9 1098
-137.7 1001
-137.5 1032
-137.3 1021
-137.1 1031
-136.9 1063
-136.7 997
-136.5 1006
-136.3 981
-136.1 1006
-135.9 1024
-135.7 1030
-135.5 999
-135.3 1002
-135.1 1048
-134.9 1037
-134.7 1070
-134.5 1019
-134.3 1031
-134.1 1062
-133.9 1034
-133.7 1039
-133.5 1050
-133.3 1022
-133.1 1079
-132.9 1041
-132.7 985
-132.5 944
-132.3 1009
-132.1 975
-131.9 1040
-131.7 1071
-131.5 1003
-131.3 1040
-131.1 1005
-130.9 1085
-130.7 1011
-130.5 1018
-130.3 1013
-130.1 1029
-129.9 1033
-129.7 1032
-129.5 1015
-129.3 1020
-129.1 985
-128.9 992
-128.7 979
-128.5 967
-128.3 1042
-128.1 1040
-127.9 1010
-127.7 981
-127.5 967
-127.3 1012
-127.1 1081
-126.9 1052
-126.7 958
-126.5 1047
-126.3 969
-126.1 1006
-125.9 950
-125.7 1017
-125.5 1003
-125.3 1046
-125.1 1022
-124.9 1027
-124.7 1038
-124.5 1037
-124.3 985
-124.1 1021
-123.9 994
-123.7 995
-123.5 1018
-123.3 967
-123.1 1007
-122.9 1003
-122.7 988
-122.5 1035
-122.3 975
-122.1 997
-121.9 962
-121.7 1032
-121.5 1052
-121.3 955
-121.1 993
-120.9 954
-120.7 1050
-120.5 1015
-120.3 999
-120.1 1031
-119.9 952
-119.7 1005
-119.5 995
-119.3 969
-119.1 1017
-118.9 956
-118.7 921
-118.5 989
-118.3 990
-118.1 1002
-117.9 989
-117.7 995
-117.5 1003
-117.3 974
-117.1 984
-116.9 1014
-116.7 968
-116.5 1044
-116.3 890
-116.1 954
-115.9 949
-115.7 968
-115.5 986
-115.3 941
-115.1 1011
-114.9 1014
-114.7 949
-114.5 953
-114.3 952
-114.1 976
-113.9 1008
-113.7 981
-113.5 1056
-113.3 923
-113.1 992
-112.9 923
-112.7 1026
-112.5 1012
-112.3 990
-112.1 1014
-111.9 968
-111.7 983
-111.5 986
-111.3 984
-111.1 1003
-110.9 1024
-110.7 969
-110.5 1002
-110.3 978
-110.1 987
-109.9 953
-109.7 920
-109.5 1027
-109.3 992
-109.1 975
-108.9 924
-108.7 934
-108.5 1005
-108.3 1001
-108.1 926
-107.9 978
-107.7 991
-107.5 995
-107.3 962
-107.1 935
-106.9 939
-106.7 970
-106.5 1006
-106.3 963
-106.1 958
-105.9 1015
-105.7 993
-105.5 917
-105.3 974
-105.1 919
-104.9 1022
-104.7 953
-104.5 925
-104.3 992
-104.1 976
-103.9 961
-103.7 930
-103.5 908
-103.3 989
-103.1 887
-102.9 1005
-102.7 946
-102.5 946
-102.3 959
-102.1 1017
-101.9 913
-101.7 997
-101.5 964
-101.3 924
-101.1 980
-100.9 941
-100.7 976
-100.5 905
-100.3 976
-100.1 977
-99.9 945
-99.7 988
-99.5 957
-99.3 887
-99.1 999
-98.9 949
-98.7 1024
-98.5 964
-98.3 963
-98.1 977
-97.9 963
-97.7 969
-97.5 982
-97.3 964
-97.1 982
-96.9 987
-96.7 942
-96.5 952
-96.3 932
-96.1 903
-95.9 935
-95.7 918
-95.5 919
-95.3 876
-95.1 925
-94.9 951
-94.7 972
-94.5 924
-94.3 964
-94.1 979
-93.9 918
-93.7 935
-93.5 929
-93.3 942
-93.1 859
-92.9 956
-92.7 941
-92.5 913
-92.3 942
-92.1 920
-91.9 989
-91.7 907
-91.5 907
-91.3 924
-91.1 892
-90.9 950
-90.7 923
-90.5 930
-90.3 966
-90.1 916
-89.9 944
-89.7 929
-89.5 900
-89.3 904
-89.1 956
-88.9 896
-88.7 921
-88.5 928
-88.3 926
-88.1 920
-87.9 912
-87.7 933
-87.5 919
-87.3 947
-87.1 910
-86.9 903
-86.7 927
-86.5 935
-86.3 959
-86.1 904
-85.9 953
-85.7 899
-85.5 850
-85.3 920
-85.1 974
-84.9 941
-84.7 960
-84.5 959
-84.3 900
-84.1 956
-83.9 921
-83.7 926
-83.5 895
-83.3 906
-83.1 951
-82.9 908
-82.7 898
-82.5 954
-82.3 944
-82.1 980
-81.9 978
-81.7 935
-81.5 937
-81.3 914
-81.1 949
-80.9 941
-80.7 854
-80.5 956
-80.3 944
-80.1 937
-79.9 907
-79.7 982
-79.5 980
-79.3 931
-79.1 921
-78.9 1012
-78.7 924
-78.5 905
-78.3 910
-78.1 961
-77.9 927
-77.7 930
-77.5 970
-77.3 881
-77.1 937
-76.9 901
-76.7 937
-76.5 927
-76.3 919
-76.1 943
-75.9 986
-75.7 954
-75.5 917
-75.3 975
-75.1 957
-74.9 931
-74.7 933
-74.5 957
-74.3 944
-74.1 940
-73.9 946
-73.7 877
-73.5 954
-73.3 934
-73.1 975
-72.9 959
-72.7 939
-72.5 986
-72.3 926
-72.1 949
-71.9 975
-71.7 976
-71.5 942
-71.3 987
-71.1 976
-70.9 946
-70.7 941
-70.5 983
-70.3 948
-70.1 981
-69.9 984
-69.7 958
-69.5 1001
-69.3 994
-69.1 904
-68.9 889
-68.7 954
-68.5 957
-68.3 996
-68.1 956
-67.9 980
-67.7 983
-67.5 966
-67.3 956
-67.1 990
-66.9 1029
-66.7 995
-66.5 977
-66.3 1007
-66.1 1037
-65.9 952
-65.7 1015
-65.5 1005
-65.3 1001
-65.1 1044
-64.9 971
-64.7 1004
-64.5 969
-64.3 944
-64.1 951
-63.9 977
-63.7 957
-63.5 962
-63.3 1003
-63.1 974
-62.9 1016
-62.7 953
-62.5 929
-62.3 946
-62.1 1002
-61.9 946
-61.7 1004
-61.5 978
-61.3 925
-61.1 984
-60.9 968
-60.7 938
-60.5 975
-60.3 932
-60.1 973
-59.9 897
-59.7 1030
-59.5 971
-59.3 936
-59.1 1016
-58.9 1008
-58.7 987
-58.5 931
-58.3 945
-58.1 968
-57.9 974
-57.7 893
-57.5 934
-57.3 923
-57.1 929
-56.9 1006
-56.7 966
-56.5 877
-56.3 961
-56.1 925
-55.9 953
-55.7 950
-55.5 948
-55.3 1019
-55.1 901
-54.9 946
-54.7 937
-54.5 923
-54.3 975
-54.1 922
-53.9 958
-53.7 908
-53.5 961
-53.3 924
-53.1 962
-52.9 946
-52.7 917
-52.5 915
-52.3 958
-52.1 921
-51.9 968
-51.7 931
-51.5 940
-51.3 1006
-51.1 925
-50.9 958
-50.7 902
-50.5 963
-50.3 928
-50.1 937
-49.9 927
-49.7 964
-49.5 927
-49.3 904
-49.1 993
-48.9 971
-48.7 933
-48.5 923
-48.3 919
-48.1 919
-47.9 1012
-47.7 944
-47.5 942
-47.3 949
-47.1 950
-46.9 977
-46.7 966
-46.5 967
-46.3 927
-46.1 973
-45.9 974
-45.7 942
-45.5 928
-45.3 969
-45.1 987
-44.9 976
-44.7 918
-44.5 894
-44.3 929
-44.1 955
-43.9 988
-43.7 961
-43.5 910
-43.3 959
-43.1 941
-42.9 932
-42.7 949
-42.5 971
-42.3 974
-42.1 957
-41.9 960
-41.7 954
-41.5 882
-41.3 973
-41.1 955
-40.9 987
-40.7 943
-40.5 927
-40.3 909
-40.1 968
-39.9 931
-39.7 971
-39.5 894
-39.3 1021
-39.1 906
-38.9 1021
-38.7 904
-38.5 883
-38.3 929
-38.1 899
-37.9 984
-37.7 961
-37.5 927
-37.3 944
-37.1 900
-36.9 983
-36.7 963
-36.5 926
-36.3 935
-36.1 952
-35.9 907
-35.7 931
-35.5 933
-35.3 956
-35.1 934
-34.9 922
-34.7 900
-34.5 943
-34.3 979
-34.1 977
-33.9 934
-33.7 963
-33.5 965
-33.3 995
-33.1 954
-32.9 907
-32.7 943
-32.5 970
-32.3 980
-32.1 995
-31.9 921
-31.7 926
-31.5 931
-31.3 919
-31.1 931
-30.9 986
-30.7 957
-30.5 968
-30.3 951
-30.1 1010
-29.9 934
-29.7 932
-29.5 932
-29.3 920
-29.1 952
-28.9 904
-28.7 932
-28.5 881
-28.3 876
-28.1 967
-27.9 868
-27.7 926
-27.5 944
-27.3 953
-27.1 898
-26.9 949
-26.7 914
-26.5 935
-26.3 947
-26.1 947
-25.9 976
-25.7 975
-25.5 928
-25.3 920
-25.1 981
-24.9 950
-24.7 991
-24.5 1013
-24.3 937
-24.1 935
-23.9 923
-23.7 938
-23.5 866
-23.3 880
-23.1 979
-22.9 927
-22.7 1053
-22.5 926
-22.3 957
-22.1 914
-21.9 971
-21.7 935
-21.5 978
-21.3 942
-21.1 909
-20.9 970
-20.7 948
-20.5 966
-20.3 984
-20.1 931
-19.9 983
-19.7 924
-19.5 951
-19.3 938
-19.1 955
-18.9 966
-18.7 899
-18.5 879
-18.3 924
-18.1 960
-17.9 919
-17.7 929
-17.5 939
-17.3 1003
-17.1 958
-16.9 959
-16.7 885
-16.5 963
-16.3 917
-16.1 959
-15.9 908
-15.7 959
-15.5 976
-15.3 898
-15.1 966
-14.9 946
-14.7 925
-14.5 957
-14.3 953
-14.1 934
-13.9 927
-13.7 924
-13.5 910
-13.3 954
-13.1 886
-12.9 938
-12.7 937
-12.5 963
-12.3 919
-12.1 929
-11.9 953
-11.7 964
-11.5 975
-11.3 949
-11.1 982
-10.9 903
-10.7 921
-10.5 915
-10.3 930
-10.1 955
-9.9 945
-9.7 938
-9.5 942
-9.3 944
-9.1 896
-8.9 914
-8.7 936
-8.5 920
-8.3 897
-8.1 935
-7.9 934
-7.7 885
-7.5 969
-7.3 910
-7.1 911
-6.9 924
-6.7 940
-6.5 947
-6.3 978
-6.1 901
-5.9 951
-5.7 908
-5.5 924
-5.3 918
-5.1 913
-4.9 916
-4.7 910
-4.5 875
-4.3 941
-4.1 917
-3.9 925
-3.7 954
-3.5 919
-3.3 941
-3.1 919
-2.9 917
-2.7 956
-2.5 843
-2.3 922
-2.1 917
-1.9 955
-1.7 939
-1.5 876
-1.3 955
-1.1 923
-0.9 898
-0.7 953
-0.5 976
-0.3 990
-0.1 953
0.1 926
0.3 870
0.5 894
0.7 883
0.9 891
1.1 931
1.3 927
1.5 916
1.7 999
1.9 929
2.1 915
2.3 938
2.5 948
2.7 920
2.9 907
3.1 971
3.3 956
3.5 915
3.7 938
3.9 964
4.1 915
4.3 903
4.5 969
4.7 926
4.9 909
5.1 973
5.3 915
5.5 921
5.7 951
5.9 927
6.1 939
6.3 927
6.5 955
6.7 1005
6.9 938
7.1 943
7.3 928
7.5 959
7.7 1016
7.9 981
8.1 976
8.3 949
8.5 959
8.7 1015
8.9 962
9.1 962
9.3 951
9.5 958
9.7 972
9.9 928
10.1 868
10.3 917
10.5 964
10.7 924
10.9 905
11.1 895
11.3 921
11.5 938
11.7 918
11.9 935
12.1 892
12.3 934
12.5 912
12.7 966
12.9 847
13.1 906
13.3 926
13.5 914
13.7 917
13.9 897
14.1 901
14.3 902
14.5 892
14.7 877
14.9 898
15.1 888
15.3 902
15.5 885
15.7 875
15.9 843
16.1 818
16.3 809
16.5 873
16.7 790
16.9 809
17.1 794
17.3 803
17.5 789
17.7 836
17.9 778
18.1 793
18.3 844
18.5 772
18.7 751
18.9 770
19.1 763
19.3 747
19.5 752
19.7 773
19.9 760
20.1 732
20.3 705
20.5 654
20.7 687
20.9 722
21.1 683
21.3 638
21.5 660
21.7 653
21.9 650
22.1 590
22.3 593
22.5 616
22.7 603
22.9 566
23.1 600
23.3 555
23.5 561
23.7 538
23.9 482
24.1 516
24.3 533
24.5 505
24.7 495
24.9 467
25.1 458
25.3 489
25.5 410
25.7 423
25.9 438
26.1 427
26.3 413
26.5 403
26.7 393
26.9 379
27.1 354
27.3 354
27.5 349
27.7 345
27.9 315
28.1 341
28.3 311
28.5 308
28.7 318
28.9 295
29.1 280
29.3 263
29.5 273
29.7 270
29.9 222
30.1 233
30.3 234
30.5 234
30.7 239
30.9 251
31.1 204
31.3 207
31.5 158
31.7 189
31.9 187
32.1 159
32.3 157
32.5 147
32.7 147
32.9 144
33.1 137
33.3 137
33.5 119
33.7 130
33.9 114
34.1 125
34.3 96
34.5 106
34.7 83
34.9 95
35.1 103
35.3 91
35.5 83
35.7 78
35.9 63
36.1 67
36.3 63
36.5 54
36.7 68
36.9 66
37.1 48
37.3 62
37.5 43
37.7 54
37.9 38
38.1 43
38.3 41
38.5 42
38.7 30
38.9 26
39.1 27
39.3 19
39.5 27
39.7 21
39.9 23
40.1 28
40.3 20
40.5 16
40.7 16
40.9 16
41.1 21
41.3 11
41.5 9
41.7 30
41.9 10
42.1 19
42.3 10
42.5 7
42.7 15
42.9 13
43.1 5
43.3 7
43.5 6
43.7 9
43.9 11
44.1 6
44.3 8
44.5 4
44.7 6
44.9 2
45.1 5
45.3 4
45.5 5
45.7 5
45.9 1
46.1 2
46.3 2
46.5 2
46.7 2
46.9 2
47.1 3
47.3 4
47.5 3
47.7 1
47.9 2
48.1 4
48.3 2
48.5 2
48.7 2
48.9 2
49.1 3
49.3 2
49.5 1
49.7 2
49.9 2
