-209.9 0
-209.7 0
-209.5 0
-209.3 0
-209.1 0
-208.9 0
-208.7 0
-208.5 0
-208.3 0
-208.1 0
-207.9 0
-207.7 1
-207.5 0
-207.3 2
-207.1 0
-206.9 0
-206.7 0
-206.5 1
-206.3 0
-206.1 0
-205.9 0
-205.7 0
-205.5 2
-205.3 1
-205.1 0
-204.9 0
-204.7 0
-204.5 0
-204.3 0
-204.1 0
-203.9 0
-203.7 1
-203.5 0
-203.3 0
-203.1 0
-202.9 0
-202.7 0
-202.5 0
-202.3 0
-202.1 0
-201.9 0
-201.7 0
-201.5 2
-201.3 0
-201.1 0
-200.9 0
-200.7 1
-200.5 0
-200.3 0
-200.1 2
-199.9 0
-199.7 0
-199.5 0
-199.3 2
-199.1 0
-198.9 0
-198.7 1
-198.5 2
-198.3 2
-198.1 11
-197.9 10
-197.7 28
-197.5 37
-197.3 57
-197.1 68
-196.9 102
-196.7 144
-196.5 178
-196.3 241
-196.1 295
-195.9 394
-195.7 523
-195.5 585
-195.3 697
-195.1 834
-194.9 1008
-194.7 1134
-194.5 1264
-194.3 1355
-194.1 1553
-193.9 1548
-193.7 1775
-193.5 1766
-193.3 1861
-193.1 1827
-192.9 1933
-192.7 1930
-192.5 1910
-192.3 2027
-192.1 1887
-191.9 1989
-191.7 1904
-191.5 1845
-191.3 1857
-191.1 1792
-190.9 1831
-190.7 1868
-190.5 1803
-190.3 1765
-190.1 1680
-189.9 1695
-189.7 1710
-189.5 1707
-189.3 1737
-189.1 1693
-188.9 1640
-188.7 1586
-188.5 1595
-188.3 1573
-188.1 1539
-187.9 1541
-187.7 1544
-187.5 1567
-187.3 1577
-187.1 1531
-186.9 1507
-186.7 1497
-186.5 1466
-186.3 1483
-186.1 1536
-185.9 1436
-185.7 1452
-185.5 1536
-185.3 1433
-185.1 1431
-184.9 1516
-184.7 1426
-184.5 1487
-184.3 1397
-184.1 1466
-183.9 1377
-183.7 1375
-183.5 1390
-183.3 1438
-183.1 1399
-182.9 1341
-182.7 1418
-182.5 1335
-182.3 1352
-182.1 1247
-181.9 1319
-181.7 1299
-181.5 1243
-181.3 1274
-181.1 1271
-180.9 1277
-180.7 1245
-180.5 1209
-180.3 1253
-180.1 1206
-179.9 1275
-179.7 1144
-179.5 1214
-179.3 1235
-179.1 1209
-178.9 1165
-178.7 1163
-178.5 1119
-178.3 1182
-178.1 1081
-177.9 1092
-177.7 1181
-177.5 1121
-177.3 1150
-177.1 1158
-176.9 1149
-176.7 1150
-176.5 1114
-176.3 1114
-176.1 1096
-175.9 1060
-175.7 1112
-175.5 1088
-175.3 1104
-175.1 1035
-174.9 1060
-174.7 1072
-174.5 1048
-174.3 1065
-174.1 1080
-173.9 1053
-173.7 1046
-173.5 1005
-173.3 1023
-173.1 1070
-172.9 1047
-172.7 989
-172.5 1011
-172.3 1005
-172.1 1063
-171.9 1021
-171.7 1020
-171.5 1007
-171.3 1015
-171.1 985
-170.9 1020
-170.7 929
-170.5 1023
-170.3 1020
-170.1 993
-169.9 994
-169.7 1043
-169.5 969
-169.3 1019
-169.1 951
-168.9 1014
-168.7 978
-168.5 1056
-168.3 940
-168.1 980
-167.9 1026
-167.7 994
-167.5 986
-167.3 924
-167.1 1022
-166.9 948
-166.7 997
-166.5 983
-166.3 977
-166.1 990
-165.9 979
-165.7 1014
-165.5 909
-165.3 958
-165.1 974
-164.9 938
-164.7 961
-164.5 975
-164.3 930
-164.1 929
-163.9 929
-163.7 898
-163.5 966
-163.3 938
-163.1 961
-162.9 927
-162.7 952
-162.5 985
-162.3 939
-162.1 981
-161.9 990
-161.7 959
-161.5 906
-161.3 1013
-161.1 963
-160.9 896
-160.7 917
-160.5 939
-160.3 923
-160.1 911
-159.9 909
-159.7 870
-159.5 932
-159.3 923
-159.1 918
-158.9 925
-158.7 974
-158.5 937
-158.3 922
-158.1 972
-157.9 980
-157.7 960
-157.5 950
-157.3 937
-157.1 994
-156.9 931
-156.7 910
-156.5 975
-156.3 902
-156.1 945
-155.9 939
-155.7 860
-155.5 947
-155.3 990
-155.1 971
-154.9 915
-154.7 902
-154.5 913
-154.3 970
-154.1 935
-153.9 990
-153.7 922
-153.5 917
-153.3 898
-153.1 940
-152.9 1000
-152.7 923
-152.5 973
-152.3 945
-152.1 965
-151.9 956
-151.7 962
-151.5 962
-151.3 947
-151.1 911
-150.9 874
-150.7 936
-150.5 885
-150.3 930
-150.1 887
-149.9 960
-149.7 909
-149.5 918
-149.3 975
-149.1 914
-148.9 948
-148.7 899
-148.5 905
-148.3 889
-148.1 904
-147.9 904
-147.7 855
-147.5 921
-147.3 958
-147.1 941
-146.9 895
-146.7 942
-146.5 895
-146.3 915
-146.1 954
-145.9 956
-145.7 883
-145.5 952
-145.3 823
-145.1 913
-144.9 864
-144.7 943
-144.5 907
-144.3 863
-144.1 927
-143.9 950
-143.7 884
-143.5 870
-143.3 828
-143.1 886
-142.9 906
-142.7 910
-142.5 903
-142.3 874
-142.1 927
-141.9 934
-141.7 890
-141.5 875
-141.3 875
-141.1 866
-140.9 864
-140.7 878
-140.5 906
-140.3 953
-140.1 841
-139.9 891
-139.7 861
-139.5 918
-139.3 956
-139.1 912
-138.9 906
-138.7 915
-138.5 865
-138.3 889
-138.1 902
-137.9 895
-137.7 899
-137.5 888
-137.3 914
-137.1 924
-136.9 910
-136.7 897
-136.5 923
-136.3 891
-136.1 960
-135.9 838
-135.7 891
-135.5 922
-135.3 901
-135.1 923
-134.9 925
-134.7 843
-134.5 984
-134.3 940
-134.1 991
-133.9 944
-133.7 943
-133.5 945
-133.3 947
-133.1 867
-132.9 933
-132.7 965
-132.5 944
-132.3 925
-132.1 930
-131.9 974
-131.7 932
-131.5 875
-131.3 931
-131.1 942
-130.9 955
-130.7 946
-130.5 911
-130.3 916
-130.1 970
-129.9 964
-129.7 979
-129.5 946
-129.3 981
-129.1 910
-128.9 942
-128.7 947
-128.5 936
-128.3 964
-128.1 870
-127.9 919
-127.7 933
-127.5 965
-127.3 935
-127.1 981
-126.9 961
-126.7 980
-126.5 927
-126.3 923
-126.1 941
-125.9 969
-125.7 920
-125.5 926
-125.3 933
-125.1 940
-124.9 938
-124.7 978
-124.5 888
-124.3 961
-124.1 919
-123.9 931
-123.7 960
-123.5 966
-123.3 934
-123.1 969
-122.9 1001
-122.7 932
-122.5 981
-122.3 947
-122.1 922
-121.9 953
-121.7 954
-121.5 922
-121.3 929
-121.1 986
-120.9 934
-120.7 980
-120.5 982
-120.3 897
-120.1 952
-119.9 933
-119.7 937
-119.5 965
-119.3 940
-119.1 924
-118.9 937
-118.7 929
-118.5 929
-118.3 908
-118.1 927
-117.9 877
-117.7 926
-117.5 962
-117.3 940
-117.1 927
-116.9 905
-116.7 950
-116.5 951
-116.3 894
-116.1 956
-115.9 892
-115.7 881
-115.5 859
-115.3 898
-115.1 907
-114.9 986
-114.7 928
-114.5 904
-114.3 969
-114.1 980
-113.9 913
-113.7 899
-113.5 894
-113.3 887
-113.1 893
-112.9 839
-112.7 887
-112.5 932
-112.3 976
-112.1 920
-111.9 920
-111.7 911
-111.5 972
-111.3 851
-111.1 925
-110.9 885
-110.7 975
-110.5 925
-110.3 879
-110.1 934
-109.9 953
-109.7 873
-109.5 897
-109.3 977
-109.1 907
-108.9 888
-108.7 928
-108.5 885
-108.3 859
-108.1 898
-107.9 872
-107.7 860
-107.5 911
-107.3 921
-107.1 938
-106.9 940
-106.7 899
-106.5 835
-106.3 869
-106.1 921
-105.9 959
-105.7 913
-105.5 906
-105.3 888
-105.1 915
-104.9 918
-104.7 880
-104.5 879
-104.3 866
-104.1 909
-103.9 885
-103.7 872
-103.5 859
-103.3 873
-103.1 913
-102.9 903
-102.7 916
-102.5 916
-102.3 864
-102.1 902
-101.9 868
-101.7 886
-101.5 887
-101.3 857
-101.1 883
-100.9 933
-100.7 867
-100.5 878
-100.3 907
-100.1 905
-99.9 873
-99.7 937
-99.5 880
-99.3 955
-99.1 875
-98.9 873
-98.7 898
-98.5 908
-98.3 863
-98.1 913
-97.9 965
-97.7 937
-97.5 896
-97.3 925
-97.1 875
-96.9 854
-96.7 933
-96.5 925
-96.3 907
-96.1 934
-95.9 949
-95.7 950
-95.5 915
-95.3 955
-95.1 875
-94.9 923
-94.7 871
-94.5 900
-94.3 883
-94.1 933
-93.9 927
-93.7 940
-93.5 938
-93.3 943
-93.1 936
-92.9 917
-92.7 965
-92.5 913
-92.3 944
-92.1 928
-91.9 949
-91.7 882
-91.5 933
-91.3 925
-91.1 883
-90.9 887
-90.7 934
-90.5 948
-90.3 937
-90.1 964
-89.9 900
-89.7 931
-89.5 904
-89.3 930
-89.1 969
-88.9 946
-88.7 901
-88.5 906
-88.3 859
-88.1 918
-87.9 873
-87.7 934
-87.5 988
-87.3 888
-87.1 933
-86.9 909
-86.7 903
-86.5 950
-86.3 903
-86.1 933
-85.9 896
-85.7 942
-85.5 938
-85.3 923
-85.1 889
-84.9 930
-84.7 894
-84.5 969
-84.3 863
-84.1 900
-83.9 915
-83.7 910
-83.5 941
-83.3 914
-83.1 922
-82.9 915
-82.7 905
-82.5 950
-82.3 897
-82.1 908
-81.9 939
-81.7 900
-81.5 855
-81.3 938
-81.1 904
-80.9 911
-80.7 919
-80.5 945
-80.3 885
-80.1 914
-79.9 916
-79.7 874
-79.5 907
-79.3 912
-79.1 877
-78.9 873
-78.7 935
-78.5 844
-78.3 908
-78.1 937
-77.9 905
-77.7 873
-77.5 894
-77.3 868
-77.1 927
-76.9 873
-76.7 955
-76.5 898
-76.3 905
-76.1 924
-75.9 870
-75.7 950
-75.5 916
-75.3 916
-75.1 875
-74.9 983
-74.7 889
-74.5 880
-74.3 898
-74.1 963
-73.9 854
-73.7 868
-73.5 938
-73.3 939
-73.1 917
-72.9 964
-72.7 925
-72.5 892
-72.3 914
-72.1 924
-71.9 920
-71.7 852
-71.5 948
-71.3 893
-71.1 907
-70.9 877
-70.7 909
-70.5 934
-70.3 967
-70.1 940
-69.9 886
-69.7 926
-69.5 896
-69.3 945
-69.1 897
-68.9 882
-68.7 900
-68.5 923
-68.3 917
-68.1 980
-67.9 892
-67.7 869
-67.5 893
-67.3 900
-67.1 901
-66.9 912
-66.7 938
-66.5 853
-66.3 918
-66.1 892
-65.9 862
-65.7 915
-65.5 903
-65.3 882
-65.1 924
-64.9 944
-64.7 883
-64.5 880
-64.3 953
-64.1 967
-63.9 887
-63.7 853
-63.5 940
-63.3 915
-63.1 902
-62.9 892
-62.7 852
-62.5 906
-62.3 986
-62.1 892
-61.9 905
-61.7 883
-61.5 924
-61.3 917
-61.1 904
-60.9 946
-60.7 906
-60.5 910
-60.3 910
-60.1 882
-59.9 920
-59.7 921
-59.5 908
-59.3 915
-59.1 958
-58.9 986
-58.7 875
-58.5 946
-58.3 886
-58.1 933
-57.9 870
-57.7 928
-57.5 942
-57.3 907
-57.1 952
-56.9 932
-56.7 895
-56.5 910
-56.3 880
-56.1 910
-55.9 910
-55.7 946
-55.5 889
-55.3 950
-55.1 903
-54.9 923
-54.7 927
-54.5 880
-54.3 849
-54.1 910
-53.9 899
-53.7 880
-53.5 956
-53.3 886
-53.1 917
-52.9 924
-52.7 921
-52.5 915
-52.3 912
-52.1 931
-51.9 893
-51.7 903
-51.5 922
-51.3 910
-51.1 898
-50.9 906
-50.7 873
-50.5 947
-50.3 902
-50.1 901
-49.9 889
-49.7 916
-49.5 929
-49.3 945
-49.1 840
-48.9 875
-48.7 939
-48.5 937
-48.3 858
-48.1 899
-47.9 875
-47.7 912
-47.5 895
-47.3 937
-47.1 971
-46.9 896
-46.7 953
-46.5 900
-46.3 861
-46.1 892
-45.9 906
-45.7 944
-45.5 884
-45.3 941
-45.1 901
-44.9 897
-44.7 931
-44.5 867
-44.3 922
-44.1 894
-43.9 858
-43.7 906
-43.5 908
-43.3 904
-43.1 925
-42.9 907
-42.7 924
-42.5 907
-42.3 934
-42.1 954
-41.9 918
-41.7 921
-41.5 947
-41.3 930
-41.1 914
-40.9 906
-40.7 924
-40.5 899
-40.3 897
-40.1 868
-39.9 899
-39.7 972
-39.5 846
-39.3 960
-39.1 934
-38.9 957
-38.7 861
-38.5 912
-38.3 904
-38.1 922
-37.9 974
-37.7 911
-37.5 879
-37.3 921
-37.1 888
-36.9 942
-36.7 886
-36.5 914
-36.3 943
-36.1 896
-35.9 931
-35.7 920
-35.5 893
-35.3 869
-35.1 945
-34.9 961
-34.7 876
-34.5 975
-34.3 921
-34.1 866
-33.9 792
-33.7 924
-33.5 904
-33.3 886
-33.1 973
-32.9 894
-32.7 903
-32.5 931
-32.3 921
-32.1 862
-31.9 902
-31.7 935
-31.5 892
-31.3 860
-31.1 902
-30.9 945
-30.7 906
-30.5 861
-30.3 899
-30.1 842
-29.9 892
-29.7 836
-29.5 899
-29.3 914
-29.1 873
-28.9 900
-28.7 934
-28.5 905
-28.3 904
-28.1 902
-27.9 895
-27.7 937
-27.5 900
-27.3 915
-27.1 854
-26.9 860
-26.7 921
-26.5 873
-26.3 883
-26.1 886
-25.9 879
-25.7 904
-25.5 888
-25.3 894
-25.1 871
-24.9 936
-24.7 863
-24.5 881
-24.3 915
-24.1 898
-23.9 904
-23.7 851
-23.5 902
-23.3 852
-23.1 910
-22.9 887
-22.7 885
-22.5 913
-22.3 891
-22.1 923
-21.9 868
-21.7 906
-21.5 915
-21.3 916
-21.1 918
-20.9 905
-20.7 895
-20.5 926
-20.3 933
-20.1 927
-19.9 909
-19.7 905
-19.5 914
-19.3 868
-19.1 886
-18.9 970
-18.7 893
-18.5 874
-18.3 936
-18.1 947
-17.9 935
-17.7 890
-17.5 934
-17.3 883
-17.1 888
-16.9 901
-16.7 896
-16.5 896
-16.3 924
-16.1 901
-15.9 842
-15.7 923
-15.5 878
-15.3 880
-15.1 858
-14.9 887
-14.7 882
-14.5 896
-14.3 881
-14.1 928
-13.9 939
-13.7 871
-13.5 929
-13.3 909
-13.1 912
-12.9 894
-12.7 880
-12.5 912
-12.3 843
-12.1 884
-11.9 862
-11.7 924
-11.5 887
-11.3 911
-11.1 940
-10.9 923
-10.7 892
-10.5 944
-10.3 930
-10.1 913
-9.9 895
-9.7 887
-9.5 881
-9.3 924
-9.1 859
-8.9 920
-8.7 920
-8.5 922
-8.3 922
-8.1 857
-7.9 884
-7.7 878
-7.5 864
-7.3 884
-7.1 884
-6.9 855
-6.7 914
-6.5 923
-6.3 922
-6.1 886
-5.9 918
-5.7 935
-5.5 900
-5.3 915
-5.1 856
-4.9 872
-4.7 889
-4.5 946
-4.3 931
-4.1 923
-3.9 919
-3.7 925
-3.5 937
-3.3 869
-3.1 895
-2.9 918
-2.7 937
-2.5 903
-2.3 938
-2.1 939
-1.9 891
-1.7 923
-1.5 903
-1.3 879
-1.1 896
-0.9 840
-0.7 839
-0.5 897
-0.3 964
-0.1 868
0.1 905
0.3 901
0.5 885
0.7 878
0.9 935
1.1 929
1.3 894
1.5 900
1.7 929
1.9 945
2.1 894
2.3 904
2.5 909
2.7 920
2.9 910
3.1 898
3.3 892
3.5 919
3.7 906
3.9 883
4.1 858
4.3 915
4.5 902
4.7 886
4.9 941
5.1 920
5.3 865
5.5 923
5.7 916
5.9 917
6.1 884
6.3 874
6.5 882
6.7 894
6.9 837
7.1 861
7.3 880
7.5 861
7.7 933
7.9 878
8.1 853
8.3 935
8.5 841
8.7 922
8.9 870
9.1 891
9.3 895
9.5 903
9.7 897
9.9 867
10.1 857
10.3 903
10.5 922
10.7 905
10.9 913
11.1 888
11.3 854
11.5 829
11.7 872
11.9 859
12.1 855
12.3 854
12.5 839
12.7 842
12.9 830
13.1 849
13.3 819
13.5 792
13.7 821
13.9 810
14.1 818
14.3 818
14.5 758
14.7 759
14.9 810
15.1 807
15.3 759
15.5 760
15.7 784
15.9 762
16.1 767
16.3 723
16.5 730
16.7 796
16.9 741
17.1 693
17.3 719
17.5 657
17.7 720
17.9 693
18.1 672
18.3 673
18.5 646
18.7 664
18.9 645
19.1 628
19.3 632
19.5 587
19.7 657
19.9 640
20.1 605
20.3 566
20.5 521
20.7 509
20.9 550
21.1 517
21.3 552
21.5 546
21.7 527
21.9 513
22.1 510
22.3 461
22.5 460
22.7 442
22.9 455
23.1 438
23.3 430
23.5 408
23.7 424
23.9 444
24.1 367
24.3 385
24.5 391
24.7 390
24.9 347
25.1 374
25.3 359
25.5 336
25.7 305
25.9 291
26.1 329
26.3 298
26.5 312
26.7 281
26.9 284
27.1 306
27.3 279
27.5 275
27.7 249
27.9 234
28.1 227
28.3 220
28.5 212
28.7 222
28.9 213
29.1 197
29.3 177
29.5 210
29.7 181
29.9 177
30.1 186
30.3 172
30.5 142
30.7 154
30.9 136
31.1 133
31.3 129
31.5 142
31.7 119
31.9 136
32.1 119
32.3 107
32.5 98
32.7 100
32.9 101
33.1 80
33.3 104
33.5 93
33.7 84
33.9 68
34.1 69
34.3 86
34.5 62
34.7 75
34.9 61
35.1 57
35.3 61
35.5 51
35.7 49
35.9 46
36.1 45
36.3 48
36.5 38
36.7 32
36.9 28
37.1 31
37.3 30
37.5 22
37.7 28
37.9 21
38.1 25
38.3 16
38.5 14
38.7 20
38.9 16
39.1 21
39.3 17
39.5 11
39.7 12
39.9 11
40.1 6
40.3 10
40.5 15
40.7 8
40.9 7
41.1 7
41.3 11
41.5 3
41.7 1
41.9 13
42.1 5
42.3 8
42.5 5
42.7 4
42.9 5
43.1 1
43.3 6
43.5 2
43.7 1
43.9 2
44.1 0
44.3 1
44.5 2
44.7 1
44.9 1
45.1 1
45.3 3
45.5 2
45.7 6
45.9 1
46.1 0
46.3 1
46.5 1
46.7 1
46.9 0
47.1 2
47.3 0
47.5 1
47.7 0
47.9 2
48.1 0
48.3 1
48.5 0
48.7 2
48.9 0
49.1 1
49.3 1
49.5 1
49.7 2
49.9 1
