-209.9 0
-209.7 0
-209.5 0
-209.3 0
-209.1 1
-208.9 3
-208.7 2
-208.5 0
-208.3 0
-208.1 0
-207.9 1
-207.7 0
-207.5 0
-207.3 1
-207.1 0
-206.9 0
-206.7 0
-206.5 0
-206.3 0
-206.1 0
-205.9 0
-205.7 0
-205.5 0
-205.3 0
-205.1 0
-204.9 1
-204.7 0
-204.5 0
-204.3 0
-204.1 0
-203.9 0
-203.7 0
-203.5 0
-203.3 1
-203.1 2
-202.9 3
-202.7 0
-202.5 0
-202.3 0
-202.1 0
-201.9 0
-201.7 0
-201.5 0
-201.3 0
-201.1 0
-200.9 0
-200.7 0
-200.5 0
-200.3 0
-200.1 1
-199.9 5
-199.7 7
-199.5 9
-199.3 13
-199.1 15
-198.9 31
-198.7 36
-198.5 57
-198.3 68
-198.1 118
-197.9 130
-197.7 182
-197.5 231
-197.3 286
-197.1 343
-196.9 415
-196.7 542
-196.5 575
-196.3 687
-196.1 837
-195.9 900
-195.7 1042
-195.5 1236
-195.3 1316
-195.1 1345
-194.9 1405
-194.7 1544
-194.5 1525
-194.3 1784
-194.1 1696
-193.9 1732
-193.7 1804
-193.5 1809
-193.3 1806
-193.1 1757
-192.9 1825
-192.7 1807
-192.5 1800
-192.3 1781
-192.1 1880
-191.9 1832
-191.7 1766
-191.5 1811
-191.3 1720
-191.1 1674
-190.9 1783
-190.7 1759
-190.5 1798
-190.3 1713
-190.1 1736
-189.9 1743
-189.7 1660
-189.5 1658
-189.3 1710
-189.1 1661
-188.9 1607
-188.7 1692
-188.5 1664
-188.3 1569
-188.1 1642
-187.9 1565
-187.7 1547
-187.5 1567
-187.3 1570
-187.1 1556
-186.9 1505
-186.7 1551
-186.5 1542
-186.3 1526
-186.1 1561
-185.9 1467
-185.7 1495
-185.5 1474
-185.3 1438
-185.1 1468
-184.9 1483
-184.7 1443
-184.5 1391
-184.3 1429
-184.1 1361
-183.9 1419
-183.7 1327
-183.5 1422
-183.3 1373
-183.1 1412
-182.9 1365
-182.7 1355
-182.5 1346
-182.3 1346
-182.1 1374
-181.9 1393
-181.7 1292
-181.5 1317
-181.3 1321
-181.1 1213
-180.9 1229
-180.7 1237
-180.5 1261
-180.3 1238
-180.1 1237
-179.9 1162
-179.7 1236
-179.5 1172
-179.3 1212
-179.1 1162
-178.9 1182
-178.7 1121
-178.5 1112
-178.3 1188
-178.1 1183
-177.9 1105
-177.7 1065
-177.5 1130
-177.3 1135
-177.1 1121
-176.9 1083
-176.7 1091
-176.5 1063
-176.3 1076
-176.1 1076
-175.9 1062
-175.7 1069
-175.5 1079
-175.3 1039
-175.1 1083
-174.9 1044
-174.7 1087
-174.5 1013
-174.3 1083
-174.1 1036
-173.9 1004
-173.7 1056
-173.5 945
-173.3 1064
-173.1 1110
-172.9 1000
-172.7 1007
-172.5 1037
-172.3 1053
-172.1 1000
-171.9 977
-171.7 1008
-171.5 1001
-171.3 1069
-171.1 1025
-170.9 1034
-170.7 1005
-170.5 1014
-170.3 1010
-170.1 1017
-169.9 972
-169.7 971
-169.5 1026
-169.3 951
-169.1 998
-168.9 959
-168.7 1029
-168.5 993
-168.3 934
-168.1 956
-167.9 954
-167.7 1019
-167.5 1029
-167.3 966
-167.1 982
-166.9 978
-166.7 966
-166.5 952
-166.3 971
-166.1 982
-165.9 966
-165.7 987
-165.5 953
-165.3 978
-165.1 978
-164.9 969
-164.7 965
-164.5 990
-164.3 946
-164.1 1008
-163.9 1007
-163.7 933
-163.5 964
-163.3 979
-163.1 938
-162.9 965
-162.7 926
-162.5 956
-162.3 933
-162.1 948
-161.9 921
-161.7 948
-161.5 928
-161.3 927
-161.1 940
-160.9 947
-160.7 967
-160.5 974
-160.3 937
-160.1 991
-159.9 950
-159.7 944
-159.5 943
-159.3 995
-159.1 924
-158.9 983
-158.7 934
-158.5 923
-158.3 965
-158.1 997
-157.9 910
-157.7 924
-157.5 935
-157.3 951
-157.1 939
-156.9 959
-156.7 928
-156.5 966
-156.3 992
-156.1 900
-155.9 972
-155.7 915
-155.5 921
-155.3 914
-155.1 963
-154.9 918
-154.7 974
-154.5 947
-154.3 928
-154.1 968
-153.9 929
-153.7 934
-153.5 970
-153.3 970
-153.1 914
-152.9 977
-152.7 862
-152.5 947
-152.3 932
-152.1 936
-151.9 861
-151.7 991
-151.5 927
-151.3 921
-151.1 910
-150.9 935
-150.7 877
-150.5 931
-150.3 944
-150.1 885
-149.9 930
-149.7 984
-149.5 961
-149.3 886
-149.1 944
-148.9 879
-148.7 983
-148.5 920
-148.3 927
-148.1 934
-147.9 925
-147.7 953
-147.5 964
-147.3 921
-147.1 939
-146.9 930
-146.7 872
-146.5 917
-146.3 964
-146.1 934
-145.9 972
-145.7 924
-145.5 913
-145.3 863
-145.1 854
-144.9 877
-144.7 913
-144.5 903
-144.3 922
-144.1 882
-143.9 914
-143.7 918
-143.5 867
-143.3 904
-143.1 874
-142.9 873
-142.7 937
-142.5 863
-142.3 913
-142.1 949
-141.9 910
-141.7 965
-141.5 952
-141.3 891
-141.1 866
-140.9 885
-140.7 889
-140.5 897
-140.3 855
-140.1 871
-139.9 906
-139.7 880
-139.5 915
-139.3 892
-139.1 924
-138.9 919
-138.7 898
-138.5 875
-138.3 874
-138.1 894
-137.9 918
-137.7 896
-137.5 931
-137.3 896
-137.1 915
-136.9 967
-136.7 886
-136.5 934
-136.3 950
-136.1 930
-135.9 932
-135.7 986
-135.5 905
-135.3 947
-135.1 944
-134.9 861
-134.7 964
-134.5 923
-134.3 915
-134.1 884
-133.9 984
-133.7 944
-133.5 1025
-133.3 910
-133.1 933
-132.9 876
-132.7 941
-132.5 995
-132.3 925
-132.1 887
-131.9 933
-131.7 1007
-131.5 973
-131.3 921
-131.1 947
-130.9 961
-130.7 876
-130.5 984
-130.3 1043
-130.1 917
-129.9 940
-129.7 990
-129.5 931
-129.3 989
-129.1 985
-128.9 953
-128.7 960
-128.5 978
-128.3 957
-128.1 949
-127.9 965
-127.7 944
-127.5 938
-127.3 956
-127.1 966
-126.9 984
-126.7 998
-126.5 970
-126.3 956
-126.1 953
-125.9 946
-125.7 971
-125.5 923
-125.3 971
-125.1 1003
-124.9 939
-124.7 927
-124.5 956
-124.3 1007
-124.1 951
-123.9 950
-123.7 990
-123.5 922
-123.3 954
-123.1 968
-122.9 931
-122.7 904
-122.5 972
-122.3 912
-122.1 1016
-121.9 973
-121.7 894
-121.5 903
-121.3 904
-121.1 915
-120.9 901
-120.7 1014
-120.5 907
-120.3 953
-120.1 944
-119.9 977
-119.7 931
-119.5 900
-119.3 936
-119.1 943
-118.9 879
-118.7 916
-118.5 972
-118.3 920
-118.1 890
-117.9 957
-117.7 925
-117.5 932
-117.3 950
-117.1 897
-116.9 895
-116.7 940
-116.5 928
-116.3 889
-116.1 935
-115.9 926
-115.7 889
-115.5 970
-115.3 938
-115.1 904
-114.9 926
-114.7 936
-114.5 904
-114.3 908
-114.1 901
-113.9 930
-113.7 937
-113.5 886
-113.3 944
-113.1 867
-112.9 969
-112.7 932
-112.5 902
-112.3 912
-112.1 926
-111.9 924
-111.7 902
-111.5 974
-111.3 967
-111.1 936
-110.9 922
-110.7 886
-110.5 915
-110.3 970
-110.1 892
-109.9 940
-109.7 865
-109.5 907
-109.3 952
-109.1 946
-108.9 910
-108.7 964
-108.5 921
-108.3 906
-108.1 966
-107.9 906
-107.7 903
-107.5 918
-107.3 851
-107.1 934
-106.9 892
-106.7 947
-106.5 920
-106.3 909
-106.1 855
-105.9 875
-105.7 925
-105.5 910
-105.3 944
-105.1 1005
-104.9 1003
-104.7 892
-104.5 915
-104.3 934
-104.1 920
-103.9 939
-103.7 928
-103.5 921
-103.3 933
-103.1 872
-102.9 967
-102.7 962
-102.5 883
-102.3 943
-102.1 947
-101.9 878
-101.7 938
-101.5 895
-101.3 928
-101.1 893
-100.9 960
-100.7 919
-100.5 929
-100.3 940
-100.1 929
-99.9 943
-99.7 899
-99.5 977
-99.3 948
-99.1 903
-98.9 944
-98.7 883
-98.5 904
-98.3 948
-98.1 892
-97.9 901
-97.7 937
-97.5 924
-97.3 933
-97.1 942
-96.9 914
-96.7 900
-96.5 956
-96.3 970
-96.1 927
-95.9 940
-95.7 908
-95.5 943
-95.3 955
-95.1 893
-94.9 912
-94.7 866
-94.5 944
-94.3 869
-94.1 914
-93.9 930
-93.7 979
-93.5 956
-93.3 910
-93.1 909
-92.9 907
-92.7 955
-92.5 871
-92.3 907
-92.1 911
-91.9 980
-91.7 915
-91.5 935
-91.3 838
-91.1 912
-90.9 950
-90.7 922
-90.5 907
-90.3 951
-90.1 893
-89.9 936
-89.7 918
-89.5 967
-89.3 935
-89.1 926
-88.9 860
-88.7 953
-88.5 919
-88.3 924
-88.1 911
-87.9 877
-87.7 978
-87.5 956
-87.3 896
-87.1 920
-86.9 942
-86.7 953
-86.5 911
-86.3 934
-86.1 922
-85.9 936
-85.7 926
-85.5 893
-85.3 911
-85.1 878
-84.9 940
-84.7 920
-84.5 906
-84.3 902
-84.1 893
-83.9 892
-83.7 937
-83.5 912
-83.3 933
-83.1 909
-82.9 897
-82.7 884
-82.5 903
-82.3 903
-82.1 892
-81.9 893
-81.7 925
-81.5 872
-81.3 938
-81.1 844
-80.9 887
-80.7 915
-80.5 963
-80.3 938
-80.1 896
-79.9 906
-79.7 881
-79.5 876
-79.3 904
-79.1 910
-78.9 922
-78.7 871
-78.5 822
-78.3 915
-78.1 895
-77.9 891
-77.7 912
-77.5 990
-77.3 933
-77.1 879
-76.9 897
-76.7 916
-76.5 949
-76.3 938
-76.1 933
-75.9 924
-75.7 904
-75.5 914
-75.3 935
-75.1 898
-74.9 888
-74.7 884
-74.5 915
-74.3 951
-74.1 839
-73.9 929
-73.7 905
-73.5 905
-73.3 885
-73.1 903
-72.9 894
-72.7 926
-72.5 923
-72.3 921
-72.1 919
-71.9 880
-71.7 934
-71.5 902
-71.3 904
-71.1 881
-70.9 901
-70.7 913
-70.5 942
-70.3 899
-70.1 916
-69.9 922
-69.7 927
-69.5 887
-69.3 912
-69.1 913
-68.9 952
-68.7 882
-68.5 903
-68.3 881
-68.1 910
-67.9 926
-67.7 940
-67.5 885
-67.3 904
-67.1 924
-66.9 965
-66.7 926
-66.5 976
-66.3 924
-66.1 966
-65.9 893
-65.7 948
-65.5 904
-65.3 897
-65.1 951
-64.9 906
-64.7 918
-64.5 927
-64.3 919
-64.1 915
-63.9 936
-63.7 942
-63.5 907
-63.3 963
-63.1 977
-62.9 880
-62.7 873
-62.5 933
-62.3 888
-62.1 903
-61.9 947
-61.7 918
-61.5 920
-61.3 973
-61.1 929
-60.9 946
-60.7 885
-60.5 868
-60.3 894
-60.1 914
-59.9 879
-59.7 867
-59.5 919
-59.3 922
-59.1 959
-58.9 961
-58.7 966
-58.5 956
-58.3 930
-58.1 895
-57.9 995
-57.7 897
-57.5 958
-57.3 986
-57.1 914
-56.9 930
-56.7 969
-56.5 986
-56.3 911
-56.1 953
-55.9 929
-55.7 924
-55.5 956
-55.3 918
-55.1 946
-54.9 958
-54.7 985
-54.5 948
-54.3 890
-54.1 914
-53.9 958
-53.7 969
-53.5 921
-53.3 919
-53.1 889
-52.9 925
-52.7 934
-52.5 948
-52.3 964
-52.1 929
-51.9 968
-51.7 931
-51.5 972
-51.3 911
-51.1 906
-50.9 929
-50.7 902
-50.5 910
-50.3 919
-50.1 964
-49.9 919
-49.7 926
-49.5 919
-49.3 954
-49.1 894
-48.9 813
-48.7 969
-48.5 901
-48.3 906
-48.1 898
-47.9 900
-47.7 891
-47.5 923
-47.3 865
-47.1 877
-46.9 881
-46.7 879
-46.5 914
-46.3 921
-46.1 974
-45.9 949
-45.7 874
-45.5 933
-45.3 974
-45.1 964
-44.9 917
-44.7 863
-44.5 893
-44.3 953
-44.1 891
-43.9 940
-43.7 957
-43.5 927
-43.3 914
-43.1 918
-42.9 950
-42.7 897
-42.5 923
-42.3 920
-42.1 927
-41.9 895
-41.7 939
-41.5 889
-41.3 921
-41.1 905
-40.9 896
-40.7 916
-40.5 935
-40.3 868
-40.1 916
-39.9 962
-39.7 922
-39.5 928
-39.3 932
-39.1 894
-38.9 935
-38.7 922
-38.5 913
-38.3 937
-38.1 927
-37.9 916
-37.7 913
-37.5 927
-37.3 960
-37.1 932
-36.9 855
-36.7 973
-36.5 900
-36.3 964
-36.1 871
-35.9 935
-35.7 897
-35.5 914
-35.3 946
-35.1 970
-34.9 912
-34.7 949
-34.5 902
-34.3 968
-34.1 915
-33.9 919
-33.7 939
-33.5 886
-33.3 966
-33.1 926
-32.9 910
-32.7 880
-32.5 935
-32.3 908
-32.1 911
-31.9 817
-31.7 888
-31.5 926
-31.3 948
-31.1 905
-30.9 929
-30.7 927
-30.5 936
-30.3 876
-30.1 933
-29.9 882
-29.7 894
-29.5 907
-29.3 912
-29.1 912
-28.9 905
-28.7 930
-28.5 872
-28.3 958
-28.1 929
-27.9 964
-27.7 862
-27.5 888
-27.3 857
-27.1 881
-26.9 945
-26.7 919
-26.5 958
-26.3 905
-26.1 873
-25.9 924
-25.7 894
-25.5 876
-25.3 933
-25.1 929
-24.9 817
-24.7 905
-24.5 907
-24.3 881
-24.1 860
-23.9 833
-23.7 949
-23.5 920
-23.3 883
-23.1 933
-22.9 891
-22.7 948
-22.5 892
-22.3 914
-22.1 920
-21.9 886
-21.7 888
-21.5 868
-21.3 919
-21.1 846
-20.9 892
-20.7 863
-20.5 897
-20.3 883
-20.1 912
-19.9 944
-19.7 917
-19.5 905
-19.3 915
-19.1 910
-18.9 891
-18.7 914
-18.5 894
-18.3 924
-18.1 932
-17.9 901
-17.7 981
-17.5 917
-17.3 924
-17.1 950
-16.9 867
-16.7 887
-16.5 957
-16.3 843
-16.1 894
-15.9 936
-15.7 940
-15.5 889
-15.3 927
-15.1 903
-14.9 874
-14.7 929
-14.5 929
-14.3 869
-14.1 901
-13.9 895
-13.7 930
-13.5 891
-13.3 931
-13.1 910
-12.9 890
-12.7 947
-12.5 941
-12.3 910
-12.1 903
-11.9 906
-11.7 898
-11.5 934
-11.3 909
-11.1 882
-10.9 899
-10.7 937
-10.5 937
-10.3 858
-10.1 955
-9.9 913
-9.7 902
-9.5 914
-9.3 936
-9.1 909
-8.9 928
-8.7 879
-8.5 910
-8.3 947
-8.1 937
-7.9 890
-7.7 896
-7.5 933
-7.3 866
-7.1 918
-6.9 972
-6.7 955
-6.5 964
-6.3 887
-6.1 946
-5.9 892
-5.7 949
-5.5 927
-5.3 945
-5.1 907
-4.9 935
-4.7 887
-4.5 946
-4.3 847
-4.1 903
-3.9 916
-3.7 952
-3.5 905
-3.3 915
-3.1 957
-2.9 942
-2.7 890
-2.5 865
-2.3 889
-2.1 912
-1.9 989
-1.7 919
-1.5 920
-1.3 924
-1.1 965
-0.9 891
-0.7 934
-0.5 918
-0.3 944
-0.1 962
0.1 875
0.3 867
0.5 926
0.7 934
0.9 928
1.1 877
1.3 927
1.5 876
1.7 931
1.9 954
2.1 864
2.3 912
2.5 858
2.7 953
2.9 923
3.1 952
3.3 937
3.5 860
3.7 910
3.9 902
4.1 906
4.3 979
4.5 926
4.7 921
4.9 933
5.1 916
5.3 893
5.5 913
5.7 942
5.9 905
6.1 929
6.3 899
6.5 893
6.7 891
6.9 1026
7.1 910
7.3 890
7.5 839
7.7 924
7.9 849
8.1 838
8.3 921
8.5 911
8.7 936
8.9 858
9.1 938
9.3 941
9.5 883
9.7 966
9.9 907
10.1 874
10.3 931
10.5 956
10.7 841
10.9 951
11.1 933
11.3 948
11.5 866
11.7 850
11.9 906
12.1 893
12.3 903
12.5 901
12.7 881
12.9 809
13.1 893
13.3 852
13.5 848
13.7 861
13.9 869
14.1 825
14.3 834
14.5 814
14.7 783
14.9 855
15.1 777
15.3 815
15.5 831
15.7 793
15.9 797
16.1 806
16.3 765
16.5 886
16.7 751
16.9 796
17.1 765
17.3 804
17.5 768
17.7 750
17.9 727
18.1 705
18.3 744
18.5 715
18.7 690
18.9 709
19.1 714
19.3 717
19.5 677
19.7 608
19.9 680
20.1 647
20.3 619
20.5 651
20.7 601
20.9 580
21.1 547
21.3 593
21.5 571
21.7 545
21.9 553
22.1 535
22.3 515
22.5 561
22.7 511
22.9 493
23.1 519
23.3 505
23.5 445
23.7 479
23.9 465
24.1 479
24.3 444
24.5 445
24.7 435
24.9 401
25.1 373
25.3 384
25.5 380
25.7 354
25.9 369
26.1 351
26.3 350
26.5 327
26.7 306
26.9 282
27.1 309
27.3 302
27.5 282
27.7 288
27.9 276
28.1 276
28.3 248
28.5 249
28.7 244
28.9 250
29.1 212
29.3 200
29.5 209
29.7 211
29.9 199
30.1 191
30.3 177
30.5 192
30.7 164
30.9 185
31.1 170
31.3 169
31.5 139
31.7 140
31.9 120
32.1 130
32.3 108
32.5 110
32.7 114
32.9 121
33.1 101
33.3 78
33.5 85
33.7 86
33.9 77
34.1 80
34.3 84
34.5 71
34.7 71
34.9 61
35.1 57
35.3 51
35.5 55
35.7 42
35.9 53
36.1 55
36.3 31
36.5 46
36.7 45
36.9 36
37.1 37
37.3 31
37.5 22
37.7 26
37.9 30
38.1 18
38.3 16
38.5 10
38.7 24
38.9 20
39.1 11
39.3 11
39.5 7
39.7 12
39.9 10
40.1 11
40.3 11
40.5 9
40.7 4
40.9 8
41.1 5
41.3 8
41.5 10
41.7 4
41.9 4
42.1 4
42.3 5
42.5 5
42.7 3
42.9 5
43.1 3
43.3 1
43.5 3
43.7 2
43.9 5
44.1 2
44.3 2
44.5 2
44.7 2
44.9 2
45.1 1
45.3 0
45.5 1
45.7 0
45.9 1
46.1 1
46.3 0
46.5 1
46.7 0
46.9 0
47.1 1
47.3 2
47.5 0
47.7 0
47.9 0
48.1 1
48.3 1
48.5 2
48.7 0
48.9 0
49.1 0
49.3 0
49.5 0
49.7 1
49.9 1
