1269
-203.7 1.22182e-06
-203.5 1.22182e-06
-203.3 2.44364e-06
-203.1 2.44364e-06
-202.9 2.44364e-06
-202.7 2.44364e-06
-202.5 2.44364e-06
-202.3 3.66546e-06
-202.1 6.1091e-06
-201.9 8.55274e-06
-201.7 1.22182e-05
-201.5 1.46618e-05
-201.3 1.83273e-05
-201.1 3.05455e-05
-200.9 3.78764e-05
-200.7 5.62037e-05
-200.5 6.35347e-05
-200.3 9.04147e-05
-200.1 0.000125847
-199.9 0.000152728
-199.7 0.000219928
-199.5 0.000279797
-199.3 0.000357993
-199.1 0.000483841
-198.9 0.000628016
-198.7 0.000784409
-198.5 0.000965238
-198.3 0.00117173
-198.1 0.00143808
-197.9 0.00173865
-197.7 0.00210031
-197.5 0.00252672
-197.3 0.00298613
-197.1 0.00354817
-196.9 0.0042666
-196.7 0.00509621
-196.5 0.00599914
-196.3 0.00697171
-196.1 0.00807257
-195.9 0.00927972
-195.7 0.010592
-195.5 0.0120838
-195.3 0.0136856
-195.1 0.0152605
-194.9 0.0169528
-194.7 0.0187415
-194.5 0.0206353
-194.3 0.022479
-194.1 0.024506
-193.9 0.0265941
-193.7 0.0286199
-193.5 0.0308241
-193.3 0.0329488
-193.1 0.035087
-192.9 0.0372594
-192.7 0.0394416
-192.5 0.04157
-192.3 0.0437314
-192.1 0.0457731
-191.9 0.047932
-191.7 0.050069
-191.5 0.0522475
-191.3 0.0542916
-191.1 0.0565019
-190.9 0.0586852
-190.7 0.0607929
-190.5 0.062903
-190.3 0.0650766
-190.1 0.0672013
-189.9 0.0691892
-189.7 0.0712297
-189.5 0.0732506
-189.3 0.075192
-189.1 0.0772374
-188.9 0.0791678
-188.7 0.0811313
-188.5 0.0831412
-188.3 0.0850705
-188.1 0.0869899
-187.9 0.0888972
-187.7 0.090846
-187.5 0.0926873
-187.3 0.0945322
-187.1 0.096387
-186.9 0.0982967
-186.7 0.100135
-186.5 0.101941
-186.3 0.103701
-186.1 0.105448
-185.9 0.10727
-185.7 0.109001
-185.5 0.110781
-185.3 0.11251
-185.1 0.114245
-184.9 0.115864
-184.7 0.117621
-184.5 0.119247
-184.3 0.120976
-184.1 0.122633
-183.9 0.124244
-183.7 0.12588
-183.5 0.127562
-183.3 0.129151
-183.1 0.130723
-182.9 0.132261
-182.7 0.133815
-182.5 0.135238
-182.3 0.136727
-182.1 0.13815
-181.9 0.139665
-181.7 0.141064
-181.5 0.142486
-181.3 0.143888
-181.1 0.145217
-180.9 0.146573
-180.7 0.147846
-180.5 0.149132
-180.3 0.150362
-180.1 0.15159
-179.9 0.152743
-179.7 0.153903
-179.5 0.15513
-179.3 0.156233
-179.1 0.157396
-178.9 0.158587
-178.7 0.159693
-178.5 0.160804
-178.3 0.161936
-178.1 0.163005
-177.9 0.164164
-177.7 0.165276
-177.5 0.166322
-177.3 0.167411
-177.1 0.16849
-176.9 0.169525
-176.7 0.170528
-176.5 0.171548
-176.3 0.17258
-176.1 0.173579
-175.9 0.174603
-175.7 0.175565
-175.5 0.176559
-175.3 0.177576
-175.1 0.17859
-174.9 0.179534
-174.7 0.18049
-174.5 0.181444
-174.3 0.182473
-174.1 0.183456
-173.9 0.184382
-173.7 0.185334
-173.5 0.186265
-173.3 0.18722
-173.1 0.188137
-172.9 0.189115
-172.7 0.190049
-172.5 0.191034
-172.3 0.191938
-172.1 0.192868
-171.9 0.193806
-171.7 0.194742
-171.5 0.195694
-171.3 0.196657
-171.1 0.197601
-170.9 0.198481
-170.7 0.199388
-170.5 0.200359
-170.3 0.20123
-170.1 0.202198
-169.9 0.203123
-169.7 0.203988
-169.5 0.204959
-169.3 0.205781
-169.1 0.206693
-168.9 0.207598
-168.7 0.208474
-168.5 0.209309
-168.3 0.21022
-168.1 0.211118
-167.9 0.212057
-167.7 0.212934
-167.5 0.213821
-167.3 0.214702
-167.1 0.215627
-166.9 0.216529
-166.7 0.217506
-166.5 0.218393
-166.3 0.219303
-166.1 0.220222
-165.9 0.221151
-165.7 0.222072
-165.5 0.222977
-165.3 0.223824
-165.1 0.22474
-164.9 0.225618
-164.7 0.226501
-164.5 0.227383
-164.3 0.228232
-164.1 0.229155
-163.9 0.230085
-163.7 0.230981
-163.5 0.23185
-163.3 0.232762
-163.1 0.233595
-162.9 0.2345
-162.7 0.235384
-162.5 0.23629
-162.3 0.237097
-162.1 0.237976
-161.9 0.238828
-161.7 0.239687
-161.5 0.240589
-161.3 0.241472
-161.1 0.242397
-160.9 0.243249
-160.7 0.244158
-160.5 0.245048
-160.3 0.245955
-160.1 0.246858
-159.9 0.247742
-159.7 0.248658
-159.5 0.249551
-159.3 0.250388
-159.1 0.251218
-158.9 0.252101
-158.7 0.252984
-158.5 0.253886
-158.3 0.254721
-158.1 0.255575
-157.9 0.256428
-157.7 0.257324
-157.5 0.258169
-157.3 0.258967
-157.1 0.259812
-156.9 0.260679
-156.7 0.261565
-156.5 0.262486
-156.3 0.263357
-156.1 0.264195
-155.9 0.265053
-155.7 0.265847
-155.5 0.266638
-155.3 0.267481
-155.1 0.268309
-154.9 0.269136
-154.7 0.269958
-154.5 0.270798
-154.3 0.271611
-154.1 0.272417
-153.9 0.273282
-153.7 0.274092
-153.5 0.274914
-153.3 0.275754
-153.1 0.276594
-152.9 0.277401
-152.7 0.278168
-152.5 0.278961
-152.3 0.279761
-152.1 0.280586
-151.9 0.281346
-151.7 0.282102
-151.5 0.282897
-151.3 0.283702
-151.1 0.284506
-150.9 0.285356
-150.7 0.286172
-150.5 0.286968
-150.3 0.287753
-150.1 0.288539
-149.9 0.289336
-149.7 0.290151
-149.5 0.29093
-149.3 0.291723
-149.1 0.292504
-148.9 0.293255
-148.7 0.294079
-148.5 0.294852
-148.3 0.295605
-148.1 0.296371
-147.9 0.297197
-147.7 0.297982
-147.5 0.298796
-147.3 0.299676
-147.1 0.300479
-146.9 0.301251
-146.7 0.302088
-146.5 0.30287
-146.3 0.303737
-146.1 0.304629
-145.9 0.305458
-145.7 0.306238
-145.5 0.307019
-145.3 0.307924
-145.1 0.308722
-144.9 0.309606
-144.7 0.310433
-144.5 0.311266
-144.3 0.312163
-144.1 0.313058
-143.9 0.313887
-143.7 0.314724
-143.5 0.315511
-143.3 0.316357
-143.1 0.317238
-142.9 0.318098
-142.7 0.319003
-142.5 0.319891
-142.3 0.320725
-142.1 0.321583
-141.9 0.322496
-141.7 0.323413
-141.5 0.32426
-141.3 0.325195
-141.1 0.326104
-140.9 0.32703
-140.7 0.32789
-140.5 0.328794
-140.3 0.329653
-140.1 0.330577
-139.9 0.331492
-139.7 0.332298
-139.5 0.333179
-139.3 0.334081
-139.1 0.335045
-138.9 0.335936
-138.7 0.336827
-138.5 0.337761
-138.3 0.338665
-138.1 0.339552
-137.9 0.340523
-137.7 0.341413
-137.5 0.34238
-137.3 0.343245
-137.1 0.344148
-136.9 0.34507
-136.7 0.345971
-136.5 0.346842
-136.3 0.347743
-136.1 0.348683
-135.9 0.34959
-135.7 0.350488
-135.5 0.351353
-135.3 0.352322
-135.1 0.353222
-134.9 0.354143
-134.7 0.355022
-134.5 0.355884
-134.3 0.356763
-134.1 0.357646
-133.9 0.358552
-133.7 0.359463
-133.5 0.360424
-133.3 0.361275
-133.1 0.362207
-132.9 0.363116
-132.7 0.363974
-132.5 0.364866
-132.3 0.365818
-132.1 0.366746
-131.9 0.367613
-131.7 0.368513
-131.5 0.369433
-131.3 0.370383
-131.1 0.371249
-130.9 0.372168
-130.7 0.373075
-130.5 0.373994
-130.3 0.37489
-130.1 0.375723
-129.9 0.376619
-129.7 0.377577
-129.5 0.378488
-129.3 0.379423
-129.1 0.380251
-128.9 0.381125
-128.7 0.381978
-128.5 0.382859
-128.3 0.383648
-128.1 0.384553
-127.9 0.385467
-127.7 0.386364
-127.5 0.387231
-127.3 0.38816
-127.1 0.389106
-126.9 0.389971
-126.7 0.390879
-126.5 0.391751
-126.3 0.392597
-126.1 0.393514
-125.9 0.394417
-125.7 0.395347
-125.5 0.396197
-125.3 0.397081
-125.1 0.39802
-124.9 0.398948
-124.7 0.399825
-124.5 0.400711
-124.3 0.401593
-124.1 0.402455
-123.9 0.40339
-123.7 0.404288
-123.5 0.405186
-123.3 0.406046
-123.1 0.406913
-122.9 0.407833
-122.7 0.408629
-122.5 0.409514
-122.3 0.410439
-122.1 0.411316
-121.9 0.412163
-121.7 0.413053
-121.5 0.413905
-121.3 0.414785
-121.1 0.415691
-120.9 0.416575
-120.7 0.417451
-120.5 0.418335
-120.3 0.419225
-120.1 0.420147
-119.9 0.421012
-119.7 0.421957
-119.5 0.422848
-119.3 0.423739
-119.1 0.424641
-118.9 0.425536
-118.7 0.426386
-118.5 0.427316
-118.3 0.428162
-118.1 0.429015
-117.9 0.429939
-117.7 0.43081
-117.5 0.431735
-117.3 0.432574
-117.1 0.433457
-116.9 0.434329
-116.7 0.435201
-116.5 0.436097
-116.3 0.437008
-116.1 0.437888
-115.9 0.438724
-115.7 0.43958
-115.5 0.440513
-115.3 0.441329
-115.1 0.442191
-114.9 0.443077
-114.7 0.443951
-114.5 0.444828
-114.3 0.44574
-114.1 0.446647
-113.9 0.447453
-113.7 0.448271
-113.5 0.449115
-113.3 0.450017
-113.1 0.450881
-112.9 0.451718
-112.7 0.452604
-112.5 0.453444
-112.3 0.454317
-112.1 0.455174
-111.9 0.456082
-111.7 0.456941
-111.5 0.457762
-111.3 0.458647
-111.1 0.459492
-110.9 0.460379
-110.7 0.461285
-110.5 0.462174
-110.3 0.463044
-110.1 0.463915
-109.9 0.464817
-109.7 0.465692
-109.5 0.466515
-109.3 0.467317
-109.1 0.468182
-108.9 0.46898
-108.7 0.469802
-108.5 0.470617
-108.3 0.471447
-108.1 0.472335
-107.9 0.473165
-107.7 0.474019
-107.5 0.474879
-107.3 0.475749
-107.1 0.476599
-106.9 0.477454
-106.7 0.478258
-106.5 0.47911
-106.3 0.479903
-106.1 0.480718
-105.9 0.481572
-105.7 0.482471
-105.5 0.483322
-105.3 0.484138
-105.1 0.485008
-104.9 0.485803
-104.7 0.486628
-104.5 0.48739
-104.3 0.488236
-104.1 0.489112
-103.9 0.489969
-103.7 0.490803
-103.5 0.491637
-103.3 0.492513
-103.1 0.493376
-102.9 0.49424
-102.7 0.495113
-102.5 0.495936
-102.3 0.496854
-102.1 0.497762
-101.9 0.498627
-101.7 0.499419
-101.5 0.500196
-101.3 0.501051
-101.1 0.501871
-100.9 0.50275
-100.7 0.503579
-100.5 0.504424
-100.3 0.505256
-100.1 0.506128
-99.9 0.506955
-99.7 0.507758
-99.5 0.508592
-99.3 0.509442
-99.1 0.510269
-98.9 0.511116
-98.7 0.511979
-98.5 0.512891
-98.3 0.513747
-98.1 0.514583
-97.9 0.515375
-97.7 0.51636
-97.5 0.517234
-97.3 0.518092
-97.1 0.518956
-96.9 0.519767
-96.7 0.52059
-96.5 0.521441
-96.3 0.522276
-96.1 0.523087
-95.9 0.523941
-95.7 0.524736
-95.5 0.525594
-95.3 0.526433
-95.1 0.527275
-94.9 0.528167
-94.7 0.529035
-94.5 0.529868
-94.3 0.53069
-94.1 0.531565
-93.9 0.532481
-93.7 0.533292
-93.5 0.534149
-93.3 0.534986
-93.1 0.535837
-92.9 0.536636
-92.7 0.53752
-92.5 0.538385
-92.3 0.5392
-92.1 0.540053
-91.9 0.540922
-91.7 0.541682
-91.5 0.542515
-91.3 0.543335
-91.1 0.544117
-90.9 0.54494
-90.7 0.545774
-90.5 0.546598
-90.3 0.547406
-90.1 0.548249
-89.9 0.54904
-89.7 0.549815
-89.5 0.550605
-89.3 0.551482
-89.1 0.552315
-88.9 0.553118
-88.7 0.553942
-88.5 0.554736
-88.3 0.555589
-88.1 0.556454
-87.9 0.557337
-87.7 0.558202
-87.5 0.55903
-87.3 0.559878
-87.1 0.560647
-86.9 0.561417
-86.7 0.562255
-86.5 0.563076
-86.3 0.563942
-86.1 0.564804
-85.9 0.565623
-85.7 0.566458
-85.5 0.567296
-85.3 0.568177
-85.1 0.569044
-84.9 0.569896
-84.7 0.570732
-84.5 0.57157
-84.3 0.572391
-84.1 0.573251
-83.9 0.57402
-83.7 0.574799
-83.5 0.575602
-83.3 0.576411
-83.1 0.577292
-82.9 0.578137
-82.7 0.579016
-82.5 0.579908
-82.3 0.580721
-82.1 0.581535
-81.9 0.582412
-81.7 0.583284
-81.5 0.584116
-81.3 0.584928
-81.1 0.585725
-80.9 0.586562
-80.7 0.587426
-80.5 0.588359
-80.3 0.589145
-80.1 0.589973
-79.9 0.590836
-79.7 0.591717
-79.5 0.592486
-79.3 0.593349
-79.1 0.594177
-78.9 0.595062
-78.7 0.59589
-78.5 0.596757
-78.3 0.597686
-78.1 0.598527
-77.9 0.599379
-77.7 0.600173
-77.5 0.600997
-77.3 0.601894
-77.1 0.602704
-76.9 0.60359
-76.7 0.604454
-76.5 0.605342
-76.3 0.606216
-76.1 0.607067
-75.9 0.60795
-75.7 0.608822
-75.5 0.609668
-75.3 0.610552
-75.1 0.61144
-74.9 0.612351
-74.7 0.613221
-74.5 0.614104
-74.3 0.61494
-74.1 0.615794
-73.9 0.616658
-73.7 0.61751
-73.5 0.618361
-73.3 0.619239
-73.1 0.620063
-72.9 0.620903
-72.7 0.621783
-72.5 0.622657
-72.3 0.623525
-72.1 0.624337
-71.9 0.625273
-71.7 0.6261
-71.5 0.626966
-71.3 0.62783
-71.1 0.628699
-70.9 0.62956
-70.7 0.630475
-70.5 0.631321
-70.3 0.632136
-70.1 0.632982
-69.9 0.633872
-69.7 0.634761
-69.5 0.635608
-69.3 0.636484
-69.1 0.63732
-68.9 0.63814
-68.7 0.639013
-68.5 0.639861
-68.3 0.640738
-68.1 0.641539
-67.9 0.642434
-67.7 0.643279
-67.5 0.644164
-67.3 0.644993
-67.1 0.645865
-66.9 0.646761
-66.7 0.647587
-66.5 0.648487
-66.3 0.649363
-66.1 0.650249
-65.9 0.651128
-65.7 0.652027
-65.5 0.652866
-65.3 0.653775
-65.1 0.654609
-64.9 0.655459
-64.7 0.656317
-64.5 0.657174
-64.3 0.658028
-64.1 0.658897
-63.9 0.659815
-63.7 0.660643
-63.5 0.661526
-63.3 0.662345
-63.1 0.663188
-62.9 0.664064
-62.7 0.664883
-62.5 0.665687
-62.3 0.666505
-62.1 0.667407
-61.9 0.668278
-61.7 0.669201
-61.5 0.670088
-61.3 0.670991
-61.1 0.671861
-60.9 0.672744
-60.7 0.673569
-60.5 0.674425
-60.3 0.675263
-60.1 0.676124
-59.9 0.676985
-59.7 0.677835
-59.5 0.678726
-59.3 0.679567
-59.1 0.680382
-58.9 0.681258
-58.7 0.682092
-58.5 0.682974
-58.3 0.683811
-58.1 0.684652
-57.9 0.685572
-57.7 0.686485
-57.5 0.68738
-57.3 0.688217
-57.1 0.68905
-56.9 0.689862
-56.7 0.690724
-56.5 0.691572
-56.3 0.692468
-56.1 0.693277
-55.9 0.694154
-55.7 0.695026
-55.5 0.695891
-55.3 0.696728
-55.1 0.697525
-54.9 0.698355
-54.7 0.699211
-54.5 0.70005
-54.3 0.700909
-54.1 0.701803
-53.9 0.702598
-53.7 0.703469
-53.5 0.704329
-53.3 0.705177
-53.1 0.706012
-52.9 0.706836
-52.7 0.707759
-52.5 0.708606
-52.3 0.709454
-52.1 0.710292
-51.9 0.711154
-51.7 0.712008
-51.5 0.712893
-51.3 0.713774
-51.1 0.714654
-50.9 0.715509
-50.7 0.716352
-50.5 0.71719
-50.3 0.718038
-50.1 0.718912
-49.9 0.719774
-49.7 0.720626
-49.5 0.721503
-49.3 0.722393
-49.1 0.72325
-48.9 0.724045
-48.7 0.724841
-48.5 0.725695
-48.3 0.726543
-48.1 0.727376
-47.9 0.728228
-47.7 0.729098
-47.5 0.729898
-47.3 0.730757
-47.1 0.731578
-46.9 0.732437
-46.7 0.733279
-46.5 0.734083
-46.3 0.734876
-46.1 0.735756
-45.9 0.736589
-45.7 0.737416
-45.5 0.738268
-45.3 0.739099
-45.1 0.739953
-44.9 0.740777
-44.7 0.741601
-44.5 0.742421
-44.3 0.743302
-44.1 0.744145
-43.9 0.744973
-43.7 0.745838
-43.5 0.746678
-43.3 0.747522
-43.1 0.748369
-42.9 0.74924
-42.7 0.750141
-42.5 0.75096
-42.3 0.751828
-42.1 0.752712
-41.9 0.753553
-41.7 0.75438
-41.5 0.755245
-41.3 0.756153
-41.1 0.757004
-40.9 0.757789
-40.7 0.758627
-40.5 0.759503
-40.3 0.760417
-40.1 0.761261
-39.9 0.762124
-39.7 0.762961
-39.5 0.763785
-39.3 0.764627
-39.1 0.765402
-38.9 0.766283
-38.7 0.767128
-38.5 0.767935
-38.3 0.76885
-38.1 0.769666
-37.9 0.770496
-37.7 0.771335
-37.5 0.772179
-37.3 0.773015
-37.1 0.773801
-36.9 0.774643
-36.7 0.775541
-36.5 0.776363
-36.3 0.777221
-36.1 0.777976
-35.9 0.77876
-35.7 0.779613
-35.5 0.780461
-35.3 0.781359
-35.1 0.782252
-34.9 0.783133
-34.7 0.784003
-34.5 0.784831
-34.3 0.785775
-34.1 0.786641
-33.9 0.78749
-33.7 0.788354
-33.5 0.789148
-33.3 0.790006
-33.1 0.790926
-32.9 0.791823
-32.7 0.792683
-32.5 0.79351
-32.3 0.794308
-32.1 0.795186
-31.9 0.79606
-31.7 0.796918
-31.5 0.797773
-31.3 0.7986
-31.1 0.799447
-30.9 0.800303
-30.7 0.801145
-30.5 0.801992
-30.3 0.802873
-30.1 0.803715
-29.9 0.804556
-29.7 0.80539
-29.5 0.806294
-29.3 0.807148
-29.1 0.807956
-28.9 0.808764
-28.7 0.809595
-28.5 0.810444
-28.3 0.811317
-28.1 0.812143
-27.9 0.81296
-27.7 0.813785
-27.5 0.814614
-27.3 0.815471
-27.1 0.816321
-26.9 0.817141
-26.7 0.818026
-26.5 0.818868
-26.3 0.819772
-26.1 0.820598
-25.9 0.821388
-25.7 0.822212
-25.5 0.823078
-25.3 0.823893
-25.1 0.824702
-24.9 0.825544
-24.7 0.82633
-24.5 0.827145
-24.3 0.82798
-24.1 0.828838
-23.9 0.829633
-23.7 0.830449
-23.5 0.831289
-23.3 0.832149
-23.1 0.832982
-22.9 0.833836
-22.7 0.834646
-22.5 0.835424
-22.3 0.836237
-22.1 0.837106
-21.9 0.837961
-21.7 0.838771
-21.5 0.839615
-21.3 0.840506
-21.1 0.841332
-20.9 0.842212
-20.7 0.843072
-20.5 0.843914
-20.3 0.844745
-20.1 0.845602
-19.9 0.846449
-19.7 0.847378
-19.5 0.848189
-19.3 0.848992
-19.1 0.84982
-18.9 0.850653
-18.7 0.851484
-18.5 0.852314
-18.3 0.853163
-18.1 0.854005
-17.9 0.854883
-17.7 0.855752
-17.5 0.856589
-17.3 0.857455
-17.1 0.858235
-16.9 0.859106
-16.7 0.859945
-16.5 0.860736
-16.3 0.861559
-16.1 0.862436
-15.9 0.863283
-15.7 0.864109
-15.5 0.865013
-15.3 0.865884
-15.1 0.866724
-14.9 0.867535
-14.7 0.868361
-14.5 0.86916
-14.3 0.869967
-14.1 0.870784
-13.9 0.871606
-13.7 0.872524
-13.5 0.873377
-13.3 0.874168
-13.1 0.875027
-12.9 0.875839
-12.7 0.876644
-12.5 0.877538
-12.3 0.878305
-12.1 0.879235
-11.9 0.880111
-11.7 0.880973
-11.5 0.881784
-11.3 0.882608
-11.1 0.883453
-10.9 0.88428
-10.7 0.885118
-10.5 0.885968
-10.3 0.886808
-10.1 0.887652
-9.9 0.888504
-9.7 0.889337
-9.5 0.890191
-9.3 0.890998
-9.1 0.891844
-8.9 0.89268
-8.7 0.893521
-8.5 0.894369
-8.3 0.895201
-8.1 0.895979
-7.9 0.896798
-7.7 0.89761
-7.5 0.898417
-7.3 0.8993
-7.1 0.900154
-6.9 0.900952
-6.7 0.901749
-6.5 0.902565
-6.3 0.903419
-6.1 0.904212
-5.9 0.905036
-5.7 0.905876
-5.5 0.906729
-5.3 0.90752
-5.1 0.908387
-4.9 0.909238
-4.7 0.910051
-4.5 0.910844
-4.3 0.911693
-4.1 0.912475
-3.9 0.913303
-3.7 0.91414
-3.5 0.914983
-3.3 0.915804
-3.1 0.91666
-2.9 0.917453
-2.7 0.918329
-2.5 0.919137
-2.3 0.919929
-2.1 0.920819
-1.9 0.92168
-1.7 0.922488
-1.5 0.923361
-1.3 0.924239
-1.1 0.925065
-0.899999 0.925898
-0.699999 0.926774
-0.499999 0.927622
-0.299999 0.928469
-0.0999994 0.929265
0.100001 0.93014
0.300001 0.930999
0.500001 0.931819
0.700001 0.932687
0.900001 0.933546
1.1 0.93442
1.3 0.935251
1.5 0.936072
1.7 0.936942
1.9 0.937762
2.1 0.938616
2.3 0.939423
2.5 0.94027
2.7 0.941105
2.9 0.941905
3.1 0.942756
3.3 0.943553
3.5 0.944401
3.7 0.945168
3.9 0.946057
4.1 0.946934
4.3 0.947805
4.5 0.948698
4.7 0.949589
4.9 0.950431
5.1 0.951269
5.3 0.95203
5.5 0.95285
5.7 0.953708
5.9 0.954442
6.1 0.955225
6.3 0.956043
6.5 0.956804
6.7 0.957572
6.9 0.958399
7.1 0.959119
7.3 0.959884
7.5 0.960638
7.7 0.961444
7.9 0.962176
8.1 0.962956
8.3 0.963718
8.5 0.9645
8.7 0.965259
8.9 0.965999
9.1 0.966746
9.3 0.967465
9.5 0.968252
9.7 0.96898
9.9 0.969705
10.1 0.970392
10.3 0.971081
10.5 0.97178
10.7 0.972425
10.9 0.973103
11.1 0.97377
11.3 0.974454
11.5 0.975121
11.7 0.975771
11.9 0.976423
12.1 0.977036
12.3 0.977688
12.5 0.978326
12.7 0.978948
12.9 0.979548
13.1 0.980136
13.3 0.980728
13.5 0.9813
13.7 0.981858
13.9 0.9824
14.1 0.982976
14.3 0.983488
14.5 0.984021
14.7 0.984561
14.9 0.985045
15.1 0.985546
15.3 0.986044
15.5 0.98654
15.7 0.986988
15.9 0.987437
16.1 0.987837
16.3 0.988269
16.5 0.988708
16.7 0.98912
16.9 0.989546
17.1 0.989958
17.3 0.990296
17.5 0.990636
17.7 0.991017
17.9 0.99137
18.1 0.991712
18.3 0.99207
18.5 0.992362
18.7 0.992681
18.9 0.993003
19.1 0.993284
19.3 0.993559
19.5 0.993836
19.7 0.994143
19.9 0.994419
20.1 0.994666
20.3 0.994918
20.5 0.995164
20.7 0.99539
20.9 0.995611
21.1 0.995798
21.3 0.996046
21.5 0.996242
21.7 0.996446
21.9 0.996636
22.1 0.996804
22.3 0.996967
22.5 0.997119
22.7 0.997264
22.9 0.997421
23.1 0.99756
23.3 0.997691
23.5 0.99783
23.7 0.997942
23.9 0.998062
24.1 0.998168
24.3 0.998293
24.5 0.998384
24.7 0.998456
24.9 0.998559
25.1 0.998672
25.3 0.998745
25.5 0.998815
25.7 0.998897
25.9 0.998963
26.1 0.99906
26.3 0.999135
26.5 0.9992
26.7 0.999253
26.9 0.9993
27.1 0.999349
27.3 0.9994
27.5 0.999437
27.7 0.999489
27.9 0.999531
28.1 0.999563
28.3 0.999603
28.5 0.99963
28.7 0.999655
28.9 0.999682
29.1 0.999697
29.3 0.999721
29.5 0.999745
29.7 0.999768
29.9 0.999789
30.1 0.999805
30.3 0.999823
30.5 0.999839
30.7 0.999845
30.9 0.999861
31.1 0.99987
31.3 0.999878
31.5 0.999884
31.7 0.99989
31.9 0.999902
32.1 0.99991
32.3 0.999919
32.5 0.999923
32.7 0.999925
32.9 0.99993
33.1 0.99993
33.3 0.999936
33.5 0.99994
33.7 0.999945
33.9 0.999947
34.1 0.999947
34.3 0.999947
34.5 0.99995
34.7 0.999952
34.9 0.999952
35.1 0.999954
35.3 0.999957
35.5 0.99996
35.7 0.999961
35.9 0.999962
36.1 0.999965
36.3 0.999968
36.5 0.999971
36.7 0.999973
36.9 0.999977
37.1 0.999977
37.3 0.999979
37.5 0.99998
37.7 0.99998
37.9 0.99998
38.1 0.999982
38.3 0.999983
38.5 0.999983
38.7 0.999983
38.9 0.999983
39.1 0.999983
39.3 0.999983
39.5 0.999985
39.7 0.999985
39.9 0.999985
40.1 0.999985
40.3 0.999985
40.5 0.999985
40.7 0.999987
40.9 0.999987
41.1 0.999987
41.3 0.999987
41.5 0.999987
41.7 0.999987
41.9 0.999987
42.1 0.999987
42.3 0.999987
42.5 0.999987
42.7 0.999987
42.9 0.999987
43.1 0.999987
43.3 0.999987
43.5 0.999988
43.7 0.999989
43.9 0.999989
44.1 0.999989
44.3 0.999991
44.5 0.999991
44.7 0.999991
44.9 0.999993
45.1 0.999993
45.3 0.999993
45.5 0.999993
45.7 0.999993
45.9 0.999993
46.1 0.999994
46.3 0.999994
46.5 0.999994
46.7 0.999994
46.9 0.999994
47.1 0.999995
47.3 0.999995
47.5 0.999995
47.7 0.999996
47.9 0.999996
48.1 0.999996
48.3 0.999996
48.5 0.999996
48.7 0.999996
48.9 0.999996
49.1 0.999996
49.3 0.999999
49.5 0.999999
49.7 0.999999
49.9 1
