1291
-208.5 1.22686e-06
-208.3 1.22686e-06
-208.1 1.22686e-06
-207.9 2.45373e-06
-207.7 2.45373e-06
-207.5 2.45373e-06
-207.3 2.45373e-06
-207.1 2.45373e-06
-206.9 3.68059e-06
-206.7 3.68059e-06
-206.5 6.13432e-06
-206.3 6.13432e-06
-206.1 6.13432e-06
-205.9 6.13432e-06
-205.7 6.13432e-06
-205.5 6.13432e-06
-205.3 6.13432e-06
-205.1 6.13432e-06
-204.9 7.36119e-06
-204.7 7.36119e-06
-204.5 7.36119e-06
-204.3 7.36119e-06
-204.1 7.36119e-06
-203.9 7.36119e-06
-203.7 7.36119e-06
-203.5 7.36119e-06
-203.3 7.36119e-06
-203.1 7.36119e-06
-202.9 7.36119e-06
-202.7 7.36119e-06
-202.5 8.58805e-06
-202.3 8.58805e-06
-202.1 8.58805e-06
-201.9 9.81492e-06
-201.7 9.81492e-06
-201.5 9.81492e-06
-201.3 1.10418e-05
-201.1 1.10418e-05
-200.9 1.10418e-05
-200.7 1.10418e-05
-200.5 1.10418e-05
-200.3 1.10418e-05
-200.1 1.10418e-05
-199.9 1.22686e-05
-199.7 1.22686e-05
-199.5 1.34955e-05
-199.3 1.34955e-05
-199.1 1.34955e-05
-198.9 1.34955e-05
-198.7 1.47224e-05
-198.5 1.59492e-05
-198.3 2.20836e-05
-198.1 2.82179e-05
-197.9 3.55791e-05
-197.7 5.64358e-05
-197.5 8.46536e-05
-197.3 0.000127594
-197.1 0.000202433
-196.9 0.000296901
-196.7 0.000409773
-196.5 0.000568038
-196.3 0.000764337
-196.1 0.00102075
-195.9 0.00132992
-195.7 0.001763
-195.5 0.00226479
-195.3 0.00290767
-195.1 0.00373826
-194.9 0.00465104
-194.7 0.00566198
-194.5 0.00682137
-194.3 0.00814515
-194.1 0.00965788
-193.9 0.0111976
-193.7 0.0128477
-193.5 0.014623
-193.3 0.0164154
-193.1 0.0183404
-192.9 0.020285
-192.7 0.0223547
-192.5 0.0243299
-192.3 0.0263788
-192.1 0.0284191
-191.9 0.0305833
-191.7 0.0327082
-191.5 0.0348748
-191.3 0.037012
-191.1 0.0391002
-190.9 0.0412705
-190.7 0.0433451
-190.5 0.0453474
-190.3 0.0474895
-190.1 0.049531
-189.9 0.0515749
-189.7 0.0536078
-189.5 0.0557168
-189.3 0.0577105
-189.1 0.0597888
-188.9 0.0616867
-188.7 0.0635945
-188.5 0.0656176
-188.3 0.0676346
-188.1 0.069546
-187.9 0.0714563
-187.7 0.07338
-187.5 0.0752706
-187.3 0.0771955
-187.1 0.0790616
-186.9 0.0809338
-186.7 0.082833
-186.5 0.0845764
-186.3 0.0863185
-186.1 0.0881846
-185.9 0.0900739
-185.7 0.0918934
-185.5 0.0936048
-185.3 0.0953004
-185.1 0.0970303
-184.9 0.0988104
-184.7 0.100538
-184.5 0.102313
-184.3 0.104012
-184.1 0.105707
-183.9 0.10739
-183.7 0.109128
-183.5 0.110782
-183.3 0.112425
-183.1 0.114147
-182.9 0.115809
-182.7 0.117471
-182.5 0.119195
-182.3 0.120834
-182.1 0.122439
-181.9 0.124084
-181.7 0.1258
-181.5 0.127384
-181.3 0.128962
-181.1 0.130518
-180.9 0.132084
-180.7 0.13356
-180.5 0.135075
-180.3 0.136508
-180.1 0.138027
-179.9 0.139448
-179.7 0.140844
-179.5 0.142228
-179.3 0.143563
-179.1 0.144988
-178.9 0.146285
-178.7 0.147572
-178.5 0.148923
-178.3 0.150232
-178.1 0.151488
-177.9 0.152781
-177.7 0.153963
-177.5 0.155144
-177.3 0.156283
-177.1 0.157496
-176.9 0.158686
-176.7 0.159787
-176.5 0.160916
-176.3 0.162104
-176.1 0.163144
-175.9 0.164234
-175.7 0.165358
-175.5 0.166425
-175.3 0.167472
-175.1 0.168601
-174.9 0.169679
-174.7 0.170768
-174.5 0.171794
-174.3 0.172847
-174.1 0.173854
-173.9 0.174934
-173.7 0.175948
-173.5 0.176967
-173.3 0.177946
-173.1 0.178939
-172.9 0.179955
-172.7 0.180974
-172.5 0.18193
-172.3 0.182922
-172.1 0.183878
-171.9 0.18483
-171.7 0.185842
-171.5 0.186877
-171.3 0.187834
-171.1 0.188751
-170.9 0.189686
-170.7 0.190723
-170.5 0.19171
-170.3 0.192614
-170.1 0.193542
-169.9 0.194416
-169.7 0.195338
-169.5 0.196258
-169.3 0.197225
-169.1 0.198144
-168.9 0.199032
-168.7 0.199958
-168.5 0.200892
-168.3 0.201861
-168.1 0.202813
-167.9 0.203801
-167.7 0.204733
-167.5 0.205647
-167.3 0.2066
-167.1 0.207511
-166.9 0.208472
-166.7 0.209386
-166.5 0.21035
-166.3 0.211271
-166.1 0.212147
-165.9 0.213131
-165.7 0.214031
-165.5 0.214918
-165.3 0.21584
-165.1 0.216739
-164.9 0.217589
-164.7 0.218467
-164.5 0.219316
-164.3 0.22018
-164.1 0.221096
-163.9 0.221989
-163.7 0.222857
-163.5 0.22378
-163.3 0.22462
-163.1 0.225509
-162.9 0.226442
-162.7 0.227313
-162.5 0.22821
-162.3 0.229083
-162.1 0.229979
-161.9 0.23088
-161.7 0.231752
-161.5 0.23265
-161.3 0.233562
-161.1 0.234428
-160.9 0.235321
-160.7 0.236201
-160.5 0.237094
-160.3 0.237945
-160.1 0.238763
-159.9 0.239539
-159.7 0.240424
-159.5 0.241177
-159.3 0.2421
-159.1 0.242904
-158.9 0.243749
-158.7 0.244629
-158.5 0.245487
-158.3 0.246288
-158.1 0.24713
-157.9 0.248041
-157.7 0.248893
-157.5 0.249763
-157.3 0.25061
-157.1 0.251546
-156.9 0.252458
-156.7 0.253321
-156.5 0.254163
-156.3 0.25503
-156.1 0.255893
-155.9 0.256721
-155.7 0.25755
-155.5 0.258411
-155.3 0.259259
-155.1 0.260162
-154.9 0.261022
-154.7 0.261857
-154.5 0.262674
-154.3 0.263483
-154.1 0.264268
-153.9 0.26509
-153.7 0.265912
-153.5 0.266729
-153.3 0.267602
-153.1 0.268411
-152.9 0.269293
-152.7 0.270124
-152.5 0.27094
-152.3 0.271716
-152.1 0.272587
-151.9 0.273379
-151.7 0.274156
-151.5 0.274908
-151.3 0.275718
-151.1 0.276543
-150.9 0.277378
-150.7 0.278098
-150.5 0.27889
-150.3 0.27968
-150.1 0.280527
-149.9 0.281297
-149.7 0.2821
-149.5 0.282903
-149.3 0.283673
-149.1 0.284449
-148.9 0.285246
-148.7 0.286081
-148.5 0.286865
-148.3 0.287605
-148.1 0.288376
-147.9 0.289122
-147.7 0.289879
-147.5 0.290688
-147.3 0.291475
-147.1 0.292283
-146.9 0.293078
-146.7 0.293843
-146.5 0.294678
-146.3 0.295472
-146.1 0.296255
-145.9 0.297045
-145.7 0.29783
-145.5 0.298638
-145.3 0.299343
-145.1 0.300102
-144.9 0.300876
-144.7 0.30166
-144.5 0.302456
-144.3 0.303287
-144.1 0.304161
-143.9 0.30496
-143.7 0.30572
-143.5 0.306465
-143.3 0.307279
-143.1 0.308107
-142.9 0.308927
-142.7 0.309727
-142.5 0.310584
-142.3 0.311408
-142.1 0.312257
-141.9 0.313133
-141.7 0.313985
-141.5 0.314802
-141.3 0.315623
-141.1 0.316464
-140.9 0.317306
-140.7 0.318185
-140.5 0.319006
-140.3 0.319847
-140.1 0.32067
-139.9 0.321523
-139.7 0.322378
-139.5 0.323201
-139.3 0.324082
-139.1 0.324908
-138.9 0.325785
-138.7 0.326665
-138.5 0.327557
-138.3 0.328448
-138.1 0.329337
-137.9 0.330241
-137.7 0.331125
-137.5 0.331975
-137.3 0.3328
-137.1 0.333689
-136.9 0.33455
-136.7 0.33543
-136.5 0.336303
-136.3 0.337158
-136.1 0.338043
-135.9 0.338937
-135.7 0.339817
-135.5 0.340677
-135.3 0.341601
-135.1 0.342483
-134.9 0.34336
-134.7 0.344263
-134.5 0.345139
-134.3 0.345928
-134.1 0.346783
-133.9 0.34772
-133.7 0.348577
-133.5 0.349475
-133.3 0.350406
-133.1 0.351298
-132.9 0.352179
-132.7 0.35309
-132.5 0.353914
-132.3 0.35478
-132.1 0.355666
-131.9 0.356604
-131.7 0.357469
-131.5 0.358341
-131.3 0.359225
-131.1 0.36012
-130.9 0.361023
-130.7 0.361954
-130.5 0.362833
-130.3 0.363676
-130.1 0.36458
-129.9 0.365455
-129.7 0.366349
-129.5 0.367283
-129.3 0.368216
-129.1 0.369125
-128.9 0.369989
-128.7 0.370909
-128.5 0.371787
-128.3 0.372676
-128.1 0.373595
-127.9 0.374531
-127.7 0.375373
-127.5 0.37624
-127.3 0.37709
-127.1 0.377964
-126.9 0.378866
-126.7 0.379788
-126.5 0.380658
-126.3 0.381513
-126.1 0.382368
-125.9 0.383271
-125.7 0.384139
-125.5 0.384898
-125.3 0.385778
-125.1 0.38664
-124.9 0.387517
-124.7 0.388369
-124.5 0.389251
-124.3 0.390128
-124.1 0.391067
-123.9 0.391926
-123.7 0.392806
-123.5 0.393659
-123.3 0.394572
-123.1 0.395447
-122.9 0.396373
-122.7 0.39723
-122.5 0.398099
-122.3 0.398958
-122.1 0.399884
-121.9 0.400771
-121.7 0.401642
-121.5 0.402537
-121.3 0.403375
-121.1 0.404271
-120.9 0.405135
-120.7 0.406037
-120.5 0.406892
-120.3 0.407731
-120.1 0.408551
-119.9 0.409449
-119.7 0.410355
-119.5 0.411294
-119.3 0.412172
-119.1 0.413031
-118.9 0.413904
-118.7 0.414737
-118.5 0.415626
-118.3 0.416492
-118.1 0.417393
-117.9 0.418315
-117.7 0.419168
-117.5 0.420061
-117.3 0.420905
-117.1 0.421765
-116.9 0.422633
-116.7 0.4235
-116.5 0.42444
-116.3 0.425329
-116.1 0.426159
-115.9 0.427045
-115.7 0.427889
-115.5 0.42874
-115.3 0.429645
-115.1 0.430467
-114.9 0.431329
-114.7 0.432175
-114.5 0.433022
-114.3 0.433887
-114.1 0.434737
-113.9 0.435571
-113.7 0.436426
-113.5 0.437337
-113.3 0.438183
-113.1 0.439097
-112.9 0.439917
-112.7 0.440728
-112.5 0.441562
-112.3 0.442363
-112.1 0.443186
-111.9 0.444057
-111.7 0.4449
-111.5 0.445781
-111.3 0.44666
-111.1 0.447541
-110.9 0.448387
-110.7 0.449256
-110.5 0.450091
-110.3 0.450978
-110.1 0.451798
-109.9 0.452679
-109.7 0.45356
-109.5 0.45448
-109.3 0.455391
-109.1 0.456293
-108.9 0.457144
-108.7 0.458009
-108.5 0.45883
-108.3 0.459722
-108.1 0.460591
-107.9 0.461465
-107.7 0.462312
-107.5 0.463197
-107.3 0.464021
-107.1 0.464899
-106.9 0.465745
-106.7 0.466527
-106.5 0.467359
-106.3 0.468187
-106.1 0.469083
-105.9 0.469883
-105.7 0.470728
-105.5 0.471551
-105.3 0.472404
-105.1 0.473276
-104.9 0.474084
-104.7 0.474879
-104.5 0.475644
-104.3 0.47645
-104.1 0.477293
-103.9 0.478129
-103.7 0.478983
-103.5 0.479824
-103.3 0.480668
-103.1 0.481514
-102.9 0.482338
-102.7 0.483139
-102.5 0.483962
-102.3 0.484836
-102.1 0.485656
-101.9 0.486556
-101.7 0.487412
-101.5 0.488185
-101.3 0.489071
-101.1 0.489826
-100.9 0.490635
-100.7 0.491392
-100.5 0.49218
-100.3 0.493033
-100.1 0.493878
-99.9 0.494754
-99.7 0.495581
-99.5 0.496436
-99.3 0.497276
-99.1 0.498084
-98.9 0.498893
-98.7 0.49978
-98.5 0.500595
-98.3 0.501453
-98.1 0.502268
-97.9 0.503126
-97.7 0.503962
-97.5 0.504788
-97.3 0.505625
-97.1 0.50644
-96.9 0.507296
-96.7 0.508139
-96.5 0.509014
-96.3 0.50986
-96.1 0.510688
-95.9 0.511449
-95.7 0.512253
-95.5 0.5131
-95.3 0.513933
-95.1 0.51477
-94.9 0.51558
-94.7 0.516488
-94.5 0.51739
-94.3 0.518231
-94.1 0.519118
-93.9 0.519926
-93.7 0.520803
-93.5 0.521623
-93.3 0.522405
-93.1 0.523179
-92.9 0.523988
-92.7 0.524835
-92.5 0.525643
-92.3 0.52647
-92.1 0.527301
-91.9 0.528109
-91.7 0.52896
-91.5 0.52975
-91.3 0.530565
-91.1 0.531403
-90.9 0.532268
-90.7 0.533138
-90.5 0.533963
-90.3 0.534806
-90.1 0.535624
-89.9 0.53645
-89.7 0.537227
-89.5 0.538111
-89.3 0.538874
-89.1 0.539674
-88.9 0.54051
-88.7 0.541337
-88.5 0.542137
-88.3 0.542986
-88.1 0.543771
-87.9 0.544624
-87.7 0.545417
-87.5 0.546275
-87.3 0.547163
-87.1 0.548032
-86.9 0.548853
-86.7 0.549668
-86.5 0.550516
-86.3 0.551353
-86.1 0.552155
-85.9 0.552982
-85.7 0.553756
-85.5 0.554518
-85.3 0.555376
-85.1 0.556162
-84.9 0.556923
-84.7 0.557778
-84.5 0.558585
-84.3 0.559454
-84.1 0.560271
-83.9 0.561121
-83.7 0.561943
-83.5 0.562742
-83.3 0.56361
-83.1 0.564421
-82.9 0.565252
-82.7 0.566075
-82.5 0.566924
-82.3 0.567739
-82.1 0.568531
-81.9 0.569307
-81.7 0.570103
-81.5 0.570994
-81.3 0.57188
-81.1 0.572699
-80.9 0.57349
-80.7 0.574261
-80.5 0.575028
-80.3 0.575801
-80.1 0.57658
-79.9 0.577404
-79.7 0.578283
-79.5 0.579091
-79.3 0.579885
-79.1 0.580709
-78.9 0.58149
-78.7 0.582291
-78.5 0.583105
-78.3 0.583957
-78.1 0.58473
-77.9 0.585565
-77.7 0.586409
-77.5 0.587193
-77.3 0.588029
-77.1 0.588804
-76.9 0.589645
-76.7 0.590463
-76.5 0.591314
-76.3 0.592113
-76.1 0.592906
-75.9 0.593716
-75.7 0.59453
-75.5 0.595314
-75.3 0.596125
-75.1 0.596993
-74.9 0.597811
-74.7 0.598652
-74.5 0.599482
-74.3 0.600342
-74.1 0.601238
-73.9 0.601981
-73.7 0.60282
-73.5 0.603614
-73.3 0.604417
-73.1 0.60522
-72.9 0.606011
-72.7 0.606835
-72.5 0.607649
-72.3 0.608468
-72.1 0.609316
-71.9 0.610138
-71.7 0.610956
-71.5 0.611843
-71.3 0.612662
-71.1 0.613508
-70.9 0.614352
-70.7 0.615177
-70.5 0.615969
-70.3 0.616827
-70.1 0.617705
-69.9 0.618526
-69.7 0.619365
-69.5 0.620245
-69.3 0.621072
-69.1 0.621879
-68.9 0.622732
-68.7 0.623578
-68.5 0.624421
-68.3 0.625243
-68.1 0.626111
-67.9 0.627007
-67.7 0.627814
-67.5 0.628637
-67.3 0.629523
-67.1 0.630368
-66.9 0.631165
-66.7 0.632025
-66.5 0.632866
-66.3 0.633771
-66.1 0.634639
-65.9 0.635506
-65.7 0.636356
-65.5 0.637178
-65.3 0.638004
-65.1 0.638821
-64.9 0.639753
-64.7 0.640644
-64.5 0.641534
-64.3 0.642384
-64.1 0.643298
-63.9 0.644137
-63.7 0.644983
-63.5 0.645911
-63.3 0.646746
-63.1 0.647559
-62.9 0.648409
-62.7 0.649271
-62.5 0.650103
-62.3 0.650957
-62.1 0.651853
-61.9 0.652711
-61.7 0.653567
-61.5 0.654413
-61.3 0.655268
-61.1 0.656076
-60.9 0.656927
-60.7 0.657759
-60.5 0.658619
-60.3 0.659538
-60.1 0.660405
-59.9 0.661273
-59.7 0.662096
-59.5 0.662912
-59.3 0.663683
-59.1 0.664493
-58.9 0.665362
-58.7 0.666201
-58.5 0.667034
-58.3 0.667861
-58.1 0.668699
-57.9 0.669561
-57.7 0.670438
-57.5 0.671229
-57.3 0.672071
-57.1 0.672928
-56.9 0.673809
-56.7 0.674625
-56.5 0.675464
-56.3 0.676275
-56.1 0.677115
-55.9 0.677974
-55.7 0.678788
-55.5 0.679598
-55.3 0.680408
-55.1 0.681263
-54.9 0.682097
-54.7 0.682932
-54.5 0.683755
-54.3 0.684594
-54.1 0.685442
-53.9 0.686301
-53.7 0.687053
-53.5 0.687941
-53.3 0.688792
-53.1 0.68959
-52.9 0.690424
-52.7 0.691233
-52.5 0.69205
-52.3 0.69288
-52.1 0.693721
-51.9 0.694533
-51.7 0.695373
-51.5 0.696206
-51.3 0.697103
-51.1 0.698
-50.9 0.698833
-50.7 0.69964
-50.5 0.700494
-50.3 0.701357
-50.1 0.70223
-49.9 0.703079
-49.7 0.703921
-49.5 0.704777
-49.3 0.705621
-49.1 0.706431
-48.9 0.707317
-48.7 0.708194
-48.5 0.709052
-48.3 0.709876
-48.1 0.71074
-47.9 0.71154
-47.7 0.712314
-47.5 0.713164
-47.3 0.714004
-47.1 0.71481
-46.9 0.71564
-46.7 0.716472
-46.5 0.717294
-46.3 0.718102
-46.1 0.718944
-45.9 0.719785
-45.7 0.720623
-45.5 0.721469
-45.3 0.722275
-45.1 0.723099
-44.9 0.723965
-44.7 0.724739
-44.5 0.725631
-44.3 0.726541
-44.1 0.727345
-43.9 0.728205
-43.7 0.729009
-43.5 0.729819
-43.3 0.730662
-43.1 0.731495
-42.9 0.73229
-42.7 0.73312
-42.5 0.733945
-42.3 0.734805
-42.1 0.735633
-41.9 0.736417
-41.7 0.737257
-41.5 0.738098
-41.3 0.738924
-41.1 0.739732
-40.9 0.740584
-40.7 0.741416
-40.5 0.742259
-40.3 0.743104
-40.1 0.743913
-39.9 0.744735
-39.7 0.745594
-39.5 0.746478
-39.3 0.747257
-39.1 0.7481
-38.9 0.748968
-38.7 0.749806
-38.5 0.750634
-38.3 0.751488
-38.1 0.752361
-37.9 0.753176
-37.7 0.753983
-37.5 0.754809
-37.3 0.755645
-37.1 0.756424
-36.9 0.757219
-36.7 0.758056
-36.5 0.758859
-36.3 0.759694
-36.1 0.760507
-35.9 0.761323
-35.7 0.76214
-35.5 0.762921
-35.3 0.763754
-35.1 0.764559
-34.9 0.765437
-34.7 0.76628
-34.5 0.76712
-34.3 0.767972
-34.1 0.768861
-33.9 0.769646
-33.7 0.770495
-33.5 0.77133
-33.3 0.77217
-33.1 0.773004
-32.9 0.773929
-32.7 0.774771
-32.5 0.775567
-32.3 0.776419
-32.1 0.777266
-31.9 0.778128
-31.7 0.77898
-31.5 0.779826
-31.3 0.780709
-31.1 0.78154
-30.9 0.78238
-30.7 0.783186
-30.5 0.784045
-30.3 0.784825
-30.1 0.78565
-29.9 0.786494
-29.7 0.78734
-29.5 0.788194
-29.3 0.789049
-29.1 0.78988
-28.9 0.790751
-28.7 0.791559
-28.5 0.792406
-28.3 0.793246
-28.1 0.794081
-27.9 0.794896
-27.7 0.795678
-27.5 0.796475
-27.3 0.797322
-27.1 0.798144
-26.9 0.799003
-26.7 0.799827
-26.5 0.800649
-26.3 0.80147
-26.1 0.802341
-25.9 0.80318
-25.7 0.803974
-25.5 0.804818
-25.3 0.805649
-25.1 0.806456
-24.9 0.807271
-24.7 0.808071
-24.5 0.808921
-24.3 0.809712
-24.1 0.810497
-23.9 0.811319
-23.7 0.812117
-23.5 0.812885
-23.3 0.813729
-23.1 0.814574
-22.9 0.81538
-22.7 0.816227
-22.5 0.817028
-22.3 0.817878
-22.1 0.818714
-21.9 0.819509
-21.7 0.820263
-21.5 0.821089
-21.3 0.821908
-21.1 0.822716
-20.9 0.823517
-20.7 0.824387
-20.5 0.825276
-20.3 0.826045
-20.1 0.826878
-19.9 0.82772
-19.7 0.828579
-19.5 0.829393
-19.3 0.830204
-19.1 0.831095
-18.9 0.831895
-18.7 0.832711
-18.5 0.833567
-18.3 0.8344
-18.1 0.835221
-17.9 0.836061
-17.7 0.836874
-17.5 0.837676
-17.3 0.83852
-17.1 0.839373
-16.9 0.840176
-16.7 0.840993
-16.5 0.841819
-16.3 0.842655
-16.1 0.843523
-15.9 0.844375
-15.7 0.845183
-15.5 0.846005
-15.3 0.846825
-15.1 0.847676
-14.9 0.84852
-14.7 0.849318
-14.5 0.850113
-14.3 0.850892
-14.1 0.851733
-13.9 0.852575
-13.7 0.853492
-13.5 0.854369
-13.3 0.855205
-13.1 0.856034
-12.9 0.85689
-12.7 0.857739
-12.5 0.858584
-12.3 0.859439
-12.1 0.860258
-11.9 0.861028
-11.7 0.861856
-11.5 0.862683
-11.3 0.863569
-11.1 0.864343
-10.9 0.865166
-10.7 0.865961
-10.5 0.866766
-10.3 0.867566
-10.1 0.868368
-9.9 0.869118
-9.7 0.869908
-9.5 0.870692
-9.3 0.871539
-9.1 0.872348
-8.9 0.87318
-8.7 0.874021
-8.5 0.874854
-8.3 0.875657
-8.1 0.876412
-7.9 0.877219
-7.7 0.878047
-7.5 0.878908
-7.3 0.879723
-7.1 0.880544
-6.9 0.88137
-6.7 0.882228
-6.5 0.883026
-6.3 0.883877
-6.1 0.88471
-5.9 0.885525
-5.7 0.88633
-5.5 0.887163
-5.3 0.887966
-5.1 0.888786
-4.9 0.889621
-4.7 0.890401
-4.5 0.891238
-4.3 0.892073
-4.1 0.892903
-3.9 0.893693
-3.7 0.894518
-3.5 0.895314
-3.3 0.896129
-3.1 0.896942
-2.9 0.897692
-2.7 0.898499
-2.5 0.899266
-2.3 0.900024
-2.1 0.900745
-1.9 0.901536
-1.7 0.902337
-1.5 0.90316
-1.3 0.903977
-1.1 0.904779
-0.899999 0.905598
-0.699999 0.906438
-0.499999 0.907242
-0.299999 0.908076
-0.0999994 0.908919
0.100001 0.909744
0.300001 0.910538
0.500001 0.91138
0.700001 0.912127
0.900001 0.912949
1.1 0.913749
1.3 0.914627
1.5 0.915476
1.7 0.91627
1.9 0.91708
2.1 0.917949
2.3 0.91878
2.5 0.919607
2.7 0.92048
2.9 0.921261
3.1 0.922108
3.3 0.922904
3.5 0.923726
3.7 0.924493
3.9 0.925318
4.1 0.926108
4.3 0.926875
4.5 0.92767
4.7 0.928517
4.9 0.929345
5.1 0.930182
5.3 0.930996
5.5 0.931815
5.7 0.932662
5.9 0.933461
6.1 0.934303
6.3 0.9351
6.5 0.935959
6.7 0.936791
6.9 0.937642
7.1 0.938433
7.3 0.939309
7.5 0.940158
7.7 0.941038
7.9 0.941874
8.1 0.942743
8.3 0.943596
8.5 0.944435
8.7 0.945232
8.9 0.945976
9.1 0.946844
9.3 0.947639
9.5 0.948457
9.7 0.949277
9.9 0.950011
10.1 0.950854
10.3 0.951646
10.5 0.952504
10.7 0.953309
10.9 0.954101
11.1 0.954848
11.3 0.955569
11.5 0.956306
11.7 0.957094
11.9 0.9579
12.1 0.958657
12.3 0.959456
12.5 0.960242
12.7 0.961036
12.9 0.96181
13.1 0.96259
13.3 0.963312
13.5 0.964028
13.7 0.964769
13.9 0.965494
14.1 0.966205
14.3 0.966897
14.5 0.9676
14.7 0.968336
14.9 0.969054
15.1 0.969752
15.3 0.970425
15.5 0.971105
15.7 0.971758
15.9 0.972443
16.1 0.973102
16.3 0.973766
16.5 0.974428
16.7 0.975093
16.9 0.975718
17.1 0.976374
17.3 0.976961
17.5 0.977604
17.7 0.978262
17.9 0.97888
18.1 0.979418
18.3 0.979962
18.5 0.980511
18.7 0.981056
18.9 0.981577
19.1 0.982159
19.3 0.982648
19.5 0.98314
19.7 0.983662
19.9 0.984178
20.1 0.984642
20.3 0.985086
20.5 0.985518
20.7 0.985993
20.9 0.986404
21.1 0.986848
21.3 0.987298
21.5 0.987698
21.7 0.988061
21.9 0.988427
22.1 0.988817
22.3 0.98917
22.5 0.989543
22.7 0.989924
22.9 0.990277
23.1 0.990656
23.3 0.991003
23.5 0.991358
23.7 0.991727
23.9 0.992066
24.1 0.992336
24.3 0.992654
24.5 0.99291
24.7 0.99322
24.9 0.993525
25.1 0.993776
25.3 0.993981
25.5 0.994269
25.7 0.994506
25.9 0.994739
26.1 0.994994
26.3 0.995225
26.5 0.995412
26.7 0.995582
26.9 0.995797
27.1 0.995984
27.3 0.996167
27.5 0.996362
27.7 0.99653
27.9 0.996676
28.1 0.996832
28.3 0.996984
28.5 0.997139
28.7 0.997301
28.9 0.997422
29.1 0.997547
29.3 0.99768
29.5 0.997797
29.7 0.997916
29.9 0.998022
30.1 0.998131
30.3 0.998231
30.5 0.998318
30.7 0.99841
30.9 0.998491
31.1 0.998573
31.3 0.998658
31.5 0.998722
31.7 0.998795
31.9 0.998861
32.1 0.998929
32.3 0.998979
32.5 0.999034
32.7 0.999098
32.9 0.99915
33.1 0.999178
33.3 0.999218
33.5 0.999277
33.7 0.99932
33.9 0.999366
34.1 0.999405
34.3 0.999443
34.5 0.99948
34.7 0.999509
34.9 0.999545
35.1 0.999573
35.3 0.9996
35.5 0.999629
35.7 0.999653
35.9 0.999686
36.1 0.999701
36.3 0.999719
36.5 0.999736
36.7 0.999752
36.9 0.999767
37.1 0.999778
37.3 0.999793
37.5 0.99981
37.7 0.999831
37.9 0.999844
38.1 0.999856
38.3 0.999863
38.5 0.999863
38.7 0.999869
38.9 0.999876
39.1 0.999882
39.3 0.99989
39.5 0.999898
39.7 0.999903
39.9 0.999906
40.1 0.99991
40.3 0.999917
40.5 0.999923
40.7 0.999929
40.9 0.999936
41.1 0.99994
41.3 0.999941
41.5 0.999946
41.7 0.999947
41.9 0.999948
42.1 0.999953
42.3 0.999958
42.5 0.999962
42.7 0.999969
42.9 0.999971
43.1 0.999972
43.3 0.999972
43.5 0.999974
43.7 0.999978
43.9 0.999979
44.1 0.99998
44.3 0.999982
44.5 0.999983
44.7 0.999984
44.9 0.999988
45.1 0.999989
45.3 0.99999
45.5 0.99999
45.7 0.99999
45.9 0.999991
46.1 0.999991
46.3 0.999991
46.5 0.999991
46.7 0.999991
46.9 0.999991
47.1 0.999993
47.3 0.999993
47.5 0.999993
47.7 0.999995
47.9 0.999996
48.1 0.999996
48.3 0.999998
48.5 0.999999
48.7 0.999999
48.9 0.999999
49.1 0.999999
49.3 0.999999
49.5 1
