1293
-208.3 1.3155e-06
-208.1 1.3155e-06
-207.9 1.3155e-06
-207.7 2.631e-06
-207.5 3.9465e-06
-207.3 3.9465e-06
-207.1 3.9465e-06
-206.9 3.9465e-06
-206.7 3.9465e-06
-206.5 3.9465e-06
-206.3 5.262e-06
-206.1 5.262e-06
-205.9 6.5775e-06
-205.7 6.5775e-06
-205.5 6.5775e-06
-205.3 6.5775e-06
-205.1 6.5775e-06
-204.9 6.5775e-06
-204.7 6.5775e-06
-204.5 6.5775e-06
-204.3 6.5775e-06
-204.1 6.5775e-06
-203.9 6.5775e-06
-203.7 6.5775e-06
-203.5 6.5775e-06
-203.3 6.5775e-06
-203.1 6.5775e-06
-202.9 6.5775e-06
-202.7 6.5775e-06
-202.5 6.5775e-06
-202.3 6.5775e-06
-202.1 7.893e-06
-201.9 9.2085e-06
-201.7 9.2085e-06
-201.5 9.2085e-06
-201.3 1.0524e-05
-201.1 1.3155e-05
-200.9 1.3155e-05
-200.7 1.3155e-05
-200.5 1.3155e-05
-200.3 1.44705e-05
-200.1 1.44705e-05
-199.9 1.44705e-05
-199.7 1.97325e-05
-199.5 2.1048e-05
-199.3 2.8941e-05
-199.1 4.60425e-05
-198.9 6.44595e-05
-198.7 8.6823e-05
-198.5 0.00010524
-198.3 0.000135497
-198.1 0.000167069
-197.9 0.000217058
-197.7 0.000284148
-197.5 0.000374918
-197.3 0.000497259
-197.1 0.000626178
-196.9 0.000770883
-196.7 0.000966893
-196.5 0.00117606
-196.3 0.00144705
-196.1 0.00173778
-195.9 0.00209822
-195.7 0.00247051
-195.5 0.0029533
-195.3 0.00351765
-195.1 0.00410831
-194.9 0.00477921
-194.7 0.00551458
-194.5 0.00631177
-194.3 0.00722341
-194.1 0.00814558
-193.9 0.00918088
-193.7 0.0102609
-193.5 0.0113712
-193.3 0.0126288
-193.1 0.0138627
-192.9 0.0151401
-192.7 0.0164674
-192.5 0.0178277
-192.3 0.0193129
-192.1 0.0207507
-191.9 0.0222241
-191.7 0.0237211
-191.5 0.0252694
-191.3 0.0269257
-191.1 0.0285253
-190.9 0.030171
-190.7 0.0318193
-190.5 0.0334795
-190.3 0.0350844
-190.1 0.0367682
-189.9 0.0383758
-189.7 0.0400175
-189.5 0.0416566
-189.3 0.0433707
-189.1 0.0451046
-188.9 0.0468068
-188.7 0.0484367
-188.5 0.0500929
-188.3 0.0516952
-188.1 0.053362
-187.9 0.0550721
-187.7 0.0567731
-187.5 0.05847
-187.3 0.0601684
-187.1 0.0618667
-186.9 0.06344
-186.7 0.0650568
-186.5 0.0666485
-186.3 0.0683126
-186.1 0.0699254
-185.9 0.0715461
-185.7 0.073201
-185.5 0.0747941
-185.3 0.0764043
-185.1 0.0779921
-184.9 0.079547
-184.7 0.081044
-184.5 0.0825779
-184.3 0.084167
-184.1 0.0856628
-183.9 0.0871532
-183.7 0.0886016
-183.5 0.0900499
-183.3 0.0915943
-183.1 0.0929914
-182.9 0.0944069
-182.7 0.0958289
-182.5 0.0973049
-182.3 0.0987809
-182.1 0.100149
-181.9 0.101474
-181.7 0.1028
-181.5 0.104148
-181.3 0.105511
-181.1 0.106795
-180.9 0.108072
-180.7 0.109262
-180.5 0.110543
-180.3 0.111781
-180.1 0.113013
-179.9 0.11425
-179.7 0.115476
-179.5 0.11669
-179.3 0.117874
-179.1 0.119083
-178.9 0.120258
-178.7 0.12141
-178.5 0.122585
-178.3 0.123818
-178.1 0.124912
-177.9 0.12608
-177.7 0.127155
-177.5 0.128146
-177.3 0.129219
-177.1 0.130304
-176.9 0.131365
-176.7 0.132417
-176.5 0.133511
-176.3 0.134557
-176.1 0.13561
-175.9 0.13672
-175.7 0.137783
-175.5 0.138875
-175.3 0.139913
-175.1 0.140983
-174.9 0.142085
-174.7 0.143149
-174.5 0.144124
-174.3 0.145165
-174.1 0.146181
-173.9 0.147241
-173.7 0.148142
-173.5 0.149122
-173.3 0.15013
-173.1 0.151144
-172.9 0.152217
-172.7 0.153155
-172.5 0.154129
-172.3 0.155112
-172.1 0.15608
-171.9 0.156991
-171.7 0.157951
-171.5 0.159006
-171.3 0.160008
-171.1 0.161001
-170.9 0.162016
-170.7 0.162938
-170.5 0.163892
-170.3 0.164845
-170.1 0.165793
-169.9 0.166784
-169.7 0.167736
-169.5 0.168688
-169.3 0.169619
-169.1 0.17049
-168.9 0.171437
-168.7 0.172354
-168.5 0.173351
-168.3 0.174295
-168.1 0.175276
-167.9 0.176228
-167.7 0.17719
-167.5 0.178123
-167.3 0.179086
-167.1 0.180024
-166.9 0.180938
-166.7 0.181876
-166.5 0.182749
-166.3 0.183658
-166.1 0.184582
-165.9 0.185536
-165.7 0.1864
-165.5 0.187306
-165.3 0.188277
-165.1 0.189194
-164.9 0.19016
-164.7 0.191121
-164.5 0.192075
-164.3 0.193009
-164.1 0.193897
-163.9 0.194858
-163.7 0.19575
-163.5 0.196642
-163.3 0.197558
-163.1 0.198521
-162.9 0.199517
-162.7 0.200465
-162.5 0.2014
-162.3 0.202323
-162.1 0.203303
-161.9 0.204199
-161.7 0.205123
-161.5 0.20604
-161.3 0.206948
-161.1 0.207881
-160.9 0.208798
-160.7 0.209718
-160.5 0.210679
-160.3 0.211543
-160.1 0.212431
-159.9 0.213331
-159.7 0.214221
-159.5 0.215159
-159.3 0.216068
-159.1 0.217009
-158.9 0.217907
-158.7 0.218806
-158.5 0.21971
-158.3 0.220642
-158.1 0.221558
-157.9 0.222521
-157.7 0.223359
-157.5 0.224318
-157.3 0.225214
-157.1 0.22611
-156.9 0.226991
-156.7 0.227903
-156.5 0.228762
-156.3 0.229678
-156.1 0.230609
-155.9 0.2315
-155.7 0.232407
-155.5 0.233303
-155.3 0.234192
-155.1 0.235081
-154.9 0.235988
-154.7 0.236897
-154.5 0.237764
-154.3 0.238683
-154.1 0.239529
-153.9 0.240447
-153.7 0.241294
-153.5 0.242257
-153.3 0.243173
-153.1 0.244015
-152.9 0.244991
-152.7 0.246
-152.5 0.246864
-152.3 0.247793
-152.1 0.248737
-151.9 0.249643
-151.7 0.250509
-151.5 0.251371
-151.3 0.25227
-151.1 0.253135
-150.9 0.254059
-150.7 0.25494
-150.5 0.255808
-150.3 0.256757
-150.1 0.257688
-149.9 0.258601
-149.7 0.2595
-149.5 0.26038
-149.3 0.261285
-149.1 0.262191
-148.9 0.26309
-148.7 0.263983
-148.5 0.264865
-148.3 0.265713
-148.1 0.266622
-147.9 0.267552
-147.7 0.268436
-147.5 0.26933
-147.3 0.270213
-147.1 0.271105
-146.9 0.272028
-146.7 0.272957
-146.5 0.273929
-146.3 0.274823
-146.1 0.275743
-145.9 0.27661
-145.7 0.27746
-145.5 0.278343
-145.3 0.279215
-145.1 0.28005
-144.9 0.280954
-144.7 0.281762
-144.5 0.282663
-144.3 0.283518
-144.1 0.28443
-143.9 0.285364
-143.7 0.286242
-143.5 0.287154
-143.3 0.28805
-143.1 0.288935
-142.9 0.289818
-142.7 0.290769
-142.5 0.291642
-142.3 0.292505
-142.1 0.293355
-141.9 0.29423
-141.7 0.295133
-141.5 0.295986
-141.3 0.29681
-141.1 0.297665
-140.9 0.298536
-140.7 0.299397
-140.5 0.300273
-140.3 0.301109
-140.1 0.30196
-139.9 0.302845
-139.7 0.303753
-139.5 0.304601
-139.3 0.305525
-139.1 0.30638
-138.9 0.307332
-138.7 0.308151
-138.5 0.309047
-138.3 0.309921
-138.1 0.31074
-137.9 0.311625
-137.7 0.312491
-137.5 0.313265
-137.3 0.314122
-137.1 0.314973
-136.9 0.315832
-136.7 0.316746
-136.5 0.317558
-136.3 0.31848
-136.1 0.319311
-135.9 0.32021
-135.7 0.3211
-135.5 0.322025
-135.3 0.322951
-135.1 0.32385
-134.9 0.324792
-134.7 0.325681
-134.5 0.326597
-134.3 0.327466
-134.1 0.328383
-133.9 0.329222
-133.7 0.330172
-133.5 0.331094
-133.3 0.33198
-133.1 0.332864
-132.9 0.333679
-132.7 0.334625
-132.5 0.335487
-132.3 0.336393
-132.1 0.337355
-131.9 0.338331
-131.7 0.339212
-131.5 0.340096
-131.3 0.341009
-131.1 0.34193
-130.9 0.342833
-130.7 0.343699
-130.5 0.344644
-130.3 0.345552
-130.1 0.346483
-129.9 0.347414
-129.7 0.348402
-129.5 0.349347
-129.3 0.350215
-129.1 0.351216
-128.9 0.352158
-128.7 0.353082
-128.5 0.354006
-128.3 0.354997
-128.1 0.355959
-127.9 0.356894
-127.7 0.357841
-127.5 0.358774
-127.3 0.359745
-127.1 0.360709
-126.9 0.361696
-126.7 0.362618
-126.5 0.363507
-126.3 0.364449
-126.1 0.365362
-125.9 0.366277
-125.7 0.367163
-125.5 0.368109
-125.3 0.369022
-125.1 0.369935
-124.9 0.37087
-124.7 0.371784
-124.5 0.372683
-124.3 0.373586
-124.1 0.374486
-123.9 0.375374
-123.7 0.37633
-123.5 0.377258
-123.3 0.378217
-123.1 0.37914
-122.9 0.380088
-122.7 0.380962
-122.5 0.38192
-122.3 0.382844
-122.1 0.383764
-121.9 0.384652
-121.7 0.385597
-121.5 0.386505
-121.3 0.387416
-121.1 0.388305
-120.9 0.389183
-120.7 0.390084
-120.5 0.390965
-120.3 0.391899
-120.1 0.392782
-119.9 0.393691
-119.7 0.394617
-119.5 0.395483
-119.3 0.396406
-119.1 0.397297
-118.9 0.398203
-118.7 0.399128
-118.5 0.400036
-118.3 0.400947
-118.1 0.401874
-117.9 0.402725
-117.7 0.403607
-117.5 0.404516
-117.3 0.405457
-117.1 0.406386
-116.9 0.407296
-116.7 0.408133
-116.5 0.40901
-116.3 0.409911
-116.1 0.410772
-115.9 0.411623
-115.7 0.412533
-115.5 0.413422
-115.3 0.414341
-115.1 0.415236
-114.9 0.416136
-114.7 0.41702
-114.5 0.417925
-114.3 0.418818
-114.1 0.4197
-113.9 0.420577
-113.7 0.42148
-113.5 0.422369
-113.3 0.423261
-113.1 0.424178
-112.9 0.425043
-112.7 0.425989
-112.5 0.426793
-112.3 0.427697
-112.1 0.428587
-111.9 0.429458
-111.7 0.430358
-111.5 0.431278
-111.3 0.432159
-111.1 0.43304
-110.9 0.433945
-110.7 0.434822
-110.5 0.435671
-110.3 0.436594
-110.1 0.437505
-109.9 0.438366
-109.7 0.439356
-109.5 0.440249
-109.3 0.441139
-109.1 0.442027
-108.9 0.442924
-108.7 0.443852
-108.5 0.444736
-108.3 0.445663
-108.1 0.446568
-107.9 0.447498
-107.7 0.448412
-107.5 0.449389
-107.3 0.450305
-107.1 0.451185
-106.9 0.45213
-106.7 0.45304
-106.5 0.453927
-106.3 0.454788
-106.1 0.455718
-105.9 0.456531
-105.7 0.457451
-105.5 0.458358
-105.3 0.459233
-105.1 0.460096
-104.9 0.4609
-104.7 0.461772
-104.5 0.46265
-104.3 0.463552
-104.1 0.464432
-103.9 0.465321
-103.7 0.466148
-103.5 0.467018
-103.3 0.467912
-103.1 0.468831
-102.9 0.469735
-102.7 0.470591
-102.5 0.471503
-102.3 0.472409
-102.1 0.47326
-101.9 0.47415
-101.7 0.475005
-101.5 0.475881
-101.3 0.476762
-101.1 0.477711
-100.9 0.478542
-100.7 0.479446
-100.5 0.480359
-100.3 0.48125
-100.1 0.482135
-99.9 0.482998
-99.7 0.48385
-99.5 0.484625
-99.3 0.48556
-99.1 0.486385
-98.9 0.487318
-98.7 0.488206
-98.5 0.489085
-98.3 0.489953
-98.1 0.490836
-97.9 0.491725
-97.7 0.492577
-97.5 0.493451
-97.3 0.494347
-97.1 0.495275
-96.9 0.49617
-96.7 0.49708
-96.5 0.497995
-96.3 0.498888
-96.1 0.499755
-95.9 0.500651
-95.7 0.501492
-95.5 0.502288
-95.3 0.503204
-95.1 0.504122
-94.9 0.505128
-94.7 0.506007
-94.5 0.506916
-94.3 0.507746
-94.1 0.508642
-93.9 0.50952
-93.7 0.51043
-93.5 0.511303
-93.3 0.512153
-93.1 0.513054
-92.9 0.513888
-92.7 0.514753
-92.5 0.515608
-92.3 0.516479
-92.1 0.517297
-91.9 0.518208
-91.7 0.519083
-91.5 0.520032
-91.3 0.520929
-91.1 0.521788
-90.9 0.522652
-90.7 0.52353
-90.5 0.52441
-90.3 0.525303
-90.1 0.526198
-89.9 0.52703
-89.7 0.527872
-89.5 0.528742
-89.3 0.529602
-89.1 0.530416
-88.9 0.531336
-88.7 0.532244
-88.5 0.533204
-88.3 0.534093
-88.1 0.535035
-87.9 0.53598
-87.7 0.536831
-87.5 0.537723
-87.3 0.538615
-87.1 0.539551
-86.9 0.540526
-86.7 0.541444
-86.5 0.54227
-86.3 0.543169
-86.1 0.544049
-85.9 0.544954
-85.7 0.545831
-85.5 0.546732
-85.3 0.547602
-85.1 0.548422
-84.9 0.54929
-84.7 0.550132
-84.5 0.551013
-84.3 0.551937
-84.1 0.552796
-83.9 0.553709
-83.7 0.554627
-83.5 0.555525
-83.3 0.556417
-83.1 0.55733
-82.9 0.558192
-82.7 0.559127
-82.5 0.560003
-82.3 0.56085
-82.1 0.561759
-81.9 0.562629
-81.7 0.563522
-81.5 0.564401
-81.3 0.565263
-81.1 0.56622
-80.9 0.567137
-80.7 0.568033
-80.5 0.568932
-80.3 0.569802
-80.1 0.570694
-79.9 0.571547
-79.7 0.572366
-79.5 0.573307
-79.3 0.574191
-79.1 0.575107
-78.9 0.575991
-78.7 0.576815
-78.5 0.577674
-78.3 0.578531
-78.1 0.579417
-77.9 0.580275
-77.7 0.581107
-77.5 0.582034
-77.3 0.582871
-77.1 0.583698
-76.9 0.584565
-76.7 0.58546
-76.5 0.586347
-76.3 0.587168
-76.1 0.58805
-75.9 0.58895
-75.7 0.589828
-75.5 0.590712
-75.3 0.591607
-75.1 0.59254
-74.9 0.593434
-74.7 0.594325
-74.5 0.595267
-74.3 0.596158
-74.1 0.597045
-73.9 0.597976
-73.7 0.598912
-73.5 0.599787
-73.3 0.600665
-73.1 0.601569
-72.9 0.602427
-72.7 0.603278
-72.5 0.604148
-72.3 0.605012
-72.1 0.605896
-71.9 0.606813
-71.7 0.607703
-71.5 0.608565
-71.3 0.609407
-71.1 0.610226
-70.9 0.61106
-70.7 0.611947
-70.5 0.612881
-70.3 0.613791
-70.1 0.614666
-69.9 0.615548
-69.7 0.616474
-69.5 0.617353
-69.3 0.618226
-69.1 0.619136
-68.9 0.619957
-68.7 0.620761
-68.5 0.62169
-68.3 0.622626
-68.1 0.623546
-67.9 0.624406
-67.7 0.625234
-67.5 0.626116
-67.3 0.627061
-67.1 0.627941
-66.9 0.628899
-66.7 0.629796
-66.5 0.630642
-66.3 0.631588
-66.1 0.632468
-65.9 0.633323
-65.7 0.634211
-65.5 0.63507
-65.3 0.635977
-65.1 0.636882
-64.9 0.63782
-64.7 0.638727
-64.5 0.639692
-64.3 0.640634
-64.1 0.641572
-63.9 0.642513
-63.7 0.64338
-63.5 0.644322
-63.3 0.645229
-63.1 0.646122
-62.9 0.647024
-62.7 0.647967
-62.5 0.648852
-62.3 0.649759
-62.1 0.650657
-61.9 0.651545
-61.7 0.65239
-61.5 0.653272
-61.3 0.654154
-61.1 0.65503
-60.9 0.655922
-60.7 0.65675
-60.5 0.657684
-60.3 0.658586
-60.1 0.659443
-59.9 0.660288
-59.7 0.661201
-59.5 0.662077
-59.3 0.662966
-59.1 0.663794
-58.9 0.664676
-58.7 0.665564
-58.5 0.666436
-58.3 0.66727
-58.1 0.668136
-57.9 0.669006
-57.7 0.669903
-57.5 0.670767
-57.3 0.671717
-57.1 0.672609
-56.9 0.673457
-56.7 0.67429
-56.5 0.675167
-56.3 0.676054
-56.1 0.676918
-55.9 0.6778
-55.7 0.67868
-55.5 0.679531
-55.3 0.680422
-55.1 0.681249
-54.9 0.682094
-54.7 0.683018
-54.5 0.683927
-54.3 0.684848
-54.1 0.685712
-53.9 0.68666
-53.7 0.687563
-53.5 0.688424
-53.3 0.689292
-53.1 0.690223
-52.9 0.691117
-52.7 0.691943
-52.5 0.692814
-52.3 0.693704
-52.1 0.694561
-51.9 0.69543
-51.7 0.696375
-51.5 0.697215
-51.3 0.698123
-51.1 0.699017
-50.9 0.699882
-50.7 0.700779
-50.5 0.701687
-50.3 0.702609
-50.1 0.703464
-49.9 0.704411
-49.7 0.70529
-49.5 0.706183
-49.3 0.707093
-49.1 0.708004
-48.9 0.708848
-48.7 0.709759
-48.5 0.710636
-48.3 0.711478
-48.1 0.712425
-47.9 0.713295
-47.7 0.7142
-47.5 0.715071
-47.3 0.715993
-47.1 0.716848
-46.9 0.717737
-46.7 0.718625
-46.5 0.719491
-46.3 0.720401
-46.1 0.721247
-45.9 0.722091
-45.7 0.722911
-45.5 0.723766
-45.3 0.724657
-45.1 0.72555
-44.9 0.726398
-44.7 0.72729
-44.5 0.728176
-44.3 0.729049
-44.1 0.729974
-43.9 0.730889
-43.7 0.731737
-43.5 0.732673
-43.3 0.733599
-43.1 0.734486
-42.9 0.735392
-42.7 0.736293
-42.5 0.737154
-42.3 0.738029
-42.1 0.738951
-41.9 0.739755
-41.7 0.740636
-41.5 0.741517
-41.3 0.742412
-41.1 0.743338
-40.9 0.744233
-40.7 0.745101
-40.5 0.745948
-40.3 0.746852
-40.1 0.747749
-39.9 0.748645
-39.7 0.749463
-39.5 0.750329
-39.3 0.751205
-39.1 0.752132
-38.9 0.75304
-38.7 0.753924
-38.5 0.754829
-38.3 0.755717
-38.1 0.75663
-37.9 0.757547
-37.7 0.758449
-37.5 0.759329
-37.3 0.760274
-37.1 0.76117
-36.9 0.762052
-36.7 0.762922
-36.5 0.763828
-36.3 0.764677
-36.1 0.765536
-35.9 0.766436
-35.7 0.767376
-35.5 0.768197
-35.3 0.769063
-35.1 0.769939
-34.9 0.770807
-34.7 0.771695
-34.5 0.7726
-34.3 0.773481
-34.1 0.774418
-33.9 0.775295
-33.7 0.776153
-33.5 0.777028
-33.3 0.777903
-33.1 0.778758
-32.9 0.779642
-32.7 0.780505
-32.5 0.781361
-32.3 0.782268
-32.1 0.783111
-31.9 0.784024
-31.7 0.784937
-31.5 0.785887
-31.3 0.786788
-31.1 0.787641
-30.9 0.788468
-30.7 0.789371
-30.5 0.790274
-30.3 0.791139
-30.1 0.792026
-29.9 0.792901
-29.7 0.793731
-29.5 0.794624
-29.3 0.795513
-29.1 0.796362
-28.9 0.797259
-28.7 0.798176
-28.5 0.799043
-28.3 0.799922
-28.1 0.800775
-27.9 0.801666
-27.7 0.802575
-27.5 0.803472
-27.3 0.804342
-27.1 0.805213
-26.9 0.80607
-26.7 0.806986
-26.5 0.807876
-26.3 0.80872
-26.1 0.809606
-25.9 0.810475
-25.7 0.811381
-25.5 0.812236
-25.3 0.813152
-25.1 0.814005
-24.9 0.814876
-24.7 0.815725
-24.5 0.816561
-24.3 0.817427
-24.1 0.818265
-23.9 0.819211
-23.7 0.82
-23.5 0.820866
-23.3 0.821721
-23.1 0.8226
-22.9 0.823477
-22.7 0.82432
-22.5 0.825161
-22.3 0.826108
-22.1 0.826989
-21.9 0.827868
-21.7 0.828724
-21.5 0.829616
-21.3 0.830544
-21.1 0.831402
-20.9 0.832325
-20.7 0.833235
-20.5 0.834134
-20.3 0.835022
-20.1 0.835866
-19.9 0.836769
-19.7 0.837653
-19.5 0.838566
-19.3 0.839443
-19.1 0.840361
-18.9 0.841207
-18.7 0.842128
-18.5 0.842963
-18.3 0.84388
-18.1 0.844763
-17.9 0.845715
-17.7 0.846663
-17.5 0.847516
-17.3 0.848379
-17.1 0.849242
-16.9 0.850126
-16.7 0.851018
-16.5 0.851898
-16.3 0.852776
-16.1 0.853606
-15.9 0.854486
-15.7 0.855361
-15.5 0.856197
-15.3 0.857037
-15.1 0.857906
-14.9 0.858796
-14.7 0.859665
-14.5 0.860612
-14.3 0.861458
-14.1 0.862409
-13.9 0.863239
-13.7 0.864167
-13.5 0.865074
-13.3 0.865961
-13.1 0.866782
-12.9 0.867642
-12.7 0.868554
-12.5 0.869519
-12.3 0.8704
-12.1 0.871248
-11.9 0.872131
-11.7 0.872944
-11.5 0.873824
-11.3 0.874691
-11.1 0.875576
-10.9 0.876436
-10.7 0.877264
-10.5 0.878143
-10.3 0.878998
-10.1 0.879838
-9.9 0.880738
-9.7 0.881614
-9.5 0.882517
-9.3 0.883341
-9.1 0.884249
-8.9 0.885054
-8.7 0.885959
-8.5 0.886789
-8.3 0.887681
-8.1 0.888582
-7.9 0.889501
-7.7 0.890337
-7.5 0.89115
-7.3 0.892049
-7.1 0.892933
-6.9 0.893827
-6.7 0.894753
-6.5 0.895618
-6.3 0.896537
-6.1 0.897405
-5.9 0.898321
-5.7 0.899223
-5.5 0.900101
-5.3 0.901002
-5.1 0.901914
-4.9 0.902831
-4.7 0.903712
-4.5 0.904558
-4.3 0.905431
-4.1 0.906286
-3.9 0.907159
-3.7 0.908016
-3.5 0.90895
-3.3 0.90984
-3.1 0.910695
-2.9 0.911589
-2.7 0.912482
-2.5 0.913381
-2.3 0.914212
-2.1 0.915087
-1.9 0.915961
-1.7 0.916835
-1.5 0.917719
-1.3 0.918592
-1.1 0.919455
-0.899999 0.920262
-0.699999 0.921134
-0.499999 0.921967
-0.299999 0.922899
-0.0999994 0.923736
0.100001 0.924552
0.300001 0.92544
0.500001 0.926287
0.700001 0.927209
0.900001 0.928111
1.1 0.928995
1.3 0.92985
1.5 0.930782
1.7 0.931678
1.9 0.932539
2.1 0.933454
2.3 0.934326
2.5 0.935262
2.7 0.936156
2.9 0.937048
3.1 0.93799
3.3 0.938866
3.5 0.939715
3.7 0.94061
3.9 0.94145
4.1 0.942298
4.3 0.943199
4.5 0.944032
4.7 0.944919
4.9 0.945758
5.1 0.946679
5.3 0.947577
5.5 0.948452
5.7 0.949291
5.9 0.950202
6.1 0.951154
6.3 0.952037
6.5 0.952918
6.7 0.953764
6.9 0.954528
7.1 0.95543
7.3 0.956287
7.5 0.957063
7.7 0.957911
7.9 0.958752
8.1 0.959631
8.3 0.960444
8.5 0.961248
8.7 0.962093
8.9 0.962879
9.1 0.963657
9.3 0.964506
9.5 0.965294
9.7 0.966085
9.9 0.966831
10.1 0.967585
10.3 0.968396
10.5 0.969142
10.7 0.969904
10.9 0.9707
11.1 0.971454
11.3 0.972206
11.5 0.972905
11.7 0.973656
11.9 0.974353
12.1 0.975049
12.3 0.975711
12.5 0.976388
12.7 0.977008
12.9 0.977673
13.1 0.978355
13.3 0.979013
13.5 0.979652
13.7 0.980278
13.9 0.980903
14.1 0.981551
14.3 0.982128
14.5 0.982676
14.7 0.98328
14.9 0.983805
15.1 0.984303
15.3 0.984832
15.5 0.985344
15.7 0.985837
15.9 0.986321
16.1 0.986811
16.3 0.987265
16.5 0.987746
16.7 0.98823
16.9 0.988659
17.1 0.989041
17.3 0.989465
17.5 0.989888
17.7 0.990267
17.9 0.990635
18.1 0.990995
18.3 0.991339
18.5 0.991674
18.7 0.991972
18.9 0.992306
19.1 0.992635
19.3 0.992912
19.5 0.993204
19.7 0.993517
19.9 0.9938
20.1 0.994087
20.3 0.99438
20.5 0.994626
20.7 0.994871
20.9 0.995083
21.1 0.995266
21.3 0.995463
21.5 0.995723
21.7 0.99591
21.9 0.996111
22.1 0.996286
22.3 0.99646
22.5 0.996639
22.7 0.996818
22.9 0.997009
23.1 0.997148
23.3 0.997287
23.5 0.997424
23.7 0.997585
23.9 0.997711
24.1 0.997816
24.3 0.997932
24.5 0.998054
24.7 0.998158
24.9 0.998267
25.1 0.998379
25.3 0.99849
25.5 0.998579
25.7 0.998669
25.9 0.998738
26.1 0.998825
26.3 0.998899
26.5 0.998966
26.7 0.999037
26.9 0.999094
27.1 0.999167
27.3 0.999233
27.5 0.999298
27.7 0.999349
27.9 0.999388
28.1 0.999433
28.3 0.999472
28.5 0.999504
28.7 0.999538
28.9 0.999569
29.1 0.999594
29.3 0.999628
29.5 0.999663
29.7 0.999684
29.9 0.999722
30.1 0.999747
30.3 0.999776
30.5 0.99979
30.7 0.999808
30.9 0.999825
31.1 0.999833
31.3 0.999849
31.5 0.999859
31.7 0.999874
31.9 0.999882
32.1 0.999893
32.3 0.999908
32.5 0.999914
32.7 0.999928
32.9 0.999929
33.1 0.999936
33.3 0.999939
33.5 0.999946
33.7 0.999946
33.9 0.999949
34.1 0.99995
34.3 0.999953
34.5 0.999954
34.7 0.999955
34.9 0.999958
35.1 0.999961
35.3 0.999963
35.5 0.999963
35.7 0.999966
35.9 0.999966
36.1 0.99997
36.3 0.99997
36.5 0.99997
36.7 0.999971
36.9 0.999974
37.1 0.999974
37.3 0.999974
37.5 0.999974
37.7 0.999975
37.9 0.999975
38.1 0.999976
38.3 0.999976
38.5 0.999978
38.7 0.999978
38.9 0.999978
39.1 0.999978
39.3 0.999979
39.5 0.999979
39.7 0.999979
39.9 0.999979
40.1 0.999979
40.3 0.99998
40.5 0.99998
40.7 0.99998
40.9 0.99998
41.1 0.99998
41.3 0.99998
41.5 0.99998
41.7 0.99998
41.9 0.99998
42.1 0.99998
42.3 0.99998
42.5 0.99998
42.7 0.99998
42.9 0.99998
43.1 0.999982
43.3 0.999982
43.5 0.999982
43.7 0.999982
43.9 0.999982
44.1 0.999982
44.3 0.999983
44.5 0.999983
44.7 0.999984
44.9 0.999987
45.1 0.999987
45.3 0.999987
45.5 0.999987
45.7 0.999987
45.9 0.999987
46.1 0.999987
46.3 0.999987
46.5 0.999987
46.7 0.999987
46.9 0.999988
47.1 0.999988
47.3 0.999989
47.5 0.999989
47.7 0.999991
47.9 0.999991
48.1 0.999993
48.3 0.999993
48.5 0.999993
48.7 0.999993
48.9 0.999993
49.1 0.999995
49.3 0.999996
49.5 0.999996
49.7 0.999997
49.9 0.999999
50.1 1
