1290
-208.1 1.33791e-06
-207.9 1.33791e-06
-207.7 1.33791e-06
-207.5 4.01374e-06
-207.3 4.01374e-06
-207.1 4.01374e-06
-206.9 4.01374e-06
-206.7 4.01374e-06
-206.5 4.01374e-06
-206.3 4.01374e-06
-206.1 4.01374e-06
-205.9 6.68956e-06
-205.7 6.68956e-06
-205.5 6.68956e-06
-205.3 6.68956e-06
-205.1 6.68956e-06
-204.9 6.68956e-06
-204.7 6.68956e-06
-204.5 6.68956e-06
-204.3 8.02748e-06
-204.1 8.02748e-06
-203.9 8.02748e-06
-203.7 8.02748e-06
-203.5 8.02748e-06
-203.3 8.02748e-06
-203.1 8.02748e-06
-202.9 8.02748e-06
-202.7 8.02748e-06
-202.5 8.02748e-06
-202.3 8.02748e-06
-202.1 8.02748e-06
-201.9 8.02748e-06
-201.7 8.02748e-06
-201.5 9.36539e-06
-201.3 9.36539e-06
-201.1 9.36539e-06
-200.9 9.36539e-06
-200.7 9.36539e-06
-200.5 1.07033e-05
-200.3 1.07033e-05
-200.1 1.07033e-05
-199.9 1.07033e-05
-199.7 1.07033e-05
-199.5 1.07033e-05
-199.3 1.07033e-05
-199.1 1.33791e-05
-198.9 1.4717e-05
-198.7 1.73929e-05
-198.5 2.40824e-05
-198.3 3.34478e-05
-198.1 4.68269e-05
-197.9 6.68956e-05
-197.7 0.000107033
-197.5 0.000144495
-197.3 0.000195335
-197.1 0.000262231
-196.9 0.000351871
-196.7 0.000470945
-196.5 0.000635508
-196.3 0.000832182
-196.1 0.00108906
-195.9 0.00139143
-195.7 0.00174999
-195.5 0.00219284
-195.3 0.00271462
-195.1 0.00336351
-194.9 0.00408197
-194.7 0.00491817
-194.5 0.00583196
-194.3 0.00681533
-194.1 0.00790706
-193.9 0.0091928
-193.7 0.0104518
-193.5 0.011783
-193.3 0.0132226
-193.1 0.0146087
-192.9 0.0161152
-192.7 0.0176578
-192.5 0.0192338
-192.3 0.020842
-192.1 0.0224756
-191.9 0.0240998
-191.7 0.0257816
-191.5 0.0275008
-191.3 0.0291812
-191.1 0.0308469
-190.9 0.0325969
-190.7 0.0342465
-190.5 0.035927
-190.3 0.0376636
-190.1 0.0393654
-189.9 0.0410498
-189.7 0.0426446
-189.5 0.0443317
-189.3 0.0460148
-189.1 0.0477113
-188.9 0.0493436
-188.7 0.05102
-188.5 0.0526174
-188.3 0.0542122
-188.1 0.0558124
-187.9 0.0573536
-187.7 0.0589163
-187.5 0.0604549
-187.3 0.0620109
-187.1 0.0636124
-186.9 0.0651724
-186.7 0.0666615
-186.5 0.0682429
-186.3 0.0697935
-186.1 0.0712372
-185.9 0.0727624
-185.7 0.0742889
-185.5 0.0757192
-185.3 0.0771895
-185.1 0.0786612
-184.9 0.080161
-184.7 0.0816715
-184.5 0.0831486
-184.3 0.0846604
-184.1 0.0861134
-183.9 0.0874808
-183.7 0.089014
-183.5 0.0904349
-183.3 0.0917607
-183.1 0.0931441
-182.9 0.094573
-182.7 0.0959671
-182.5 0.0973626
-182.3 0.0987018
-182.1 0.100018
-181.9 0.101419
-181.7 0.102701
-181.5 0.104013
-181.3 0.105231
-181.1 0.106582
-180.9 0.107861
-180.7 0.109142
-180.5 0.110356
-180.3 0.11163
-180.1 0.112842
-179.9 0.11402
-179.7 0.115204
-179.5 0.116451
-179.3 0.117693
-179.1 0.118927
-178.9 0.120128
-178.7 0.121327
-178.5 0.122451
-178.3 0.123552
-178.1 0.124732
-177.9 0.12588
-177.7 0.126975
-177.5 0.128073
-177.3 0.129205
-177.1 0.130256
-176.9 0.131378
-176.7 0.132499
-176.5 0.13354
-176.3 0.134627
-176.1 0.135745
-175.9 0.136834
-175.7 0.137881
-175.5 0.138905
-175.3 0.13994
-175.1 0.14097
-174.9 0.142003
-174.7 0.143008
-174.5 0.143985
-174.3 0.145023
-174.1 0.14606
-173.9 0.147074
-173.7 0.148077
-173.5 0.149085
-173.3 0.150154
-173.1 0.151139
-172.9 0.15221
-172.7 0.153158
-172.5 0.154185
-172.3 0.155144
-172.1 0.156183
-171.9 0.157171
-171.7 0.158151
-171.5 0.159147
-171.3 0.160103
-171.1 0.161091
-170.9 0.162048
-170.7 0.163094
-170.5 0.163987
-170.3 0.164904
-170.1 0.165854
-169.9 0.16683
-169.7 0.167754
-169.5 0.168704
-169.3 0.169625
-169.1 0.170546
-168.9 0.171518
-168.7 0.172387
-168.5 0.173333
-168.3 0.17429
-168.1 0.175256
-167.9 0.176242
-167.7 0.177201
-167.5 0.178115
-167.3 0.179017
-167.1 0.179896
-166.9 0.18085
-166.7 0.181765
-166.5 0.182664
-166.3 0.183521
-166.1 0.184387
-165.9 0.185309
-165.7 0.186235
-165.5 0.187141
-165.3 0.188065
-165.1 0.189008
-164.9 0.189906
-164.7 0.190805
-164.5 0.191697
-164.3 0.192548
-164.1 0.193472
-163.9 0.194387
-163.7 0.195325
-163.5 0.196244
-163.3 0.197184
-163.1 0.198135
-162.9 0.199056
-162.7 0.199975
-162.5 0.20087
-162.3 0.201756
-162.1 0.202692
-161.9 0.203587
-161.7 0.204452
-161.5 0.205392
-161.3 0.206321
-161.1 0.207237
-160.9 0.208144
-160.7 0.209072
-160.5 0.20994
-160.3 0.210913
-160.1 0.211773
-159.9 0.212684
-159.7 0.213519
-159.5 0.214437
-159.3 0.215397
-159.1 0.216211
-158.9 0.217098
-158.7 0.218029
-158.5 0.218948
-158.3 0.219902
-158.1 0.220817
-157.9 0.221748
-157.7 0.22267
-157.5 0.223552
-157.3 0.224535
-157.1 0.225417
-156.9 0.226316
-156.7 0.227206
-156.5 0.228107
-156.3 0.229027
-156.1 0.229908
-155.9 0.230854
-155.7 0.23173
-155.5 0.232612
-155.3 0.233533
-155.1 0.234409
-154.9 0.235308
-154.7 0.236234
-154.5 0.237142
-154.3 0.238043
-154.1 0.238938
-153.9 0.239856
-153.7 0.240736
-153.5 0.241627
-153.3 0.242518
-153.1 0.243405
-152.9 0.244356
-152.7 0.245242
-152.5 0.246168
-152.3 0.247024
-152.1 0.247866
-151.9 0.24868
-151.7 0.249576
-151.5 0.250451
-151.3 0.251402
-151.1 0.252233
-150.9 0.253114
-150.7 0.25398
-150.5 0.254844
-150.3 0.255759
-150.1 0.256641
-149.9 0.257524
-149.7 0.258435
-149.5 0.259352
-149.3 0.260187
-149.1 0.261144
-148.9 0.262014
-148.7 0.262951
-148.5 0.263827
-148.3 0.264741
-148.1 0.265635
-147.9 0.266467
-147.7 0.267342
-147.5 0.268205
-147.3 0.269072
-147.1 0.269955
-146.9 0.270867
-146.7 0.271794
-146.5 0.272668
-146.3 0.273584
-146.1 0.274384
-145.9 0.275328
-145.7 0.276184
-145.5 0.277074
-145.3 0.277997
-145.1 0.278889
-144.9 0.279756
-144.7 0.280665
-144.5 0.281512
-144.3 0.28236
-144.1 0.283216
-143.9 0.284042
-143.7 0.284967
-143.5 0.285808
-143.3 0.286649
-143.1 0.287543
-142.9 0.288394
-142.7 0.289281
-142.5 0.290124
-142.3 0.291021
-142.1 0.291878
-141.9 0.292733
-141.7 0.293605
-141.5 0.294484
-141.3 0.295379
-141.1 0.296243
-140.9 0.297106
-140.7 0.297914
-140.5 0.298729
-140.3 0.299565
-140.1 0.300414
-139.9 0.301307
-139.7 0.30216
-139.5 0.303022
-139.3 0.303907
-139.1 0.304742
-138.9 0.305603
-138.7 0.306446
-138.5 0.307308
-138.3 0.308143
-138.1 0.308923
-137.9 0.309748
-137.7 0.31062
-137.5 0.311471
-137.3 0.31236
-137.1 0.313146
-136.9 0.313997
-136.7 0.314876
-136.5 0.315746
-136.3 0.31666
-136.1 0.31759
-135.9 0.318455
-135.7 0.319253
-135.5 0.320132
-135.3 0.321004
-135.1 0.321925
-134.9 0.322797
-134.7 0.323637
-134.5 0.324537
-134.3 0.325402
-134.1 0.32627
-133.9 0.327071
-133.7 0.328008
-133.5 0.32887
-133.3 0.329735
-133.1 0.330557
-132.9 0.331436
-132.7 0.332382
-132.5 0.333261
-132.3 0.334146
-132.1 0.335036
-131.9 0.335887
-131.7 0.336777
-131.5 0.337717
-131.3 0.338666
-131.1 0.339586
-130.9 0.340455
-130.7 0.341401
-130.5 0.34229
-130.3 0.343208
-130.1 0.344058
-129.9 0.344939
-129.7 0.345935
-129.5 0.346865
-129.3 0.347719
-129.1 0.348604
-128.9 0.349571
-128.7 0.350512
-128.5 0.351432
-128.3 0.352369
-128.1 0.3533
-127.9 0.354144
-127.7 0.354975
-127.5 0.35589
-127.3 0.356803
-127.1 0.357672
-126.9 0.358531
-126.7 0.359527
-126.5 0.360411
-126.3 0.361315
-126.1 0.362293
-125.9 0.363187
-125.7 0.364059
-125.5 0.364945
-125.3 0.36584
-125.1 0.366755
-124.9 0.367668
-124.7 0.368512
-124.5 0.369404
-124.3 0.370277
-124.1 0.371149
-123.9 0.372167
-123.7 0.373045
-123.5 0.373955
-123.3 0.374835
-123.1 0.375818
-122.9 0.376707
-122.7 0.377596
-122.5 0.37854
-122.3 0.379473
-122.1 0.380369
-121.9 0.38125
-121.7 0.38216
-121.5 0.382996
-121.3 0.383933
-121.1 0.384851
-120.9 0.385784
-120.7 0.386697
-120.5 0.387557
-120.3 0.388524
-120.1 0.389477
-119.9 0.390353
-119.7 0.391222
-119.5 0.392118
-119.3 0.393088
-119.1 0.393997
-118.9 0.394798
-118.7 0.39571
-118.5 0.396638
-118.3 0.397533
-118.1 0.398355
-117.9 0.39921
-117.7 0.400049
-117.5 0.400889
-117.3 0.401772
-117.1 0.402649
-116.9 0.403559
-116.7 0.404476
-116.5 0.405401
-116.3 0.406337
-116.1 0.407164
-115.9 0.408035
-115.7 0.408908
-115.5 0.409795
-115.3 0.410666
-115.1 0.411622
-114.9 0.412486
-114.7 0.413345
-114.5 0.414261
-114.3 0.415136
-114.1 0.416021
-113.9 0.416948
-113.7 0.41781
-113.5 0.418749
-113.3 0.41962
-113.1 0.420537
-112.9 0.421471
-112.7 0.422398
-112.5 0.423289
-112.3 0.42417
-112.1 0.425064
-111.9 0.42595
-111.7 0.426848
-111.5 0.427709
-111.3 0.42856
-111.1 0.429428
-110.9 0.430329
-110.7 0.431224
-110.5 0.432115
-110.3 0.432962
-110.1 0.433858
-109.9 0.434725
-109.7 0.43562
-109.5 0.436486
-109.3 0.437412
-109.1 0.43828
-108.9 0.439135
-108.7 0.440065
-108.5 0.44102
-108.3 0.441938
-108.1 0.44279
-107.9 0.443717
-107.7 0.444598
-107.5 0.445517
-107.3 0.446427
-107.1 0.44722
-106.9 0.448079
-106.7 0.448999
-106.5 0.449892
-106.3 0.450716
-106.1 0.45159
-105.9 0.452509
-105.7 0.453415
-105.5 0.454339
-105.3 0.455187
-105.1 0.456033
-104.9 0.456869
-104.7 0.457804
-104.5 0.458663
-104.3 0.459548
-104.1 0.460396
-103.9 0.461271
-103.7 0.462154
-103.5 0.462998
-103.3 0.4639
-103.1 0.464756
-102.9 0.46564
-102.7 0.466503
-102.5 0.467402
-102.3 0.468279
-102.1 0.469126
-101.9 0.470017
-101.7 0.470917
-101.5 0.471757
-101.3 0.472635
-101.1 0.473452
-100.9 0.474279
-100.7 0.475142
-100.5 0.475992
-100.3 0.476886
-100.1 0.47773
-99.9 0.478593
-99.7 0.479453
-99.5 0.480353
-99.3 0.481224
-99.1 0.482133
-98.9 0.482977
-98.7 0.483914
-98.5 0.484797
-98.3 0.485669
-98.1 0.486547
-97.9 0.487407
-97.7 0.488231
-97.5 0.48909
-97.3 0.489965
-97.1 0.490861
-96.9 0.491699
-96.7 0.492586
-96.5 0.493417
-96.3 0.494191
-96.1 0.495148
-95.9 0.496006
-95.7 0.496933
-95.5 0.497758
-95.3 0.498591
-95.1 0.49944
-94.9 0.500323
-94.7 0.501224
-94.5 0.502074
-94.3 0.502944
-94.1 0.503802
-93.9 0.504651
-93.7 0.505549
-93.5 0.506441
-93.3 0.507304
-93.1 0.50823
-92.9 0.50916
-92.7 0.509992
-92.5 0.510927
-92.3 0.511832
-92.1 0.512732
-91.9 0.513613
-91.7 0.514455
-91.5 0.515396
-91.3 0.516292
-91.1 0.517163
-90.9 0.51804
-90.7 0.518941
-90.5 0.519849
-90.3 0.520724
-90.1 0.521635
-89.9 0.522496
-89.7 0.523418
-89.5 0.524288
-89.3 0.52519
-89.1 0.52604
-88.9 0.52696
-88.7 0.527816
-88.5 0.528746
-88.3 0.529637
-88.1 0.530494
-87.9 0.531341
-87.7 0.532204
-87.5 0.533052
-87.3 0.533881
-87.1 0.534724
-86.9 0.53562
-86.7 0.536508
-86.5 0.537402
-86.3 0.538285
-86.1 0.539151
-85.9 0.540004
-85.7 0.54087
-85.5 0.541679
-85.3 0.542552
-85.1 0.543372
-84.9 0.544192
-84.7 0.545079
-84.5 0.545971
-84.3 0.546861
-84.1 0.547769
-83.9 0.548677
-83.7 0.549502
-83.5 0.550348
-83.3 0.551205
-83.1 0.552066
-82.9 0.552941
-82.7 0.553817
-82.5 0.554692
-82.3 0.555586
-82.1 0.556434
-81.9 0.557342
-81.7 0.558271
-81.5 0.559099
-81.3 0.559912
-81.1 0.560789
-80.9 0.561637
-80.7 0.562462
-80.5 0.563339
-80.3 0.564151
-80.1 0.564991
-79.9 0.565877
-79.7 0.566744
-79.5 0.567621
-79.3 0.568434
-79.1 0.569258
-78.9 0.570123
-78.7 0.571004
-78.5 0.571875
-78.3 0.572762
-78.1 0.573617
-77.9 0.574497
-77.7 0.575322
-77.5 0.57623
-77.3 0.577117
-77.1 0.578012
-76.9 0.578841
-76.7 0.579779
-76.5 0.580618
-76.3 0.581461
-76.1 0.58232
-75.9 0.583173
-75.7 0.584068
-75.5 0.584946
-75.3 0.585761
-75.1 0.586621
-74.9 0.587435
-74.7 0.58826
-74.5 0.589127
-74.3 0.590014
-74.1 0.590858
-73.9 0.591755
-73.7 0.592678
-73.5 0.59353
-73.3 0.594443
-73.1 0.595292
-72.9 0.596134
-72.7 0.597033
-72.5 0.597912
-72.3 0.598788
-72.1 0.599624
-71.9 0.600473
-71.7 0.601326
-71.5 0.602221
-71.3 0.603077
-71.1 0.603912
-70.9 0.604746
-70.7 0.605641
-70.5 0.606488
-70.3 0.60734
-70.1 0.608214
-69.9 0.609146
-69.7 0.610011
-69.5 0.610926
-69.3 0.611795
-69.1 0.612706
-68.9 0.613521
-68.7 0.61441
-68.5 0.615327
-68.3 0.616194
-68.1 0.617091
-67.9 0.617962
-67.7 0.618822
-67.5 0.619717
-67.3 0.620613
-67.1 0.621513
-66.9 0.622413
-66.7 0.623336
-66.5 0.624156
-66.3 0.624991
-66.1 0.625898
-65.9 0.626796
-65.7 0.627719
-65.5 0.628595
-65.3 0.629492
-65.1 0.630383
-64.9 0.631211
-64.7 0.632079
-64.5 0.632972
-64.3 0.633852
-64.1 0.634687
-63.9 0.635587
-63.7 0.636426
-63.5 0.637293
-63.3 0.638117
-63.1 0.63895
-62.9 0.639822
-62.7 0.640693
-62.5 0.64153
-62.3 0.642401
-62.1 0.643314
-61.9 0.644151
-61.7 0.644988
-61.5 0.645808
-61.3 0.646735
-61.1 0.647641
-60.9 0.648469
-60.7 0.649359
-60.5 0.650254
-60.3 0.651178
-60.1 0.652064
-59.9 0.652949
-59.7 0.653854
-59.5 0.654614
-59.3 0.655484
-59.1 0.656337
-58.9 0.657225
-58.7 0.658087
-58.5 0.658969
-58.3 0.65978
-58.1 0.660609
-57.9 0.661505
-57.7 0.662387
-57.5 0.663199
-57.3 0.664038
-57.1 0.664905
-56.9 0.665773
-56.7 0.666667
-56.5 0.667501
-56.3 0.668389
-56.1 0.669331
-55.9 0.670254
-55.7 0.671132
-55.5 0.672028
-55.3 0.672898
-55.1 0.673755
-54.9 0.674638
-54.7 0.675485
-54.5 0.676399
-54.3 0.677226
-54.1 0.678075
-53.9 0.678967
-53.7 0.679838
-53.5 0.680601
-53.3 0.681541
-53.1 0.682421
-52.9 0.683255
-52.7 0.684167
-52.5 0.68509
-52.3 0.685977
-52.1 0.686879
-51.9 0.687731
-51.7 0.688642
-51.5 0.689509
-51.3 0.690356
-51.1 0.691349
-50.9 0.692186
-50.7 0.693065
-50.5 0.693935
-50.3 0.694817
-50.1 0.69565
-49.9 0.696496
-49.7 0.697348
-49.5 0.698277
-49.3 0.699194
-49.1 0.700071
-48.9 0.700907
-48.7 0.701751
-48.5 0.702613
-48.3 0.703485
-48.1 0.70432
-47.9 0.705171
-47.7 0.706023
-47.5 0.706925
-47.3 0.707784
-47.1 0.708679
-46.9 0.709586
-46.7 0.710468
-46.5 0.711315
-46.3 0.712252
-46.1 0.713193
-45.9 0.714048
-45.7 0.714952
-45.5 0.715846
-45.3 0.716718
-45.1 0.717595
-44.9 0.718483
-44.7 0.719392
-44.5 0.720272
-44.3 0.721183
-44.1 0.72203
-43.9 0.722954
-43.7 0.723851
-43.5 0.724671
-43.3 0.725539
-43.1 0.726424
-42.9 0.727329
-42.7 0.72823
-42.5 0.729082
-42.3 0.730015
-42.1 0.730914
-41.9 0.731787
-41.7 0.73265
-41.5 0.733569
-41.3 0.734462
-41.1 0.735322
-40.9 0.736168
-40.7 0.737067
-40.5 0.737964
-40.3 0.738862
-40.1 0.739698
-39.9 0.740591
-39.7 0.741455
-39.5 0.742341
-39.3 0.743263
-39.1 0.744147
-38.9 0.745029
-38.7 0.745917
-38.5 0.746803
-38.3 0.747722
-38.1 0.748604
-37.9 0.749417
-37.7 0.750269
-37.5 0.751151
-37.3 0.751999
-37.1 0.752885
-36.9 0.7538
-36.7 0.754687
-36.5 0.75548
-36.3 0.756338
-36.1 0.75723
-35.9 0.758095
-35.7 0.758979
-35.5 0.759834
-35.3 0.760678
-35.1 0.761564
-34.9 0.762432
-34.7 0.763274
-34.5 0.764134
-34.3 0.76501
-34.1 0.765927
-33.9 0.766775
-33.7 0.767629
-33.5 0.768526
-33.3 0.7694
-33.1 0.770286
-32.9 0.771099
-32.7 0.77198
-32.5 0.772833
-32.3 0.773665
-32.1 0.774563
-31.9 0.775405
-31.7 0.776276
-31.5 0.777116
-31.3 0.777959
-31.1 0.77879
-30.9 0.779639
-30.7 0.780469
-30.5 0.781295
-30.3 0.782232
-30.1 0.78304
-29.9 0.783854
-29.7 0.784751
-29.5 0.785656
-29.3 0.786485
-29.1 0.78732
-28.9 0.78817
-28.7 0.789037
-28.5 0.789875
-28.3 0.790696
-28.1 0.791559
-27.9 0.792395
-27.7 0.793322
-27.5 0.79422
-27.3 0.795059
-27.1 0.795909
-26.9 0.796756
-26.7 0.797634
-26.5 0.798537
-26.3 0.799385
-26.1 0.800251
-25.9 0.801044
-25.7 0.801898
-25.5 0.802797
-25.3 0.803664
-25.1 0.804597
-24.9 0.805443
-24.7 0.806318
-24.5 0.807161
-24.3 0.808012
-24.1 0.808935
-23.9 0.809833
-23.7 0.810675
-23.5 0.811534
-23.3 0.812414
-23.1 0.813316
-22.9 0.814118
-22.7 0.814949
-22.5 0.81581
-22.3 0.816715
-22.1 0.817598
-21.9 0.818428
-21.7 0.819233
-21.5 0.820156
-21.3 0.821033
-21.1 0.821902
-20.9 0.822789
-20.7 0.823643
-20.5 0.824477
-20.3 0.825346
-20.1 0.826233
-19.9 0.827079
-19.7 0.827995
-19.5 0.828881
-19.3 0.829753
-19.1 0.830644
-18.9 0.831507
-18.7 0.832408
-18.5 0.833279
-18.3 0.834172
-18.1 0.835009
-17.9 0.835826
-17.7 0.836712
-17.5 0.837573
-17.3 0.838403
-17.1 0.839258
-16.9 0.840192
-16.7 0.841024
-16.5 0.841911
-16.3 0.842722
-16.1 0.843549
-15.9 0.844399
-15.7 0.84529
-15.5 0.846164
-15.3 0.847043
-15.1 0.847915
-14.9 0.848845
-14.7 0.849809
-14.5 0.850666
-14.3 0.851533
-14.1 0.852335
-13.9 0.853168
-13.7 0.85406
-13.5 0.854927
-13.3 0.855816
-13.1 0.856647
-12.9 0.857554
-12.7 0.858391
-12.5 0.85923
-12.3 0.860141
-12.1 0.861051
-11.9 0.861889
-11.7 0.862778
-11.5 0.863657
-11.3 0.864559
-11.1 0.865473
-10.9 0.866328
-10.7 0.86714
-10.5 0.868024
-10.3 0.868895
-10.1 0.86981
-9.9 0.870601
-9.7 0.871475
-9.5 0.872324
-9.3 0.873167
-9.1 0.874033
-8.9 0.874894
-8.7 0.875788
-8.5 0.876648
-8.3 0.877481
-8.1 0.878393
-7.9 0.879308
-7.7 0.88015
-7.5 0.881031
-7.3 0.881917
-7.1 0.882806
-6.9 0.883604
-6.7 0.884465
-6.5 0.88535
-6.3 0.88618
-6.1 0.887071
-5.9 0.887916
-5.7 0.888798
-5.5 0.889711
-5.3 0.890507
-5.1 0.891335
-4.9 0.892186
-4.7 0.893078
-4.5 0.894003
-4.3 0.894821
-4.1 0.895698
-3.9 0.896582
-3.7 0.897468
-3.5 0.898335
-3.3 0.899222
-3.1 0.900014
-2.9 0.900859
-2.7 0.901642
-2.5 0.902476
-2.3 0.903334
-2.1 0.904176
-1.9 0.905076
-1.7 0.905965
-1.5 0.906756
-1.3 0.90768
-1.1 0.908531
-0.899999 0.909364
-0.699999 0.910272
-0.499999 0.911143
-0.299999 0.912056
-0.0999994 0.912907
0.100001 0.913718
0.300001 0.914581
0.500001 0.91541
0.700001 0.916289
0.900001 0.917116
1.1 0.917997
1.3 0.918862
1.5 0.919709
1.7 0.920563
1.9 0.921439
2.1 0.922306
2.3 0.923172
2.5 0.924043
2.7 0.924874
2.9 0.9257
3.1 0.926578
3.3 0.927448
3.5 0.928299
3.7 0.929192
3.9 0.930098
4.1 0.930937
4.3 0.931789
4.5 0.932647
4.7 0.933503
4.9 0.934353
5.1 0.935226
5.3 0.93605
5.5 0.936959
5.7 0.937825
5.9 0.938671
6.1 0.939533
6.3 0.940411
6.5 0.941284
6.7 0.942173
6.9 0.943037
7.1 0.943905
7.3 0.944778
7.5 0.945619
7.7 0.946463
7.9 0.947292
8.1 0.94811
8.3 0.94904
8.5 0.949913
8.7 0.950765
8.9 0.951589
9.1 0.952445
9.3 0.953295
9.5 0.954126
9.7 0.954962
9.9 0.955727
10.1 0.956546
10.3 0.957408
10.5 0.958204
10.7 0.959065
10.9 0.959908
11.1 0.960716
11.3 0.961543
11.5 0.96235
11.7 0.963112
11.9 0.963929
12.1 0.964726
12.3 0.965519
12.5 0.966286
12.7 0.967024
12.9 0.96773
13.1 0.9685
13.3 0.969265
13.5 0.970013
13.7 0.97078
13.9 0.971474
14.1 0.972201
14.3 0.972897
14.5 0.973574
14.7 0.97424
14.9 0.974938
15.1 0.975603
15.3 0.976237
15.5 0.976821
15.7 0.977437
15.9 0.978003
16.1 0.978658
16.3 0.979264
16.5 0.979818
16.7 0.980426
16.9 0.981032
17.1 0.981616
17.3 0.982187
17.5 0.982706
17.7 0.983185
17.9 0.983702
18.1 0.984239
18.3 0.984716
18.5 0.985177
18.7 0.985668
18.9 0.986111
19.1 0.986606
19.3 0.987068
19.5 0.987501
19.7 0.987924
19.9 0.988348
20.1 0.988751
20.3 0.989163
20.5 0.989552
20.7 0.989901
20.9 0.990251
21.1 0.990619
21.3 0.99094
21.5 0.991294
21.7 0.991578
21.9 0.991906
22.1 0.992221
22.3 0.992528
22.5 0.992848
22.7 0.993126
22.9 0.9934
23.1 0.993657
23.3 0.993937
23.5 0.99422
23.7 0.994488
23.9 0.994711
24.1 0.994932
24.3 0.995131
24.5 0.995328
24.7 0.995525
24.9 0.995712
25.1 0.995903
25.3 0.996101
25.5 0.996309
25.7 0.99648
25.9 0.996659
26.1 0.996825
26.3 0.996956
26.5 0.99709
26.7 0.997227
26.9 0.99734
27.1 0.997481
27.3 0.997612
27.5 0.99772
27.7 0.997834
27.9 0.997956
28.1 0.998093
28.3 0.998195
28.5 0.99831
28.7 0.998407
28.9 0.998502
29.1 0.998602
29.3 0.998709
29.5 0.998797
29.7 0.998873
29.9 0.998939
30.1 0.999003
30.3 0.999081
30.5 0.999158
30.7 0.99922
30.9 0.999272
31.1 0.999308
31.3 0.999358
31.5 0.999401
31.7 0.999458
31.9 0.999488
32.1 0.999518
32.3 0.999557
32.5 0.999587
32.7 0.999625
32.9 0.999657
33.1 0.999694
33.3 0.999712
33.5 0.999735
33.7 0.999758
33.9 0.999773
34.1 0.999793
34.3 0.999815
34.5 0.999829
34.7 0.999833
34.9 0.999849
35.1 0.999862
35.3 0.999873
35.5 0.999889
35.7 0.999898
35.9 0.999906
36.1 0.999916
36.3 0.999917
36.5 0.999924
36.7 0.999926
36.9 0.999928
37.1 0.99993
37.3 0.999936
37.5 0.999942
37.7 0.999948
37.9 0.999952
38.1 0.999955
38.3 0.999957
38.5 0.999963
38.7 0.999963
38.9 0.999964
39.1 0.999967
39.3 0.999968
39.5 0.999969
39.7 0.999969
39.9 0.999971
40.1 0.999973
40.3 0.999976
40.5 0.999976
40.7 0.999977
40.9 0.999979
41.1 0.99998
41.3 0.999981
41.5 0.999983
41.7 0.999983
41.9 0.999984
42.1 0.999984
42.3 0.999985
42.5 0.999985
42.7 0.999985
42.9 0.999987
43.1 0.999987
43.3 0.999987
43.5 0.999988
43.7 0.999988
43.9 0.999989
44.1 0.999989
44.3 0.999989
44.5 0.999989
44.7 0.999989
44.9 0.999989
45.1 0.999989
45.3 0.999991
45.5 0.999991
45.7 0.999991
45.9 0.999991
46.1 0.999991
46.3 0.999992
46.5 0.999992
46.7 0.999992
46.9 0.999992
47.1 0.999992
47.3 0.999993
47.5 0.999993
47.7 0.999993
47.9 0.999993
48.1 0.999993
48.3 0.999993
48.5 0.999993
48.7 0.999993
48.9 0.999996
49.1 0.999996
49.3 0.999999
49.5 0.999999
49.7 1
