-1589.9 0
-1589.7 2
-1589.5 1
-1589.3 1
-1589.1 0
-1588.9 2
-1588.7 1
-1588.5 1
-1588.3 0
-1588.1 3
-1587.9 0
-1587.7 2
-1587.5 3
-1587.3 1
-1587.1 1
-1586.9 2
-1586.7 1
-1586.5 2
-1586.3 3
-1586.1 4
-1585.9 1
-1585.7 0
-1585.5 0
-1585.3 3
-1585.1 5
-1584.9 0
-1584.7 0
-1584.5 3
-1584.3 1
-1584.1 0
-1583.9 1
-1583.7 2
-1583.5 1
-1583.3 0
-1583.1 2
-1582.9 2
-1582.7 1
-1582.5 2
-1582.3 0
-1582.1 0
-1581.9 2
-1581.7 2
-1581.5 4
-1581.3 3
-1581.1 1
-1580.9 0
-1580.7 1
-1580.5 3
-1580.3 2
-1580.1 1
-1579.9 1
-1579.7 2
-1579.5 2
-1579.3 1
-1579.1 0
-1578.9 1
-1578.7 0
-1578.5 3
-1578.3 2
-1578.1 1
-1577.9 2
-1577.7 1
-1577.5 3
-1577.3 1
-1577.1 2
-1576.9 0
-1576.7 1
-1576.5 1
-1576.3 0
-1576.1 1
-1575.9 1
-1575.7 0
-1575.5 4
-1575.3 2
-1575.1 0
-1574.9 1
-1574.7 2
-1574.5 2
-1574.3 1
-1574.1 3
-1573.9 1
-1573.7 1
-1573.5 1
-1573.3 3
-1573.1 0
-1572.9 2
-1572.7 0
-1572.5 3
-1572.3 1
-1572.1 3
-1571.9 2
-1571.7 3
-1571.5 2
-1571.3 1
-1571.1 1
-1570.9 2
-1570.7 0
-1570.5 1
-1570.3 0
-1570.1 0
-1569.9 1
-1569.7 1
-1569.5 1
-1569.3 0
-1569.1 3
-1568.9 0
-1568.7 3
-1568.5 1
-1568.3 0
-1568.1 1
-1567.9 0
-1567.7 2
-1567.5 2
-1567.3 0
-1567.1 1
-1566.9 0
-1566.7 0
-1566.5 0
-1566.3 0
-1566.1 1
-1565.9 1
-1565.7 2
-1565.5 3
-1565.3 2
-1565.1 1
-1564.9 2
-1564.7 2
-1564.5 1
-1564.3 1
-1564.1 0
-1563.9 2
-1563.7 0
-1563.5 3
-1563.3 3
-1563.1 0
-1562.9 3
-1562.7 2
-1562.5 0
-1562.3 1
-1562.1 4
-1561.9 2
-1561.7 2
-1561.5 6
-1561.3 3
-1561.1 4
-1560.9 9
-1560.7 8
-1560.5 8
-1560.3 10
-1560.1 10
-1559.9 11
-1559.7 5
-1559.5 12
-1559.3 17
-1559.1 17
-1558.9 16
-1558.7 21
-1558.5 19
-1558.3 35
-1558.1 29
-1557.9 24
-1557.7 32
-1557.5 35
-1557.3 40
-1557.1 56
-1556.9 54
-1556.7 47
-1556.5 78
-1556.3 73
-1556.1 76
-1555.9 73
-1555.7 92
-1555.5 89
-1555.3 95
-1555.1 107
-1554.9 113
-1554.7 101
-1554.5 134
-1554.3 117
-1554.1 126
-1553.9 135
-1553.7 136
-1553.5 155
-1553.3 138
-1553.1 156
-1552.9 152
-1552.7 189
-1552.5 196
-1552.3 180
-1552.1 194
-1551.9 239
-1551.7 198
-1551.5 183
-1551.3 193
-1551.1 188
-1550.9 218
-1550.7 191
-1550.5 195
-1550.3 226
-1550.1 214
-1549.9 241
-1549.7 217
-1549.5 199
-1549.3 225
-1549.1 205
-1548.9 230
-1548.7 217
-1548.5 201
-1548.3 232
-1548.1 207
-1547.9 226
-1547.7 211
-1547.5 223
-1547.3 208
-1547.1 226
-1546.9 229
-1546.7 205
-1546.5 226
-1546.3 209
-1546.1 198
-1545.9 200
-1545.7 195
-1545.5 198
-1545.3 211
-1545.1 200
-1544.9 187
-1544.7 180
-1544.5 211
-1544.3 196
-1544.1 148
-1543.9 197
-1543.7 171
-1543.5 184
-1543.3 158
-1543.1 166
-1542.9 184
-1542.7 207
-1542.5 186
-1542.3 205
-1542.1 192
-1541.9 156
-1541.7 182
-1541.5 157
-1541.3 169
-1541.1 172
-1540.9 163
-1540.7 180
-1540.5 150
-1540.3 177
-1540.1 174
-1539.9 165
-1539.7 170
-1539.5 185
-1539.3 172
-1539.1 155
-1538.9 175
-1538.7 162
-1538.5 160
-1538.3 179
-1538.1 147
-1537.9 176
-1537.7 156
-1537.5 164
-1537.3 158
-1537.1 164
-1536.9 143
-1536.7 147
-1536.5 142
-1536.3 154
-1536.1 162
-1535.9 136
-1535.7 166
-1535.5 152
-1535.3 150
-1535.1 171
-1534.9 165
-1534.7 158
-1534.5 139
-1534.3 150
-1534.1 148
-1533.9 129
-1533.7 165
-1533.5 138
-1533.3 149
-1533.1 119
-1532.9 132
-1532.7 155
-1532.5 140
-1532.3 151
-1532.1 144
-1531.9 133
-1531.7 179
-1531.5 163
-1531.3 150
-1531.1 135
-1530.9 141
-1530.7 157
-1530.5 153
-1530.3 135
-1530.1 161
-1529.9 143
-1529.7 132
-1529.5 132
-1529.3 144
-1529.1 144
-1528.9 149
-1528.7 142
-1528.5 147
-1528.3 140
-1528.1 139
-1527.9 145
-1527.7 155
-1527.5 137
-1527.3 139
-1527.1 136
-1526.9 129
-1526.7 132
-1526.5 134
-1526.3 142
-1526.1 150
-1525.9 156
-1525.7 148
-1525.5 136
-1525.3 130
-1525.1 155
-1524.9 145
-1524.7 142
-1524.5 119
-1524.3 143
-1524.1 130
-1523.9 151
-1523.7 120
-1523.5 141
-1523.3 135
-1523.1 139
-1522.9 118
-1522.7 129
-1522.5 134
-1522.3 135
-1522.1 124
-1521.9 125
-1521.7 144
-1521.5 137
-1521.3 130
-1521.1 124
-1520.9 124
-1520.7 143
-1520.5 131
-1520.3 119
-1520.1 135
-1519.9 137
-1519.7 145
-1519.5 151
-1519.3 143
-1519.1 131
-1518.9 141
-1518.7 128
-1518.5 131
-1518.3 151
-1518.1 131
-1517.9 123
-1517.7 126
-1517.5 143
-1517.3 153
-1517.1 130
-1516.9 123
-1516.7 141
-1516.5 134
-1516.3 129
-1516.1 140
-1515.9 127
-1515.7 159
-1515.5 135
-1515.3 132
-1515.1 133
-1514.9 138
-1514.7 153
-1514.5 131
-1514.3 146
-1514.1 151
-1513.9 130
-1513.7 141
-1513.5 133
-1513.3 124
-1513.1 147
-1512.9 146
-1512.7 137
-1512.5 130
-1512.3 131
-1512.1 146
-1511.9 116
-1511.7 149
-1511.5 141
-1511.3 124
-1511.1 118
-1510.9 155
-1510.7 126
-1510.5 139
-1510.3 131
-1510.1 154
-1509.9 155
-1509.7 104
-1509.5 156
-1509.3 127
-1509.1 127
-1508.9 127
-1508.7 135
-1508.5 130
-1508.3 126
-1508.1 100
-1507.9 117
-1507.7 118
-1507.5 126
-1507.3 130
-1507.1 127
-1506.9 116
-1506.7 122
-1506.5 107
-1506.3 116
-1506.1 116
-1505.9 113
-1505.7 129
-1505.5 112
-1505.3 125
-1505.1 112
-1504.9 111
-1504.7 111
-1504.5 119
-1504.3 128
-1504.1 130
-1503.9 114
-1503.7 137
-1503.5 113
-1503.3 125
-1503.1 118
-1502.9 131
-1502.7 126
-1502.5 136
-1502.3 119
-1502.1 118
-1501.9 134
-1501.7 131
-1501.5 138
-1501.3 131
-1501.1 127
-1500.9 112
-1500.7 113
-1500.5 132
-1500.3 152
-1500.1 124
-1499.9 140
-1499.7 131
-1499.5 134
-1499.3 139
-1499.1 139
-1498.9 138
-1498.7 141
-1498.5 142
-1498.3 162
-1498.1 127
-1497.9 131
-1497.7 142
-1497.5 111
-1497.3 126
-1497.1 148
-1496.9 127
-1496.7 132
-1496.5 129
-1496.3 133
-1496.1 117
-1495.9 118
-1495.7 137
-1495.5 125
-1495.3 113
-1495.1 104
-1494.9 135
-1494.7 110
-1494.5 132
-1494.3 104
-1494.1 114
-1493.9 133
-1493.7 133
-1493.5 119
-1493.3 107
-1493.1 146
-1492.9 114
-1492.7 113
-1492.5 107
-1492.3 125
-1492.1 118
-1491.9 121
-1491.7 119
-1491.5 128
-1491.3 143
-1491.1 127
-1490.9 134
-1490.7 125
-1490.5 114
-1490.3 135
-1490.1 132
-1489.9 124
-1489.7 101
-1489.5 127
-1489.3 134
-1489.1 124
-1488.9 122
-1488.7 134
-1488.5 134
-1488.3 137
-1488.1 122
-1487.9 117
-1487.7 120
-1487.5 128
-1487.3 124
-1487.1 107
-1486.9 124
-1486.7 127
-1486.5 130
-1486.3 132
-1486.1 112
-1485.9 123
-1485.7 149
-1485.5 129
-1485.3 129
-1485.1 126
-1484.9 129
-1484.7 134
-1484.5 125
-1484.3 123
-1484.1 149
-1483.9 117
-1483.7 146
-1483.5 132
-1483.3 131
-1483.1 156
-1482.9 155
-1482.7 126
-1482.5 124
-1482.3 139
-1482.1 127
-1481.9 145
-1481.7 119
-1481.5 123
-1481.3 132
-1481.1 131
-1480.9 134
-1480.7 144
-1480.5 135
-1480.3 141
-1480.1 129
-1479.9 127
-1479.7 114
-1479.5 145
-1479.3 155
-1479.1 144
-1478.9 121
-1478.7 129
-1478.5 139
-1478.3 119
-1478.1 129
-1477.9 141
-1477.7 145
-1477.5 133
-1477.3 103
-1477.1 113
-1476.9 112
-1476.7 123
-1476.5 117
-1476.3 114
-1476.1 128
-1475.9 127
-1475.7 116
-1475.5 120
-1475.3 145
-1475.1 121
-1474.9 126
-1474.7 132
-1474.5 123
-1474.3 123
-1474.1 134
-1473.9 134
-1473.7 148
-1473.5 121
-1473.3 125
-1473.1 136
-1472.9 146
-1472.7 139
-1472.5 118
-1472.3 136
-1472.1 126
-1471.9 122
-1471.7 122
-1471.5 114
-1471.3 128
-1471.1 131
-1470.9 113
-1470.7 115
-1470.5 119
-1470.3 125
-1470.1 113
-1469.9 117
-1469.7 122
-1469.5 110
-1469.3 119
-1469.1 116
-1468.9 113
-1468.7 144
-1468.5 108
-1468.3 130
-1468.1 118
-1467.9 124
-1467.7 141
-1467.5 130
-1467.3 136
-1467.1 135
-1466.9 134
-1466.7 123
-1466.5 119
-1466.3 135
-1466.1 131
-1465.9 150
-1465.7 131
-1465.5 135
-1465.3 128
-1465.1 134
-1464.9 126
-1464.7 145
-1464.5 155
-1464.3 133
-1464.1 146
-1463.9 126
-1463.7 132
-1463.5 133
-1463.3 151
-1463.1 123
-1462.9 141
-1462.7 119
-1462.5 119
-1462.3 133
-1462.1 139
-1461.9 141
-1461.7 101
-1461.5 113
-1461.3 131
-1461.1 111
-1460.9 127
-1460.7 120
-1460.5 134
-1460.3 117
-1460.1 117
-1459.9 143
-1459.7 114
-1459.5 118
-1459.3 139
-1459.1 107
-1458.9 99
-1458.7 112
-1458.5 132
-1458.3 111
-1458.1 125
-1457.9 148
-1457.7 122
-1457.5 131
-1457.3 125
-1457.1 136
-1456.9 132
-1456.7 120
-1456.5 145
-1456.3 124
-1456.1 120
-1455.9 142
-1455.7 137
-1455.5 129
-1455.3 127
-1455.1 131
-1454.9 128
-1454.7 132
-1454.5 127
-1454.3 126
-1454.1 119
-1453.9 119
-1453.7 130
-1453.5 129
-1453.3 148
-1453.1 130
-1452.9 149
-1452.7 129
-1452.5 109
-1452.3 134
-1452.1 114
-1451.9 130
-1451.7 125
-1451.5 153
-1451.3 127
-1451.1 114
-1450.9 134
-1450.7 137
-1450.5 135
-1450.3 132
-1450.1 138
-1449.9 132
-1449.7 137
-1449.5 119
-1449.3 122
-1449.1 130
-1448.9 142
-1448.7 124
-1448.5 155
-1448.3 131
-1448.1 132
-1447.9 131
-1447.7 144
-1447.5 110
-1447.3 130
-1447.1 118
-1446.9 113
-1446.7 127
-1446.5 138
-1446.3 116
-1446.1 128
-1445.9 123
-1445.7 145
-1445.5 125
-1445.3 131
-1445.1 115
-1444.9 135
-1444.7 126
-1444.5 121
-1444.3 139
-1444.1 140
-1443.9 112
-1443.7 120
-1443.5 132
-1443.3 130
-1443.1 130
-1442.9 122
-1442.7 127
-1442.5 114
-1442.3 125
-1442.1 129
-1441.9 118
-1441.7 149
-1441.5 129
-1441.3 110
-1441.1 139
-1440.9 103
-1440.7 130
-1440.5 145
-1440.3 138
-1440.1 143
-1439.9 131
-1439.7 131
-1439.5 117
-1439.3 121
-1439.1 108
-1438.9 129
-1438.7 108
-1438.5 112
-1438.3 128
-1438.1 118
-1437.9 113
-1437.7 125
-1437.5 129
-1437.3 115
-1437.1 130
-1436.9 127
-1436.7 103
-1436.5 128
-1436.3 134
-1436.1 121
-1435.9 123
-1435.7 117
-1435.5 140
-1435.3 152
-1435.1 133
-1434.9 138
-1434.7 109
-1434.5 129
-1434.3 122
-1434.1 135
-1433.9 121
-1433.7 132
-1433.5 125
-1433.3 116
-1433.1 132
-1432.9 138
-1432.7 124
-1432.5 138
-1432.3 130
-1432.1 133
-1431.9 141
-1431.7 126
-1431.5 148
-1431.3 125
-1431.1 108
-1430.9 136
-1430.7 128
-1430.5 161
-1430.3 119
-1430.1 164
-1429.9 138
-1429.7 139
-1429.5 131
-1429.3 112
-1429.1 133
-1428.9 135
-1428.7 128
-1428.5 136
-1428.3 128
-1428.1 129
-1427.9 110
-1427.7 132
-1427.5 124
-1427.3 123
-1427.1 123
-1426.9 122
-1426.7 153
-1426.5 139
-1426.3 123
-1426.1 133
-1425.9 132
-1425.7 133
-1425.5 133
-1425.3 134
-1425.1 143
-1424.9 139
-1424.7 116
-1424.5 115
-1424.3 127
-1424.1 139
-1423.9 126
-1423.7 118
-1423.5 123
-1423.3 124
-1423.1 126
-1422.9 136
-1422.7 117
-1422.5 146
-1422.3 128
-1422.1 113
-1421.9 118
-1421.7 151
-1421.5 118
-1421.3 122
-1421.1 111
-1420.9 119
-1420.7 129
-1420.5 128
-1420.3 131
-1420.1 130
-1419.9 126
-1419.7 111
-1419.5 156
-1419.3 104
-1419.1 147
-1418.9 121
-1418.7 122
-1418.5 116
-1418.3 124
-1418.1 130
-1417.9 122
-1417.7 127
-1417.5 135
-1417.3 135
-1417.1 145
-1416.9 128
-1416.7 151
-1416.5 134
-1416.3 118
-1416.1 132
-1415.9 133
-1415.7 143
-1415.5 108
-1415.3 118
-1415.1 125
-1414.9 137
-1414.7 119
-1414.5 144
-1414.3 114
-1414.1 117
-1413.9 102
-1413.7 140
-1413.5 138
-1413.3 133
-1413.1 117
-1412.9 133
-1412.7 132
-1412.5 153
-1412.3 125
-1412.1 143
-1411.9 138
-1411.7 137
-1411.5 129
-1411.3 153
-1411.1 124
-1410.9 134
-1410.7 145
-1410.5 117
-1410.3 119
-1410.1 154
-1409.9 126
-1409.7 115
-1409.5 132
-1409.3 149
-1409.1 126
-1408.9 121
-1408.7 142
-1408.5 127
-1408.3 118
-1408.1 133
-1407.9 130
-1407.7 132
-1407.5 136
-1407.3 116
-1407.1 146
-1406.9 138
-1406.7 123
-1406.5 128
-1406.3 137
-1406.1 128
-1405.9 141
-1405.7 124
-1405.5 123
-1405.3 113
-1405.1 132
-1404.9 100
-1404.7 135
-1404.5 154
-1404.3 118
-1404.1 138
-1403.9 103
-1403.7 114
-1403.5 124
-1403.3 143
-1403.1 138
-1402.9 124
-1402.7 125
-1402.5 124
-1402.3 96
-1402.1 137
-1401.9 133
-1401.7 138
-1401.5 126
-1401.3 133
-1401.1 124
-1400.9 133
-1400.7 124
-1400.5 147
-1400.3 139
-1400.1 134
-1399.9 124
-1399.7 124
-1399.5 133
-1399.3 126
-1399.1 124
-1398.9 135
-1398.7 107
-1398.5 123
-1398.3 108
-1398.1 142
-1397.9 129
-1397.7 127
-1397.5 131
-1397.3 115
-1397.1 120
-1396.9 123
-1396.7 126
-1396.5 136
-1396.3 123
-1396.1 136
-1395.9 125
-1395.7 127
-1395.5 139
-1395.3 120
-1395.1 119
-1394.9 111
-1394.7 120
-1394.5 118
-1394.3 126
-1394.1 119
-1393.9 112
-1393.7 108
-1393.5 111
-1393.3 138
-1393.1 125
-1392.9 126
-1392.7 136
-1392.5 136
-1392.3 133
-1392.1 135
-1391.9 127
-1391.7 124
-1391.5 150
-1391.3 129
-1391.1 133
-1390.9 114
-1390.7 116
-1390.5 141
-1390.3 136
-1390.1 120
-1389.9 128
-1389.7 117
-1389.5 141
-1389.3 113
-1389.1 125
-1388.9 130
-1388.7 125
-1388.5 110
-1388.3 120
-1388.1 125
-1387.9 136
-1387.7 147
-1387.5 158
-1387.3 136
-1387.1 132
-1386.9 136
-1386.7 146
-1386.5 150
-1386.3 131
-1386.1 133
-1385.9 123
-1385.7 153
-1385.5 141
-1385.3 144
-1385.1 144
-1384.9 135
-1384.7 148
-1384.5 132
-1384.3 128
-1384.1 128
-1383.9 127
-1383.7 119
-1383.5 136
-1383.3 130
-1383.1 139
-1382.9 116
-1382.7 123
-1382.5 135
-1382.3 131
-1382.1 121
-1381.9 119
-1381.7 126
-1381.5 115
-1381.3 126
-1381.1 124
-1380.9 128
-1380.7 136
-1380.5 147
-1380.3 127
-1380.1 127
-1379.9 113
-1379.7 120
-1379.5 129
-1379.3 120
-1379.1 122
-1378.9 108
-1378.7 126
-1378.5 129
-1378.3 135
-1378.1 119
-1377.9 99
-1377.7 123
-1377.5 121
-1377.3 140
-1377.1 102
-1376.9 112
-1376.7 104
-1376.5 112
-1376.3 121
-1376.1 136
-1375.9 127
-1375.7 128
-1375.5 139
-1375.3 129
-1375.1 129
-1374.9 127
-1374.7 129
-1374.5 134
-1374.3 135
-1374.1 129
-1373.9 123
-1373.7 120
-1373.5 136
-1373.3 111
-1373.1 138
-1372.9 147
-1372.7 124
-1372.5 126
-1372.3 149
-1372.1 121
-1371.9 131
-1371.7 116
-1371.5 132
-1371.3 130
-1371.1 122
-1370.9 140
-1370.7 141
-1370.5 136
-1370.3 133
-1370.1 126
-1369.9 129
-1369.7 136
-1369.5 128
-1369.3 136
-1369.1 103
-1368.9 148
-1368.7 117
-1368.5 122
-1368.3 120
-1368.1 128
-1367.9 121
-1367.7 130
-1367.5 130
-1367.3 141
-1367.1 132
-1366.9 145
-1366.7 114
-1366.5 133
-1366.3 130
-1366.1 145
-1365.9 119
-1365.7 127
-1365.5 135
-1365.3 126
-1365.1 111
-1364.9 153
-1364.7 117
-1364.5 111
-1364.3 130
-1364.1 110
-1363.9 145
-1363.7 123
-1363.5 141
-1363.3 102
-1363.1 125
-1362.9 131
-1362.7 120
-1362.5 128
-1362.3 141
-1362.1 125
-1361.9 115
-1361.7 139
-1361.5 114
-1361.3 116
-1361.1 119
-1360.9 139
-1360.7 109
-1360.5 137
-1360.3 134
-1360.1 116
-1359.9 130
-1359.7 126
-1359.5 105
-1359.3 116
-1359.1 114
-1358.9 134
-1358.7 143
-1358.5 126
-1358.3 133
-1358.1 105
-1357.9 120
-1357.7 137
-1357.5 142
-1357.3 154
-1357.1 118
-1356.9 111
-1356.7 135
-1356.5 117
-1356.3 126
-1356.1 122
-1355.9 104
-1355.7 118
-1355.5 112
-1355.3 116
-1355.1 137
-1354.9 131
-1354.7 138
-1354.5 134
-1354.3 124
-1354.1 112
-1353.9 124
-1353.7 121
-1353.5 126
-1353.3 130
-1353.1 118
-1352.9 124
-1352.7 138
-1352.5 131
-1352.3 111
-1352.1 126
-1351.9 130
-1351.7 135
-1351.5 109
-1351.3 125
-1351.1 127
-1350.9 122
-1350.7 128
-1350.5 158
-1350.3 130
-1350.1 125
-1349.9 115
-1349.7 123
-1349.5 137
-1349.3 112
-1349.1 103
-1348.9 109
-1348.7 126
-1348.5 111
-1348.3 103
-1348.1 107
-1347.9 118
-1347.7 122
-1347.5 99
-1347.3 122
-1347.1 97
-1346.9 93
-1346.7 114
-1346.5 112
-1346.3 120
-1346.1 100
-1345.9 95
-1345.7 105
-1345.5 104
-1345.3 117
-1345.1 102
-1344.9 93
-1344.7 115
-1344.5 92
-1344.3 75
-1344.1 105
-1343.9 99
-1343.7 101
-1343.5 95
-1343.3 100
-1343.1 103
-1342.9 94
-1342.7 88
-1342.5 101
-1342.3 94
-1342.1 80
-1341.9 85
-1341.7 69
-1341.5 72
-1341.3 78
-1341.1 80
-1340.9 68
-1340.7 90
-1340.5 81
-1340.3 82
-1340.1 71
-1339.9 73
-1339.7 69
-1339.5 74
-1339.3 84
-1339.1 62
-1338.9 65
-1338.7 74
-1338.5 83
-1338.3 60
-1338.1 59
-1337.9 70
-1337.7 84
-1337.5 62
-1337.3 63
-1337.1 63
-1336.9 45
-1336.7 52
-1336.5 67
-1336.3 52
-1336.1 60
-1335.9 63
-1335.7 48
-1335.5 42
-1335.3 48
-1335.1 69
-1334.9 61
-1334.7 54
-1334.5 58
-1334.3 54
-1334.1 56
-1333.9 40
-1333.7 38
-1333.5 45
-1333.3 36
-1333.1 51
-1332.9 56
-1332.7 42
-1332.5 44
-1332.3 49
-1332.1 40
-1331.9 39
-1331.7 42
-1331.5 44
-1331.3 39
-1331.1 38
-1330.9 32
-1330.7 41
-1330.5 41
-1330.3 41
-1330.1 47
-1329.9 35
-1329.7 30
-1329.5 21
-1329.3 27
-1329.1 39
-1328.9 39
-1328.7 41
-1328.5 35
-1328.3 40
-1328.1 30
-1327.9 26
-1327.7 25
-1327.5 40
-1327.3 27
-1327.1 26
-1326.9 27
-1326.7 33
-1326.5 27
-1326.3 33
-1326.1 26
-1325.9 27
-1325.7 23
-1325.5 23
-1325.3 25
-1325.1 27
-1324.9 24
-1324.7 15
-1324.5 16
-1324.3 22
-1324.1 14
-1323.9 20
-1323.7 14
-1323.5 27
-1323.3 15
-1323.1 13
-1322.9 14
-1322.7 11
-1322.5 19
-1322.3 12
-1322.1 16
-1321.9 11
-1321.7 13
-1321.5 14
-1321.3 9
-1321.1 16
-1320.9 10
-1320.7 12
-1320.5 12
-1320.3 10
-1320.1 5
-1319.9 6
-1319.7 8
-1319.5 12
-1319.3 4
-1319.1 15
-1318.9 9
-1318.7 5
-1318.5 10
-1318.3 10
-1318.1 7
-1317.9 6
-1317.7 5
-1317.5 3
-1317.3 4
-1317.1 4
-1316.9 3
-1316.7 6
-1316.5 5
-1316.3 6
-1316.1 4
-1315.9 4
-1315.7 3
-1315.5 6
-1315.3 2
-1315.1 1
-1314.9 4
-1314.7 3
-1314.5 1
-1314.3 4
-1314.1 5
-1313.9 4
-1313.7 3
-1313.5 5
-1313.3 1
-1313.1 1
-1312.9 0
-1312.7 5
-1312.5 1
-1312.3 2
-1312.1 3
-1311.9 0
-1311.7 2
-1311.5 4
-1311.3 1
-1311.1 3
-1310.9 2
-1310.7 0
-1310.5 2
-1310.3 2
-1310.1 1
-1309.9 1
-1309.7 1
-1309.5 2
-1309.3 2
-1309.1 1
-1308.9 1
-1308.7 0
-1308.5 1
-1308.3 3
-1308.1 0
-1307.9 0
-1307.7 3
-1307.5 1
-1307.3 2
-1307.1 0
-1306.9 1
-1306.7 1
-1306.5 2
-1306.3 1
-1306.1 1
-1305.9 0
-1305.7 1
-1305.5 3
-1305.3 3
-1305.1 0
-1304.9 3
-1304.7 2
-1304.5 3
-1304.3 0
-1304.1 2
-1303.9 1
-1303.7 2
-1303.5 0
-1303.3 1
-1303.1 3
-1302.9 2
-1302.7 2
-1302.5 0
-1302.3 2
-1302.1 3
-1301.9 0
-1301.7 5
-1301.5 0
-1301.3 2
-1301.1 0
-1300.9 3
-1300.7 2
-1300.5 1
-1300.3 5
-1300.1 2
