-1589.9 0
-1589.7 4
-1589.5 2
-1589.3 4
-1589.1 1
-1588.9 1
-1588.7 1
-1588.5 1
-1588.3 0
-1588.1 1
-1587.9 1
-1587.7 2
-1587.5 1
-1587.3 0
-1587.1 1
-1586.9 0
-1586.7 1
-1586.5 0
-1586.3 2
-1586.1 2
-1585.9 0
-1585.7 1
-1585.5 2
-1585.3 0
-1585.1 1
-1584.9 1
-1584.7 1
-1584.5 1
-1584.3 1
-1584.1 2
-1583.9 1
-1583.7 1
-1583.5 1
-1583.3 2
-1583.1 1
-1582.9 2
-1582.7 2
-1582.5 0
-1582.3 1
-1582.1 1
-1581.9 1
-1581.7 0
-1581.5 0
-1581.3 1
-1581.1 0
-1580.9 1
-1580.7 3
-1580.5 1
-1580.3 2
-1580.1 1
-1579.9 2
-1579.7 3
-1579.5 1
-1579.3 4
-1579.1 3
-1578.9 2
-1578.7 0
-1578.5 1
-1578.3 3
-1578.1 0
-1577.9 1
-1577.7 1
-1577.5 0
-1577.3 1
-1577.1 1
-1576.9 3
-1576.7 3
-1576.5 2
-1576.3 3
-1576.1 2
-1575.9 3
-1575.7 1
-1575.5 5
-1575.3 4
-1575.1 4
-1574.9 4
-1574.7 4
-1574.5 4
-1574.3 3
-1574.1 3
-1573.9 5
-1573.7 7
-1573.5 3
-1573.3 7
-1573.1 8
-1572.9 7
-1572.7 5
-1572.5 16
-1572.3 10
-1572.1 20
-1571.9 15
-1571.7 15
-1571.5 21
-1571.3 20
-1571.1 20
-1570.9 17
-1570.7 29
-1570.5 23
-1570.3 30
-1570.1 32
-1569.9 38
-1569.7 34
-1569.5 30
-1569.3 39
-1569.1 46
-1568.9 58
-1568.7 44
-1568.5 61
-1568.3 41
-1568.1 56
-1567.9 57
-1567.7 76
-1567.5 63
-1567.3 66
-1567.1 85
-1566.9 95
-1566.7 100
-1566.5 88
-1566.3 101
-1566.1 104
-1565.9 98
-1565.7 101
-1565.5 119
-1565.3 126
-1565.1 138
-1564.9 122
-1564.7 133
-1564.5 128
-1564.3 153
-1564.1 163
-1563.9 153
-1563.7 176
-1563.5 185
-1563.3 151
-1563.1 159
-1562.9 190
-1562.7 168
-1562.5 195
-1562.3 182
-1562.1 194
-1561.9 173
-1561.7 216
-1561.5 206
-1561.3 183
-1561.1 197
-1560.9 214
-1560.7 203
-1560.5 206
-1560.3 199
-1560.1 197
-1559.9 216
-1559.7 207
-1559.5 199
-1559.3 214
-1559.1 198
-1558.9 212
-1558.7 222
-1558.5 227
-1558.3 194
-1558.1 188
-1557.9 221
-1557.7 232
-1557.5 211
-1557.3 171
-1557.1 196
-1556.9 199
-1556.7 199
-1556.5 196
-1556.3 177
-1556.1 214
-1555.9 197
-1555.7 217
-1555.5 201
-1555.3 172
-1555.1 183
-1554.9 211
-1554.7 199
-1554.5 177
-1554.3 197
-1554.1 204
-1553.9 200
-1553.7 188
-1553.5 192
-1553.3 181
-1553.1 189
-1552.9 217
-1552.7 196
-1552.5 191
-1552.3 187
-1552.1 164
-1551.9 203
-1551.7 161
-1551.5 186
-1551.3 180
-1551.1 156
-1550.9 154
-1550.7 166
-1550.5 163
-1550.3 172
-1550.1 145
-1549.9 159
-1549.7 180
-1549.5 176
-1549.3 167
-1549.1 167
-1548.9 172
-1548.7 146
-1548.5 162
-1548.3 156
-1548.1 124
-1547.9 157
-1547.7 157
-1547.5 183
-1547.3 175
-1547.1 142
-1546.9 147
-1546.7 165
-1546.5 169
-1546.3 135
-1546.1 161
-1545.9 165
-1545.7 131
-1545.5 156
-1545.3 151
-1545.1 170
-1544.9 155
-1544.7 141
-1544.5 173
-1544.3 158
-1544.1 151
-1543.9 158
-1543.7 153
-1543.5 170
-1543.3 145
-1543.1 151
-1542.9 141
-1542.7 128
-1542.5 155
-1542.3 158
-1542.1 161
-1541.9 148
-1541.7 139
-1541.5 135
-1541.3 118
-1541.1 171
-1540.9 146
-1540.7 153
-1540.5 153
-1540.3 143
-1540.1 159
-1539.9 141
-1539.7 142
-1539.5 147
-1539.3 149
-1539.1 141
-1538.9 143
-1538.7 150
-1538.5 136
-1538.3 132
-1538.1 159
-1537.9 145
-1537.7 145
-1537.5 145
-1537.3 146
-1537.1 152
-1536.9 127
-1536.7 152
-1536.5 141
-1536.3 134
-1536.1 157
-1535.9 156
-1535.7 168
-1535.5 144
-1535.3 140
-1535.1 148
-1534.9 158
-1534.7 120
-1534.5 144
-1534.3 113
-1534.1 155
-1533.9 124
-1533.7 133
-1533.5 150
-1533.3 142
-1533.1 147
-1532.9 125
-1532.7 124
-1532.5 118
-1532.3 147
-1532.1 128
-1531.9 119
-1531.7 129
-1531.5 155
-1531.3 107
-1531.1 144
-1530.9 129
-1530.7 141
-1530.5 146
-1530.3 150
-1530.1 141
-1529.9 145
-1529.7 128
-1529.5 124
-1529.3 129
-1529.1 131
-1528.9 148
-1528.7 125
-1528.5 134
-1528.3 138
-1528.1 134
-1527.9 128
-1527.7 132
-1527.5 136
-1527.3 144
-1527.1 124
-1526.9 134
-1526.7 146
-1526.5 148
-1526.3 132
-1526.1 110
-1525.9 129
-1525.7 132
-1525.5 111
-1525.3 116
-1525.1 105
-1524.9 150
-1524.7 174
-1524.5 131
-1524.3 134
-1524.1 141
-1523.9 139
-1523.7 139
-1523.5 133
-1523.3 134
-1523.1 141
-1522.9 137
-1522.7 153
-1522.5 149
-1522.3 157
-1522.1 140
-1521.9 121
-1521.7 132
-1521.5 130
-1521.3 120
-1521.1 147
-1520.9 117
-1520.7 130
-1520.5 138
-1520.3 117
-1520.1 141
-1519.9 135
-1519.7 147
-1519.5 135
-1519.3 128
-1519.1 134
-1518.9 128
-1518.7 147
-1518.5 133
-1518.3 120
-1518.1 150
-1517.9 121
-1517.7 135
-1517.5 128
-1517.3 133
-1517.1 133
-1516.9 123
-1516.7 126
-1516.5 114
-1516.3 155
-1516.1 135
-1515.9 127
-1515.7 135
-1515.5 135
-1515.3 131
-1515.1 128
-1514.9 137
-1514.7 115
-1514.5 140
-1514.3 126
-1514.1 155
-1513.9 136
-1513.7 130
-1513.5 141
-1513.3 122
-1513.1 130
-1512.9 119
-1512.7 111
-1512.5 123
-1512.3 115
-1512.1 125
-1511.9 128
-1511.7 107
-1511.5 132
-1511.3 131
-1511.1 116
-1510.9 124
-1510.7 112
-1510.5 121
-1510.3 136
-1510.1 138
-1509.9 131
-1509.7 122
-1509.5 124
-1509.3 122
-1509.1 130
-1508.9 147
-1508.7 128
-1508.5 124
-1508.3 153
-1508.1 148
-1507.9 114
-1507.7 122
-1507.5 124
-1507.3 122
-1507.1 133
-1506.9 146
-1506.7 119
-1506.5 128
-1506.3 130
-1506.1 142
-1505.9 163
-1505.7 143
-1505.5 140
-1505.3 139
-1505.1 154
-1504.9 123
-1504.7 152
-1504.5 143
-1504.3 151
-1504.1 129
-1503.9 165
-1503.7 152
-1503.5 148
-1503.3 137
-1503.1 131
-1502.9 161
-1502.7 137
-1502.5 130
-1502.3 105
-1502.1 145
-1501.9 122
-1501.7 138
-1501.5 114
-1501.3 145
-1501.1 126
-1500.9 144
-1500.7 125
-1500.5 148
-1500.3 129
-1500.1 124
-1499.9 106
-1499.7 141
-1499.5 122
-1499.3 122
-1499.1 143
-1498.9 133
-1498.7 135
-1498.5 128
-1498.3 138
-1498.1 134
-1497.9 116
-1497.7 125
-1497.5 138
-1497.3 116
-1497.1 133
-1496.9 121
-1496.7 97
-1496.5 115
-1496.3 127
-1496.1 109
-1495.9 144
-1495.7 129
-1495.5 128
-1495.3 130
-1495.1 106
-1494.9 131
-1494.7 132
-1494.5 126
-1494.3 135
-1494.1 125
-1493.9 110
-1493.7 118
-1493.5 109
-1493.3 113
-1493.1 120
-1492.9 112
-1492.7 126
-1492.5 134
-1492.3 133
-1492.1 129
-1491.9 133
-1491.7 150
-1491.5 126
-1491.3 120
-1491.1 126
-1490.9 138
-1490.7 136
-1490.5 126
-1490.3 128
-1490.1 123
-1489.9 123
-1489.7 122
-1489.5 127
-1489.3 109
-1489.1 156
-1488.9 132
-1488.7 133
-1488.5 143
-1488.3 136
-1488.1 151
-1487.9 125
-1487.7 132
-1487.5 147
-1487.3 126
-1487.1 125
-1486.9 130
-1486.7 124
-1486.5 134
-1486.3 126
-1486.1 102
-1485.9 125
-1485.7 128
-1485.5 143
-1485.3 130
-1485.1 123
-1484.9 147
-1484.7 115
-1484.5 134
-1484.3 135
-1484.1 125
-1483.9 144
-1483.7 118
-1483.5 118
-1483.3 135
-1483.1 119
-1482.9 111
-1482.7 132
-1482.5 124
-1482.3 139
-1482.1 116
-1481.9 130
-1481.7 132
-1481.5 111
-1481.3 149
-1481.1 129
-1480.9 126
-1480.7 122
-1480.5 129
-1480.3 142
-1480.1 168
-1479.9 127
-1479.7 126
-1479.5 115
-1479.3 127
-1479.1 135
-1478.9 136
-1478.7 147
-1478.5 109
-1478.3 126
-1478.1 123
-1477.9 120
-1477.7 132
-1477.5 134
-1477.3 126
-1477.1 114
-1476.9 147
-1476.7 142
-1476.5 132
-1476.3 122
-1476.1 142
-1475.9 147
-1475.7 126
-1475.5 128
-1475.3 127
-1475.1 137
-1474.9 154
-1474.7 143
-1474.5 147
-1474.3 115
-1474.1 151
-1473.9 144
-1473.7 137
-1473.5 130
-1473.3 137
-1473.1 146
-1472.9 126
-1472.7 135
-1472.5 136
-1472.3 152
-1472.1 124
-1471.9 115
-1471.7 124
-1471.5 167
-1471.3 150
-1471.1 98
-1470.9 101
-1470.7 149
-1470.5 148
-1470.3 120
-1470.1 113
-1469.9 123
-1469.7 138
-1469.5 160
-1469.3 113
-1469.1 136
-1468.9 116
-1468.7 117
-1468.5 141
-1468.3 143
-1468.1 136
-1467.9 132
-1467.7 132
-1467.5 134
-1467.3 113
-1467.1 131
-1466.9 131
-1466.7 120
-1466.5 121
-1466.3 112
-1466.1 125
-1465.9 127
-1465.7 115
-1465.5 130
-1465.3 122
-1465.1 134
-1464.9 125
-1464.7 121
-1464.5 113
-1464.3 144
-1464.1 138
-1463.9 120
-1463.7 151
-1463.5 132
-1463.3 124
-1463.1 140
-1462.9 124
-1462.7 114
-1462.5 155
-1462.3 126
-1462.1 135
-1461.9 119
-1461.7 130
-1461.5 129
-1461.3 129
-1461.1 136
-1460.9 125
-1460.7 123
-1460.5 123
-1460.3 117
-1460.1 149
-1459.9 138
-1459.7 129
-1459.5 137
-1459.3 129
-1459.1 111
-1458.9 101
-1458.7 140
-1458.5 124
-1458.3 119
-1458.1 151
-1457.9 151
-1457.7 137
-1457.5 113
-1457.3 122
-1457.1 153
-1456.9 135
-1456.7 128
-1456.5 146
-1456.3 140
-1456.1 142
-1455.9 130
-1455.7 140
-1455.5 123
-1455.3 118
-1455.1 133
-1454.9 131
-1454.7 131
-1454.5 139
-1454.3 126
-1454.1 121
-1453.9 131
-1453.7 142
-1453.5 126
-1453.3 129
-1453.1 127
-1452.9 137
-1452.7 118
-1452.5 123
-1452.3 115
-1452.1 143
-1451.9 114
-1451.7 120
-1451.5 144
-1451.3 112
-1451.1 137
-1450.9 120
-1450.7 134
-1450.5 130
-1450.3 131
-1450.1 143
-1449.9 106
-1449.7 128
-1449.5 128
-1449.3 127
-1449.1 112
-1448.9 138
-1448.7 145
-1448.5 131
-1448.3 135
-1448.1 134
-1447.9 135
-1447.7 137
-1447.5 142
-1447.3 165
-1447.1 128
-1446.9 108
-1446.7 139
-1446.5 149
-1446.3 140
-1446.1 142
-1445.9 134
-1445.7 131
-1445.5 123
-1445.3 121
-1445.1 143
-1444.9 145
-1444.7 124
-1444.5 110
-1444.3 143
-1444.1 136
-1443.9 142
-1443.7 151
-1443.5 125
-1443.3 124
-1443.1 150
-1442.9 126
-1442.7 144
-1442.5 115
-1442.3 142
-1442.1 141
-1441.9 125
-1441.7 131
-1441.5 119
-1441.3 141
-1441.1 135
-1440.9 134
-1440.7 149
-1440.5 127
-1440.3 123
-1440.1 137
-1439.9 125
-1439.7 118
-1439.5 119
-1439.3 123
-1439.1 136
-1438.9 131
-1438.7 138
-1438.5 121
-1438.3 140
-1438.1 128
-1437.9 124
-1437.7 129
-1437.5 129
-1437.3 123
-1437.1 133
-1436.9 127
-1436.7 142
-1436.5 125
-1436.3 131
-1436.1 125
-1435.9 129
-1435.7 133
-1435.5 128
-1435.3 124
-1435.1 125
-1434.9 143
-1434.7 138
-1434.5 129
-1434.3 138
-1434.1 132
-1433.9 131
-1433.7 129
-1433.5 137
-1433.3 132
-1433.1 124
-1432.9 148
-1432.7 136
-1432.5 134
-1432.3 143
-1432.1 117
-1431.9 132
-1431.7 147
-1431.5 126
-1431.3 127
-1431.1 140
-1430.9 122
-1430.7 123
-1430.5 131
-1430.3 132
-1430.1 145
-1429.9 123
-1429.7 128
-1429.5 127
-1429.3 130
-1429.1 121
-1428.9 131
-1428.7 137
-1428.5 160
-1428.3 130
-1428.1 132
-1427.9 139
-1427.7 133
-1427.5 122
-1427.3 118
-1427.1 149
-1426.9 131
-1426.7 137
-1426.5 127
-1426.3 113
-1426.1 128
-1425.9 154
-1425.7 118
-1425.5 124
-1425.3 120
-1425.1 121
-1424.9 121
-1424.7 115
-1424.5 155
-1424.3 130
-1424.1 133
-1423.9 111
-1423.7 115
-1423.5 120
-1423.3 121
-1423.1 122
-1422.9 130
-1422.7 141
-1422.5 124
-1422.3 125
-1422.1 126
-1421.9 121
-1421.7 123
-1421.5 136
-1421.3 110
-1421.1 107
-1420.9 131
-1420.7 136
-1420.5 144
-1420.3 129
-1420.1 135
-1419.9 127
-1419.7 127
-1419.5 117
-1419.3 132
-1419.1 126
-1418.9 132
-1418.7 144
-1418.5 142
-1418.3 132
-1418.1 136
-1417.9 116
-1417.7 126
-1417.5 125
-1417.3 141
-1417.1 136
-1416.9 127
-1416.7 136
-1416.5 132
-1416.3 123
-1416.1 129
-1415.9 146
-1415.7 112
-1415.5 134
-1415.3 117
-1415.1 126
-1414.9 124
-1414.7 112
-1414.5 142
-1414.3 137
-1414.1 124
-1413.9 122
-1413.7 104
-1413.5 109
-1413.3 113
-1413.1 121
-1412.9 133
-1412.7 129
-1412.5 136
-1412.3 119
-1412.1 149
-1411.9 125
-1411.7 131
-1411.5 141
-1411.3 133
-1411.1 135
-1410.9 160
-1410.7 142
-1410.5 125
-1410.3 115
-1410.1 116
-1409.9 131
-1409.7 132
-1409.5 129
-1409.3 140
-1409.1 155
-1408.9 106
-1408.7 122
-1408.5 142
-1408.3 131
-1408.1 136
-1407.9 123
-1407.7 138
-1407.5 117
-1407.3 142
-1407.1 126
-1406.9 124
-1406.7 136
-1406.5 111
-1406.3 128
-1406.1 146
-1405.9 128
-1405.7 142
-1405.5 126
-1405.3 115
-1405.1 121
-1404.9 136
-1404.7 120
-1404.5 117
-1404.3 130
-1404.1 121
-1403.9 121
-1403.7 123
-1403.5 115
-1403.3 128
-1403.1 139
-1402.9 117
-1402.7 144
-1402.5 128
-1402.3 132
-1402.1 124
-1401.9 131
-1401.7 137
-1401.5 114
-1401.3 147
-1401.1 118
-1400.9 132
-1400.7 124
-1400.5 143
-1400.3 137
-1400.1 111
-1399.9 131
-1399.7 126
-1399.5 130
-1399.3 118
-1399.1 118
-1398.9 128
-1398.7 134
-1398.5 135
-1398.3 120
-1398.1 131
-1397.9 157
-1397.7 122
-1397.5 125
-1397.3 127
-1397.1 126
-1396.9 121
-1396.7 129
-1396.5 131
-1396.3 131
-1396.1 160
-1395.9 139
-1395.7 147
-1395.5 140
-1395.3 140
-1395.1 141
-1394.9 139
-1394.7 141
-1394.5 117
-1394.3 142
-1394.1 122
-1393.9 129
-1393.7 138
-1393.5 121
-1393.3 126
-1393.1 144
-1392.9 141
-1392.7 131
-1392.5 139
-1392.3 126
-1392.1 111
-1391.9 114
-1391.7 126
-1391.5 130
-1391.3 117
-1391.1 138
-1390.9 118
-1390.7 145
-1390.5 135
-1390.3 142
-1390.1 140
-1389.9 143
-1389.7 123
-1389.5 124
-1389.3 119
-1389.1 140
-1388.9 116
-1388.7 120
-1388.5 125
-1388.3 106
-1388.1 119
-1387.9 117
-1387.7 156
-1387.5 127
-1387.3 119
-1387.1 124
-1386.9 138
-1386.7 140
-1386.5 135
-1386.3 124
-1386.1 117
-1385.9 137
-1385.7 128
-1385.5 143
-1385.3 151
-1385.1 126
-1384.9 143
-1384.7 123
-1384.5 129
-1384.3 115
-1384.1 129
-1383.9 122
-1383.7 132
-1383.5 117
-1383.3 137
-1383.1 143
-1382.9 123
-1382.7 115
-1382.5 143
-1382.3 111
-1382.1 140
-1381.9 123
-1381.7 111
-1381.5 129
-1381.3 126
-1381.1 128
-1380.9 112
-1380.7 118
-1380.5 122
-1380.3 143
-1380.1 120
-1379.9 132
-1379.7 130
-1379.5 140
-1379.3 131
-1379.1 128
-1378.9 126
-1378.7 143
-1378.5 117
-1378.3 133
-1378.1 131
-1377.9 135
-1377.7 145
-1377.5 133
-1377.3 139
-1377.1 123
-1376.9 136
-1376.7 138
-1376.5 159
-1376.3 133
-1376.1 154
-1375.9 114
-1375.7 126
-1375.5 132
-1375.3 112
-1375.1 110
-1374.9 131
-1374.7 129
-1374.5 123
-1374.3 136
-1374.1 150
-1373.9 116
-1373.7 130
-1373.5 146
-1373.3 143
-1373.1 147
-1372.9 127
-1372.7 123
-1372.5 140
-1372.3 116
-1372.1 142
-1371.9 128
-1371.7 148
-1371.5 129
-1371.3 129
-1371.1 141
-1370.9 134
-1370.7 136
-1370.5 149
-1370.3 145
-1370.1 127
-1369.9 135
-1369.7 143
-1369.5 161
-1369.3 138
-1369.1 120
-1368.9 122
-1368.7 98
-1368.5 123
-1368.3 117
-1368.1 116
-1367.9 138
-1367.7 152
-1367.5 127
-1367.3 140
-1367.1 123
-1366.9 145
-1366.7 108
-1366.5 115
-1366.3 136
-1366.1 135
-1365.9 117
-1365.7 157
-1365.5 120
-1365.3 132
-1365.1 109
-1364.9 130
-1364.7 125
-1364.5 120
-1364.3 123
-1364.1 110
-1363.9 114
-1363.7 122
-1363.5 121
-1363.3 128
-1363.1 111
-1362.9 125
-1362.7 117
-1362.5 115
-1362.3 134
-1362.1 110
-1361.9 129
-1361.7 101
-1361.5 98
-1361.3 123
-1361.1 113
-1360.9 113
-1360.7 106
-1360.5 137
-1360.3 106
-1360.1 103
-1359.9 114
-1359.7 100
-1359.5 101
-1359.3 95
-1359.1 100
-1358.9 95
-1358.7 100
-1358.5 98
-1358.3 104
-1358.1 103
-1357.9 89
-1357.7 122
-1357.5 94
-1357.3 88
-1357.1 101
-1356.9 113
-1356.7 106
-1356.5 109
-1356.3 90
-1356.1 96
-1355.9 94
-1355.7 81
-1355.5 90
-1355.3 99
-1355.1 94
-1354.9 63
-1354.7 75
-1354.5 73
-1354.3 68
-1354.1 73
-1353.9 71
-1353.7 67
-1353.5 71
-1353.3 57
-1353.1 87
-1352.9 70
-1352.7 76
-1352.5 69
-1352.3 68
-1352.1 78
-1351.9 47
-1351.7 77
-1351.5 64
-1351.3 64
-1351.1 72
-1350.9 75
-1350.7 62
-1350.5 65
-1350.3 57
-1350.1 62
-1349.9 82
-1349.7 68
-1349.5 60
-1349.3 67
-1349.1 63
-1348.9 54
-1348.7 71
-1348.5 43
-1348.3 45
-1348.1 42
-1347.9 46
-1347.7 35
-1347.5 42
-1347.3 46
-1347.1 39
-1346.9 50
-1346.7 44
-1346.5 53
-1346.3 39
-1346.1 42
-1345.9 40
-1345.7 35
-1345.5 53
-1345.3 33
-1345.1 47
-1344.9 34
-1344.7 42
-1344.5 47
-1344.3 39
-1344.1 33
-1343.9 25
-1343.7 28
-1343.5 34
-1343.3 38
-1343.1 34
-1342.9 36
-1342.7 34
-1342.5 35
-1342.3 34
-1342.1 28
-1341.9 30
-1341.7 27
-1341.5 20
-1341.3 20
-1341.1 32
-1340.9 22
-1340.7 27
-1340.5 37
-1340.3 27
-1340.1 28
-1339.9 26
-1339.7 19
-1339.5 25
-1339.3 25
-1339.1 33
-1338.9 19
-1338.7 9
-1338.5 16
-1338.3 23
-1338.1 14
-1337.9 24
-1337.7 19
-1337.5 18
-1337.3 11
-1337.1 26
-1336.9 16
-1336.7 14
-1336.5 14
-1336.3 15
-1336.1 13
-1335.9 11
-1335.7 17
-1335.5 11
-1335.3 10
-1335.1 18
-1334.9 14
-1334.7 12
-1334.5 9
-1334.3 8
-1334.1 12
-1333.9 13
-1333.7 8
-1333.5 9
-1333.3 7
-1333.1 9
-1332.9 11
-1332.7 7
-1332.5 5
-1332.3 4
-1332.1 7
-1331.9 7
-1331.7 4
-1331.5 13
-1331.3 4
-1331.1 7
-1330.9 14
-1330.7 5
-1330.5 1
-1330.3 8
-1330.1 4
-1329.9 5
-1329.7 3
-1329.5 4
-1329.3 5
-1329.1 3
-1328.9 2
-1328.7 1
-1328.5 5
-1328.3 7
-1328.1 2
-1327.9 2
-1327.7 3
-1327.5 3
-1327.3 4
-1327.1 7
-1326.9 2
-1326.7 2
-1326.5 1
-1326.3 2
-1326.1 1
-1325.9 1
-1325.7 2
-1325.5 0
-1325.3 4
-1325.1 1
-1324.9 1
-1324.7 4
-1324.5 0
-1324.3 1
-1324.1 4
-1323.9 3
-1323.7 3
-1323.5 3
-1323.3 2
-1323.1 3
-1322.9 0
-1322.7 2
-1322.5 0
-1322.3 1
-1322.1 2
-1321.9 3
-1321.7 2
-1321.5 2
-1321.3 1
-1321.1 1
-1320.9 3
-1320.7 1
-1320.5 2
-1320.3 0
-1320.1 1
-1319.9 1
-1319.7 2
-1319.5 4
-1319.3 0
-1319.1 3
-1318.9 2
-1318.7 2
-1318.5 1
-1318.3 2
-1318.1 1
-1317.9 0
-1317.7 0
-1317.5 1
-1317.3 1
-1317.1 1
-1316.9 2
-1316.7 2
-1316.5 1
-1316.3 0
-1316.1 3
-1315.9 0
-1315.7 1
-1315.5 1
-1315.3 0
-1315.1 4
-1314.9 0
-1314.7 0
-1314.5 3
-1314.3 0
-1314.1 6
-1313.9 0
-1313.7 3
-1313.5 1
-1313.3 0
-1313.1 0
-1312.9 1
-1312.7 2
-1312.5 2
-1312.3 1
-1312.1 3
-1311.9 2
-1311.7 1
-1311.5 2
-1311.3 1
-1311.1 2
-1310.9 1
-1310.7 2
-1310.5 1
-1310.3 1
-1310.1 0
-1309.9 0
-1309.7 2
-1309.5 1
-1309.3 1
-1309.1 0
-1308.9 0
-1308.7 1
-1308.5 1
-1308.3 4
-1308.1 1
-1307.9 2
-1307.7 1
-1307.5 3
-1307.3 1
-1307.1 3
-1306.9 2
-1306.7 0
-1306.5 2
-1306.3 3
-1306.1 1
-1305.9 0
-1305.7 2
-1305.5 4
-1305.3 2
-1305.1 4
-1304.9 1
-1304.7 3
-1304.5 1
-1304.3 5
-1304.1 1
-1303.9 1
-1303.7 3
-1303.5 2
-1303.3 2
-1303.1 1
-1302.9 1
-1302.7 0
-1302.5 1
-1302.3 5
-1302.1 2
-1301.9 3
-1301.7 1
-1301.5 2
-1301.3 4
-1301.1 0
-1300.9 0
-1300.7 1
-1300.5 2
-1300.3 3
-1300.1 2
