-1589.9 0
-1589.7 4
-1589.5 2
-1589.3 3
-1589.1 1
-1588.9 3
-1588.7 0
-1588.5 2
-1588.3 3
-1588.1 1
-1587.9 2
-1587.7 2
-1587.5 3
-1587.3 2
-1587.1 3
-1586.9 0
-1586.7 2
-1586.5 4
-1586.3 3
-1586.1 1
-1585.9 2
-1585.7 2
-1585.5 2
-1585.3 0
-1585.1 2
-1584.9 0
-1584.7 2
-1584.5 2
-1584.3 0
-1584.1 2
-1583.9 3
-1583.7 3
-1583.5 2
-1583.3 0
-1583.1 0
-1582.9 4
-1582.7 2
-1582.5 1
-1582.3 2
-1582.1 0
-1581.9 0
-1581.7 3
-1581.5 1
-1581.3 2
-1581.1 2
-1580.9 1
-1580.7 3
-1580.5 0
-1580.3 3
-1580.1 1
-1579.9 1
-1579.7 1
-1579.5 1
-1579.3 3
-1579.1 4
-1578.9 1
-1578.7 1
-1578.5 4
-1578.3 3
-1578.1 0
-1577.9 2
-1577.7 0
-1577.5 2
-1577.3 1
-1577.1 4
-1576.9 1
-1576.7 2
-1576.5 1
-1576.3 4
-1576.1 0
-1575.9 0
-1575.7 0
-1575.5 1
-1575.3 2
-1575.1 2
-1574.9 0
-1574.7 1
-1574.5 2
-1574.3 0
-1574.1 0
-1573.9 2
-1573.7 1
-1573.5 2
-1573.3 2
-1573.1 0
-1572.9 1
-1572.7 1
-1572.5 1
-1572.3 0
-1572.1 1
-1571.9 1
-1571.7 1
-1571.5 1
-1571.3 0
-1571.1 1
-1570.9 1
-1570.7 1
-1570.5 1
-1570.3 0
-1570.1 1
-1569.9 1
-1569.7 2
-1569.5 2
-1569.3 1
-1569.1 1
-1568.9 2
-1568.7 1
-1568.5 1
-1568.3 0
-1568.1 1
-1567.9 4
-1567.7 0
-1567.5 1
-1567.3 0
-1567.1 0
-1566.9 3
-1566.7 0
-1566.5 1
-1566.3 1
-1566.1 0
-1565.9 1
-1565.7 1
-1565.5 0
-1565.3 1
-1565.1 2
-1564.9 0
-1564.7 0
-1564.5 3
-1564.3 2
-1564.1 0
-1563.9 2
-1563.7 1
-1563.5 3
-1563.3 1
-1563.1 0
-1562.9 3
-1562.7 2
-1562.5 1
-1562.3 2
-1562.1 1
-1561.9 1
-1561.7 1
-1561.5 3
-1561.3 3
-1561.1 3
-1560.9 4
-1560.7 5
-1560.5 5
-1560.3 5
-1560.1 3
-1559.9 3
-1559.7 6
-1559.5 7
-1559.3 7
-1559.1 10
-1558.9 2
-1558.7 12
-1558.5 12
-1558.3 15
-1558.1 15
-1557.9 23
-1557.7 12
-1557.5 15
-1557.3 16
-1557.1 26
-1556.9 33
-1556.7 16
-1556.5 27
-1556.3 33
-1556.1 50
-1555.9 43
-1555.7 46
-1555.5 51
-1555.3 70
-1555.1 65
-1554.9 68
-1554.7 73
-1554.5 74
-1554.3 77
-1554.1 119
-1553.9 106
-1553.7 111
-1553.5 120
-1553.3 113
-1553.1 109
-1552.9 151
-1552.7 145
-1552.5 130
-1552.3 163
-1552.1 162
-1551.9 161
-1551.7 163
-1551.5 190
-1551.3 174
-1551.1 189
-1550.9 188
-1550.7 223
-1550.5 213
-1550.3 205
-1550.1 220
-1549.9 224
-1549.7 219
-1549.5 215
-1549.3 231
-1549.1 234
-1548.9 218
-1548.7 214
-1548.5 234
-1548.3 250
-1548.1 210
-1547.9 216
-1547.7 222
-1547.5 234
-1547.3 211
-1547.1 250
-1546.9 221
-1546.7 235
-1546.5 239
-1546.3 226
-1546.1 183
-1545.9 228
-1545.7 197
-1545.5 210
-1545.3 208
-1545.1 233
-1544.9 190
-1544.7 187
-1544.5 186
-1544.3 203
-1544.1 195
-1543.9 216
-1543.7 202
-1543.5 207
-1543.3 193
-1543.1 152
-1542.9 200
-1542.7 201
-1542.5 171
-1542.3 177
-1542.1 175
-1541.9 172
-1541.7 198
-1541.5 190
-1541.3 185
-1541.1 184
-1540.9 183
-1540.7 165
-1540.5 189
-1540.3 170
-1540.1 176
-1539.9 184
-1539.7 184
-1539.5 176
-1539.3 185
-1539.1 154
-1538.9 162
-1538.7 180
-1538.5 157
-1538.3 178
-1538.1 160
-1537.9 163
-1537.7 165
-1537.5 163
-1537.3 152
-1537.1 134
-1536.9 149
-1536.7 161
-1536.5 157
-1536.3 134
-1536.1 165
-1535.9 167
-1535.7 149
-1535.5 160
-1535.3 165
-1535.1 164
-1534.9 171
-1534.7 156
-1534.5 157
-1534.3 140
-1534.1 159
-1533.9 141
-1533.7 134
-1533.5 131
-1533.3 151
-1533.1 163
-1532.9 144
-1532.7 127
-1532.5 167
-1532.3 155
-1532.1 142
-1531.9 142
-1531.7 133
-1531.5 155
-1531.3 144
-1531.1 143
-1530.9 155
-1530.7 146
-1530.5 141
-1530.3 121
-1530.1 159
-1529.9 124
-1529.7 141
-1529.5 148
-1529.3 127
-1529.1 142
-1528.9 139
-1528.7 147
-1528.5 133
-1528.3 138
-1528.1 133
-1527.9 154
-1527.7 155
-1527.5 143
-1527.3 142
-1527.1 134
-1526.9 136
-1526.7 129
-1526.5 144
-1526.3 131
-1526.1 137
-1525.9 142
-1525.7 150
-1525.5 138
-1525.3 138
-1525.1 164
-1524.9 158
-1524.7 133
-1524.5 157
-1524.3 127
-1524.1 154
-1523.9 128
-1523.7 154
-1523.5 151
-1523.3 151
-1523.1 124
-1522.9 128
-1522.7 138
-1522.5 159
-1522.3 150
-1522.1 156
-1521.9 138
-1521.7 135
-1521.5 152
-1521.3 160
-1521.1 169
-1520.9 143
-1520.7 126
-1520.5 143
-1520.3 136
-1520.1 124
-1519.9 156
-1519.7 165
-1519.5 138
-1519.3 124
-1519.1 150
-1518.9 128
-1518.7 167
-1518.5 156
-1518.3 133
-1518.1 156
-1517.9 126
-1517.7 142
-1517.5 148
-1517.3 132
-1517.1 131
-1516.9 131
-1516.7 123
-1516.5 134
-1516.3 150
-1516.1 136
-1515.9 123
-1515.7 139
-1515.5 136
-1515.3 135
-1515.1 148
-1514.9 132
-1514.7 129
-1514.5 137
-1514.3 123
-1514.1 114
-1513.9 128
-1513.7 127
-1513.5 126
-1513.3 116
-1513.1 111
-1512.9 102
-1512.7 121
-1512.5 115
-1512.3 122
-1512.1 111
-1511.9 126
-1511.7 112
-1511.5 112
-1511.3 135
-1511.1 118
-1510.9 123
-1510.7 112
-1510.5 142
-1510.3 119
-1510.1 117
-1509.9 130
-1509.7 132
-1509.5 128
-1509.3 117
-1509.1 126
-1508.9 127
-1508.7 138
-1508.5 124
-1508.3 131
-1508.1 139
-1507.9 135
-1507.7 128
-1507.5 163
-1507.3 148
-1507.1 117
-1506.9 140
-1506.7 148
-1506.5 149
-1506.3 171
-1506.1 160
-1505.9 131
-1505.7 151
-1505.5 135
-1505.3 156
-1505.1 142
-1504.9 123
-1504.7 144
-1504.5 134
-1504.3 137
-1504.1 151
-1503.9 147
-1503.7 127
-1503.5 125
-1503.3 137
-1503.1 135
-1502.9 133
-1502.7 128
-1502.5 133
-1502.3 142
-1502.1 127
-1501.9 139
-1501.7 130
-1501.5 125
-1501.3 131
-1501.1 114
-1500.9 123
-1500.7 129
-1500.5 114
-1500.3 118
-1500.1 114
-1499.9 104
-1499.7 116
-1499.5 113
-1499.3 137
-1499.1 130
-1498.9 113
-1498.7 108
-1498.5 131
-1498.3 134
-1498.1 101
-1497.9 107
-1497.7 138
-1497.5 106
-1497.3 104
-1497.1 117
-1496.9 148
-1496.7 115
-1496.5 110
-1496.3 112
-1496.1 131
-1495.9 128
-1495.7 118
-1495.5 114
-1495.3 111
-1495.1 118
-1494.9 133
-1494.7 114
-1494.5 123
-1494.3 118
-1494.1 127
-1493.9 124
-1493.7 113
-1493.5 115
-1493.3 104
-1493.1 142
-1492.9 121
-1492.7 134
-1492.5 127
-1492.3 131
-1492.1 105
-1491.9 135
-1491.7 147
-1491.5 113
-1491.3 130
-1491.1 144
-1490.9 111
-1490.7 131
-1490.5 139
-1490.3 132
-1490.1 159
-1489.9 132
-1489.7 122
-1489.5 147
-1489.3 149
-1489.1 139
-1488.9 140
-1488.7 128
-1488.5 119
-1488.3 111
-1488.1 134
-1487.9 139
-1487.7 148
-1487.5 129
-1487.3 169
-1487.1 153
-1486.9 148
-1486.7 139
-1486.5 137
-1486.3 120
-1486.1 127
-1485.9 112
-1485.7 147
-1485.5 123
-1485.3 117
-1485.1 135
-1484.9 143
-1484.7 122
-1484.5 149
-1484.3 137
-1484.1 145
-1483.9 129
-1483.7 132
-1483.5 126
-1483.3 124
-1483.1 116
-1482.9 124
-1482.7 120
-1482.5 127
-1482.3 121
-1482.1 113
-1481.9 127
-1481.7 131
-1481.5 132
-1481.3 120
-1481.1 141
-1480.9 132
-1480.7 119
-1480.5 133
-1480.3 103
-1480.1 131
-1479.9 115
-1479.7 121
-1479.5 115
-1479.3 126
-1479.1 145
-1478.9 125
-1478.7 127
-1478.5 149
-1478.3 110
-1478.1 122
-1477.9 118
-1477.7 123
-1477.5 130
-1477.3 112
-1477.1 104
-1476.9 125
-1476.7 113
-1476.5 109
-1476.3 95
-1476.1 133
-1475.9 120
-1475.7 135
-1475.5 126
-1475.3 113
-1475.1 128
-1474.9 134
-1474.7 126
-1474.5 130
-1474.3 132
-1474.1 114
-1473.9 113
-1473.7 127
-1473.5 119
-1473.3 145
-1473.1 141
-1472.9 149
-1472.7 124
-1472.5 147
-1472.3 152
-1472.1 132
-1471.9 119
-1471.7 139
-1471.5 135
-1471.3 143
-1471.1 127
-1470.9 151
-1470.7 145
-1470.5 154
-1470.3 157
-1470.1 133
-1469.9 124
-1469.7 144
-1469.5 120
-1469.3 132
-1469.1 153
-1468.9 115
-1468.7 117
-1468.5 99
-1468.3 125
-1468.1 134
-1467.9 138
-1467.7 131
-1467.5 130
-1467.3 130
-1467.1 126
-1466.9 120
-1466.7 135
-1466.5 123
-1466.3 142
-1466.1 126
-1465.9 128
-1465.7 144
-1465.5 109
-1465.3 126
-1465.1 136
-1464.9 128
-1464.7 127
-1464.5 116
-1464.3 124
-1464.1 132
-1463.9 132
-1463.7 122
-1463.5 121
-1463.3 133
-1463.1 131
-1462.9 129
-1462.7 124
-1462.5 113
-1462.3 115
-1462.1 128
-1461.9 149
-1461.7 123
-1461.5 140
-1461.3 111
-1461.1 118
-1460.9 127
-1460.7 130
-1460.5 109
-1460.3 139
-1460.1 115
-1459.9 133
-1459.7 111
-1459.5 109
-1459.3 128
-1459.1 113
-1458.9 126
-1458.7 135
-1458.5 108
-1458.3 134
-1458.1 99
-1457.9 135
-1457.7 134
-1457.5 99
-1457.3 113
-1457.1 122
-1456.9 124
-1456.7 124
-1456.5 128
-1456.3 115
-1456.1 117
-1455.9 121
-1455.7 126
-1455.5 134
-1455.3 123
-1455.1 135
-1454.9 126
-1454.7 138
-1454.5 133
-1454.3 129
-1454.1 123
-1453.9 122
-1453.7 122
-1453.5 118
-1453.3 125
-1453.1 138
-1452.9 140
-1452.7 133
-1452.5 138
-1452.3 150
-1452.1 130
-1451.9 140
-1451.7 133
-1451.5 165
-1451.3 142
-1451.1 141
-1450.9 141
-1450.7 144
-1450.5 147
-1450.3 137
-1450.1 139
-1449.9 131
-1449.7 125
-1449.5 136
-1449.3 141
-1449.1 138
-1448.9 150
-1448.7 118
-1448.5 151
-1448.3 124
-1448.1 126
-1447.9 138
-1447.7 125
-1447.5 129
-1447.3 113
-1447.1 122
-1446.9 132
-1446.7 121
-1446.5 143
-1446.3 151
-1446.1 117
-1445.9 116
-1445.7 121
-1445.5 140
-1445.3 136
-1445.1 122
-1444.9 128
-1444.7 125
-1444.5 126
-1444.3 137
-1444.1 113
-1443.9 112
-1443.7 120
-1443.5 122
-1443.3 113
-1443.1 138
-1442.9 110
-1442.7 111
-1442.5 136
-1442.3 123
-1442.1 113
-1441.9 124
-1441.7 116
-1441.5 117
-1441.3 137
-1441.1 121
-1440.9 118
-1440.7 117
-1440.5 118
-1440.3 128
-1440.1 136
-1439.9 120
-1439.7 124
-1439.5 122
-1439.3 130
-1439.1 120
-1438.9 139
-1438.7 108
-1438.5 139
-1438.3 129
-1438.1 131
-1437.9 121
-1437.7 127
-1437.5 113
-1437.3 133
-1437.1 125
-1436.9 134
-1436.7 131
-1436.5 125
-1436.3 138
-1436.1 123
-1435.9 126
-1435.7 129
-1435.5 130
-1435.3 110
-1435.1 132
-1434.9 146
-1434.7 159
-1434.5 131
-1434.3 152
-1434.1 135
-1433.9 139
-1433.7 144
-1433.5 128
-1433.3 118
-1433.1 137
-1432.9 135
-1432.7 141
-1432.5 121
-1432.3 115
-1432.1 139
-1431.9 130
-1431.7 149
-1431.5 142
-1431.3 133
-1431.1 132
-1430.9 148
-1430.7 142
-1430.5 133
-1430.3 125
-1430.1 131
-1429.9 138
-1429.7 127
-1429.5 133
-1429.3 132
-1429.1 133
-1428.9 118
-1428.7 124
-1428.5 124
-1428.3 118
-1428.1 107
-1427.9 128
-1427.7 128
-1427.5 117
-1427.3 136
-1427.1 114
-1426.9 121
-1426.7 133
-1426.5 113
-1426.3 121
-1426.1 123
-1425.9 112
-1425.7 109
-1425.5 126
-1425.3 125
-1425.1 125
-1424.9 121
-1424.7 123
-1424.5 92
-1424.3 120
-1424.1 136
-1423.9 132
-1423.7 122
-1423.5 113
-1423.3 125
-1423.1 123
-1422.9 118
-1422.7 138
-1422.5 120
-1422.3 118
-1422.1 104
-1421.9 130
-1421.7 115
-1421.5 129
-1421.3 134
-1421.1 112
-1420.9 126
-1420.7 143
-1420.5 144
-1420.3 121
-1420.1 123
-1419.9 140
-1419.7 120
-1419.5 122
-1419.3 125
-1419.1 125
-1418.9 113
-1418.7 149
-1418.5 121
-1418.3 121
-1418.1 128
-1417.9 129
-1417.7 114
-1417.5 138
-1417.3 121
-1417.1 142
-1416.9 130
-1416.7 146
-1416.5 131
-1416.3 136
-1416.1 151
-1415.9 117
-1415.7 138
-1415.5 116
-1415.3 140
-1415.1 139
-1414.9 140
-1414.7 152
-1414.5 148
-1414.3 130
-1414.1 104
-1413.9 136
-1413.7 141
-1413.5 116
-1413.3 127
-1413.1 128
-1412.9 133
-1412.7 140
-1412.5 143
-1412.3 109
-1412.1 130
-1411.9 131
-1411.7 137
-1411.5 139
-1411.3 131
-1411.1 123
-1410.9 145
-1410.7 106
-1410.5 120
-1410.3 153
-1410.1 134
-1409.9 132
-1409.7 123
-1409.5 134
-1409.3 125
-1409.1 129
-1408.9 128
-1408.7 143
-1408.5 111
-1408.3 118
-1408.1 129
-1407.9 130
-1407.7 105
-1407.5 135
-1407.3 121
-1407.1 127
-1406.9 127
-1406.7 104
-1406.5 129
-1406.3 135
-1406.1 119
-1405.9 121
-1405.7 101
-1405.5 131
-1405.3 132
-1405.1 149
-1404.9 110
-1404.7 116
-1404.5 120
-1404.3 110
-1404.1 138
-1403.9 132
-1403.7 123
-1403.5 127
-1403.3 115
-1403.1 138
-1402.9 120
-1402.7 126
-1402.5 119
-1402.3 110
-1402.1 124
-1401.9 124
-1401.7 130
-1401.5 122
-1401.3 141
-1401.1 127
-1400.9 137
-1400.7 132
-1400.5 119
-1400.3 133
-1400.1 126
-1399.9 133
-1399.7 140
-1399.5 124
-1399.3 138
-1399.1 140
-1398.9 137
-1398.7 122
-1398.5 125
-1398.3 137
-1398.1 122
-1397.9 134
-1397.7 125
-1397.5 112
-1397.3 140
-1397.1 146
-1396.9 158
-1396.7 125
-1396.5 118
-1396.3 126
-1396.1 117
-1395.9 139
-1395.7 114
-1395.5 144
-1395.3 126
-1395.1 128
-1394.9 136
-1394.7 154
-1394.5 147
-1394.3 110
-1394.1 169
-1393.9 136
-1393.7 129
-1393.5 130
-1393.3 122
-1393.1 117
-1392.9 113
-1392.7 141
-1392.5 129
-1392.3 132
-1392.1 117
-1391.9 127
-1391.7 134
-1391.5 125
-1391.3 120
-1391.1 113
-1390.9 108
-1390.7 117
-1390.5 143
-1390.3 117
-1390.1 130
-1389.9 115
-1389.7 125
-1389.5 107
-1389.3 112
-1389.1 135
-1388.9 123
-1388.7 131
-1388.5 126
-1388.3 98
-1388.1 141
-1387.9 135
-1387.7 124
-1387.5 145
-1387.3 124
-1387.1 114
-1386.9 141
-1386.7 115
-1386.5 122
-1386.3 96
-1386.1 121
-1385.9 115
-1385.7 150
-1385.5 119
-1385.3 122
-1385.1 114
-1384.9 116
-1384.7 119
-1384.5 108
-1384.3 125
-1384.1 112
-1383.9 129
-1383.7 130
-1383.5 131
-1383.3 140
-1383.1 131
-1382.9 118
-1382.7 112
-1382.5 123
-1382.3 140
-1382.1 109
-1381.9 142
-1381.7 129
-1381.5 141
-1381.3 112
-1381.1 137
-1380.9 134
-1380.7 128
-1380.5 152
-1380.3 119
-1380.1 124
-1379.9 137
-1379.7 127
-1379.5 131
-1379.3 142
-1379.1 134
-1378.9 130
-1378.7 134
-1378.5 155
-1378.3 122
-1378.1 134
-1377.9 132
-1377.7 132
-1377.5 157
-1377.3 130
-1377.1 158
-1376.9 106
-1376.7 144
-1376.5 120
-1376.3 126
-1376.1 141
-1375.9 143
-1375.7 142
-1375.5 127
-1375.3 122
-1375.1 161
-1374.9 145
-1374.7 144
-1374.5 141
-1374.3 133
-1374.1 137
-1373.9 126
-1373.7 124
-1373.5 115
-1373.3 116
-1373.1 114
-1372.9 121
-1372.7 138
-1372.5 122
-1372.3 116
-1372.1 130
-1371.9 130
-1371.7 132
-1371.5 116
-1371.3 119
-1371.1 120
-1370.9 127
-1370.7 141
-1370.5 94
-1370.3 117
-1370.1 120
-1369.9 118
-1369.7 124
-1369.5 116
-1369.3 126
-1369.1 123
-1368.9 123
-1368.7 112
-1368.5 114
-1368.3 131
-1368.1 126
-1367.9 123
-1367.7 111
-1367.5 124
-1367.3 118
-1367.1 116
-1366.9 114
-1366.7 122
-1366.5 145
-1366.3 132
-1366.1 114
-1365.9 129
-1365.7 121
-1365.5 121
-1365.3 152
-1365.1 111
-1364.9 149
-1364.7 127
-1364.5 131
-1364.3 119
-1364.1 115
-1363.9 116
-1363.7 122
-1363.5 115
-1363.3 119
-1363.1 137
-1362.9 134
-1362.7 137
-1362.5 142
-1362.3 111
-1362.1 152
-1361.9 132
-1361.7 142
-1361.5 134
-1361.3 137
-1361.1 128
-1360.9 140
-1360.7 127
-1360.5 129
-1360.3 130
-1360.1 158
-1359.9 143
-1359.7 138
-1359.5 131
-1359.3 151
-1359.1 118
-1358.9 141
-1358.7 115
-1358.5 145
-1358.3 125
-1358.1 124
-1357.9 124
-1357.7 135
-1357.5 117
-1357.3 132
-1357.1 141
-1356.9 135
-1356.7 128
-1356.5 132
-1356.3 108
-1356.1 139
-1355.9 125
-1355.7 125
-1355.5 143
-1355.3 119
-1355.1 127
-1354.9 121
-1354.7 120
-1354.5 131
-1354.3 119
-1354.1 121
-1353.9 114
-1353.7 107
-1353.5 151
-1353.3 141
-1353.1 109
-1352.9 136
-1352.7 130
-1352.5 113
-1352.3 123
-1352.1 133
-1351.9 119
-1351.7 130
-1351.5 117
-1351.3 129
-1351.1 138
-1350.9 113
-1350.7 126
-1350.5 122
-1350.3 114
-1350.1 121
-1349.9 129
-1349.7 113
-1349.5 120
-1349.3 100
-1349.1 105
-1348.9 107
-1348.7 110
-1348.5 119
-1348.3 113
-1348.1 124
-1347.9 106
-1347.7 123
-1347.5 105
-1347.3 118
-1347.1 110
-1346.9 90
-1346.7 116
-1346.5 113
-1346.3 106
-1346.1 96
-1345.9 120
-1345.7 102
-1345.5 90
-1345.3 106
-1345.1 106
-1344.9 102
-1344.7 114
-1344.5 95
-1344.3 99
-1344.1 87
-1343.9 78
-1343.7 98
-1343.5 101
-1343.3 86
-1343.1 97
-1342.9 94
-1342.7 97
-1342.5 68
-1342.3 92
-1342.1 87
-1341.9 86
-1341.7 87
-1341.5 80
-1341.3 93
-1341.1 100
-1340.9 84
-1340.7 68
-1340.5 94
-1340.3 80
-1340.1 75
-1339.9 75
-1339.7 76
-1339.5 85
-1339.3 70
-1339.1 83
-1338.9 62
-1338.7 74
-1338.5 86
-1338.3 74
-1338.1 78
-1337.9 59
-1337.7 78
-1337.5 48
-1337.3 56
-1337.1 65
-1336.9 73
-1336.7 49
-1336.5 49
-1336.3 68
-1336.1 63
-1335.9 60
-1335.7 62
-1335.5 67
-1335.3 67
-1335.1 43
-1334.9 63
-1334.7 69
-1334.5 53
-1334.3 56
-1334.1 56
-1333.9 58
-1333.7 49
-1333.5 43
-1333.3 68
-1333.1 57
-1332.9 49
-1332.7 41
-1332.5 35
-1332.3 49
-1332.1 34
-1331.9 54
-1331.7 44
-1331.5 40
-1331.3 40
-1331.1 36
-1330.9 36
-1330.7 36
-1330.5 46
-1330.3 37
-1330.1 47
-1329.9 22
-1329.7 39
-1329.5 30
-1329.3 25
-1329.1 41
-1328.9 39
-1328.7 42
-1328.5 21
-1328.3 30
-1328.1 22
-1327.9 34
-1327.7 25
-1327.5 40
-1327.3 31
-1327.1 27
-1326.9 19
-1326.7 27
-1326.5 33
-1326.3 24
-1326.1 24
-1325.9 26
-1325.7 29
-1325.5 26
-1325.3 18
-1325.1 28
-1324.9 32
-1324.7 17
-1324.5 29
-1324.3 24
-1324.1 24
-1323.9 22
-1323.7 19
-1323.5 18
-1323.3 21
-1323.1 20
-1322.9 15
-1322.7 26
-1322.5 23
-1322.3 17
-1322.1 30
-1321.9 21
-1321.7 15
-1321.5 16
-1321.3 15
-1321.1 15
-1320.9 17
-1320.7 15
-1320.5 22
-1320.3 16
-1320.1 23
-1319.9 22
-1319.7 17
-1319.5 15
-1319.3 13
-1319.1 13
-1318.9 16
-1318.7 18
-1318.5 14
-1318.3 17
-1318.1 7
-1317.9 12
-1317.7 9
-1317.5 5
-1317.3 5
-1317.1 9
-1316.9 7
-1316.7 10
-1316.5 8
-1316.3 5
-1316.1 5
-1315.9 10
-1315.7 10
-1315.5 5
-1315.3 9
-1315.1 7
-1314.9 4
-1314.7 3
-1314.5 6
-1314.3 3
-1314.1 1
-1313.9 1
-1313.7 2
-1313.5 4
-1313.3 2
-1313.1 3
-1312.9 6
-1312.7 4
-1312.5 0
-1312.3 5
-1312.1 3
-1311.9 0
-1311.7 1
-1311.5 3
-1311.3 5
-1311.1 2
-1310.9 0
-1310.7 2
-1310.5 4
-1310.3 1
-1310.1 0
-1309.9 0
-1309.7 2
-1309.5 2
-1309.3 2
-1309.1 1
-1308.9 3
-1308.7 4
-1308.5 2
-1308.3 2
-1308.1 4
-1307.9 1
-1307.7 1
-1307.5 2
-1307.3 2
-1307.1 4
-1306.9 1
-1306.7 0
-1306.5 0
-1306.3 1
-1306.1 4
-1305.9 5
-1305.7 2
-1305.5 1
-1305.3 1
-1305.1 3
-1304.9 0
-1304.7 2
-1304.5 2
-1304.3 2
-1304.1 1
-1303.9 4
-1303.7 1
-1303.5 3
-1303.3 1
-1303.1 1
-1302.9 0
-1302.7 2
-1302.5 1
-1302.3 1
-1302.1 3
-1301.9 2
-1301.7 1
-1301.5 1
-1301.3 4
-1301.1 1
-1300.9 3
-1300.7 2
-1300.5 1
-1300.3 1
-1300.1 1
