-1589.9 0
-1589.7 1
-1589.5 0
-1589.3 0
-1589.1 3
-1588.9 4
-1588.7 4
-1588.5 2
-1588.3 3
-1588.1 1
-1587.9 2
-1587.7 0
-1587.5 2
-1587.3 1
-1587.1 0
-1586.9 0
-1586.7 4
-1586.5 4
-1586.3 2
-1586.1 0
-1585.9 2
-1585.7 2
-1585.5 1
-1585.3 4
-1585.1 2
-1584.9 1
-1584.7 2
-1584.5 2
-1584.3 1
-1584.1 1
-1583.9 2
-1583.7 4
-1583.5 3
-1583.3 2
-1583.1 3
-1582.9 0
-1582.7 3
-1582.5 1
-1582.3 2
-1582.1 0
-1581.9 1
-1581.7 2
-1581.5 2
-1581.3 1
-1581.1 3
-1580.9 1
-1580.7 0
-1580.5 0
-1580.3 0
-1580.1 0
-1579.9 0
-1579.7 1
-1579.5 1
-1579.3 2
-1579.1 1
-1578.9 0
-1578.7 1
-1578.5 1
-1578.3 2
-1578.1 3
-1577.9 2
-1577.7 2
-1577.5 3
-1577.3 3
-1577.1 3
-1576.9 1
-1576.7 0
-1576.5 1
-1576.3 5
-1576.1 3
-1575.9 1
-1575.7 1
-1575.5 4
-1575.3 4
-1575.1 6
-1574.9 6
-1574.7 5
-1574.5 8
-1574.3 6
-1574.1 5
-1573.9 7
-1573.7 5
-1573.5 10
-1573.3 8
-1573.1 10
-1572.9 14
-1572.7 9
-1572.5 19
-1572.3 17
-1572.1 14
-1571.9 26
-1571.7 19
-1571.5 31
-1571.3 34
-1571.1 34
-1570.9 26
-1570.7 26
-1570.5 30
-1570.3 45
-1570.1 41
-1569.9 53
-1569.7 41
-1569.5 50
-1569.3 62
-1569.1 72
-1568.9 74
-1568.7 69
-1568.5 66
-1568.3 68
-1568.1 71
-1567.9 77
-1567.7 97
-1567.5 80
-1567.3 92
-1567.1 115
-1566.9 95
-1566.7 97
-1566.5 92
-1566.3 132
-1566.1 121
-1565.9 117
-1565.7 134
-1565.5 151
-1565.3 134
-1565.1 155
-1564.9 157
-1564.7 169
-1564.5 160
-1564.3 172
-1564.1 193
-1563.9 170
-1563.7 162
-1563.5 191
-1563.3 215
-1563.1 222
-1562.9 213
-1562.7 215
-1562.5 189
-1562.3 231
-1562.1 219
-1561.9 221
-1561.7 227
-1561.5 224
-1561.3 226
-1561.1 230
-1560.9 217
-1560.7 245
-1560.5 235
-1560.3 240
-1560.1 232
-1559.9 254
-1559.7 230
-1559.5 238
-1559.3 250
-1559.1 239
-1558.9 242
-1558.7 204
-1558.5 239
-1558.3 233
-1558.1 234
-1557.9 227
-1557.7 249
-1557.5 234
-1557.3 219
-1557.1 208
-1556.9 209
-1556.7 216
-1556.5 245
-1556.3 234
-1556.1 229
-1555.9 248
-1555.7 206
-1555.5 240
-1555.3 234
-1555.1 222
-1554.9 236
-1554.7 227
-1554.5 228
-1554.3 210
-1554.1 220
-1553.9 212
-1553.7 217
-1553.5 233
-1553.3 195
-1553.1 209
-1552.9 217
-1552.7 188
-1552.5 217
-1552.3 194
-1552.1 208
-1551.9 187
-1551.7 180
-1551.5 202
-1551.3 183
-1551.1 192
-1550.9 201
-1550.7 177
-1550.5 199
-1550.3 185
-1550.1 175
-1549.9 180
-1549.7 173
-1549.5 172
-1549.3 186
-1549.1 177
-1548.9 181
-1548.7 166
-1548.5 158
-1548.3 194
-1548.1 187
-1547.9 181
-1547.7 171
-1547.5 175
-1547.3 166
-1547.1 184
-1546.9 162
-1546.7 184
-1546.5 164
-1546.3 190
-1546.1 186
-1545.9 187
-1545.7 189
-1545.5 152
-1545.3 185
-1545.1 155
-1544.9 180
-1544.7 186
-1544.5 156
-1544.3 167
-1544.1 146
-1543.9 177
-1543.7 180
-1543.5 175
-1543.3 167
-1543.1 170
-1542.9 179
-1542.7 187
-1542.5 159
-1542.3 161
-1542.1 173
-1541.9 181
-1541.7 157
-1541.5 171
-1541.3 160
-1541.1 152
-1540.9 178
-1540.7 176
-1540.5 140
-1540.3 181
-1540.1 133
-1539.9 180
-1539.7 164
-1539.5 185
-1539.3 173
-1539.1 163
-1538.9 178
-1538.7 173
-1538.5 168
-1538.3 160
-1538.1 156
-1537.9 170
-1537.7 166
-1537.5 162
-1537.3 180
-1537.1 160
-1536.9 155
-1536.7 169
-1536.5 149
-1536.3 167
-1536.1 166
-1535.9 151
-1535.7 139
-1535.5 162
-1535.3 171
-1535.1 164
-1534.9 165
-1534.7 151
-1534.5 153
-1534.3 175
-1534.1 173
-1533.9 171
-1533.7 156
-1533.5 162
-1533.3 176
-1533.1 160
-1532.9 148
-1532.7 169
-1532.5 140
-1532.3 151
-1532.1 173
-1531.9 163
-1531.7 138
-1531.5 168
-1531.3 150
-1531.1 148
-1530.9 157
-1530.7 170
-1530.5 144
-1530.3 170
-1530.1 157
-1529.9 144
-1529.7 152
-1529.5 167
-1529.3 158
-1529.1 152
-1528.9 140
-1528.7 151
-1528.5 171
-1528.3 152
-1528.1 154
-1527.9 161
-1527.7 139
-1527.5 149
-1527.3 175
-1527.1 174
-1526.9 145
-1526.7 175
-1526.5 140
-1526.3 118
-1526.1 172
-1525.9 158
-1525.7 129
-1525.5 162
-1525.3 157
-1525.1 157
-1524.9 154
-1524.7 143
-1524.5 140
-1524.3 156
-1524.1 136
-1523.9 147
-1523.7 141
-1523.5 134
-1523.3 141
-1523.1 152
-1522.9 137
-1522.7 153
-1522.5 150
-1522.3 157
-1522.1 142
-1521.9 143
-1521.7 149
-1521.5 140
-1521.3 149
-1521.1 149
-1520.9 146
-1520.7 162
-1520.5 168
-1520.3 136
-1520.1 151
-1519.9 172
-1519.7 130
-1519.5 155
-1519.3 154
-1519.1 142
-1518.9 150
-1518.7 157
-1518.5 155
-1518.3 139
-1518.1 133
-1517.9 149
-1517.7 153
-1517.5 147
-1517.3 145
-1517.1 128
-1516.9 138
-1516.7 154
-1516.5 139
-1516.3 153
-1516.1 152
-1515.9 159
-1515.7 138
-1515.5 156
-1515.3 141
-1515.1 165
-1514.9 154
-1514.7 151
-1514.5 136
-1514.3 158
-1514.1 172
-1513.9 145
-1513.7 155
-1513.5 167
-1513.3 157
-1513.1 154
-1512.9 160
-1512.7 164
-1512.5 167
-1512.3 157
-1512.1 156
-1511.9 160
-1511.7 140
-1511.5 161
-1511.3 164
-1511.1 147
-1510.9 151
-1510.7 168
-1510.5 157
-1510.3 169
-1510.1 167
-1509.9 162
-1509.7 159
-1509.5 145
-1509.3 156
-1509.1 158
-1508.9 154
-1508.7 143
-1508.5 134
-1508.3 159
-1508.1 150
-1507.9 159
-1507.7 154
-1507.5 152
-1507.3 165
-1507.1 165
-1506.9 139
-1506.7 143
-1506.5 156
-1506.3 143
-1506.1 155
-1505.9 131
-1505.7 136
-1505.5 153
-1505.3 143
-1505.1 132
-1504.9 175
-1504.7 145
-1504.5 158
-1504.3 155
-1504.1 139
-1503.9 153
-1503.7 155
-1503.5 149
-1503.3 145
-1503.1 152
-1502.9 144
-1502.7 157
-1502.5 175
-1502.3 154
-1502.1 151
-1501.9 175
-1501.7 141
-1501.5 131
-1501.3 162
-1501.1 150
-1500.9 148
-1500.7 165
-1500.5 134
-1500.3 131
-1500.1 157
-1499.9 158
-1499.7 175
-1499.5 168
-1499.3 139
-1499.1 168
-1498.9 137
-1498.7 156
-1498.5 162
-1498.3 161
-1498.1 142
-1497.9 157
-1497.7 126
-1497.5 150
-1497.3 160
-1497.1 145
-1496.9 156
-1496.7 156
-1496.5 164
-1496.3 145
-1496.1 155
-1495.9 143
-1495.7 164
-1495.5 147
-1495.3 156
-1495.1 149
-1494.9 145
-1494.7 172
-1494.5 133
-1494.3 160
-1494.1 133
-1493.9 155
-1493.7 175
-1493.5 147
-1493.3 142
-1493.1 162
-1492.9 148
-1492.7 139
-1492.5 145
-1492.3 168
-1492.1 148
-1491.9 159
-1491.7 166
-1491.5 153
-1491.3 136
-1491.1 124
-1490.9 156
-1490.7 152
-1490.5 154
-1490.3 155
-1490.1 164
-1489.9 140
-1489.7 129
-1489.5 162
-1489.3 143
-1489.1 144
-1488.9 134
-1488.7 137
-1488.5 140
-1488.3 127
-1488.1 137
-1487.9 146
-1487.7 163
-1487.5 134
-1487.3 146
-1487.1 146
-1486.9 141
-1486.7 146
-1486.5 137
-1486.3 156
-1486.1 155
-1485.9 129
-1485.7 152
-1485.5 151
-1485.3 136
-1485.1 159
-1484.9 159
-1484.7 154
-1484.5 159
-1484.3 151
-1484.1 149
-1483.9 150
-1483.7 129
-1483.5 161
-1483.3 153
-1483.1 176
-1482.9 157
-1482.7 156
-1482.5 150
-1482.3 145
-1482.1 153
-1481.9 145
-1481.7 148
-1481.5 144
-1481.3 137
-1481.1 145
-1480.9 155
-1480.7 158
-1480.5 143
-1480.3 139
-1480.1 150
-1479.9 157
-1479.7 147
-1479.5 154
-1479.3 162
-1479.1 163
-1478.9 150
-1478.7 148
-1478.5 161
-1478.3 138
-1478.1 152
-1477.9 137
-1477.7 136
-1477.5 162
-1477.3 159
-1477.1 151
-1476.9 152
-1476.7 136
-1476.5 142
-1476.3 156
-1476.1 156
-1475.9 137
-1475.7 120
-1475.5 167
-1475.3 147
-1475.1 145
-1474.9 171
-1474.7 132
-1474.5 135
-1474.3 161
-1474.1 163
-1473.9 152
-1473.7 148
-1473.5 165
-1473.3 154
-1473.1 138
-1472.9 156
-1472.7 145
-1472.5 157
-1472.3 157
-1472.1 162
-1471.9 187
-1471.7 136
-1471.5 170
-1471.3 145
-1471.1 162
-1470.9 137
-1470.7 163
-1470.5 149
-1470.3 151
-1470.1 148
-1469.9 163
-1469.7 164
-1469.5 141
-1469.3 125
-1469.1 147
-1468.9 159
-1468.7 140
-1468.5 162
-1468.3 151
-1468.1 155
-1467.9 149
-1467.7 136
-1467.5 186
-1467.3 150
-1467.1 153
-1466.9 167
-1466.7 145
-1466.5 141
-1466.3 163
-1466.1 149
-1465.9 164
-1465.7 148
-1465.5 162
-1465.3 134
-1465.1 143
-1464.9 124
-1464.7 137
-1464.5 151
-1464.3 147
-1464.1 171
-1463.9 143
-1463.7 169
-1463.5 139
-1463.3 142
-1463.1 131
-1462.9 146
-1462.7 160
-1462.5 132
-1462.3 130
-1462.1 156
-1461.9 135
-1461.7 172
-1461.5 164
-1461.3 151
-1461.1 152
-1460.9 155
-1460.7 150
-1460.5 162
-1460.3 168
-1460.1 134
-1459.9 161
-1459.7 164
-1459.5 137
-1459.3 151
-1459.1 155
-1458.9 152
-1458.7 169
-1458.5 165
-1458.3 151
-1458.1 188
-1457.9 166
-1457.7 135
-1457.5 167
-1457.3 150
-1457.1 153
-1456.9 152
-1456.7 176
-1456.5 154
-1456.3 159
-1456.1 151
-1455.9 153
-1455.7 168
-1455.5 164
-1455.3 156
-1455.1 167
-1454.9 151
-1454.7 130
-1454.5 135
-1454.3 168
-1454.1 148
-1453.9 144
-1453.7 114
-1453.5 148
-1453.3 156
-1453.1 166
-1452.9 161
-1452.7 152
-1452.5 167
-1452.3 147
-1452.1 154
-1451.9 157
-1451.7 168
-1451.5 134
-1451.3 164
-1451.1 142
-1450.9 158
-1450.7 126
-1450.5 141
-1450.3 149
-1450.1 161
-1449.9 141
-1449.7 169
-1449.5 146
-1449.3 131
-1449.1 160
-1448.9 142
-1448.7 152
-1448.5 150
-1448.3 155
-1448.1 142
-1447.9 165
-1447.7 157
-1447.5 146
-1447.3 139
-1447.1 163
-1446.9 162
-1446.7 148
-1446.5 168
-1446.3 146
-1446.1 145
-1445.9 159
-1445.7 168
-1445.5 153
-1445.3 138
-1445.1 155
-1444.9 131
-1444.7 137
-1444.5 170
-1444.3 166
-1444.1 173
-1443.9 174
-1443.7 134
-1443.5 178
-1443.3 155
-1443.1 145
-1442.9 149
-1442.7 137
-1442.5 160
-1442.3 133
-1442.1 148
-1441.9 143
-1441.7 136
-1441.5 152
-1441.3 162
-1441.1 152
-1440.9 141
-1440.7 154
-1440.5 149
-1440.3 135
-1440.1 169
-1439.9 126
-1439.7 142
-1439.5 133
-1439.3 141
-1439.1 167
-1438.9 152
-1438.7 176
-1438.5 159
-1438.3 130
-1438.1 141
-1437.9 162
-1437.7 139
-1437.5 159
-1437.3 144
-1437.1 151
-1436.9 153
-1436.7 164
-1436.5 151
-1436.3 151
-1436.1 143
-1435.9 138
-1435.7 150
-1435.5 169
-1435.3 150
-1435.1 170
-1434.9 111
-1434.7 149
-1434.5 142
-1434.3 139
-1434.1 156
-1433.9 162
-1433.7 148
-1433.5 149
-1433.3 154
-1433.1 143
-1432.9 137
-1432.7 135
-1432.5 160
-1432.3 135
-1432.1 135
-1431.9 141
-1431.7 153
-1431.5 165
-1431.3 149
-1431.1 130
-1430.9 151
-1430.7 142
-1430.5 164
-1430.3 156
-1430.1 165
-1429.9 154
-1429.7 132
-1429.5 136
-1429.3 158
-1429.1 158
-1428.9 164
-1428.7 129
-1428.5 159
-1428.3 160
-1428.1 135
-1427.9 149
-1427.7 142
-1427.5 170
-1427.3 139
-1427.1 149
-1426.9 154
-1426.7 150
-1426.5 142
-1426.3 153
-1426.1 131
-1425.9 164
-1425.7 142
-1425.5 184
-1425.3 124
-1425.1 178
-1424.9 162
-1424.7 159
-1424.5 158
-1424.3 122
-1424.1 133
-1423.9 164
-1423.7 147
-1423.5 156
-1423.3 135
-1423.1 163
-1422.9 144
-1422.7 158
-1422.5 152
-1422.3 150
-1422.1 153
-1421.9 139
-1421.7 143
-1421.5 140
-1421.3 134
-1421.1 138
-1420.9 136
-1420.7 161
-1420.5 133
-1420.3 155
-1420.1 136
-1419.9 159
-1419.7 178
-1419.5 149
-1419.3 154
-1419.1 161
-1418.9 182
-1418.7 124
-1418.5 160
-1418.3 158
-1418.1 151
-1417.9 131
-1417.7 143
-1417.5 152
-1417.3 143
-1417.1 139
-1416.9 161
-1416.7 176
-1416.5 167
-1416.3 145
-1416.1 154
-1415.9 154
-1415.7 157
-1415.5 132
-1415.3 140
-1415.1 142
-1414.9 161
-1414.7 138
-1414.5 140
-1414.3 155
-1414.1 170
-1413.9 164
-1413.7 137
-1413.5 145
-1413.3 158
-1413.1 145
-1412.9 157
-1412.7 166
-1412.5 148
-1412.3 134
-1412.1 157
-1411.9 154
-1411.7 145
-1411.5 149
-1411.3 137
-1411.1 161
-1410.9 163
-1410.7 129
-1410.5 136
-1410.3 156
-1410.1 166
-1409.9 160
-1409.7 136
-1409.5 142
-1409.3 133
-1409.1 145
-1408.9 159
-1408.7 145
-1408.5 136
-1408.3 165
-1408.1 139
-1407.9 152
-1407.7 129
-1407.5 158
-1407.3 160
-1407.1 141
-1406.9 143
-1406.7 156
-1406.5 150
-1406.3 180
-1406.1 137
-1405.9 136
-1405.7 137
-1405.5 165
-1405.3 129
-1405.1 154
-1404.9 144
-1404.7 156
-1404.5 146
-1404.3 141
-1404.1 149
-1403.9 152
-1403.7 146
-1403.5 133
-1403.3 157
-1403.1 151
-1402.9 184
-1402.7 158
-1402.5 177
-1402.3 164
-1402.1 153
-1401.9 138
-1401.7 148
-1401.5 143
-1401.3 156
-1401.1 148
-1400.9 136
-1400.7 170
-1400.5 136
-1400.3 156
-1400.1 153
-1399.9 129
-1399.7 165
-1399.5 150
-1399.3 159
-1399.1 140
-1398.9 153
-1398.7 149
-1398.5 160
-1398.3 136
-1398.1 154
-1397.9 147
-1397.7 164
-1397.5 145
-1397.3 167
-1397.1 143
-1396.9 166
-1396.7 143
-1396.5 158
-1396.3 145
-1396.1 160
-1395.9 171
-1395.7 179
-1395.5 146
-1395.3 152
-1395.1 166
-1394.9 145
-1394.7 150
-1394.5 167
-1394.3 164
-1394.1 163
-1393.9 178
-1393.7 143
-1393.5 160
-1393.3 148
-1393.1 138
-1392.9 158
-1392.7 138
-1392.5 141
-1392.3 168
-1392.1 137
-1391.9 157
-1391.7 145
-1391.5 160
-1391.3 173
-1391.1 160
-1390.9 174
-1390.7 141
-1390.5 154
-1390.3 151
-1390.1 135
-1389.9 168
-1389.7 139
-1389.5 161
-1389.3 158
-1389.1 139
-1388.9 158
-1388.7 162
-1388.5 136
-1388.3 156
-1388.1 167
-1387.9 160
-1387.7 158
-1387.5 135
-1387.3 146
-1387.1 144
-1386.9 141
-1386.7 142
-1386.5 157
-1386.3 150
-1386.1 127
-1385.9 137
-1385.7 140
-1385.5 142
-1385.3 153
-1385.1 132
-1384.9 158
-1384.7 132
-1384.5 159
-1384.3 134
-1384.1 160
-1383.9 123
-1383.7 154
-1383.5 152
-1383.3 138
-1383.1 169
-1382.9 147
-1382.7 139
-1382.5 149
-1382.3 142
-1382.1 134
-1381.9 159
-1381.7 170
-1381.5 120
-1381.3 146
-1381.1 131
-1380.9 158
-1380.7 159
-1380.5 158
-1380.3 134
-1380.1 137
-1379.9 147
-1379.7 153
-1379.5 146
-1379.3 156
-1379.1 143
-1378.9 148
-1378.7 146
-1378.5 161
-1378.3 152
-1378.1 134
-1377.9 132
-1377.7 157
-1377.5 166
-1377.3 143
-1377.1 133
-1376.9 135
-1376.7 150
-1376.5 148
-1376.3 154
-1376.1 158
-1375.9 146
-1375.7 158
-1375.5 144
-1375.3 149
-1375.1 144
-1374.9 129
-1374.7 139
-1374.5 136
-1374.3 130
-1374.1 172
-1373.9 131
-1373.7 143
-1373.5 160
-1373.3 152
-1373.1 143
-1372.9 141
-1372.7 165
-1372.5 131
-1372.3 169
-1372.1 140
-1371.9 152
-1371.7 141
-1371.5 146
-1371.3 149
-1371.1 159
-1370.9 149
-1370.7 154
-1370.5 173
-1370.3 136
-1370.1 139
-1369.9 149
-1369.7 166
-1369.5 166
-1369.3 157
-1369.1 144
-1368.9 152
-1368.7 158
-1368.5 161
-1368.3 144
-1368.1 154
-1367.9 137
-1367.7 161
-1367.5 156
-1367.3 134
-1367.1 158
-1366.9 155
-1366.7 162
-1366.5 158
-1366.3 122
-1366.1 153
-1365.9 133
-1365.7 136
-1365.5 157
-1365.3 153
-1365.1 144
-1364.9 143
-1364.7 147
-1364.5 156
-1364.3 148
-1364.1 155
-1363.9 125
-1363.7 146
-1363.5 155
-1363.3 129
-1363.1 145
-1362.9 128
-1362.7 127
-1362.5 140
-1362.3 122
-1362.1 144
-1361.9 122
-1361.7 109
-1361.5 126
-1361.3 125
-1361.1 121
-1360.9 128
-1360.7 130
-1360.5 125
-1360.3 125
-1360.1 107
-1359.9 117
-1359.7 107
-1359.5 107
-1359.3 135
-1359.1 111
-1358.9 98
-1358.7 99
-1358.5 115
-1358.3 115
-1358.1 109
-1357.9 124
-1357.7 113
-1357.5 96
-1357.3 81
-1357.1 98
-1356.9 91
-1356.7 91
-1356.5 98
-1356.3 95
-1356.1 82
-1355.9 88
-1355.7 91
-1355.5 85
-1355.3 94
-1355.1 77
-1354.9 83
-1354.7 85
-1354.5 91
-1354.3 85
-1354.1 98
-1353.9 85
-1353.7 89
-1353.5 92
-1353.3 71
-1353.1 75
-1352.9 67
-1352.7 59
-1352.5 64
-1352.3 62
-1352.1 86
-1351.9 66
-1351.7 60
-1351.5 71
-1351.3 77
-1351.1 72
-1350.9 73
-1350.7 55
-1350.5 59
-1350.3 60
-1350.1 62
-1349.9 69
-1349.7 59
-1349.5 48
-1349.3 44
-1349.1 57
-1348.9 48
-1348.7 49
-1348.5 39
-1348.3 58
-1348.1 62
-1347.9 44
-1347.7 61
-1347.5 41
-1347.3 50
-1347.1 42
-1346.9 28
-1346.7 46
-1346.5 36
-1346.3 39
-1346.1 39
-1345.9 44
-1345.7 29
-1345.5 44
-1345.3 46
-1345.1 30
-1344.9 33
-1344.7 23
-1344.5 22
-1344.3 40
-1344.1 29
-1343.9 38
-1343.7 31
-1343.5 37
-1343.3 26
-1343.1 28
-1342.9 34
-1342.7 40
-1342.5 21
-1342.3 24
-1342.1 37
-1341.9 26
-1341.7 21
-1341.5 26
-1341.3 18
-1341.1 28
-1340.9 27
-1340.7 25
-1340.5 25
-1340.3 16
-1340.1 21
-1339.9 16
-1339.7 17
-1339.5 19
-1339.3 25
-1339.1 15
-1338.9 22
-1338.7 19
-1338.5 9
-1338.3 19
-1338.1 11
-1337.9 15
-1337.7 16
-1337.5 15
-1337.3 16
-1337.1 7
-1336.9 8
-1336.7 16
-1336.5 19
-1336.3 10
-1336.1 7
-1335.9 17
-1335.7 12
-1335.5 12
-1335.3 10
-1335.1 5
-1334.9 8
-1334.7 6
-1334.5 6
-1334.3 3
-1334.1 4
-1333.9 5
-1333.7 5
-1333.5 9
-1333.3 5
-1333.1 8
-1332.9 2
-1332.7 2
-1332.5 3
-1332.3 3
-1332.1 6
-1331.9 6
-1331.7 4
-1331.5 3
-1331.3 2
-1331.1 3
-1330.9 5
-1330.7 6
-1330.5 1
-1330.3 4
-1330.1 4
-1329.9 0
-1329.7 2
-1329.5 3
-1329.3 2
-1329.1 4
-1328.9 2
-1328.7 3
-1328.5 1
-1328.3 2
-1328.1 3
-1327.9 4
-1327.7 3
-1327.5 1
-1327.3 6
-1327.1 6
-1326.9 3
-1326.7 5
-1326.5 5
-1326.3 5
-1326.1 2
-1325.9 2
-1325.7 1
-1325.5 5
-1325.3 2
-1325.1 3
-1324.9 3
-1324.7 3
-1324.5 1
-1324.3 4
-1324.1 4
-1323.9 2
-1323.7 2
-1323.5 3
-1323.3 0
-1323.1 0
-1322.9 3
-1322.7 2
-1322.5 2
-1322.3 2
-1322.1 1
-1321.9 2
-1321.7 2
-1321.5 2
-1321.3 2
-1321.1 1
-1320.9 2
-1320.7 2
-1320.5 3
-1320.3 1
-1320.1 1
-1319.9 1
-1319.7 2
-1319.5 1
-1319.3 2
-1319.1 1
-1318.9 2
-1318.7 1
-1318.5 0
-1318.3 1
-1318.1 0
-1317.9 7
-1317.7 1
-1317.5 0
-1317.3 3
-1317.1 3
-1316.9 3
-1316.7 3
-1316.5 2
-1316.3 1
-1316.1 0
-1315.9 2
-1315.7 0
-1315.5 4
-1315.3 1
-1315.1 5
-1314.9 1
-1314.7 1
-1314.5 1
-1314.3 1
-1314.1 1
-1313.9 1
-1313.7 3
-1313.5 3
-1313.3 1
-1313.1 3
-1312.9 4
-1312.7 2
-1312.5 1
-1312.3 0
-1312.1 2
-1311.9 2
-1311.7 1
-1311.5 1
-1311.3 3
-1311.1 0
-1310.9 2
-1310.7 1
-1310.5 3
-1310.3 2
-1310.1 2
-1309.9 0
-1309.7 0
-1309.5 2
-1309.3 1
-1309.1 1
-1308.9 1
-1308.7 0
-1308.5 2
-1308.3 1
-1308.1 1
-1307.9 2
-1307.7 5
-1307.5 2
-1307.3 1
-1307.1 3
-1306.9 0
-1306.7 1
-1306.5 1
-1306.3 0
-1306.1 1
-1305.9 2
-1305.7 1
-1305.5 1
-1305.3 3
-1305.1 1
-1304.9 4
-1304.7 1
-1304.5 1
-1304.3 2
-1304.1 0
-1303.9 1
-1303.7 1
-1303.5 2
-1303.3 1
-1303.1 3
-1302.9 3
-1302.7 0
-1302.5 1
-1302.3 2
-1302.1 2
-1301.9 4
-1301.7 4
-1301.5 1
-1301.3 2
-1301.1 0
-1300.9 2
-1300.7 0
-1300.5 0
-1300.3 1
-1300.1 3
