-1589.9 0
-1589.7 0
-1589.5 1
-1589.3 0
-1589.1 2
-1588.9 2
-1588.7 2
-1588.5 0
-1588.3 2
-1588.1 3
-1587.9 2
-1587.7 0
-1587.5 1
-1587.3 2
-1587.1 1
-1586.9 2
-1586.7 2
-1586.5 1
-1586.3 1
-1586.1 3
-1585.9 1
-1585.7 2
-1585.5 1
-1585.3 2
-1585.1 0
-1584.9 0
-1584.7 3
-1584.5 1
-1584.3 1
-1584.1 1
-1583.9 0
-1583.7 1
-1583.5 1
-1583.3 2
-1583.1 3
-1582.9 3
-1582.7 0
-1582.5 3
-1582.3 0
-1582.1 0
-1581.9 0
-1581.7 1
-1581.5 0
-1581.3 2
-1581.1 2
-1580.9 1
-1580.7 1
-1580.5 0
-1580.3 0
-1580.1 1
-1579.9 1
-1579.7 0
-1579.5 3
-1579.3 2
-1579.1 2
-1578.9 0
-1578.7 2
-1578.5 0
-1578.3 1
-1578.1 1
-1577.9 0
-1577.7 0
-1577.5 4
-1577.3 0
-1577.1 1
-1576.9 0
-1576.7 4
-1576.5 0
-1576.3 1
-1576.1 0
-1575.9 2
-1575.7 0
-1575.5 4
-1575.3 6
-1575.1 5
-1574.9 5
-1574.7 10
-1574.5 6
-1574.3 8
-1574.1 9
-1573.9 16
-1573.7 8
-1573.5 21
-1573.3 14
-1573.1 15
-1572.9 21
-1572.7 30
-1572.5 21
-1572.3 25
-1572.1 28
-1571.9 43
-1571.7 37
-1571.5 28
-1571.3 33
-1571.1 43
-1570.9 59
-1570.7 55
-1570.5 59
-1570.3 68
-1570.1 68
-1569.9 61
-1569.7 90
-1569.5 85
-1569.3 88
-1569.1 90
-1568.9 102
-1568.7 119
-1568.5 128
-1568.3 120
-1568.1 119
-1567.9 128
-1567.7 163
-1567.5 128
-1567.3 164
-1567.1 187
-1566.9 169
-1566.7 164
-1566.5 163
-1566.3 194
-1566.1 201
-1565.9 240
-1565.7 201
-1565.5 206
-1565.3 215
-1565.1 211
-1564.9 213
-1564.7 221
-1564.5 245
-1564.3 239
-1564.1 234
-1563.9 220
-1563.7 233
-1563.5 230
-1563.3 231
-1563.1 239
-1562.9 220
-1562.7 238
-1562.5 249
-1562.3 236
-1562.1 245
-1561.9 242
-1561.7 236
-1561.5 257
-1561.3 237
-1561.1 246
-1560.9 232
-1560.7 258
-1560.5 248
-1560.3 268
-1560.1 235
-1559.9 235
-1559.7 237
-1559.5 226
-1559.3 240
-1559.1 217
-1558.9 242
-1558.7 213
-1558.5 220
-1558.3 232
-1558.1 225
-1557.9 245
-1557.7 215
-1557.5 196
-1557.3 243
-1557.1 246
-1556.9 208
-1556.7 204
-1556.5 217
-1556.3 205
-1556.1 204
-1555.9 185
-1555.7 205
-1555.5 200
-1555.3 212
-1555.1 171
-1554.9 191
-1554.7 206
-1554.5 179
-1554.3 190
-1554.1 209
-1553.9 168
-1553.7 201
-1553.5 169
-1553.3 197
-1553.1 199
-1552.9 186
-1552.7 189
-1552.5 187
-1552.3 193
-1552.1 176
-1551.9 183
-1551.7 184
-1551.5 174
-1551.3 182
-1551.1 186
-1550.9 190
-1550.7 195
-1550.5 185
-1550.3 183
-1550.1 197
-1549.9 162
-1549.7 153
-1549.5 177
-1549.3 181
-1549.1 167
-1548.9 191
-1548.7 168
-1548.5 159
-1548.3 179
-1548.1 153
-1547.9 181
-1547.7 188
-1547.5 188
-1547.3 178
-1547.1 173
-1546.9 193
-1546.7 166
-1546.5 158
-1546.3 190
-1546.1 177
-1545.9 176
-1545.7 146
-1545.5 168
-1545.3 171
-1545.1 159
-1544.9 176
-1544.7 169
-1544.5 183
-1544.3 165
-1544.1 158
-1543.9 182
-1543.7 161
-1543.5 175
-1543.3 157
-1543.1 157
-1542.9 137
-1542.7 172
-1542.5 155
-1542.3 172
-1542.1 159
-1541.9 163
-1541.7 162
-1541.5 146
-1541.3 160
-1541.1 161
-1540.9 169
-1540.7 162
-1540.5 158
-1540.3 162
-1540.1 149
-1539.9 155
-1539.7 155
-1539.5 148
-1539.3 158
-1539.1 147
-1538.9 150
-1538.7 155
-1538.5 138
-1538.3 169
-1538.1 144
-1537.9 168
-1537.7 175
-1537.5 160
-1537.3 153
-1537.1 153
-1536.9 168
-1536.7 167
-1536.5 162
-1536.3 160
-1536.1 147
-1535.9 167
-1535.7 167
-1535.5 137
-1535.3 164
-1535.1 152
-1534.9 131
-1534.7 166
-1534.5 161
-1534.3 146
-1534.1 156
-1533.9 157
-1533.7 148
-1533.5 154
-1533.3 171
-1533.1 156
-1532.9 158
-1532.7 155
-1532.5 173
-1532.3 142
-1532.1 162
-1531.9 196
-1531.7 171
-1531.5 146
-1531.3 164
-1531.1 159
-1530.9 156
-1530.7 148
-1530.5 155
-1530.3 159
-1530.1 179
-1529.9 155
-1529.7 160
-1529.5 173
-1529.3 172
-1529.1 164
-1528.9 159
-1528.7 167
-1528.5 163
-1528.3 147
-1528.1 161
-1527.9 144
-1527.7 146
-1527.5 162
-1527.3 167
-1527.1 133
-1526.9 155
-1526.7 146
-1526.5 143
-1526.3 152
-1526.1 161
-1525.9 131
-1525.7 139
-1525.5 148
-1525.3 153
-1525.1 162
-1524.9 148
-1524.7 149
-1524.5 159
-1524.3 148
-1524.1 148
-1523.9 130
-1523.7 139
-1523.5 156
-1523.3 141
-1523.1 126
-1522.9 141
-1522.7 150
-1522.5 142
-1522.3 148
-1522.1 141
-1521.9 125
-1521.7 131
-1521.5 150
-1521.3 143
-1521.1 137
-1520.9 144
-1520.7 148
-1520.5 153
-1520.3 146
-1520.1 142
-1519.9 137
-1519.7 142
-1519.5 145
-1519.3 124
-1519.1 141
-1518.9 130
-1518.7 140
-1518.5 142
-1518.3 128
-1518.1 162
-1517.9 143
-1517.7 142
-1517.5 154
-1517.3 159
-1517.1 145
-1516.9 164
-1516.7 164
-1516.5 156
-1516.3 163
-1516.1 148
-1515.9 157
-1515.7 133
-1515.5 159
-1515.3 150
-1515.1 150
-1514.9 149
-1514.7 161
-1514.5 165
-1514.3 162
-1514.1 144
-1513.9 144
-1513.7 159
-1513.5 156
-1513.3 164
-1513.1 161
-1512.9 153
-1512.7 150
-1512.5 141
-1512.3 168
-1512.1 159
-1511.9 134
-1511.7 156
-1511.5 146
-1511.3 156
-1511.1 171
-1510.9 170
-1510.7 137
-1510.5 157
-1510.3 153
-1510.1 156
-1509.9 153
-1509.7 172
-1509.5 164
-1509.3 172
-1509.1 148
-1508.9 154
-1508.7 136
-1508.5 166
-1508.3 150
-1508.1 125
-1507.9 138
-1507.7 148
-1507.5 153
-1507.3 131
-1507.1 131
-1506.9 138
-1506.7 120
-1506.5 121
-1506.3 156
-1506.1 152
-1505.9 117
-1505.7 134
-1505.5 140
-1505.3 122
-1505.1 121
-1504.9 137
-1504.7 133
-1504.5 148
-1504.3 135
-1504.1 142
-1503.9 119
-1503.7 124
-1503.5 154
-1503.3 121
-1503.1 129
-1502.9 162
-1502.7 149
-1502.5 150
-1502.3 129
-1502.1 156
-1501.9 152
-1501.7 150
-1501.5 154
-1501.3 144
-1501.1 150
-1500.9 156
-1500.7 157
-1500.5 142
-1500.3 170
-1500.1 160
-1499.9 169
-1499.7 152
-1499.5 158
-1499.3 151
-1499.1 182
-1498.9 172
-1498.7 163
-1498.5 180
-1498.3 156
-1498.1 163
-1497.9 160
-1497.7 182
-1497.5 160
-1497.3 183
-1497.1 155
-1496.9 160
-1496.7 154
-1496.5 165
-1496.3 164
-1496.1 155
-1495.9 163
-1495.7 165
-1495.5 159
-1495.3 183
-1495.1 175
-1494.9 160
-1494.7 166
-1494.5 182
-1494.3 165
-1494.1 166
-1493.9 168
-1493.7 159
-1493.5 159
-1493.3 156
-1493.1 152
-1492.9 168
-1492.7 160
-1492.5 138
-1492.3 147
-1492.1 131
-1491.9 145
-1491.7 135
-1491.5 165
-1491.3 144
-1491.1 168
-1490.9 157
-1490.7 128
-1490.5 146
-1490.3 129
-1490.1 137
-1489.9 152
-1489.7 125
-1489.5 143
-1489.3 141
-1489.1 130
-1488.9 122
-1488.7 131
-1488.5 136
-1488.3 131
-1488.1 142
-1487.9 164
-1487.7 133
-1487.5 136
-1487.3 119
-1487.1 110
-1486.9 146
-1486.7 148
-1486.5 149
-1486.3 142
-1486.1 131
-1485.9 167
-1485.7 150
-1485.5 134
-1485.3 135
-1485.1 147
-1484.9 130
-1484.7 147
-1484.5 136
-1484.3 141
-1484.1 132
-1483.9 165
-1483.7 137
-1483.5 164
-1483.3 132
-1483.1 148
-1482.9 147
-1482.7 165
-1482.5 164
-1482.3 169
-1482.1 144
-1481.9 136
-1481.7 143
-1481.5 169
-1481.3 171
-1481.1 149
-1480.9 152
-1480.7 152
-1480.5 166
-1480.3 166
-1480.1 157
-1479.9 152
-1479.7 139
-1479.5 149
-1479.3 167
-1479.1 155
-1478.9 180
-1478.7 134
-1478.5 180
-1478.3 165
-1478.1 150
-1477.9 155
-1477.7 152
-1477.5 148
-1477.3 186
-1477.1 148
-1476.9 152
-1476.7 145
-1476.5 171
-1476.3 154
-1476.1 150
-1475.9 144
-1475.7 153
-1475.5 168
-1475.3 149
-1475.1 143
-1474.9 135
-1474.7 138
-1474.5 137
-1474.3 156
-1474.1 169
-1473.9 163
-1473.7 152
-1473.5 141
-1473.3 144
-1473.1 137
-1472.9 136
-1472.7 156
-1472.5 151
-1472.3 135
-1472.1 148
-1471.9 138
-1471.7 140
-1471.5 125
-1471.3 160
-1471.1 131
-1470.9 140
-1470.7 134
-1470.5 131
-1470.3 138
-1470.1 124
-1469.9 126
-1469.7 124
-1469.5 143
-1469.3 144
-1469.1 163
-1468.9 137
-1468.7 164
-1468.5 141
-1468.3 128
-1468.1 133
-1467.9 138
-1467.7 137
-1467.5 147
-1467.3 144
-1467.1 153
-1466.9 132
-1466.7 139
-1466.5 142
-1466.3 149
-1466.1 174
-1465.9 149
-1465.7 145
-1465.5 152
-1465.3 167
-1465.1 142
-1464.9 165
-1464.7 177
-1464.5 149
-1464.3 147
-1464.1 142
-1463.9 171
-1463.7 188
-1463.5 183
-1463.3 173
-1463.1 177
-1462.9 169
-1462.7 152
-1462.5 164
-1462.3 162
-1462.1 149
-1461.9 173
-1461.7 145
-1461.5 157
-1461.3 156
-1461.1 147
-1460.9 180
-1460.7 147
-1460.5 147
-1460.3 184
-1460.1 156
-1459.9 146
-1459.7 145
-1459.5 148
-1459.3 156
-1459.1 152
-1458.9 171
-1458.7 170
-1458.5 147
-1458.3 178
-1458.1 173
-1457.9 121
-1457.7 155
-1457.5 148
-1457.3 146
-1457.1 149
-1456.9 129
-1456.7 146
-1456.5 136
-1456.3 131
-1456.1 138
-1455.9 164
-1455.7 128
-1455.5 126
-1455.3 141
-1455.1 149
-1454.9 140
-1454.7 140
-1454.5 131
-1454.3 153
-1454.1 154
-1453.9 146
-1453.7 137
-1453.5 143
-1453.3 162
-1453.1 136
-1452.9 124
-1452.7 127
-1452.5 168
-1452.3 144
-1452.1 135
-1451.9 138
-1451.7 140
-1451.5 134
-1451.3 156
-1451.1 150
-1450.9 138
-1450.7 151
-1450.5 110
-1450.3 149
-1450.1 143
-1449.9 136
-1449.7 137
-1449.5 132
-1449.3 132
-1449.1 142
-1448.9 149
-1448.7 169
-1448.5 153
-1448.3 137
-1448.1 135
-1447.9 131
-1447.7 144
-1447.5 139
-1447.3 148
-1447.1 146
-1446.9 154
-1446.7 148
-1446.5 155
-1446.3 155
-1446.1 163
-1445.9 167
-1445.7 180
-1445.5 146
-1445.3 194
-1445.1 159
-1444.9 148
-1444.7 168
-1444.5 163
-1444.3 153
-1444.1 154
-1443.9 155
-1443.7 121
-1443.5 151
-1443.3 150
-1443.1 169
-1442.9 177
-1442.7 142
-1442.5 148
-1442.3 163
-1442.1 146
-1441.9 156
-1441.7 175
-1441.5 155
-1441.3 139
-1441.1 153
-1440.9 129
-1440.7 157
-1440.5 144
-1440.3 146
-1440.1 165
-1439.9 172
-1439.7 156
-1439.5 155
-1439.3 153
-1439.1 158
-1438.9 140
-1438.7 154
-1438.5 139
-1438.3 135
-1438.1 155
-1437.9 141
-1437.7 152
-1437.5 158
-1437.3 139
-1437.1 148
-1436.9 138
-1436.7 146
-1436.5 134
-1436.3 147
-1436.1 144
-1435.9 149
-1435.7 163
-1435.5 168
-1435.3 149
-1435.1 169
-1434.9 165
-1434.7 130
-1434.5 154
-1434.3 143
-1434.1 144
-1433.9 145
-1433.7 142
-1433.5 133
-1433.3 120
-1433.1 148
-1432.9 126
-1432.7 146
-1432.5 149
-1432.3 176
-1432.1 143
-1431.9 145
-1431.7 145
-1431.5 159
-1431.3 169
-1431.1 168
-1430.9 170
-1430.7 136
-1430.5 162
-1430.3 172
-1430.1 162
-1429.9 152
-1429.7 143
-1429.5 128
-1429.3 154
-1429.1 148
-1428.9 176
-1428.7 161
-1428.5 186
-1428.3 164
-1428.1 158
-1427.9 169
-1427.7 165
-1427.5 169
-1427.3 128
-1427.1 145
-1426.9 139
-1426.7 146
-1426.5 153
-1426.3 153
-1426.1 143
-1425.9 156
-1425.7 152
-1425.5 155
-1425.3 144
-1425.1 157
-1424.9 169
-1424.7 157
-1424.5 163
-1424.3 132
-1424.1 143
-1423.9 163
-1423.7 169
-1423.5 150
-1423.3 164
-1423.1 145
-1422.9 146
-1422.7 152
-1422.5 149
-1422.3 136
-1422.1 136
-1421.9 159
-1421.7 158
-1421.5 127
-1421.3 153
-1421.1 139
-1420.9 130
-1420.7 180
-1420.5 152
-1420.3 147
-1420.1 153
-1419.9 152
-1419.7 139
-1419.5 130
-1419.3 151
-1419.1 149
-1418.9 130
-1418.7 149
-1418.5 159
-1418.3 149
-1418.1 143
-1417.9 179
-1417.7 155
-1417.5 159
-1417.3 162
-1417.1 148
-1416.9 176
-1416.7 186
-1416.5 144
-1416.3 135
-1416.1 162
-1415.9 147
-1415.7 142
-1415.5 162
-1415.3 131
-1415.1 140
-1414.9 151
-1414.7 132
-1414.5 162
-1414.3 128
-1414.1 137
-1413.9 165
-1413.7 151
-1413.5 130
-1413.3 169
-1413.1 154
-1412.9 161
-1412.7 146
-1412.5 153
-1412.3 172
-1412.1 128
-1411.9 129
-1411.7 170
-1411.5 137
-1411.3 143
-1411.1 131
-1410.9 159
-1410.7 164
-1410.5 136
-1410.3 152
-1410.1 156
-1409.9 135
-1409.7 144
-1409.5 140
-1409.3 137
-1409.1 169
-1408.9 144
-1408.7 148
-1408.5 140
-1408.3 140
-1408.1 184
-1407.9 136
-1407.7 141
-1407.5 119
-1407.3 161
-1407.1 166
-1406.9 156
-1406.7 153
-1406.5 142
-1406.3 150
-1406.1 142
-1405.9 140
-1405.7 152
-1405.5 140
-1405.3 139
-1405.1 133
-1404.9 149
-1404.7 127
-1404.5 134
-1404.3 147
-1404.1 135
-1403.9 136
-1403.7 146
-1403.5 137
-1403.3 135
-1403.1 142
-1402.9 132
-1402.7 137
-1402.5 145
-1402.3 155
-1402.1 148
-1401.9 125
-1401.7 139
-1401.5 158
-1401.3 165
-1401.1 158
-1400.9 141
-1400.7 151
-1400.5 155
-1400.3 152
-1400.1 162
-1399.9 164
-1399.7 149
-1399.5 160
-1399.3 152
-1399.1 157
-1398.9 138
-1398.7 153
-1398.5 141
-1398.3 149
-1398.1 156
-1397.9 129
-1397.7 133
-1397.5 143
-1397.3 147
-1397.1 155
-1396.9 145
-1396.7 129
-1396.5 157
-1396.3 154
-1396.1 148
-1395.9 161
-1395.7 133
-1395.5 133
-1395.3 147
-1395.1 147
-1394.9 149
-1394.7 157
-1394.5 148
-1394.3 141
-1394.1 148
-1393.9 158
-1393.7 143
-1393.5 137
-1393.3 183
-1393.1 135
-1392.9 138
-1392.7 147
-1392.5 154
-1392.3 153
-1392.1 155
-1391.9 155
-1391.7 154
-1391.5 137
-1391.3 149
-1391.1 142
-1390.9 163
-1390.7 164
-1390.5 146
-1390.3 131
-1390.1 167
-1389.9 157
-1389.7 152
-1389.5 137
-1389.3 155
-1389.1 127
-1388.9 159
-1388.7 145
-1388.5 144
-1388.3 149
-1388.1 160
-1387.9 143
-1387.7 124
-1387.5 157
-1387.3 158
-1387.1 135
-1386.9 143
-1386.7 159
-1386.5 154
-1386.3 150
-1386.1 152
-1385.9 125
-1385.7 157
-1385.5 146
-1385.3 152
-1385.1 155
-1384.9 135
-1384.7 156
-1384.5 155
-1384.3 165
-1384.1 146
-1383.9 144
-1383.7 129
-1383.5 161
-1383.3 138
-1383.1 151
-1382.9 156
-1382.7 140
-1382.5 166
-1382.3 167
-1382.1 147
-1381.9 124
-1381.7 158
-1381.5 136
-1381.3 168
-1381.1 153
-1380.9 164
-1380.7 155
-1380.5 144
-1380.3 132
-1380.1 176
-1379.9 148
-1379.7 134
-1379.5 158
-1379.3 139
-1379.1 154
-1378.9 159
-1378.7 152
-1378.5 156
-1378.3 152
-1378.1 169
-1377.9 153
-1377.7 155
-1377.5 160
-1377.3 157
-1377.1 134
-1376.9 158
-1376.7 147
-1376.5 147
-1376.3 154
-1376.1 149
-1375.9 150
-1375.7 159
-1375.5 167
-1375.3 156
-1375.1 159
-1374.9 122
-1374.7 170
-1374.5 146
-1374.3 149
-1374.1 179
-1373.9 139
-1373.7 161
-1373.5 159
-1373.3 147
-1373.1 144
-1372.9 146
-1372.7 167
-1372.5 159
-1372.3 161
-1372.1 162
-1371.9 180
-1371.7 147
-1371.5 146
-1371.3 153
-1371.1 165
-1370.9 175
-1370.7 153
-1370.5 158
-1370.3 148
-1370.1 137
-1369.9 138
-1369.7 153
-1369.5 155
-1369.3 120
-1369.1 131
-1368.9 127
-1368.7 153
-1368.5 136
-1368.3 123
-1368.1 164
-1367.9 155
-1367.7 158
-1367.5 140
-1367.3 145
-1367.1 156
-1366.9 138
-1366.7 138
-1366.5 145
-1366.3 163
-1366.1 145
-1365.9 119
-1365.7 139
-1365.5 124
-1365.3 137
-1365.1 156
-1364.9 121
-1364.7 141
-1364.5 152
-1364.3 139
-1364.1 161
-1363.9 133
-1363.7 137
-1363.5 149
-1363.3 140
-1363.1 138
-1362.9 155
-1362.7 137
-1362.5 121
-1362.3 141
-1362.1 117
-1361.9 130
-1361.7 120
-1361.5 139
-1361.3 135
-1361.1 123
-1360.9 131
-1360.7 127
-1360.5 118
-1360.3 105
-1360.1 132
-1359.9 132
-1359.7 121
-1359.5 110
-1359.3 119
-1359.1 115
-1358.9 147
-1358.7 106
-1358.5 110
-1358.3 120
-1358.1 102
-1357.9 141
-1357.7 89
-1357.5 127
-1357.3 103
-1357.1 91
-1356.9 87
-1356.7 116
-1356.5 89
-1356.3 106
-1356.1 85
-1355.9 83
-1355.7 101
-1355.5 95
-1355.3 77
-1355.1 88
-1354.9 102
-1354.7 69
-1354.5 63
-1354.3 89
-1354.1 83
-1353.9 92
-1353.7 70
-1353.5 73
-1353.3 80
-1353.1 69
-1352.9 63
-1352.7 72
-1352.5 82
-1352.3 77
-1352.1 71
-1351.9 53
-1351.7 69
-1351.5 60
-1351.3 69
-1351.1 69
-1350.9 76
-1350.7 62
-1350.5 62
-1350.3 57
-1350.1 54
-1349.9 53
-1349.7 69
-1349.5 49
-1349.3 54
-1349.1 54
-1348.9 50
-1348.7 65
-1348.5 52
-1348.3 44
-1348.1 54
-1347.9 55
-1347.7 48
-1347.5 46
-1347.3 41
-1347.1 53
-1346.9 46
-1346.7 50
-1346.5 43
-1346.3 51
-1346.1 38
-1345.9 49
-1345.7 53
-1345.5 41
-1345.3 34
-1345.1 50
-1344.9 44
-1344.7 42
-1344.5 45
-1344.3 46
-1344.1 28
-1343.9 55
-1343.7 34
-1343.5 38
-1343.3 37
-1343.1 42
-1342.9 26
-1342.7 25
-1342.5 32
-1342.3 38
-1342.1 35
-1341.9 23
-1341.7 30
-1341.5 31
-1341.3 33
-1341.1 43
-1340.9 20
-1340.7 20
-1340.5 28
-1340.3 21
-1340.1 28
-1339.9 30
-1339.7 25
-1339.5 22
-1339.3 20
-1339.1 31
-1338.9 13
-1338.7 17
-1338.5 19
-1338.3 13
-1338.1 17
-1337.9 26
-1337.7 18
-1337.5 24
-1337.3 10
-1337.1 16
-1336.9 12
-1336.7 18
-1336.5 15
-1336.3 9
-1336.1 12
-1335.9 6
-1335.7 7
-1335.5 10
-1335.3 8
-1335.1 5
-1334.9 11
-1334.7 9
-1334.5 6
-1334.3 6
-1334.1 9
-1333.9 4
-1333.7 4
-1333.5 7
-1333.3 4
-1333.1 6
-1332.9 5
-1332.7 2
-1332.5 5
-1332.3 6
-1332.1 4
-1331.9 4
-1331.7 4
-1331.5 3
-1331.3 4
-1331.1 3
-1330.9 1
-1330.7 6
-1330.5 2
-1330.3 3
-1330.1 2
-1329.9 4
-1329.7 3
-1329.5 2
-1329.3 0
-1329.1 2
-1328.9 0
-1328.7 3
-1328.5 4
-1328.3 4
-1328.1 4
-1327.9 3
-1327.7 3
-1327.5 1
-1327.3 1
-1327.1 1
-1326.9 1
-1326.7 1
-1326.5 2
-1326.3 5
-1326.1 1
-1325.9 3
-1325.7 0
-1325.5 2
-1325.3 7
-1325.1 6
-1324.9 3
-1324.7 0
-1324.5 0
-1324.3 1
-1324.1 1
-1323.9 4
-1323.7 2
-1323.5 2
-1323.3 3
-1323.1 1
-1322.9 4
-1322.7 0
-1322.5 0
-1322.3 1
-1322.1 0
-1321.9 1
-1321.7 1
-1321.5 2
-1321.3 2
-1321.1 2
-1320.9 0
-1320.7 1
-1320.5 3
-1320.3 6
-1320.1 3
-1319.9 1
-1319.7 4
-1319.5 2
-1319.3 2
-1319.1 0
-1318.9 0
-1318.7 2
-1318.5 2
-1318.3 3
-1318.1 1
-1317.9 3
-1317.7 0
-1317.5 2
-1317.3 3
-1317.1 3
-1316.9 1
-1316.7 2
-1316.5 1
-1316.3 4
-1316.1 3
-1315.9 1
-1315.7 2
-1315.5 3
-1315.3 0
-1315.1 2
-1314.9 4
-1314.7 3
-1314.5 3
-1314.3 1
-1314.1 1
-1313.9 2
-1313.7 1
-1313.5 1
-1313.3 2
-1313.1 4
-1312.9 0
-1312.7 2
-1312.5 5
-1312.3 3
-1312.1 0
-1311.9 1
-1311.7 0
-1311.5 1
-1311.3 2
-1311.1 1
-1310.9 1
-1310.7 1
-1310.5 2
-1310.3 0
-1310.1 0
-1309.9 2
-1309.7 1
-1309.5 5
-1309.3 3
-1309.1 1
-1308.9 3
-1308.7 1
-1308.5 1
-1308.3 2
-1308.1 0
-1307.9 3
-1307.7 2
-1307.5 1
-1307.3 3
-1307.1 3
-1306.9 2
-1306.7 3
-1306.5 0
-1306.3 1
-1306.1 2
-1305.9 0
-1305.7 1
-1305.5 1
-1305.3 0
-1305.1 1
-1304.9 1
-1304.7 2
-1304.5 1
-1304.3 1
-1304.1 0
-1303.9 1
-1303.7 1
-1303.5 0
-1303.3 3
-1303.1 1
-1302.9 2
-1302.7 2
-1302.5 0
-1302.3 2
-1302.1 1
-1301.9 1
-1301.7 2
-1301.5 1
-1301.3 2
-1301.1 0
-1300.9 4
-1300.7 1
-1300.5 1
-1300.3 1
-1300.1 1
