1450
-1589.7 2.32016e-06
-1589.5 6.38044e-06
-1589.3 9.86067e-06
-1589.1 1.21808e-05
-1588.9 1.74012e-05
-1588.7 1.97213e-05
-1588.5 2.08814e-05
-1588.3 2.37816e-05
-1588.1 2.9582e-05
-1587.9 3.36423e-05
-1587.7 3.88627e-05
-1587.5 4.29229e-05
-1587.3 4.87233e-05
-1587.1 5.39437e-05
-1586.9 6.26443e-05
-1586.7 6.90247e-05
-1586.5 7.48251e-05
-1586.3 8.06255e-05
-1586.1 8.58459e-05
-1585.9 9.10662e-05
-1585.7 9.51265e-05
-1585.5 0.000102087
-1585.3 0.000106727
-1585.1 0.000114268
-1584.9 0.000121228
-1584.7 0.000130509
-1584.5 0.000134569
-1584.3 0.00013921
-1584.1 0.00014675
-1583.9 0.00015313
-1583.7 0.000156031
-1583.5 0.000162991
-1583.3 0.000166471
-1583.1 0.000179232
-1582.9 0.000190833
-1582.7 0.000203594
-1582.5 0.000210554
-1582.3 0.000219835
-1582.1 0.000229696
-1581.9 0.000241297
-1581.7 0.000252317
-1581.5 0.000267978
-1581.3 0.000283059
-1581.1 0.000299881
-1580.9 0.000316702
-1580.7 0.000338743
-1580.5 0.000359045
-1580.3 0.000387467
-1580.1 0.000408348
-1579.9 0.00043793
-1579.7 0.000478533
-1579.5 0.000510435
-1579.3 0.000543497
-1579.1 0.000593961
-1578.9 0.000647324
-1578.7 0.000703008
-1578.5 0.000755212
-1578.3 0.000817856
-1578.1 0.000895001
-1577.9 0.000970986
-1577.7 0.00105973
-1577.5 0.0011508
-1577.3 0.00125231
-1577.1 0.00135323
-1576.9 0.00146518
-1576.7 0.00158815
-1576.5 0.00170416
-1576.3 0.00186773
-1576.1 0.00202086
-1575.9 0.00219255
-1575.7 0.00235902
-1575.5 0.00254753
-1575.3 0.00273141
-1575.1 0.00294196
-1574.9 0.00314846
-1574.7 0.00338221
-1574.5 0.00361945
-1574.3 0.00386422
-1574.1 0.00412292
-1573.9 0.00438916
-1573.7 0.00464844
-1573.5 0.0049373
-1573.3 0.00523486
-1573.1 0.00553532
-1572.9 0.00583114
-1572.7 0.00614552
-1572.5 0.0064715
-1572.3 0.00680445
-1572.1 0.00718089
-1571.9 0.00751267
-1571.7 0.00788216
-1571.5 0.00829863
-1571.3 0.00868899
-1571.1 0.00908458
-1570.9 0.00951149
-1570.7 0.00992274
-1570.5 0.010356
-1570.3 0.0107829
-1570.1 0.0112557
-1569.9 0.0117336
-1569.7 0.0121942
-1569.5 0.0126843
-1569.3 0.0132023
-1569.1 0.0136878
-1568.9 0.0142174
-1568.7 0.0147376
-1568.5 0.0152371
-1568.3 0.015773
-1568.1 0.0163368
-1567.9 0.0169186
-1567.7 0.0175149
-1567.5 0.0181436
-1567.3 0.0187736
-1567.1 0.0193925
-1566.9 0.0200079
-1566.7 0.0206483
-1566.5 0.021302
-1566.3 0.0220009
-1566.1 0.0226488
-1565.9 0.0233373
-1565.7 0.0240235
-1565.5 0.0247021
-1565.3 0.0254173
-1565.1 0.0261215
-1564.9 0.0268344
-1564.7 0.0275467
-1564.5 0.0282961
-1564.3 0.0290582
-1564.1 0.029803
-1563.9 0.030611
-1563.7 0.0313784
-1563.5 0.0321771
-1563.3 0.0329869
-1563.1 0.0337954
-1562.9 0.0346162
-1562.7 0.0354636
-1562.5 0.0362705
-1562.3 0.0371411
-1562.1 0.0380425
-1561.9 0.0389247
-1561.7 0.0398041
-1561.5 0.0406712
-1561.3 0.0415622
-1561.1 0.0425215
-1560.9 0.0434606
-1560.7 0.0444067
-1560.5 0.0452982
-1560.3 0.046199
-1560.1 0.0471648
-1559.9 0.0481398
-1559.7 0.0491178
-1559.5 0.0501102
-1559.3 0.051058
-1559.1 0.0520127
-1558.9 0.0529826
-1558.7 0.0540295
-1558.5 0.0550463
-1558.3 0.0560487
-1558.1 0.0570602
-1557.9 0.0580782
-1557.7 0.0590991
-1557.5 0.0601078
-1557.3 0.0610672
-1557.1 0.0621089
-1556.9 0.0631135
-1556.7 0.0641669
-1556.5 0.0652052
-1556.3 0.0662817
-1556.1 0.0673061
-1555.9 0.0683803
-1555.7 0.0694331
-1555.5 0.0704928
-1555.3 0.0715531
-1555.1 0.0726099
-1554.9 0.0736755
-1554.7 0.0746981
-1554.5 0.0757688
-1554.3 0.0768692
-1554.1 0.0779736
-1553.9 0.0790722
-1553.7 0.0801354
-1553.5 0.0812027
-1553.3 0.0822972
-1553.1 0.0833981
-1552.9 0.0845344
-1552.7 0.0856173
-1552.5 0.0866968
-1552.3 0.0877078
-1552.1 0.0887902
-1551.9 0.0899143
-1551.7 0.0910529
-1551.5 0.0921416
-1551.3 0.0932582
-1551.1 0.0943545
-1550.9 0.0954728
-1550.7 0.0965795
-1550.5 0.0976648
-1550.3 0.0987541
-1550.1 0.0998469
-1549.9 0.100887
-1549.7 0.101977
-1549.5 0.103083
-1549.3 0.104178
-1549.1 0.105292
-1548.9 0.106409
-1548.7 0.107488
-1548.5 0.108578
-1548.3 0.109698
-1548.1 0.110727
-1547.9 0.111777
-1547.7 0.112865
-1547.5 0.113944
-1547.3 0.11508
-1547.1 0.116105
-1546.9 0.117159
-1546.7 0.118264
-1546.5 0.11932
-1546.3 0.120428
-1546.1 0.12148
-1545.9 0.122577
-1545.7 0.123632
-1545.5 0.124709
-1545.3 0.125799
-1545.1 0.126862
-1544.9 0.127943
-1544.7 0.129037
-1544.5 0.130128
-1544.3 0.131113
-1544.1 0.132172
-1543.9 0.133247
-1543.7 0.134285
-1543.5 0.135274
-1543.3 0.136293
-1543.1 0.137345
-1542.9 0.138384
-1542.7 0.139439
-1542.5 0.140466
-1542.3 0.141548
-1542.1 0.14259
-1541.9 0.14361
-1541.7 0.14464
-1541.5 0.14568
-1541.3 0.146722
-1541.1 0.147755
-1540.9 0.148772
-1540.7 0.149782
-1540.5 0.150836
-1540.3 0.151803
-1540.1 0.15279
-1539.9 0.15377
-1539.7 0.154776
-1539.5 0.155809
-1539.3 0.156817
-1539.1 0.157862
-1538.9 0.158928
-1538.7 0.159952
-1538.5 0.160913
-1538.3 0.161886
-1538.1 0.162862
-1537.9 0.163836
-1537.7 0.164832
-1537.5 0.165808
-1537.3 0.166819
-1537.1 0.167828
-1536.9 0.168803
-1536.7 0.169767
-1536.5 0.170808
-1536.3 0.171867
-1536.1 0.172892
-1535.9 0.173889
-1535.7 0.174899
-1535.5 0.17592
-1535.3 0.176968
-1535.1 0.177985
-1534.9 0.179003
-1534.7 0.180072
-1534.5 0.181122
-1534.3 0.182135
-1534.1 0.183156
-1533.9 0.184193
-1533.7 0.185215
-1533.5 0.186275
-1533.3 0.187296
-1533.1 0.188319
-1532.9 0.189373
-1532.7 0.190415
-1532.5 0.191473
-1532.3 0.192485
-1532.1 0.1935
-1531.9 0.194517
-1531.7 0.19553
-1531.5 0.196526
-1531.3 0.197532
-1531.1 0.198499
-1530.9 0.199482
-1530.7 0.200468
-1530.5 0.20143
-1530.3 0.202415
-1530.1 0.203356
-1529.9 0.204304
-1529.7 0.205234
-1529.5 0.206152
-1529.3 0.207097
-1529.1 0.208028
-1528.9 0.208972
-1528.7 0.209895
-1528.5 0.210822
-1528.3 0.211735
-1528.1 0.21261
-1527.9 0.213554
-1527.7 0.21441
-1527.5 0.215303
-1527.3 0.216209
-1527.1 0.217078
-1526.9 0.217959
-1526.7 0.218861
-1526.5 0.21975
-1526.3 0.220606
-1526.1 0.221438
-1525.9 0.222315
-1525.7 0.223204
-1525.5 0.224078
-1525.3 0.224946
-1525.1 0.22579
-1524.9 0.226642
-1524.7 0.227491
-1524.5 0.228362
-1524.3 0.229159
-1524.1 0.230026
-1523.9 0.230881
-1523.7 0.231697
-1523.5 0.232517
-1523.3 0.233343
-1523.1 0.234178
-1522.9 0.235025
-1522.7 0.235827
-1522.5 0.236652
-1522.3 0.237495
-1522.1 0.238417
-1521.9 0.239271
-1521.7 0.240129
-1521.5 0.241008
-1521.3 0.241871
-1521.1 0.242774
-1520.9 0.24365
-1520.7 0.244531
-1520.5 0.245441
-1520.3 0.246339
-1520.1 0.247257
-1519.9 0.248172
-1519.7 0.249099
-1519.5 0.249989
-1519.3 0.250952
-1519.1 0.251894
-1518.9 0.252874
-1518.7 0.253827
-1518.5 0.254815
-1518.3 0.255825
-1518.1 0.256841
-1517.9 0.257854
-1517.7 0.258887
-1517.5 0.259891
-1517.3 0.260953
-1517.1 0.261981
-1516.9 0.262999
-1516.7 0.264013
-1516.5 0.265068
-1516.3 0.266126
-1516.1 0.267195
-1515.9 0.268247
-1515.7 0.269285
-1515.5 0.270347
-1515.3 0.271333
-1515.1 0.272356
-1514.9 0.273339
-1514.7 0.274358
-1514.5 0.275348
-1514.3 0.276324
-1514.1 0.277345
-1513.9 0.278316
-1513.7 0.279279
-1513.5 0.280221
-1513.3 0.281155
-1513.1 0.282104
-1512.9 0.283051
-1512.7 0.283985
-1512.5 0.284921
-1512.3 0.285841
-1512.1 0.28669
-1511.9 0.28755
-1511.7 0.28848
-1511.5 0.289362
-1511.3 0.290174
-1511.1 0.291062
-1510.9 0.291913
-1510.7 0.292774
-1510.5 0.293644
-1510.3 0.294512
-1510.1 0.295358
-1509.9 0.29619
-1509.7 0.297023
-1509.5 0.297865
-1509.3 0.298688
-1509.1 0.29951
-1508.9 0.300358
-1508.7 0.301202
-1508.5 0.302012
-1508.3 0.302817
-1508.1 0.303611
-1507.9 0.30446
-1507.7 0.305294
-1507.5 0.306076
-1507.3 0.306864
-1507.1 0.307673
-1506.9 0.308462
-1506.7 0.309246
-1506.5 0.310039
-1506.3 0.310855
-1506.1 0.311621
-1505.9 0.312409
-1505.7 0.313188
-1505.5 0.313959
-1505.3 0.31476
-1505.1 0.315519
-1504.9 0.316347
-1504.7 0.31716
-1504.5 0.317966
-1504.3 0.318779
-1504.1 0.319601
-1503.9 0.320417
-1503.7 0.321258
-1503.5 0.32208
-1503.3 0.322915
-1503.1 0.323787
-1502.9 0.324649
-1502.7 0.32548
-1502.5 0.326324
-1502.3 0.327249
-1502.1 0.32811
-1501.9 0.329016
-1501.7 0.329916
-1501.5 0.330845
-1501.3 0.331777
-1501.1 0.332704
-1500.9 0.333658
-1500.7 0.334621
-1500.5 0.335578
-1500.3 0.33656
-1500.1 0.337531
-1499.9 0.338492
-1499.7 0.339501
-1499.5 0.340499
-1499.3 0.341502
-1499.1 0.342531
-1498.9 0.343562
-1498.7 0.344566
-1498.5 0.345568
-1498.3 0.346538
-1498.1 0.347544
-1497.9 0.348577
-1497.7 0.349561
-1497.5 0.350593
-1497.3 0.351634
-1497.1 0.352643
-1496.9 0.353655
-1496.7 0.354632
-1496.5 0.355597
-1496.3 0.35656
-1496.1 0.357543
-1495.9 0.358516
-1495.7 0.359485
-1495.5 0.360441
-1495.3 0.361382
-1495.1 0.362331
-1494.9 0.363274
-1494.7 0.364223
-1494.5 0.36512
-1494.3 0.36603
-1494.1 0.366928
-1493.9 0.36783
-1493.7 0.368739
-1493.5 0.369613
-1493.3 0.370495
-1493.1 0.371364
-1492.9 0.372193
-1492.7 0.373022
-1492.5 0.373824
-1492.3 0.374649
-1492.1 0.375463
-1491.9 0.376251
-1491.7 0.377058
-1491.5 0.377854
-1491.3 0.37864
-1491.1 0.379436
-1490.9 0.380203
-1490.7 0.38101
-1490.5 0.381778
-1490.3 0.382518
-1490.1 0.383266
-1489.9 0.384015
-1489.7 0.384802
-1489.5 0.385563
-1489.3 0.386312
-1489.1 0.38706
-1488.9 0.387813
-1488.7 0.388602
-1488.5 0.389353
-1488.3 0.390102
-1488.1 0.390869
-1487.9 0.391682
-1487.7 0.39244
-1487.5 0.393193
-1487.3 0.393969
-1487.1 0.394728
-1486.9 0.39551
-1486.7 0.396315
-1486.5 0.39714
-1486.3 0.397958
-1486.1 0.398748
-1485.9 0.399614
-1485.7 0.400432
-1485.5 0.401242
-1485.3 0.402121
-1485.1 0.402945
-1484.9 0.403861
-1484.7 0.404755
-1484.5 0.405615
-1484.3 0.406472
-1484.1 0.407348
-1483.9 0.408221
-1483.7 0.409143
-1483.5 0.410054
-1483.3 0.410989
-1483.1 0.411917
-1482.9 0.41285
-1482.7 0.413763
-1482.5 0.414703
-1482.3 0.415701
-1482.1 0.416693
-1481.9 0.417665
-1481.7 0.418616
-1481.5 0.419556
-1481.3 0.420515
-1481.1 0.421507
-1480.9 0.422497
-1480.7 0.423511
-1480.5 0.424483
-1480.3 0.425493
-1480.1 0.426486
-1479.9 0.427458
-1479.7 0.428433
-1479.5 0.429448
-1479.3 0.430431
-1479.1 0.431398
-1478.9 0.432366
-1478.7 0.433362
-1478.5 0.434343
-1478.3 0.43529
-1478.1 0.436212
-1477.9 0.437099
-1477.7 0.438013
-1477.5 0.438944
-1477.3 0.439891
-1477.1 0.440764
-1476.9 0.441634
-1476.7 0.442468
-1476.5 0.443322
-1476.3 0.444196
-1476.1 0.445076
-1475.9 0.445946
-1475.7 0.446786
-1475.5 0.44764
-1475.3 0.448438
-1475.1 0.449285
-1474.9 0.4501
-1474.7 0.450921
-1474.5 0.451755
-1474.3 0.452532
-1474.1 0.453352
-1473.9 0.454153
-1473.7 0.454939
-1473.5 0.455775
-1473.3 0.456549
-1473.1 0.457328
-1472.9 0.458103
-1472.7 0.458908
-1472.5 0.459706
-1472.3 0.460471
-1472.1 0.461253
-1471.9 0.461993
-1471.7 0.462769
-1471.5 0.463551
-1471.3 0.464366
-1471.1 0.465143
-1470.9 0.465957
-1470.7 0.466749
-1470.5 0.467518
-1470.3 0.468278
-1470.1 0.469116
-1469.9 0.469937
-1469.7 0.47075
-1469.5 0.471524
-1469.3 0.472355
-1469.1 0.47315
-1468.9 0.47397
-1468.7 0.474815
-1468.5 0.475668
-1468.3 0.476494
-1468.1 0.477366
-1467.9 0.47822
-1467.7 0.479079
-1467.5 0.479923
-1467.3 0.48075
-1467.1 0.481608
-1466.9 0.482497
-1466.7 0.483389
-1466.5 0.484272
-1466.3 0.485172
-1466.1 0.486036
-1465.9 0.486989
-1465.7 0.487867
-1465.5 0.488788
-1465.3 0.489721
-1465.1 0.490672
-1464.9 0.491592
-1464.7 0.492567
-1464.5 0.493527
-1464.3 0.494438
-1464.1 0.495348
-1463.9 0.496334
-1463.7 0.497287
-1463.5 0.498237
-1463.3 0.4992
-1463.1 0.500172
-1462.9 0.501126
-1462.7 0.502082
-1462.5 0.503039
-1462.3 0.503981
-1462.1 0.504972
-1461.9 0.50593
-1461.7 0.506884
-1461.5 0.507789
-1461.3 0.508705
-1461.1 0.50964
-1460.9 0.510571
-1460.7 0.511466
-1460.5 0.512402
-1460.3 0.513306
-1460.1 0.514199
-1459.9 0.515119
-1459.7 0.515997
-1459.5 0.516919
-1459.3 0.517836
-1459.1 0.518743
-1458.9 0.519614
-1458.7 0.520511
-1458.5 0.521377
-1458.3 0.522268
-1458.1 0.523133
-1457.9 0.523988
-1457.7 0.524847
-1457.5 0.525663
-1457.3 0.526472
-1457.1 0.527302
-1456.9 0.528093
-1456.7 0.528901
-1456.5 0.529737
-1456.3 0.530591
-1456.1 0.531362
-1455.9 0.532185
-1455.7 0.532994
-1455.5 0.533797
-1455.3 0.534614
-1455.1 0.535396
-1454.9 0.536201
-1454.7 0.536952
-1454.5 0.537762
-1454.3 0.538532
-1454.1 0.539308
-1453.9 0.540092
-1453.7 0.540907
-1453.5 0.541683
-1453.3 0.542447
-1453.1 0.543214
-1452.9 0.544008
-1452.7 0.544781
-1452.5 0.545611
-1452.3 0.546413
-1452.1 0.547213
-1451.9 0.547975
-1451.7 0.548766
-1451.5 0.549564
-1451.3 0.5504
-1451.1 0.551195
-1450.9 0.551998
-1450.7 0.552828
-1450.5 0.553672
-1450.3 0.554495
-1450.1 0.555302
-1449.9 0.556083
-1449.7 0.556935
-1449.5 0.557803
-1449.3 0.558663
-1449.1 0.559538
-1448.9 0.560417
-1448.7 0.561272
-1448.5 0.562107
-1448.3 0.562993
-1448.1 0.563854
-1447.9 0.564719
-1447.7 0.565651
-1447.5 0.566576
-1447.3 0.567457
-1447.1 0.568362
-1446.9 0.569257
-1446.7 0.570207
-1446.5 0.571077
-1446.3 0.571971
-1446.1 0.572879
-1445.9 0.573811
-1445.7 0.574728
-1445.5 0.57567
-1445.3 0.576557
-1445.1 0.577459
-1444.9 0.5784
-1444.7 0.579317
-1444.5 0.580284
-1444.3 0.581171
-1444.1 0.582112
-1443.9 0.583061
-1443.7 0.584004
-1443.5 0.584932
-1443.3 0.585866
-1443.1 0.586758
-1442.9 0.58766
-1442.7 0.588573
-1442.5 0.589497
-1442.3 0.590384
-1442.1 0.591299
-1441.9 0.592187
-1441.7 0.593111
-1441.5 0.59403
-1441.3 0.594903
-1441.1 0.595787
-1440.9 0.59665
-1440.7 0.597523
-1440.5 0.598405
-1440.3 0.599279
-1440.1 0.600171
-1439.9 0.601043
-1439.7 0.601862
-1439.5 0.602713
-1439.3 0.603563
-1439.1 0.604391
-1438.9 0.605194
-1438.7 0.606013
-1438.5 0.606816
-1438.3 0.607634
-1438.1 0.60847
-1437.9 0.609284
-1437.7 0.610122
-1437.5 0.610946
-1437.3 0.611784
-1437.1 0.612663
-1436.9 0.613441
-1436.7 0.614267
-1436.5 0.615093
-1436.3 0.615909
-1436.1 0.616742
-1435.9 0.617551
-1435.7 0.618351
-1435.5 0.619187
-1435.3 0.620039
-1435.1 0.620869
-1434.9 0.621668
-1434.7 0.622488
-1434.5 0.623295
-1434.3 0.624162
-1434.1 0.624953
-1433.9 0.625809
-1433.7 0.62666
-1433.5 0.627476
-1433.3 0.628329
-1433.1 0.629192
-1432.9 0.630011
-1432.7 0.630903
-1432.5 0.631768
-1432.3 0.632583
-1432.1 0.633404
-1431.9 0.634262
-1431.7 0.635096
-1431.5 0.63594
-1431.3 0.63678
-1431.1 0.637662
-1430.9 0.638509
-1430.7 0.639368
-1430.5 0.640239
-1430.3 0.641071
-1430.1 0.641915
-1429.9 0.642776
-1429.7 0.643653
-1429.5 0.644539
-1429.3 0.6454
-1429.1 0.646294
-1428.9 0.647175
-1428.7 0.648044
-1428.5 0.64894
-1428.3 0.649795
-1428.1 0.650669
-1427.9 0.651528
-1427.7 0.652407
-1427.5 0.65328
-1427.3 0.65411
-1427.1 0.654994
-1426.9 0.655851
-1426.7 0.656721
-1426.5 0.657571
-1426.3 0.658435
-1426.1 0.659299
-1425.9 0.660134
-1425.7 0.660965
-1425.5 0.661828
-1425.3 0.6627
-1425.1 0.663525
-1424.9 0.66438
-1424.7 0.665256
-1424.5 0.666098
-1424.3 0.666945
-1424.1 0.667796
-1423.9 0.668638
-1423.7 0.669473
-1423.5 0.670365
-1423.3 0.671183
-1423.1 0.672025
-1422.9 0.672869
-1422.7 0.673717
-1422.5 0.674582
-1422.3 0.67542
-1422.1 0.676274
-1421.9 0.677099
-1421.7 0.677917
-1421.5 0.678766
-1421.3 0.679581
-1421.1 0.680423
-1420.9 0.681283
-1420.7 0.682156
-1420.5 0.683012
-1420.3 0.683862
-1420.1 0.684666
-1419.9 0.685524
-1419.7 0.686349
-1419.5 0.687179
-1419.3 0.688033
-1419.1 0.688888
-1418.9 0.689766
-1418.7 0.69063
-1418.5 0.691476
-1418.3 0.69235
-1418.1 0.693182
-1417.9 0.694021
-1417.7 0.694901
-1417.5 0.695705
-1417.3 0.69657
-1417.1 0.697434
-1416.9 0.698298
-1416.7 0.69916
-1416.5 0.700019
-1416.3 0.70086
-1416.1 0.701709
-1415.9 0.702552
-1415.7 0.70339
-1415.5 0.704236
-1415.3 0.705106
-1415.1 0.706023
-1414.9 0.706864
-1414.7 0.707727
-1414.5 0.7086
-1414.3 0.709492
-1414.1 0.710311
-1413.9 0.711188
-1413.7 0.712024
-1413.5 0.712868
-1413.3 0.713727
-1413.1 0.714597
-1412.9 0.715436
-1412.7 0.716264
-1412.5 0.717096
-1412.3 0.717901
-1412.1 0.718736
-1411.9 0.719572
-1411.7 0.720445
-1411.5 0.721315
-1411.3 0.722137
-1411.1 0.722959
-1410.9 0.723836
-1410.7 0.724642
-1410.5 0.72551
-1410.3 0.726348
-1410.1 0.727205
-1409.9 0.728004
-1409.7 0.72884
-1409.5 0.729682
-1409.3 0.730507
-1409.1 0.731334
-1408.9 0.732192
-1408.7 0.733088
-1408.5 0.733911
-1408.3 0.734787
-1408.1 0.735659
-1407.9 0.736476
-1407.7 0.737272
-1407.5 0.738132
-1407.3 0.738947
-1407.1 0.739776
-1406.9 0.74062
-1406.7 0.741472
-1406.5 0.742301
-1406.3 0.743151
-1406.1 0.744033
-1405.9 0.744847
-1405.7 0.745711
-1405.5 0.746536
-1405.3 0.747401
-1405.1 0.748262
-1404.9 0.749095
-1404.7 0.750006
-1404.5 0.750897
-1404.3 0.751746
-1404.1 0.752614
-1403.9 0.75343
-1403.7 0.754263
-1403.5 0.755105
-1403.3 0.755917
-1403.1 0.756762
-1402.9 0.757593
-1402.7 0.758456
-1402.5 0.759275
-1402.3 0.760084
-1402.1 0.76094
-1401.9 0.761807
-1401.7 0.762577
-1401.5 0.763402
-1401.3 0.764253
-1401.1 0.765108
-1400.9 0.765988
-1400.7 0.766803
-1400.5 0.767667
-1400.3 0.768533
-1400.1 0.769376
-1399.9 0.770196
-1399.7 0.770995
-1399.5 0.771785
-1399.3 0.772632
-1399.1 0.773464
-1398.9 0.774269
-1398.7 0.775106
-1398.5 0.775947
-1398.3 0.776783
-1398.1 0.777642
-1397.9 0.778457
-1397.7 0.779236
-1397.5 0.780035
-1397.3 0.780878
-1397.1 0.781724
-1396.9 0.782515
-1396.7 0.783346
-1396.5 0.784161
-1396.3 0.784982
-1396.1 0.785777
-1395.9 0.786584
-1395.7 0.787452
-1395.5 0.788242
-1395.3 0.789102
-1395.1 0.789966
-1394.9 0.790832
-1394.7 0.791686
-1394.5 0.792512
-1394.3 0.793352
-1394.1 0.794183
-1393.9 0.794992
-1393.7 0.795793
-1393.5 0.796603
-1393.3 0.797435
-1393.1 0.798254
-1392.9 0.799089
-1392.7 0.799937
-1392.5 0.800795
-1392.3 0.801661
-1392.1 0.802499
-1391.9 0.803354
-1391.7 0.804201
-1391.5 0.805045
-1391.3 0.805918
-1391.1 0.806776
-1390.9 0.807666
-1390.7 0.808483
-1390.5 0.809339
-1390.3 0.810152
-1390.1 0.811011
-1389.9 0.81187
-1389.7 0.812667
-1389.5 0.813516
-1389.3 0.814394
-1389.1 0.815258
-1388.9 0.816112
-1388.7 0.816985
-1388.5 0.817818
-1388.3 0.818652
-1388.1 0.819495
-1387.9 0.82033
-1387.7 0.821148
-1387.5 0.821984
-1387.3 0.822834
-1387.1 0.823718
-1386.9 0.824561
-1386.7 0.825388
-1386.5 0.826265
-1386.3 0.827113
-1386.1 0.827958
-1385.9 0.82878
-1385.7 0.829642
-1385.5 0.830494
-1385.3 0.831323
-1385.1 0.832136
-1384.9 0.832964
-1384.7 0.833819
-1384.5 0.834676
-1384.3 0.835543
-1384.1 0.836388
-1383.9 0.837226
-1383.7 0.838076
-1383.5 0.838915
-1383.3 0.839738
-1383.1 0.840657
-1382.9 0.84152
-1382.7 0.842342
-1382.5 0.843188
-1382.3 0.843996
-1382.1 0.844795
-1381.9 0.845627
-1381.7 0.846505
-1381.5 0.847335
-1381.3 0.848183
-1381.1 0.849023
-1380.9 0.849915
-1380.7 0.850764
-1380.5 0.851624
-1380.3 0.852484
-1380.1 0.853325
-1379.9 0.854136
-1379.7 0.855005
-1379.5 0.855856
-1379.3 0.856687
-1379.1 0.857527
-1378.9 0.8584
-1378.7 0.859245
-1378.5 0.860085
-1378.3 0.860906
-1378.1 0.861779
-1377.9 0.862613
-1377.7 0.863479
-1377.5 0.864362
-1377.3 0.865225
-1377.1 0.866084
-1376.9 0.866939
-1376.7 0.867773
-1376.5 0.868634
-1376.3 0.869478
-1376.1 0.870307
-1375.9 0.871182
-1375.7 0.871988
-1375.5 0.872863
-1375.3 0.873683
-1375.1 0.874559
-1374.9 0.875414
-1374.7 0.876284
-1374.5 0.877111
-1374.3 0.877964
-1374.1 0.878816
-1373.9 0.879636
-1373.7 0.880489
-1373.5 0.88134
-1373.3 0.882209
-1373.1 0.883064
-1372.9 0.883929
-1372.7 0.884759
-1372.5 0.885588
-1372.3 0.886452
-1372.1 0.8873
-1371.9 0.888167
-1371.7 0.888994
-1371.5 0.889831
-1371.3 0.890672
-1371.1 0.891515
-1370.9 0.892356
-1370.7 0.893215
-1370.5 0.894069
-1370.3 0.894911
-1370.1 0.895742
-1369.9 0.896587
-1369.7 0.89741
-1369.5 0.898211
-1369.3 0.899078
-1369.1 0.899932
-1368.9 0.900799
-1368.7 0.901589
-1368.5 0.902416
-1368.3 0.903266
-1368.1 0.904088
-1367.9 0.904876
-1367.7 0.905702
-1367.5 0.906544
-1367.3 0.907349
-1367.1 0.908179
-1366.9 0.909007
-1366.7 0.909868
-1366.5 0.910699
-1366.3 0.911498
-1366.1 0.912324
-1365.9 0.913137
-1365.7 0.913955
-1365.5 0.914786
-1365.3 0.915611
-1365.1 0.916445
-1364.9 0.917268
-1364.7 0.918144
-1364.5 0.918988
-1364.3 0.919817
-1364.1 0.920624
-1363.9 0.921423
-1363.7 0.922236
-1363.5 0.92303
-1363.3 0.923893
-1363.1 0.9247
-1362.9 0.925522
-1362.7 0.926351
-1362.5 0.927196
-1362.3 0.928038
-1362.1 0.928859
-1361.9 0.929702
-1361.7 0.930504
-1361.5 0.931291
-1361.3 0.932108
-1361.1 0.932923
-1360.9 0.933742
-1360.7 0.934583
-1360.5 0.935382
-1360.3 0.936197
-1360.1 0.936973
-1359.9 0.9378
-1359.7 0.93858
-1359.5 0.93939
-1359.3 0.940198
-1359.1 0.940965
-1358.9 0.941754
-1358.7 0.942525
-1358.5 0.943327
-1358.3 0.944137
-1358.1 0.944932
-1357.9 0.945702
-1357.7 0.94648
-1357.5 0.947244
-1357.3 0.947988
-1357.1 0.948757
-1356.9 0.949499
-1356.7 0.950238
-1356.5 0.951006
-1356.3 0.951741
-1356.1 0.952463
-1355.9 0.953197
-1355.7 0.953952
-1355.5 0.954668
-1355.3 0.955403
-1355.1 0.956081
-1354.9 0.95676
-1354.7 0.957441
-1354.5 0.958114
-1354.3 0.958796
-1354.1 0.95949
-1353.9 0.96015
-1353.7 0.960785
-1353.5 0.961427
-1353.3 0.962082
-1353.1 0.962735
-1352.9 0.963375
-1352.7 0.964015
-1352.5 0.964673
-1352.3 0.96529
-1352.1 0.965934
-1351.9 0.966574
-1351.7 0.96718
-1351.5 0.967789
-1351.3 0.968361
-1351.1 0.968936
-1350.9 0.969524
-1350.7 0.970096
-1350.5 0.970633
-1350.3 0.971213
-1350.1 0.971761
-1349.9 0.972317
-1349.7 0.972865
-1349.5 0.973412
-1349.3 0.973945
-1349.1 0.974467
-1348.9 0.974979
-1348.7 0.975499
-1348.5 0.976003
-1348.3 0.976477
-1348.1 0.976994
-1347.9 0.977503
-1347.7 0.977991
-1347.5 0.978492
-1347.3 0.978971
-1347.1 0.979417
-1346.9 0.979854
-1346.7 0.980293
-1346.5 0.98076
-1346.3 0.981217
-1346.1 0.98167
-1345.9 0.982093
-1345.7 0.982516
-1345.5 0.982945
-1345.3 0.983361
-1345.1 0.983748
-1344.9 0.984165
-1344.7 0.984549
-1344.5 0.984908
-1344.3 0.985289
-1344.1 0.985663
-1343.9 0.986018
-1343.7 0.98639
-1343.5 0.986742
-1343.3 0.987102
-1343.1 0.987446
-1342.9 0.98777
-1342.7 0.988094
-1342.5 0.988421
-1342.3 0.988732
-1342.1 0.989044
-1341.9 0.989334
-1341.7 0.989624
-1341.5 0.989898
-1341.3 0.990178
-1341.1 0.99045
-1340.9 0.990722
-1340.7 0.990976
-1340.5 0.991236
-1340.3 0.991488
-1340.1 0.991731
-1339.9 0.991969
-1339.7 0.992209
-1339.5 0.992424
-1339.3 0.99264
-1339.1 0.992855
-1338.9 0.993067
-1338.7 0.993264
-1338.5 0.993451
-1338.3 0.993624
-1338.1 0.993816
-1337.9 0.993988
-1337.7 0.994175
-1337.5 0.994344
-1337.3 0.994496
-1337.1 0.994654
-1336.9 0.994813
-1336.7 0.994959
-1336.5 0.995098
-1336.3 0.995248
-1336.1 0.995388
-1335.9 0.995512
-1335.7 0.995623
-1335.5 0.995744
-1335.3 0.995867
-1335.1 0.995963
-1334.9 0.996077
-1334.7 0.99618
-1334.5 0.996269
-1334.3 0.99637
-1334.1 0.99647
-1333.9 0.996558
-1333.7 0.996653
-1333.5 0.996734
-1333.3 0.996816
-1333.1 0.996895
-1332.9 0.996967
-1332.7 0.997044
-1332.5 0.997124
-1332.3 0.997196
-1332.1 0.997265
-1331.9 0.997328
-1331.7 0.997391
-1331.5 0.997451
-1331.3 0.997519
-1331.1 0.997578
-1330.9 0.997637
-1330.7 0.997691
-1330.5 0.997742
-1330.3 0.997796
-1330.1 0.997851
-1329.9 0.9979
-1329.7 0.99795
-1329.5 0.997994
-1329.3 0.998044
-1329.1 0.998082
-1328.9 0.998126
-1328.7 0.998168
-1328.5 0.998208
-1328.3 0.998236
-1328.1 0.99827
-1327.9 0.998301
-1327.7 0.998329
-1327.5 0.998365
-1327.3 0.998401
-1327.1 0.998426
-1326.9 0.99845
-1326.7 0.998474
-1326.5 0.998502
-1326.3 0.998521
-1326.1 0.998561
-1325.9 0.998589
-1325.7 0.998616
-1325.5 0.998643
-1325.3 0.998666
-1325.1 0.99869
-1324.9 0.998718
-1324.7 0.998737
-1324.5 0.998759
-1324.3 0.998782
-1324.1 0.998802
-1323.9 0.998827
-1323.7 0.998839
-1323.5 0.99886
-1323.3 0.998881
-1323.1 0.9989
-1322.9 0.998916
-1322.7 0.998932
-1322.5 0.998948
-1322.3 0.998965
-1322.1 0.998976
-1321.9 0.998986
-1321.7 0.999001
-1321.5 0.999013
-1321.3 0.999023
-1321.1 0.999037
-1320.9 0.999046
-1320.7 0.999061
-1320.5 0.999068
-1320.3 0.999082
-1320.1 0.999095
-1319.9 0.999103
-1319.7 0.999111
-1319.5 0.999119
-1319.3 0.999126
-1319.1 0.999135
-1318.9 0.999146
-1318.7 0.999158
-1318.5 0.999169
-1318.3 0.999182
-1318.1 0.999194
-1317.9 0.999205
-1317.7 0.999216
-1317.5 0.999229
-1317.3 0.999244
-1317.1 0.999255
-1316.9 0.999267
-1316.7 0.999278
-1316.5 0.999286
-1316.3 0.999294
-1316.1 0.999306
-1315.9 0.999313
-1315.7 0.999324
-1315.5 0.999334
-1315.3 0.99935
-1315.1 0.99936
-1314.9 0.999371
-1314.7 0.999381
-1314.5 0.999389
-1314.3 0.999401
-1314.1 0.999408
-1313.9 0.999422
-1313.7 0.999432
-1313.5 0.999443
-1313.3 0.999454
-1313.1 0.999462
-1312.9 0.999472
-1312.7 0.999484
-1312.5 0.999489
-1312.3 0.999497
-1312.1 0.999509
-1311.9 0.999518
-1311.7 0.999529
-1311.5 0.999535
-1311.3 0.999547
-1311.1 0.999556
-1310.9 0.999563
-1310.7 0.999574
-1310.5 0.999585
-1310.3 0.999593
-1310.1 0.999601
-1309.9 0.999607
-1309.7 0.999616
-1309.5 0.999623
-1309.3 0.999629
-1309.1 0.999642
-1308.9 0.999647
-1308.7 0.999658
-1308.5 0.999666
-1308.3 0.999675
-1308.1 0.999686
-1307.9 0.999693
-1307.7 0.9997
-1307.5 0.999705
-1307.3 0.999712
-1307.1 0.999718
-1306.9 0.999724
-1306.7 0.999736
-1306.5 0.999742
-1306.3 0.99975
-1306.1 0.99976
-1305.9 0.999771
-1305.7 0.999776
-1305.5 0.999785
-1305.3 0.99979
-1305.1 0.9998
-1304.9 0.999809
-1304.7 0.999818
-1304.5 0.999827
-1304.3 0.999834
-1304.1 0.999844
-1303.9 0.999852
-1303.7 0.999857
-1303.5 0.999868
-1303.3 0.999876
-1303.1 0.999886
-1302.9 0.999891
-1302.7 0.999897
-1302.5 0.999899
-1302.3 0.999905
-1302.1 0.999914
-1301.9 0.99992
-1301.7 0.999926
-1301.5 0.999935
-1301.3 0.999944
-1301.1 0.999948
-1300.9 0.999959
-1300.7 0.999969
-1300.5 0.999979
-1300.3 0.999986
-1300.1 0.999995
-1299.9 1
