1450
-1589.7 5.87565e-06
-1589.5 5.87565e-06
-1589.3 5.87565e-06
-1589.1 2.35026e-05
-1588.9 4.70052e-05
-1588.7 7.05078e-05
-1588.5 8.22591e-05
-1588.3 9.9886e-05
-1588.1 0.000105762
-1587.9 0.000117513
-1587.7 0.000117513
-1587.5 0.000129264
-1587.3 0.00013514
-1587.1 0.00013514
-1586.9 0.00013514
-1586.7 0.000158642
-1586.5 0.000182145
-1586.3 0.000193896
-1586.1 0.000193896
-1585.9 0.000205648
-1585.7 0.000217399
-1585.5 0.000223275
-1585.3 0.000246777
-1585.1 0.000258529
-1584.9 0.000264404
-1584.7 0.000276155
-1584.5 0.000287907
-1584.3 0.000293782
-1584.1 0.000299658
-1583.9 0.000311409
-1583.7 0.000334912
-1583.5 0.000352539
-1583.3 0.00036429
-1583.1 0.000381917
-1582.9 0.000381917
-1582.7 0.000399544
-1582.5 0.00040542
-1582.3 0.000417171
-1582.1 0.000417171
-1581.9 0.000423047
-1581.7 0.000434798
-1581.5 0.000446549
-1581.3 0.000452425
-1581.1 0.000470052
-1580.9 0.000475927
-1580.7 0.000475927
-1580.5 0.000475927
-1580.3 0.000475927
-1580.1 0.000475927
-1579.9 0.000475927
-1579.7 0.000481803
-1579.5 0.000487679
-1579.3 0.00049943
-1579.1 0.000505306
-1578.9 0.000505306
-1578.7 0.000511181
-1578.5 0.000517057
-1578.3 0.000528808
-1578.1 0.000546435
-1577.9 0.000558187
-1577.7 0.000569938
-1577.5 0.000587565
-1577.3 0.000605192
-1577.1 0.000622819
-1576.9 0.000628694
-1576.7 0.000628694
-1576.5 0.00063457
-1576.3 0.000663948
-1576.1 0.000681575
-1575.9 0.000687451
-1575.7 0.000693326
-1575.5 0.000716829
-1575.3 0.000740332
-1575.1 0.000775586
-1574.9 0.000810839
-1574.7 0.000840218
-1574.5 0.000887223
-1574.3 0.000922477
-1574.1 0.000951855
-1573.9 0.000992984
-1573.7 0.00102236
-1573.5 0.00108112
-1573.3 0.00112812
-1573.1 0.00118688
-1572.9 0.00126914
-1572.7 0.00132202
-1572.5 0.00143366
-1572.3 0.00153354
-1572.1 0.0016158
-1571.9 0.00176857
-1571.7 0.00188021
-1571.5 0.00206235
-1571.3 0.00226212
-1571.1 0.0024619
-1570.9 0.00261466
-1570.7 0.00276743
-1570.5 0.0029437
-1570.3 0.0032081
-1570.1 0.00344901
-1569.9 0.00376041
-1569.7 0.00400132
-1569.5 0.0042951
-1569.3 0.00465939
-1569.1 0.00508244
-1568.9 0.00551723
-1568.7 0.00592265
-1568.5 0.00631045
-1568.3 0.00670999
-1568.1 0.00712716
-1567.9 0.00757959
-1567.7 0.00814952
-1567.5 0.00861958
-1567.3 0.00916013
-1567.1 0.00983583
-1566.9 0.010394
-1566.7 0.010964
-1566.5 0.0115045
-1566.3 0.0122801
-1566.1 0.0129911
-1565.9 0.0136785
-1565.7 0.0144658
-1565.5 0.0153531
-1565.3 0.0161404
-1565.1 0.0170511
-1564.9 0.0179736
-1564.7 0.0189666
-1564.5 0.0199067
-1564.3 0.0209173
-1564.1 0.0220513
-1563.9 0.0230502
-1563.7 0.024002
-1563.5 0.0251243
-1563.3 0.0263875
-1563.1 0.0276919
-1562.9 0.0289434
-1562.7 0.0302067
-1562.5 0.0313172
-1562.3 0.0326745
-1562.1 0.0339612
-1561.9 0.0352598
-1561.7 0.0365935
-1561.5 0.0379097
-1561.3 0.0392376
-1561.1 0.040589
-1560.9 0.041864
-1560.7 0.0433035
-1560.5 0.0446843
-1560.3 0.0460945
-1560.1 0.0474576
-1559.9 0.04895
-1559.7 0.0503014
-1559.5 0.0516998
-1559.3 0.0531687
-1559.1 0.054573
-1558.9 0.0559949
-1558.7 0.0571936
-1558.5 0.0585978
-1558.3 0.0599669
-1558.1 0.0613418
-1557.9 0.0626755
-1557.7 0.0641386
-1557.5 0.0655135
-1557.3 0.0668002
-1557.1 0.0680224
-1556.9 0.0692504
-1556.7 0.0705195
-1556.5 0.0719591
-1556.3 0.073334
-1556.1 0.0746795
-1555.9 0.0761366
-1555.7 0.077347
-1555.5 0.0787572
-1555.3 0.0801321
-1555.1 0.0814365
-1554.9 0.0828231
-1554.7 0.0841569
-1554.5 0.0854966
-1554.3 0.0867304
-1554.1 0.0880231
-1553.9 0.0892687
-1553.7 0.0905437
-1553.5 0.0919128
-1553.3 0.0930585
-1553.1 0.0942865
-1552.9 0.0955615
-1552.7 0.0966662
-1552.5 0.0979412
-1552.3 0.099081
-1552.1 0.100303
-1551.9 0.101402
-1551.7 0.10246
-1551.5 0.103646
-1551.3 0.104722
-1551.1 0.10585
-1550.9 0.107031
-1550.7 0.108071
-1550.5 0.10924
-1550.3 0.110327
-1550.1 0.111355
-1549.9 0.112413
-1549.7 0.113429
-1549.5 0.11444
-1549.3 0.115533
-1549.1 0.116573
-1548.9 0.117636
-1548.7 0.118612
-1548.5 0.11954
-1548.3 0.12068
-1548.1 0.121779
-1547.9 0.122842
-1547.7 0.123847
-1547.5 0.124875
-1547.3 0.125851
-1547.1 0.126932
-1546.9 0.127883
-1546.7 0.128965
-1546.5 0.129928
-1546.3 0.131045
-1546.1 0.132137
-1545.9 0.133236
-1545.7 0.134347
-1545.5 0.13524
-1545.3 0.136327
-1545.1 0.137238
-1544.9 0.138295
-1544.7 0.139388
-1544.5 0.140305
-1544.3 0.141286
-1544.1 0.142144
-1543.9 0.143184
-1543.7 0.144241
-1543.5 0.14527
-1543.3 0.146251
-1543.1 0.14725
-1542.9 0.148301
-1542.7 0.1494
-1542.5 0.150334
-1542.3 0.15128
-1542.1 0.152297
-1541.9 0.15336
-1541.7 0.154283
-1541.5 0.155287
-1541.3 0.156228
-1541.1 0.157121
-1540.9 0.158167
-1540.7 0.159201
-1540.5 0.160023
-1540.3 0.161087
-1540.1 0.161868
-1539.9 0.162926
-1539.7 0.163889
-1539.5 0.164976
-1539.3 0.165993
-1539.1 0.166951
-1538.9 0.167997
-1538.7 0.169013
-1538.5 0.17
-1538.3 0.17094
-1538.1 0.171857
-1537.9 0.172856
-1537.7 0.173831
-1537.5 0.174783
-1537.3 0.175841
-1537.1 0.176781
-1536.9 0.177691
-1536.7 0.178684
-1536.5 0.17956
-1536.3 0.180541
-1536.1 0.181516
-1535.9 0.182404
-1535.7 0.18322
-1535.5 0.184172
-1535.3 0.185177
-1535.1 0.186141
-1534.9 0.18711
-1534.7 0.187997
-1534.5 0.188896
-1534.3 0.189924
-1534.1 0.190941
-1533.9 0.191946
-1533.7 0.192862
-1533.5 0.193814
-1533.3 0.194848
-1533.1 0.195788
-1532.9 0.196658
-1532.7 0.197651
-1532.5 0.198474
-1532.3 0.199361
-1532.1 0.200377
-1531.9 0.201335
-1531.7 0.202146
-1531.5 0.203133
-1531.3 0.204014
-1531.1 0.204884
-1530.9 0.205806
-1530.7 0.206805
-1530.5 0.207651
-1530.3 0.20865
-1530.1 0.209573
-1529.9 0.210419
-1529.7 0.211312
-1529.5 0.212293
-1529.3 0.213221
-1529.1 0.214114
-1528.9 0.214937
-1528.7 0.215824
-1528.5 0.216829
-1528.3 0.217722
-1528.1 0.218627
-1527.9 0.219573
-1527.7 0.22039
-1527.5 0.221265
-1527.3 0.222293
-1527.1 0.223316
-1526.9 0.224168
-1526.7 0.225196
-1526.5 0.226019
-1526.3 0.226712
-1526.1 0.227722
-1525.9 0.228651
-1525.7 0.229409
-1525.5 0.230361
-1525.3 0.231283
-1525.1 0.232206
-1524.9 0.23311
-1524.7 0.233951
-1524.5 0.234773
-1524.3 0.23569
-1524.1 0.236489
-1523.9 0.237353
-1523.7 0.238181
-1523.5 0.238968
-1523.3 0.239797
-1523.1 0.24069
-1522.9 0.241495
-1522.7 0.242394
-1522.5 0.243275
-1522.3 0.244198
-1522.1 0.245032
-1521.9 0.245872
-1521.7 0.246748
-1521.5 0.24757
-1521.3 0.248446
-1521.1 0.249321
-1520.9 0.250179
-1520.7 0.251131
-1520.5 0.252118
-1520.3 0.252917
-1520.1 0.253804
-1519.9 0.254815
-1519.7 0.255579
-1519.5 0.25649
-1519.3 0.257395
-1519.1 0.258229
-1518.9 0.25911
-1518.7 0.260033
-1518.5 0.260943
-1518.3 0.26176
-1518.1 0.262542
-1517.9 0.263417
-1517.7 0.264316
-1517.5 0.26518
-1517.3 0.266032
-1517.1 0.266784
-1516.9 0.267595
-1516.7 0.268499
-1516.5 0.269316
-1516.3 0.270215
-1516.1 0.271108
-1515.9 0.272042
-1515.7 0.272853
-1515.5 0.27377
-1515.3 0.274598
-1515.1 0.275568
-1514.9 0.276473
-1514.7 0.27736
-1514.5 0.278159
-1514.3 0.279087
-1514.1 0.280098
-1513.9 0.28095
-1513.7 0.281861
-1513.5 0.282842
-1513.3 0.283764
-1513.1 0.284669
-1512.9 0.285609
-1512.7 0.286573
-1512.5 0.287554
-1512.3 0.288477
-1512.1 0.289393
-1511.9 0.290333
-1511.7 0.291156
-1511.5 0.292102
-1511.3 0.293066
-1511.1 0.293929
-1510.9 0.294817
-1510.7 0.295804
-1510.5 0.296726
-1510.3 0.297719
-1510.1 0.2987
-1509.9 0.299652
-1509.7 0.300586
-1509.5 0.301438
-1509.3 0.302355
-1509.1 0.303283
-1508.9 0.304188
-1508.7 0.305028
-1508.5 0.305816
-1508.3 0.30675
-1508.1 0.307631
-1507.9 0.308566
-1507.7 0.30947
-1507.5 0.310363
-1507.3 0.311333
-1507.1 0.312302
-1506.9 0.313119
-1506.7 0.313959
-1506.5 0.314876
-1506.3 0.315716
-1506.1 0.316627
-1505.9 0.317397
-1505.7 0.318196
-1505.5 0.319095
-1505.3 0.319935
-1505.1 0.32071
-1504.9 0.321739
-1504.7 0.322591
-1504.5 0.323519
-1504.3 0.32443
-1504.1 0.325246
-1503.9 0.326145
-1503.7 0.327056
-1503.5 0.327932
-1503.3 0.328784
-1503.1 0.329677
-1502.9 0.330523
-1502.7 0.331445
-1502.5 0.332474
-1502.3 0.333378
-1502.1 0.334266
-1501.9 0.335294
-1501.7 0.336122
-1501.5 0.336892
-1501.3 0.337844
-1501.1 0.338725
-1500.9 0.339595
-1500.7 0.340564
-1500.5 0.341352
-1500.3 0.342121
-1500.1 0.343044
-1499.9 0.343972
-1499.7 0.345
-1499.5 0.345988
-1499.3 0.346804
-1499.1 0.347791
-1498.9 0.348596
-1498.7 0.349513
-1498.5 0.350465
-1498.3 0.351411
-1498.1 0.352245
-1497.9 0.353168
-1497.7 0.353908
-1497.5 0.354789
-1497.3 0.355729
-1497.1 0.356581
-1496.9 0.357498
-1496.7 0.358415
-1496.5 0.359378
-1496.3 0.36023
-1496.1 0.361141
-1495.9 0.361981
-1495.7 0.362945
-1495.5 0.363808
-1495.3 0.364725
-1495.1 0.3656
-1494.9 0.366452
-1494.7 0.367463
-1494.5 0.368244
-1494.3 0.369185
-1494.1 0.369966
-1493.9 0.370877
-1493.7 0.371905
-1493.5 0.372769
-1493.3 0.373603
-1493.1 0.374555
-1492.9 0.375425
-1492.7 0.376241
-1492.5 0.377093
-1492.3 0.37808
-1492.1 0.37895
-1491.9 0.379884
-1491.7 0.380859
-1491.5 0.381758
-1491.3 0.382558
-1491.1 0.383286
-1490.9 0.384203
-1490.7 0.385096
-1490.5 0.386001
-1490.3 0.386911
-1490.1 0.387875
-1489.9 0.388698
-1489.7 0.389456
-1489.5 0.390407
-1489.3 0.391248
-1489.1 0.392094
-1488.9 0.392881
-1488.7 0.393686
-1488.5 0.394509
-1488.3 0.395255
-1488.1 0.39606
-1487.9 0.396918
-1487.7 0.397875
-1487.5 0.398663
-1487.3 0.399521
-1487.1 0.400378
-1486.9 0.401207
-1486.7 0.402065
-1486.5 0.40287
-1486.3 0.403786
-1486.1 0.404697
-1485.9 0.405455
-1485.7 0.406348
-1485.5 0.407235
-1485.3 0.408034
-1485.1 0.408969
-1484.9 0.409903
-1484.7 0.410808
-1484.5 0.411742
-1484.3 0.412629
-1484.1 0.413505
-1483.9 0.414386
-1483.7 0.415144
-1483.5 0.41609
-1483.3 0.416989
-1483.1 0.418023
-1482.9 0.418945
-1482.7 0.419862
-1482.5 0.420743
-1482.3 0.421595
-1482.1 0.422494
-1481.9 0.423346
-1481.7 0.424216
-1481.5 0.425062
-1481.3 0.425867
-1481.1 0.426719
-1480.9 0.42763
-1480.7 0.428558
-1480.5 0.429398
-1480.3 0.430215
-1480.1 0.431096
-1479.9 0.432019
-1479.7 0.432882
-1479.5 0.433787
-1479.3 0.434739
-1479.1 0.435697
-1478.9 0.436578
-1478.7 0.437448
-1478.5 0.438394
-1478.3 0.439205
-1478.1 0.440098
-1477.9 0.440903
-1477.7 0.441702
-1477.5 0.442654
-1477.3 0.443588
-1477.1 0.444475
-1476.9 0.445368
-1476.7 0.446167
-1476.5 0.447002
-1476.3 0.447918
-1476.1 0.448835
-1475.9 0.44964
-1475.7 0.450345
-1475.5 0.451326
-1475.3 0.45219
-1475.1 0.453042
-1474.9 0.454047
-1474.7 0.454822
-1474.5 0.455615
-1474.3 0.456561
-1474.1 0.457519
-1473.9 0.458412
-1473.7 0.459282
-1473.5 0.460251
-1473.3 0.461156
-1473.1 0.461967
-1472.9 0.462884
-1472.7 0.463736
-1472.5 0.464658
-1472.3 0.46558
-1472.1 0.466532
-1471.9 0.467631
-1471.7 0.46843
-1471.5 0.469429
-1471.3 0.470281
-1471.1 0.471233
-1470.9 0.472038
-1470.7 0.472996
-1470.5 0.473871
-1470.3 0.474758
-1470.1 0.475628
-1469.9 0.476586
-1469.7 0.477549
-1469.5 0.478378
-1469.3 0.479112
-1469.1 0.479976
-1468.9 0.48091
-1468.7 0.481733
-1468.5 0.482684
-1468.3 0.483572
-1468.1 0.484482
-1467.9 0.485358
-1467.7 0.486157
-1467.5 0.48725
-1467.3 0.488131
-1467.1 0.48903
-1466.9 0.490011
-1466.7 0.490863
-1466.5 0.491692
-1466.3 0.49265
-1466.1 0.493525
-1465.9 0.494489
-1465.7 0.495358
-1465.5 0.49631
-1465.3 0.497097
-1465.1 0.497938
-1464.9 0.498666
-1464.7 0.499471
-1464.5 0.500358
-1464.3 0.501222
-1464.1 0.502227
-1463.9 0.503067
-1463.7 0.50406
-1463.5 0.504877
-1463.3 0.505711
-1463.1 0.506481
-1462.9 0.507339
-1462.7 0.508279
-1462.5 0.509054
-1462.3 0.509818
-1462.1 0.510735
-1461.9 0.511528
-1461.7 0.512539
-1461.5 0.513502
-1461.3 0.514389
-1461.1 0.515283
-1460.9 0.516193
-1460.7 0.517075
-1460.5 0.518026
-1460.3 0.519014
-1460.1 0.519801
-1459.9 0.520747
-1459.7 0.521711
-1459.5 0.522515
-1459.3 0.523403
-1459.1 0.524313
-1458.9 0.525207
-1458.7 0.5262
-1458.5 0.527169
-1458.3 0.528056
-1458.1 0.529161
-1457.9 0.530136
-1457.7 0.530929
-1457.5 0.531911
-1457.3 0.532792
-1457.1 0.533691
-1456.9 0.534584
-1456.7 0.535618
-1456.5 0.536523
-1456.3 0.537457
-1456.1 0.538344
-1455.9 0.539243
-1455.7 0.540231
-1455.5 0.541194
-1455.3 0.542111
-1455.1 0.543092
-1454.9 0.543979
-1454.7 0.544743
-1454.5 0.545536
-1454.3 0.546523
-1454.1 0.547393
-1453.9 0.548239
-1453.7 0.548909
-1453.5 0.549778
-1453.3 0.550695
-1453.1 0.55167
-1452.9 0.552616
-1452.7 0.55351
-1452.5 0.554491
-1452.3 0.555354
-1452.1 0.556259
-1451.9 0.557182
-1451.7 0.558169
-1451.5 0.558956
-1451.3 0.55992
-1451.1 0.560754
-1450.9 0.561683
-1450.7 0.562423
-1450.5 0.563251
-1450.3 0.564127
-1450.1 0.565073
-1449.9 0.565901
-1449.7 0.566894
-1449.5 0.567752
-1449.3 0.568522
-1449.1 0.569462
-1448.9 0.570296
-1448.7 0.571189
-1448.5 0.572071
-1448.3 0.572981
-1448.1 0.573816
-1447.9 0.574785
-1447.7 0.575708
-1447.5 0.576566
-1447.3 0.577382
-1447.1 0.57834
-1446.9 0.579292
-1446.7 0.580161
-1446.5 0.581149
-1446.3 0.582006
-1446.1 0.582858
-1445.9 0.583793
-1445.7 0.58478
-1445.5 0.585679
-1445.3 0.58649
-1445.1 0.5874
-1444.9 0.58817
-1444.7 0.588975
-1444.5 0.589974
-1444.3 0.590949
-1444.1 0.591966
-1443.9 0.592988
-1443.7 0.593775
-1443.5 0.594821
-1443.3 0.595732
-1443.1 0.596584
-1442.9 0.597459
-1442.7 0.598264
-1442.5 0.599204
-1442.3 0.599986
-1442.1 0.600855
-1441.9 0.601696
-1441.7 0.602495
-1441.5 0.603388
-1441.3 0.60434
-1441.1 0.605233
-1440.9 0.606061
-1440.7 0.606966
-1440.5 0.607842
-1440.3 0.608635
-1440.1 0.609628
-1439.9 0.610368
-1439.7 0.611203
-1439.5 0.611984
-1439.3 0.612812
-1439.1 0.613794
-1438.9 0.614687
-1438.7 0.615721
-1438.5 0.616655
-1438.3 0.617419
-1438.1 0.618247
-1437.9 0.619199
-1437.7 0.620016
-1437.5 0.62095
-1437.3 0.621796
-1437.1 0.622684
-1436.9 0.623582
-1436.7 0.624546
-1436.5 0.625433
-1436.3 0.626321
-1436.1 0.627161
-1435.9 0.627972
-1435.7 0.628853
-1435.5 0.629846
-1435.3 0.630727
-1435.1 0.631726
-1434.9 0.632378
-1434.7 0.633254
-1434.5 0.634088
-1434.3 0.634905
-1434.1 0.635821
-1433.9 0.636773
-1433.7 0.637643
-1433.5 0.638518
-1433.3 0.639423
-1433.1 0.640263
-1432.9 0.641068
-1432.7 0.641862
-1432.5 0.642802
-1432.3 0.643595
-1432.1 0.644388
-1431.9 0.645217
-1431.7 0.646116
-1431.5 0.647085
-1431.3 0.647961
-1431.1 0.648724
-1430.9 0.649612
-1430.7 0.650446
-1430.5 0.65141
-1430.3 0.652326
-1430.1 0.653296
-1429.9 0.654201
-1429.7 0.654976
-1429.5 0.655775
-1429.3 0.656704
-1429.1 0.657632
-1428.9 0.658595
-1428.7 0.659353
-1428.5 0.660288
-1428.3 0.661228
-1428.1 0.662021
-1427.9 0.662896
-1427.7 0.663731
-1427.5 0.66473
-1427.3 0.665546
-1427.1 0.666422
-1426.9 0.667327
-1426.7 0.668208
-1426.5 0.669042
-1426.3 0.669941
-1426.1 0.670711
-1425.9 0.671675
-1425.7 0.672509
-1425.5 0.67359
-1425.3 0.674319
-1425.1 0.675365
-1424.9 0.676316
-1424.7 0.677251
-1424.5 0.678179
-1424.3 0.678896
-1424.1 0.679677
-1423.9 0.680641
-1423.7 0.681505
-1423.5 0.682421
-1423.3 0.683214
-1423.1 0.684172
-1422.9 0.685018
-1422.7 0.685947
-1422.5 0.68684
-1422.3 0.687721
-1422.1 0.68862
-1421.9 0.689437
-1421.7 0.690277
-1421.5 0.6911
-1421.3 0.691887
-1421.1 0.692698
-1420.9 0.693497
-1420.7 0.694443
-1420.5 0.695224
-1420.3 0.696135
-1420.1 0.696934
-1419.9 0.697868
-1419.7 0.698914
-1419.5 0.69979
-1419.3 0.700695
-1419.1 0.70164
-1418.9 0.70271
-1418.7 0.703438
-1418.5 0.704379
-1418.3 0.705307
-1418.1 0.706194
-1417.9 0.706964
-1417.7 0.707804
-1417.5 0.708697
-1417.3 0.709537
-1417.1 0.710354
-1416.9 0.7113
-1416.7 0.712334
-1416.5 0.713315
-1416.3 0.714167
-1416.1 0.715072
-1415.9 0.715977
-1415.7 0.7169
-1415.5 0.717675
-1415.3 0.718498
-1415.1 0.719332
-1414.9 0.720278
-1414.7 0.721089
-1414.5 0.721911
-1414.3 0.722822
-1414.1 0.723821
-1413.9 0.724785
-1413.7 0.72559
-1413.5 0.726442
-1413.3 0.72737
-1413.1 0.728222
-1412.9 0.729144
-1412.7 0.73012
-1412.5 0.730989
-1412.3 0.731777
-1412.1 0.732699
-1411.9 0.733604
-1411.7 0.734456
-1411.5 0.735331
-1411.3 0.736136
-1411.1 0.737082
-1410.9 0.73804
-1410.7 0.738798
-1410.5 0.739597
-1410.3 0.740514
-1410.1 0.741489
-1409.9 0.742429
-1409.7 0.743228
-1409.5 0.744063
-1409.3 0.744844
-1409.1 0.745696
-1408.9 0.74663
-1408.7 0.747482
-1408.5 0.748281
-1408.3 0.749251
-1408.1 0.750068
-1407.9 0.750961
-1407.7 0.751719
-1407.5 0.752647
-1407.3 0.753587
-1407.1 0.754416
-1406.9 0.755256
-1406.7 0.756172
-1406.5 0.757054
-1406.3 0.758111
-1406.1 0.758916
-1405.9 0.759715
-1405.7 0.76052
-1405.5 0.76149
-1405.3 0.762248
-1405.1 0.763153
-1404.9 0.763999
-1404.7 0.764915
-1404.5 0.765773
-1404.3 0.766602
-1404.1 0.767477
-1403.9 0.76837
-1403.7 0.769228
-1403.5 0.77001
-1403.3 0.770932
-1403.1 0.771819
-1402.9 0.7729
-1402.7 0.773829
-1402.5 0.774869
-1402.3 0.775832
-1402.1 0.776731
-1401.9 0.777542
-1401.7 0.778412
-1401.5 0.779252
-1401.3 0.780169
-1401.1 0.781038
-1400.9 0.781837
-1400.7 0.782836
-1400.5 0.783635
-1400.3 0.784552
-1400.1 0.785451
-1399.9 0.786209
-1399.7 0.787178
-1399.5 0.78806
-1399.3 0.788994
-1399.1 0.789816
-1398.9 0.790715
-1398.7 0.791591
-1398.5 0.792531
-1398.3 0.79333
-1398.1 0.794235
-1397.9 0.795099
-1397.7 0.796062
-1397.5 0.796914
-1397.3 0.797895
-1397.1 0.798736
-1396.9 0.799711
-1396.7 0.800551
-1396.5 0.801479
-1396.3 0.802331
-1396.1 0.803272
-1395.9 0.804276
-1395.7 0.805328
-1395.5 0.806186
-1395.3 0.807079
-1395.1 0.808054
-1394.9 0.808906
-1394.7 0.809788
-1394.5 0.810769
-1394.3 0.811732
-1394.1 0.81269
-1393.9 0.813736
-1393.7 0.814576
-1393.5 0.815516
-1393.3 0.816386
-1393.1 0.817197
-1392.9 0.818125
-1392.7 0.818936
-1392.5 0.819765
-1392.3 0.820752
-1392.1 0.821557
-1391.9 0.822479
-1391.7 0.823331
-1391.5 0.824271
-1391.3 0.825288
-1391.1 0.826228
-1390.9 0.82725
-1390.7 0.828079
-1390.5 0.828983
-1390.3 0.829871
-1390.1 0.830664
-1389.9 0.831651
-1389.7 0.832468
-1389.5 0.833414
-1389.3 0.834342
-1389.1 0.835159
-1388.9 0.836087
-1388.7 0.837039
-1388.5 0.837838
-1388.3 0.838755
-1388.1 0.839736
-1387.9 0.840676
-1387.7 0.841604
-1387.5 0.842397
-1387.3 0.843255
-1387.1 0.844101
-1386.9 0.84493
-1386.7 0.845764
-1386.5 0.846687
-1386.3 0.847568
-1386.1 0.848314
-1385.9 0.849119
-1385.7 0.849942
-1385.5 0.850776
-1385.3 0.851675
-1385.1 0.852451
-1384.9 0.853379
-1384.7 0.854155
-1384.5 0.855089
-1384.3 0.855876
-1384.1 0.856816
-1383.9 0.857539
-1383.7 0.858444
-1383.5 0.859337
-1383.3 0.860148
-1383.1 0.861141
-1382.9 0.862005
-1382.7 0.862821
-1382.5 0.863697
-1382.3 0.864531
-1382.1 0.865318
-1381.9 0.866253
-1381.7 0.867251
-1381.5 0.867957
-1381.3 0.868814
-1381.1 0.869584
-1380.9 0.870512
-1380.7 0.871447
-1380.5 0.872375
-1380.3 0.873162
-1380.1 0.873967
-1379.9 0.874831
-1379.7 0.87573
-1379.5 0.876588
-1379.3 0.877504
-1379.1 0.878345
-1378.9 0.879214
-1378.7 0.880072
-1378.5 0.881018
-1378.3 0.881911
-1378.1 0.882699
-1377.9 0.883474
-1377.7 0.884397
-1377.5 0.885372
-1377.3 0.886212
-1377.1 0.886994
-1376.9 0.887787
-1376.7 0.888668
-1376.5 0.889538
-1376.3 0.890443
-1376.1 0.891371
-1375.9 0.892229
-1375.7 0.893157
-1375.5 0.894003
-1375.3 0.894879
-1375.1 0.895725
-1374.9 0.896483
-1374.7 0.8973
-1374.5 0.898099
-1374.3 0.898862
-1374.1 0.899873
-1373.9 0.900643
-1373.7 0.901483
-1373.5 0.902423
-1373.3 0.903316
-1373.1 0.904156
-1372.9 0.904985
-1372.7 0.905954
-1372.5 0.906724
-1372.3 0.907717
-1372.1 0.90854
-1371.9 0.909433
-1371.7 0.910261
-1371.5 0.911119
-1371.3 0.911995
-1371.1 0.912929
-1370.9 0.913804
-1370.7 0.914709
-1370.5 0.915726
-1370.3 0.916525
-1370.1 0.917341
-1369.9 0.918217
-1369.7 0.919192
-1369.5 0.920168
-1369.3 0.92109
-1369.1 0.921936
-1368.9 0.922829
-1368.7 0.923758
-1368.5 0.924704
-1368.3 0.92555
-1368.1 0.926455
-1367.9 0.927259
-1367.7 0.928205
-1367.5 0.929122
-1367.3 0.929909
-1367.1 0.930838
-1366.9 0.931748
-1366.7 0.9327
-1366.5 0.933629
-1366.3 0.934346
-1366.1 0.935244
-1365.9 0.936026
-1365.7 0.936825
-1365.5 0.937748
-1365.3 0.938646
-1365.1 0.939493
-1364.9 0.940333
-1364.7 0.941197
-1364.5 0.942113
-1364.3 0.942983
-1364.1 0.943893
-1363.9 0.944628
-1363.7 0.945486
-1363.5 0.946396
-1363.3 0.947154
-1363.1 0.948006
-1362.9 0.948758
-1362.7 0.949505
-1362.5 0.950327
-1362.3 0.951044
-1362.1 0.95189
-1361.9 0.952607
-1361.7 0.953247
-1361.5 0.953988
-1361.3 0.954722
-1361.1 0.955433
-1360.9 0.956185
-1360.7 0.956949
-1360.5 0.957684
-1360.3 0.958418
-1360.1 0.959047
-1359.9 0.959734
-1359.7 0.960363
-1359.5 0.960992
-1359.3 0.961785
-1359.1 0.962437
-1358.9 0.963013
-1358.7 0.963594
-1358.5 0.96427
-1358.3 0.964946
-1358.1 0.965586
-1357.9 0.966315
-1357.7 0.966979
-1357.5 0.967543
-1357.3 0.968019
-1357.1 0.968595
-1356.9 0.969129
-1356.7 0.969664
-1356.5 0.97024
-1356.3 0.970798
-1356.1 0.97128
-1355.9 0.971797
-1355.7 0.972332
-1355.5 0.972831
-1355.3 0.973383
-1355.1 0.973836
-1354.9 0.974323
-1354.7 0.974823
-1354.5 0.975358
-1354.3 0.975857
-1354.1 0.976433
-1353.9 0.976932
-1353.7 0.977455
-1353.5 0.977996
-1353.3 0.978413
-1353.1 0.978854
-1352.9 0.979247
-1352.7 0.979594
-1352.5 0.97997
-1352.3 0.980334
-1352.1 0.98084
-1351.9 0.981227
-1351.7 0.98158
-1351.5 0.981997
-1351.3 0.982449
-1351.1 0.982872
-1350.9 0.983301
-1350.7 0.983625
-1350.5 0.983971
-1350.3 0.984324
-1350.1 0.984688
-1349.9 0.985093
-1349.7 0.98544
-1349.5 0.985722
-1349.3 0.985981
-1349.1 0.986316
-1348.9 0.986598
-1348.7 0.986886
-1348.5 0.987115
-1348.3 0.987455
-1348.1 0.98782
-1347.9 0.988078
-1347.7 0.988437
-1347.5 0.988678
-1347.3 0.988971
-1347.1 0.989218
-1346.9 0.989383
-1346.7 0.989653
-1346.5 0.989865
-1346.3 0.990094
-1346.1 0.990323
-1345.9 0.990581
-1345.7 0.990752
-1345.5 0.99101
-1345.3 0.991281
-1345.1 0.991457
-1344.9 0.991651
-1344.7 0.991786
-1344.5 0.991915
-1344.3 0.99215
-1344.1 0.992321
-1343.9 0.992544
-1343.7 0.992726
-1343.5 0.992943
-1343.3 0.993096
-1343.1 0.993261
-1342.9 0.99346
-1342.7 0.993695
-1342.5 0.993819
-1342.3 0.99396
-1342.1 0.994177
-1341.9 0.99433
-1341.7 0.994453
-1341.5 0.994606
-1341.3 0.994712
-1341.1 0.994876
-1340.9 0.995035
-1340.7 0.995182
-1340.5 0.995329
-1340.3 0.995423
-1340.1 0.995546
-1339.9 0.99564
-1339.7 0.99574
-1339.5 0.995852
-1339.3 0.995999
-1339.1 0.996087
-1338.9 0.996216
-1338.7 0.996328
-1338.5 0.996381
-1338.3 0.996492
-1338.1 0.996557
-1337.9 0.996645
-1337.7 0.996739
-1337.5 0.996827
-1337.3 0.996921
-1337.1 0.996962
-1336.9 0.997009
-1336.7 0.997103
-1336.5 0.997215
-1336.3 0.997274
-1336.1 0.997315
-1335.9 0.997415
-1335.7 0.997485
-1335.5 0.997556
-1335.3 0.997614
-1335.1 0.997644
-1334.9 0.997691
-1334.7 0.997726
-1334.5 0.997761
-1334.3 0.997779
-1334.1 0.997803
-1333.9 0.997832
-1333.7 0.997861
-1333.5 0.997914
-1333.3 0.997944
-1333.1 0.997991
-1332.9 0.998002
-1332.7 0.998014
-1332.5 0.998032
-1332.3 0.998049
-1332.1 0.998085
-1331.9 0.99812
-1331.7 0.998143
-1331.5 0.998161
-1331.3 0.998173
-1331.1 0.99819
-1330.9 0.99822
-1330.7 0.998255
-1330.5 0.998261
-1330.3 0.998284
-1330.1 0.998308
-1329.9 0.998308
-1329.7 0.99832
-1329.5 0.998337
-1329.3 0.998349
-1329.1 0.998372
-1328.9 0.998384
-1328.7 0.998402
-1328.5 0.998408
-1328.3 0.998419
-1328.1 0.998437
-1327.9 0.998461
-1327.7 0.998478
-1327.5 0.998484
-1327.3 0.998519
-1327.1 0.998555
-1326.9 0.998572
-1326.7 0.998602
-1326.5 0.998631
-1326.3 0.99866
-1326.1 0.998672
-1325.9 0.998684
-1325.7 0.99869
-1325.5 0.998719
-1325.3 0.998731
-1325.1 0.998748
-1324.9 0.998766
-1324.7 0.998784
-1324.5 0.99879
-1324.3 0.998813
-1324.1 0.998837
-1323.9 0.998848
-1323.7 0.99886
-1323.5 0.998878
-1323.3 0.998878
-1323.1 0.998878
-1322.9 0.998895
-1322.7 0.998907
-1322.5 0.998919
-1322.3 0.998931
-1322.1 0.998937
-1321.9 0.998948
-1321.7 0.99896
-1321.5 0.998972
-1321.3 0.998984
-1321.1 0.998989
-1320.9 0.999001
-1320.7 0.999013
-1320.5 0.999031
-1320.3 0.999036
-1320.1 0.999042
-1319.9 0.999048
-1319.7 0.99906
-1319.5 0.999066
-1319.3 0.999078
-1319.1 0.999083
-1318.9 0.999095
-1318.7 0.999101
-1318.5 0.999101
-1318.3 0.999107
-1318.1 0.999107
-1317.9 0.999148
-1317.7 0.999154
-1317.5 0.999154
-1317.3 0.999172
-1317.1 0.999189
-1316.9 0.999207
-1316.7 0.999224
-1316.5 0.999236
-1316.3 0.999242
-1316.1 0.999242
-1315.9 0.999254
-1315.7 0.999254
-1315.5 0.999277
-1315.3 0.999283
-1315.1 0.999313
-1314.9 0.999318
-1314.7 0.999324
-1314.5 0.99933
-1314.3 0.999336
-1314.1 0.999342
-1313.9 0.999348
-1313.7 0.999365
-1313.5 0.999383
-1313.3 0.999389
-1313.1 0.999407
-1312.9 0.99943
-1312.7 0.999442
-1312.5 0.999448
-1312.3 0.999448
-1312.1 0.999459
-1311.9 0.999471
-1311.7 0.999477
-1311.5 0.999483
-1311.3 0.999501
-1311.1 0.999501
-1310.9 0.999512
-1310.7 0.999518
-1310.5 0.999536
-1310.3 0.999548
-1310.1 0.999559
-1309.9 0.999559
-1309.7 0.999559
-1309.5 0.999571
-1309.3 0.999577
-1309.1 0.999583
-1308.9 0.999589
-1308.7 0.999589
-1308.5 0.9996
-1308.3 0.999606
-1308.1 0.999612
-1307.9 0.999624
-1307.7 0.999653
-1307.5 0.999665
-1307.3 0.999671
-1307.1 0.999689
-1306.9 0.999689
-1306.7 0.999694
-1306.5 0.9997
-1306.3 0.9997
-1306.1 0.999706
-1305.9 0.999718
-1305.7 0.999724
-1305.5 0.99973
-1305.3 0.999747
-1305.1 0.999753
-1304.9 0.999777
-1304.7 0.999783
-1304.5 0.999788
-1304.3 0.9998
-1304.1 0.9998
-1303.9 0.999806
-1303.7 0.999812
-1303.5 0.999824
-1303.3 0.99983
-1303.1 0.999847
-1302.9 0.999865
-1302.7 0.999865
-1302.5 0.999871
-1302.3 0.999882
-1302.1 0.999894
-1301.9 0.999918
-1301.7 0.999941
-1301.5 0.999947
-1301.3 0.999959
-1301.1 0.999959
-1300.9 0.999971
-1300.7 0.999971
-1300.5 0.999971
-1300.3 0.999976
-1300.1 0.999994
-1299.9 1
