-1589.9 0
-1589.7 19
-1589.5 16
-1589.3 13
-1589.1 10
-1588.9 19
-1588.7 19
-1588.5 20
-1588.3 11
-1588.1 17
-1587.9 16
-1587.7 22
-1587.5 22
-1587.3 24
-1587.1 28
-1586.9 21
-1586.7 24
-1586.5 19
-1586.3 18
-1586.1 26
-1585.9 26
-1585.7 27
-1585.5 36
-1585.3 34
-1585.1 32
-1584.9 30
-1584.7 30
-1584.5 32
-1584.3 40
-1584.1 29
-1583.9 38
-1583.7 40
-1583.5 41
-1583.3 54
-1583.1 46
-1582.9 44
-1582.7 44
-1582.5 56
-1582.3 67
-1582.1 71
-1581.9 53
-1581.7 53
-1581.5 82
-1581.3 72
-1581.1 83
-1580.9 76
-1580.7 98
-1580.5 97
-1580.3 95
-1580.1 88
-1579.9 110
-1579.7 110
-1579.5 117
-1579.3 100
-1579.1 122
-1578.9 126
-1578.7 130
-1578.5 157
-1578.3 168
-1578.1 198
-1577.9 235
-1577.7 245
-1577.5 236
-1577.3 294
-1577.1 324
-1576.9 355
-1576.7 393
-1576.5 398
-1576.3 472
-1576.1 568
-1575.9 628
-1575.7 600
-1575.5 699
-1575.3 816
-1575.1 890
-1574.9 954
-1574.7 1020
-1574.5 1151
-1574.3 1169
-1574.1 1287
-1573.9 1356
-1573.7 1467
-1573.5 1527
-1573.3 1548
-1573.1 1666
-1572.9 1731
-1572.7 1748
-1572.5 1849
-1572.3 1806
-1572.1 1851
-1571.9 1963
-1571.7 1857
-1571.5 1967
-1571.3 2036
-1571.1 2022
-1570.9 2027
-1570.7 2005
-1570.5 2077
-1570.3 2002
-1570.1 1993
-1569.9 2059
-1569.7 1990
-1569.5 2032
-1569.3 2041
-1569.1 2118
-1568.9 1988
-1568.7 1984
-1568.5 1938
-1568.3 1990
-1568.1 2007
-1567.9 1934
-1567.7 1981
-1567.5 1981
-1567.3 1946
-1567.1 1956
-1566.9 1873
-1566.7 1908
-1566.5 1873
-1566.3 1798
-1566.1 1803
-1565.9 1772
-1565.7 1785
-1565.5 1800
-1565.3 1777
-1565.1 1782
-1564.9 1761
-1564.7 1702
-1564.5 1744
-1564.3 1742
-1564.1 1744
-1563.9 1749
-1563.7 1640
-1563.5 1672
-1563.3 1677
-1563.1 1684
-1562.9 1601
-1562.7 1622
-1562.5 1701
-1562.3 1611
-1562.1 1635
-1561.9 1603
-1561.7 1580
-1561.5 1607
-1561.3 1586
-1561.1 1525
-1560.9 1494
-1560.7 1547
-1560.5 1591
-1560.3 1487
-1560.1 1544
-1559.9 1574
-1559.7 1435
-1559.5 1433
-1559.3 1518
-1559.1 1443
-1558.9 1514
-1558.7 1478
-1558.5 1385
-1558.3 1464
-1558.1 1412
-1557.9 1376
-1557.7 1380
-1557.5 1416
-1557.3 1442
-1557.1 1354
-1556.9 1367
-1556.7 1384
-1556.5 1358
-1556.3 1410
-1556.1 1419
-1555.9 1365
-1555.7 1359
-1555.5 1374
-1555.3 1428
-1555.1 1419
-1554.9 1360
-1554.7 1379
-1554.5 1293
-1554.3 1289
-1554.1 1274
-1553.9 1321
-1553.7 1320
-1553.5 1293
-1553.3 1340
-1553.1 1232
-1552.9 1280
-1552.7 1313
-1552.5 1255
-1552.3 1362
-1552.1 1317
-1551.9 1258
-1551.7 1328
-1551.5 1343
-1551.3 1320
-1551.1 1281
-1550.9 1272
-1550.7 1270
-1550.5 1255
-1550.3 1322
-1550.1 1250
-1549.9 1287
-1549.7 1251
-1549.5 1273
-1549.3 1249
-1549.1 1220
-1548.9 1250
-1548.7 1256
-1548.5 1212
-1548.3 1297
-1548.1 1234
-1547.9 1226
-1547.7 1225
-1547.5 1183
-1547.3 1194
-1547.1 1287
-1546.9 1218
-1546.7 1216
-1546.5 1223
-1546.3 1226
-1546.1 1267
-1545.9 1287
-1545.7 1248
-1545.5 1214
-1545.3 1253
-1545.1 1206
-1544.9 1184
-1544.7 1262
-1544.5 1248
-1544.3 1201
-1544.1 1158
-1543.9 1218
-1543.7 1263
-1543.5 1184
-1543.3 1236
-1543.1 1153
-1542.9 1176
-1542.7 1178
-1542.5 1223
-1542.3 1228
-1542.1 1218
-1541.9 1219
-1541.7 1243
-1541.5 1209
-1541.3 1182
-1541.1 1233
-1540.9 1237
-1540.7 1164
-1540.5 1249
-1540.3 1194
-1540.1 1228
-1539.9 1201
-1539.7 1175
-1539.5 1208
-1539.3 1195
-1539.1 1191
-1538.9 1182
-1538.7 1173
-1538.5 1242
-1538.3 1165
-1538.1 1248
-1537.9 1210
-1537.7 1213
-1537.5 1204
-1537.3 1185
-1537.1 1150
-1536.9 1238
-1536.7 1237
-1536.5 1182
-1536.3 1217
-1536.1 1132
-1535.9 1183
-1535.7 1205
-1535.5 1252
-1535.3 1156
-1535.1 1208
-1534.9 1169
-1534.7 1157
-1534.5 1179
-1534.3 1253
-1534.1 1170
-1533.9 1134
-1533.7 1275
-1533.5 1237
-1533.3 1137
-1533.1 1148
-1532.9 1164
-1532.7 1149
-1532.5 1186
-1532.3 1210
-1532.1 1154
-1531.9 1177
-1531.7 1215
-1531.5 1211
-1531.3 1173
-1531.1 1139
-1530.9 1144
-1530.7 1201
-1530.5 1145
-1530.3 1130
-1530.1 1198
-1529.9 1178
-1529.7 1148
-1529.5 1143
-1529.3 1137
-1529.1 1174
-1528.9 1215
-1528.7 1132
-1528.5 1144
-1528.3 1053
-1528.1 1090
-1527.9 1131
-1527.7 1165
-1527.5 1084
-1527.3 1095
-1527.1 1151
-1526.9 1155
-1526.7 1148
-1526.5 1158
-1526.3 1111
-1526.1 1185
-1525.9 1157
-1525.7 1144
-1525.5 1144
-1525.3 1160
-1525.1 1185
-1524.9 1147
-1524.7 1123
-1524.5 1101
-1524.3 1156
-1524.1 1110
-1523.9 1159
-1523.7 1179
-1523.5 1076
-1523.3 1143
-1523.1 1197
-1522.9 1136
-1522.7 1231
-1522.5 1172
-1522.3 1143
-1522.1 1107
-1521.9 1145
-1521.7 1214
-1521.5 1174
-1521.3 1180
-1521.1 1150
-1520.9 1160
-1520.7 1120
-1520.5 1140
-1520.3 1113
-1520.1 1136
-1519.9 1160
-1519.7 1178
-1519.5 1161
-1519.3 1081
-1519.1 1159
-1518.9 1164
-1518.7 1187
-1518.5 1079
-1518.3 1102
-1518.1 1122
-1517.9 1146
-1517.7 1175
-1517.5 1152
-1517.3 1156
-1517.1 1116
-1516.9 1161
-1516.7 1131
-1516.5 1176
-1516.3 1186
-1516.1 1179
-1515.9 1131
-1515.7 1122
-1515.5 1145
-1515.3 1119
-1515.1 1100
-1514.9 1173
-1514.7 1121
-1514.5 1141
-1514.3 1122
-1514.1 1125
-1513.9 1106
-1513.7 1143
-1513.5 1139
-1513.3 1104
-1513.1 1180
-1512.9 1184
-1512.7 1133
-1512.5 1136
-1512.3 1169
-1512.1 1086
-1511.9 1044
-1511.7 1192
-1511.5 1070
-1511.3 1148
-1511.1 1136
-1510.9 1172
-1510.7 1159
-1510.5 1110
-1510.3 1197
-1510.1 1139
-1509.9 1116
-1509.7 1143
-1509.5 1152
-1509.3 1229
-1509.1 1195
-1508.9 1066
-1508.7 1177
-1508.5 1150
-1508.3 1218
-1508.1 1145
-1507.9 1159
-1507.7 1180
-1507.5 1163
-1507.3 1200
-1507.1 1226
-1506.9 1154
-1506.7 1194
-1506.5 1200
-1506.3 1161
-1506.1 1155
-1505.9 1201
-1505.7 1221
-1505.5 1214
-1505.3 1222
-1505.1 1178
-1504.9 1247
-1504.7 1215
-1504.5 1195
-1504.3 1146
-1504.1 1167
-1503.9 1221
-1503.7 1210
-1503.5 1159
-1503.3 1207
-1503.1 1176
-1502.9 1142
-1502.7 1169
-1502.5 1114
-1502.3 1178
-1502.1 1181
-1501.9 1167
-1501.7 1167
-1501.5 1179
-1501.3 1202
-1501.1 1196
-1500.9 1131
-1500.7 1117
-1500.5 1177
-1500.3 1191
-1500.1 1171
-1499.9 1184
-1499.7 1115
-1499.5 1128
-1499.3 1115
-1499.1 1169
-1498.9 1148
-1498.7 1209
-1498.5 1253
-1498.3 1174
-1498.1 1200
-1497.9 1136
-1497.7 1219
-1497.5 1168
-1497.3 1135
-1497.1 1175
-1496.9 1215
-1496.7 1180
-1496.5 1162
-1496.3 1231
-1496.1 1168
-1495.9 1182
-1495.7 1124
-1495.5 1198
-1495.3 1127
-1495.1 1144
-1494.9 1196
-1494.7 1159
-1494.5 1164
-1494.3 1163
-1494.1 1223
-1493.9 1188
-1493.7 1166
-1493.5 1096
-1493.3 1161
-1493.1 1155
-1492.9 1132
-1492.7 1200
-1492.5 1214
-1492.3 1149
-1492.1 1197
-1491.9 1220
-1491.7 1176
-1491.5 1187
-1491.3 1163
-1491.1 1165
-1490.9 1145
-1490.7 1097
-1490.5 1204
-1490.3 1260
-1490.1 1234
-1489.9 1161
-1489.7 1232
-1489.5 1268
-1489.3 1146
-1489.1 1176
-1488.9 1206
-1488.7 1228
-1488.5 1217
-1488.3 1217
-1488.1 1138
-1487.9 1109
-1487.7 1166
-1487.5 1172
-1487.3 1156
-1487.1 1190
-1486.9 1173
-1486.7 1143
-1486.5 1169
-1486.3 1252
-1486.1 1178
-1485.9 1156
-1485.7 1182
-1485.5 1139
-1485.3 1123
-1485.1 1183
-1484.9 1162
-1484.7 1183
-1484.5 1185
-1484.3 1064
-1484.1 1148
-1483.9 1146
-1483.7 1218
-1483.5 1185
-1483.3 1229
-1483.1 1232
-1482.9 1181
-1482.7 1187
-1482.5 1173
-1482.3 1193
-1482.1 1203
-1481.9 1229
-1481.7 1170
-1481.5 1237
-1481.3 1116
-1481.1 1112
-1480.9 1091
-1480.7 1180
-1480.5 1129
-1480.3 1173
-1480.1 1156
-1479.9 1197
-1479.7 1118
-1479.5 1207
-1479.3 1139
-1479.1 1181
-1478.9 1161
-1478.7 1181
-1478.5 1143
-1478.3 1110
-1478.1 1173
-1477.9 1159
-1477.7 1161
-1477.5 1145
-1477.3 1093
-1477.1 1209
-1476.9 1279
-1476.7 1129
-1476.5 1148
-1476.3 1172
-1476.1 1174
-1475.9 1213
-1475.7 1206
-1475.5 1202
-1475.3 1218
-1475.1 1167
-1474.9 1212
-1474.7 1165
-1474.5 1137
-1474.3 1199
-1474.1 1181
-1473.9 1227
-1473.7 1238
-1473.5 1225
-1473.3 1213
-1473.1 1167
-1472.9 1249
-1472.7 1209
-1472.5 1205
-1472.3 1260
-1472.1 1230
-1471.9 1180
-1471.7 1213
-1471.5 1172
-1471.3 1176
-1471.1 1164
-1470.9 1141
-1470.7 1246
-1470.5 1201
-1470.3 1141
-1470.1 1219
-1469.9 1204
-1469.7 1163
-1469.5 1189
-1469.3 1176
-1469.1 1186
-1468.9 1114
-1468.7 1135
-1468.5 1107
-1468.3 1179
-1468.1 1208
-1467.9 1202
-1467.7 1216
-1467.5 1192
-1467.3 1209
-1467.1 1196
-1466.9 1200
-1466.7 1118
-1466.5 1167
-1466.3 1178
-1466.1 1184
-1465.9 1141
-1465.7 1151
-1465.5 1191
-1465.3 1147
-1465.1 1136
-1464.9 1183
-1464.7 1187
-1464.5 1151
-1464.3 1206
-1464.1 1159
-1463.9 1198
-1463.7 1201
-1463.5 1163
-1463.3 1169
-1463.1 1140
-1462.9 1181
-1462.7 1094
-1462.5 1091
-1462.3 1176
-1462.1 1134
-1461.9 1220
-1461.7 1143
-1461.5 1219
-1461.3 1135
-1461.1 1154
-1460.9 1122
-1460.7 1177
-1460.5 1190
-1460.3 1206
-1460.1 1214
-1459.9 1072
-1459.7 1178
-1459.5 1130
-1459.3 1209
-1459.1 1204
-1458.9 1204
-1458.7 1166
-1458.5 1223
-1458.3 1224
-1458.1 1169
-1457.9 1175
-1457.7 1196
-1457.5 1153
-1457.3 1149
-1457.1 1205
-1456.9 1212
-1456.7 1214
-1456.5 1190
-1456.3 1113
-1456.1 1187
-1455.9 1190
-1455.7 1202
-1455.5 1205
-1455.3 1184
-1455.1 1228
-1454.9 1179
-1454.7 1190
-1454.5 1163
-1454.3 1178
-1454.1 1185
-1453.9 1148
-1453.7 1158
-1453.5 1237
-1453.3 1117
-1453.1 1147
-1452.9 1166
-1452.7 1215
-1452.5 1175
-1452.3 1165
-1452.1 1127
-1451.9 1132
-1451.7 1162
-1451.5 1157
-1451.3 1135
-1451.1 1096
-1450.9 1107
-1450.7 1139
-1450.5 1160
-1450.3 1158
-1450.1 1181
-1449.9 1172
-1449.7 1178
-1449.5 1148
-1449.3 1186
-1449.1 1162
-1448.9 1137
-1448.7 1214
-1448.5 1192
-1448.3 1167
-1448.1 1194
-1447.9 1107
-1447.7 1099
-1447.5 1063
-1447.3 1193
-1447.1 1153
-1446.9 1157
-1446.7 1181
-1446.5 1191
-1446.3 1117
-1446.1 1200
-1445.9 1123
-1445.7 1194
-1445.5 1125
-1445.3 1185
-1445.1 1200
-1444.9 1137
-1444.7 1171
-1444.5 1169
-1444.3 1138
-1444.1 1167
-1443.9 1115
-1443.7 1189
-1443.5 1133
-1443.3 1187
-1443.1 1123
-1442.9 1194
-1442.7 1182
-1442.5 1136
-1442.3 1146
-1442.1 1144
-1441.9 1186
-1441.7 1150
-1441.5 1200
-1441.3 1221
-1441.1 1160
-1440.9 1209
-1440.7 1166
-1440.5 1178
-1440.3 1194
-1440.1 1158
-1439.9 1152
-1439.7 1128
-1439.5 1245
-1439.3 1145
-1439.1 1170
-1438.9 1209
-1438.7 1149
-1438.5 1125
-1438.3 1171
-1438.1 1133
-1437.9 1139
-1437.7 1081
-1437.5 1171
-1437.3 1191
-1437.1 1176
-1436.9 1133
-1436.7 1111
-1436.5 1170
-1436.3 1103
-1436.1 1175
-1435.9 1207
-1435.7 1172
-1435.5 1176
-1435.3 1149
-1435.1 1134
-1434.9 1133
-1434.7 1144
-1434.5 1131
-1434.3 1166
-1434.1 1109
-1433.9 1085
-1433.7 1135
-1433.5 1190
-1433.3 1160
-1433.1 1177
-1432.9 1159
-1432.7 1084
-1432.5 1137
-1432.3 1134
-1432.1 1198
-1431.9 1175
-1431.7 1143
-1431.5 1176
-1431.3 1123
-1431.1 1147
-1430.9 1155
-1430.7 1156
-1430.5 1138
-1430.3 1185
-1430.1 1167
-1429.9 1174
-1429.7 1139
-1429.5 1156
-1429.3 1094
-1429.1 1137
-1428.9 1159
-1428.7 1118
-1428.5 1146
-1428.3 1114
-1428.1 1171
-1427.9 1196
-1427.7 1189
-1427.5 1238
-1427.3 1113
-1427.1 1137
-1426.9 1167
-1426.7 1172
-1426.5 1203
-1426.3 1198
-1426.1 1170
-1425.9 1199
-1425.7 1183
-1425.5 1178
-1425.3 1120
-1425.1 1154
-1424.9 1151
-1424.7 1194
-1424.5 1162
-1424.3 1110
-1424.1 1151
-1423.9 1229
-1423.7 1150
-1423.5 1101
-1423.3 1105
-1423.1 1096
-1422.9 1171
-1422.7 1113
-1422.5 1174
-1422.3 1137
-1422.1 1161
-1421.9 1192
-1421.7 1191
-1421.5 1092
-1421.3 1075
-1421.1 1150
-1420.9 1145
-1420.7 1119
-1420.5 1102
-1420.3 1158
-1420.1 1194
-1419.9 1107
-1419.7 1236
-1419.5 1182
-1419.3 1148
-1419.1 1125
-1418.9 1190
-1418.7 1133
-1418.5 1203
-1418.3 1167
-1418.1 1184
-1417.9 1132
-1417.7 1120
-1417.5 1185
-1417.3 1162
-1417.1 1172
-1416.9 1191
-1416.7 1197
-1416.5 1137
-1416.3 1149
-1416.1 1140
-1415.9 1161
-1415.7 1106
-1415.5 1146
-1415.3 1135
-1415.1 1145
-1414.9 1154
-1414.7 1161
-1414.5 1121
-1414.3 1094
-1414.1 1168
-1413.9 1110
-1413.7 1163
-1413.5 1163
-1413.3 1127
-1413.1 1200
-1412.9 1112
-1412.7 1143
-1412.5 1172
-1412.3 1183
-1412.1 1209
-1411.9 1149
-1411.7 1153
-1411.5 1104
-1411.3 1185
-1411.1 1170
-1410.9 1237
-1410.7 1141
-1410.5 1185
-1410.3 1182
-1410.1 1176
-1409.9 1211
-1409.7 1161
-1409.5 1233
-1409.3 1144
-1409.1 1152
-1408.9 1138
-1408.7 1159
-1408.5 1157
-1408.3 1111
-1408.1 1162
-1407.9 1201
-1407.7 1125
-1407.5 1093
-1407.3 1125
-1407.1 1117
-1406.9 1142
-1406.7 1086
-1406.5 1101
-1406.3 1180
-1406.1 1163
-1405.9 1154
-1405.7 1157
-1405.5 1179
-1405.3 1142
-1405.1 1114
-1404.9 1151
-1404.7 1119
-1404.5 1177
-1404.3 1163
-1404.1 1160
-1403.9 1167
-1403.7 1172
-1403.5 1207
-1403.3 1124
-1403.1 1128
-1402.9 1122
-1402.7 1155
-1402.5 1127
-1402.3 1169
-1402.1 1257
-1401.9 1159
-1401.7 1181
-1401.5 1152
-1401.3 1116
-1401.1 1194
-1400.9 1146
-1400.7 1132
-1400.5 1156
-1400.3 1175
-1400.1 1152
-1399.9 1163
-1399.7 1191
-1399.5 1202
-1399.3 1169
-1399.1 1159
-1398.9 1107
-1398.7 1101
-1398.5 1112
-1398.3 1091
-1398.1 1129
-1397.9 1105
-1397.7 1109
-1397.5 1152
-1397.3 1145
-1397.1 1163
-1396.9 1151
-1396.7 1103
-1396.5 1228
-1396.3 1111
-1396.1 1132
-1395.9 1197
-1395.7 1125
-1395.5 1105
-1395.3 1142
-1395.1 1128
-1394.9 1190
-1394.7 1144
-1394.5 1083
-1394.3 1142
-1394.1 1152
-1393.9 1166
-1393.7 1198
-1393.5 1106
-1393.3 1122
-1393.1 1113
-1392.9 1086
-1392.7 1138
-1392.5 1100
-1392.3 1135
-1392.1 1119
-1391.9 1126
-1391.7 1098
-1391.5 1127
-1391.3 1109
-1391.1 1146
-1390.9 1084
-1390.7 1179
-1390.5 1114
-1390.3 1127
-1390.1 1165
-1389.9 1095
-1389.7 1151
-1389.5 1046
-1389.3 1124
-1389.1 1173
-1388.9 1137
-1388.7 1121
-1388.5 1122
-1388.3 1176
-1388.1 1195
-1387.9 1095
-1387.7 1137
-1387.5 1157
-1387.3 1095
-1387.1 1120
-1386.9 1041
-1386.7 1120
-1386.5 1142
-1386.3 1159
-1386.1 1106
-1385.9 1166
-1385.7 1178
-1385.5 1125
-1385.3 1205
-1385.1 1192
-1384.9 1117
-1384.7 1127
-1384.5 1159
-1384.3 1178
-1384.1 1131
-1383.9 1139
-1383.7 1168
-1383.5 1086
-1383.3 1174
-1383.1 1158
-1382.9 1199
-1382.7 1158
-1382.5 1160
-1382.3 1125
-1382.1 1177
-1381.9 1099
-1381.7 1154
-1381.5 1086
-1381.3 1152
-1381.1 1108
-1380.9 1161
-1380.7 1153
-1380.5 1111
-1380.3 1081
-1380.1 1114
-1379.9 1174
-1379.7 1181
-1379.5 1145
-1379.3 1175
-1379.1 1149
-1378.9 1110
-1378.7 1106
-1378.5 1133
-1378.3 1054
-1378.1 1129
-1377.9 1159
-1377.7 1127
-1377.5 1046
-1377.3 1154
-1377.1 1141
-1376.9 1158
-1376.7 1205
-1376.5 1120
-1376.3 1119
-1376.1 1153
-1375.9 1165
-1375.7 1150
-1375.5 1114
-1375.3 1098
-1375.1 1097
-1374.9 1090
-1374.7 1112
-1374.5 1096
-1374.3 1105
-1374.1 1148
-1373.9 1128
-1373.7 1114
-1373.5 1195
-1373.3 1099
-1373.1 1127
-1372.9 1104
-1372.7 1125
-1372.5 1122
-1372.3 1080
-1372.1 1073
-1371.9 1110
-1371.7 1132
-1371.5 1103
-1371.3 1087
-1371.1 1137
-1370.9 1107
-1370.7 1130
-1370.5 1114
-1370.3 1119
-1370.1 1179
-1369.9 1149
-1369.7 1087
-1369.5 1137
-1369.3 1046
-1369.1 1157
-1368.9 1113
-1368.7 1117
-1368.5 1097
-1368.3 1079
-1368.1 1166
-1367.9 1083
-1367.7 1117
-1367.5 1090
-1367.3 1114
-1367.1 1060
-1366.9 1097
-1366.7 1112
-1366.5 1091
-1366.3 1073
-1366.1 1052
-1365.9 1094
-1365.7 1088
-1365.5 1016
-1365.3 1051
-1365.1 1085
-1364.9 999
-1364.7 1104
-1364.5 1060
-1364.3 976
-1364.1 908
-1363.9 1047
-1363.7 980
-1363.5 1008
-1363.3 955
-1363.1 1019
-1362.9 976
-1362.7 973
-1362.5 918
-1362.3 992
-1362.1 968
-1361.9 949
-1361.7 988
-1361.5 926
-1361.3 920
-1361.1 878
-1360.9 958
-1360.7 903
-1360.5 888
-1360.3 887
-1360.1 903
-1359.9 898
-1359.7 872
-1359.5 862
-1359.3 860
-1359.1 856
-1358.9 804
-1358.7 880
-1358.5 804
-1358.3 805
-1358.1 795
-1357.9 827
-1357.7 830
-1357.5 782
-1357.3 810
-1357.1 750
-1356.9 741
-1356.7 776
-1356.5 747
-1356.3 683
-1356.1 727
-1355.9 783
-1355.7 698
-1355.5 721
-1355.3 693
-1355.1 693
-1354.9 690
-1354.7 685
-1354.5 649
-1354.3 651
-1354.1 643
-1353.9 625
-1353.7 603
-1353.5 582
-1353.3 567
-1353.1 608
-1352.9 609
-1352.7 582
-1352.5 553
-1352.3 559
-1352.1 574
-1351.9 546
-1351.7 572
-1351.5 534
-1351.3 523
-1351.1 504
-1350.9 484
-1350.7 477
-1350.5 524
-1350.3 500
-1350.1 493
-1349.9 459
-1349.7 469
-1349.5 486
-1349.3 506
-1349.1 462
-1348.9 478
-1348.7 444
-1348.5 383
-1348.3 438
-1348.1 413
-1347.9 433
-1347.7 406
-1347.5 405
-1347.3 389
-1347.1 440
-1346.9 415
-1346.7 370
-1346.5 384
-1346.3 405
-1346.1 332
-1345.9 339
-1345.7 348
-1345.5 360
-1345.3 370
-1345.1 329
-1344.9 343
-1344.7 330
-1344.5 354
-1344.3 318
-1344.1 309
-1343.9 333
-1343.7 317
-1343.5 304
-1343.3 285
-1343.1 315
-1342.9 297
-1342.7 275
-1342.5 290
-1342.3 284
-1342.1 266
-1341.9 255
-1341.7 264
-1341.5 275
-1341.3 282
-1341.1 232
-1340.9 240
-1340.7 238
-1340.5 214
-1340.3 213
-1340.1 250
-1339.9 223
-1339.7 202
-1339.5 225
-1339.3 211
-1339.1 211
-1338.9 192
-1338.7 209
-1338.5 220
-1338.3 201
-1338.1 197
-1337.9 192
-1337.7 163
-1337.5 198
-1337.3 171
-1337.1 174
-1336.9 186
-1336.7 164
-1336.5 147
-1336.3 165
-1336.1 152
-1335.9 173
-1335.7 171
-1335.5 168
-1335.3 129
-1335.1 161
-1334.9 141
-1334.7 143
-1334.5 141
-1334.3 135
-1334.1 134
-1333.9 139
-1333.7 115
-1333.5 124
-1333.3 118
-1333.1 102
-1332.9 112
-1332.7 120
-1332.5 96
-1332.3 137
-1332.1 113
-1331.9 114
-1331.7 93
-1331.5 103
-1331.3 105
-1331.1 83
-1330.9 85
-1330.7 99
-1330.5 96
-1330.3 98
-1330.1 72
-1329.9 86
-1329.7 78
-1329.5 91
-1329.3 67
-1329.1 84
-1328.9 88
-1328.7 84
-1328.5 88
-1328.3 72
-1328.1 77
-1327.9 66
-1327.7 71
-1327.5 63
-1327.3 68
-1327.1 67
-1326.9 60
-1326.7 58
-1326.5 54
-1326.3 49
-1326.1 50
-1325.9 41
-1325.7 53
-1325.5 52
-1325.3 40
-1325.1 55
-1324.9 57
-1324.7 39
-1324.5 66
-1324.3 55
-1324.1 43
-1323.9 31
-1323.7 42
-1323.5 44
-1323.3 39
-1323.1 33
-1322.9 45
-1322.7 37
-1322.5 44
-1322.3 38
-1322.1 29
-1321.9 35
-1321.7 30
-1321.5 36
-1321.3 28
-1321.1 26
-1320.9 32
-1320.7 36
-1320.5 28
-1320.3 19
-1320.1 23
-1319.9 26
-1319.7 21
-1319.5 23
-1319.3 20
-1319.1 21
-1318.9 24
-1318.7 23
-1318.5 20
-1318.3 25
-1318.1 27
-1317.9 21
-1317.7 15
-1317.5 22
-1317.3 14
-1317.1 17
-1316.9 15
-1316.7 15
-1316.5 20
-1316.3 20
-1316.1 17
-1315.9 8
-1315.7 11
-1315.5 16
-1315.3 14
-1315.1 17
-1314.9 13
-1314.7 7
-1314.5 11
-1314.3 9
-1314.1 12
-1313.9 8
-1313.7 17
-1313.5 13
-1313.3 13
-1313.1 12
-1312.9 6
-1312.7 14
-1312.5 9
-1312.3 8
-1312.1 13
-1311.9 12
-1311.7 9
-1311.5 7
-1311.3 8
-1311.1 9
-1310.9 9
-1310.7 9
-1310.5 13
-1310.3 2
-1310.1 10
-1309.9 9
-1309.7 6
-1309.5 3
-1309.3 6
-1309.1 6
-1308.9 5
-1308.7 4
-1308.5 5
-1308.3 5
-1308.1 4
-1307.9 7
-1307.7 3
-1307.5 6
-1307.3 10
-1307.1 6
-1306.9 3
-1306.7 6
-1306.5 3
-1306.3 3
-1306.1 6
-1305.9 8
-1305.7 5
-1305.5 2
-1305.3 5
-1305.1 4
-1304.9 5
-1304.7 3
-1304.5 2
-1304.3 5
-1304.1 9
-1303.9 9
-1303.7 6
-1303.5 4
-1303.3 7
-1303.1 7
-1302.9 6
-1302.7 9
-1302.5 8
-1302.3 6
-1302.1 3
-1301.9 2
-1301.7 1
-1301.5 6
-1301.3 6
-1301.1 3
-1300.9 1
-1300.7 1
-1300.5 3
-1300.3 7
-1300.1 4
