-1589.9 0
-1589.7 1
-1589.5 5
-1589.3 4
-1589.1 5
-1588.9 2
-1588.7 0
-1588.5 2
-1588.3 2
-1588.1 2
-1587.9 7
-1587.7 3
-1587.5 1
-1587.3 2
-1587.1 1
-1586.9 0
-1586.7 3
-1586.5 3
-1586.3 2
-1586.1 4
-1585.9 3
-1585.7 5
-1585.5 3
-1585.3 2
-1585.1 4
-1584.9 2
-1584.7 6
-1584.5 4
-1584.3 0
-1584.1 4
-1583.9 5
-1583.7 2
-1583.5 3
-1583.3 0
-1583.1 0
-1582.9 5
-1582.7 0
-1582.5 0
-1582.3 4
-1582.1 2
-1581.9 2
-1581.7 1
-1581.5 1
-1581.3 1
-1581.1 2
-1580.9 5
-1580.7 3
-1580.5 1
-1580.3 3
-1580.1 4
-1579.9 2
-1579.7 2
-1579.5 2
-1579.3 5
-1579.1 2
-1578.9 3
-1578.7 4
-1578.5 1
-1578.3 2
-1578.1 6
-1577.9 3
-1577.7 3
-1577.5 3
-1577.3 4
-1577.1 4
-1576.9 8
-1576.7 8
-1576.5 5
-1576.3 6
-1576.1 4
-1575.9 4
-1575.7 9
-1575.5 8
-1575.3 10
-1575.1 15
-1574.9 18
-1574.7 14
-1574.5 12
-1574.3 15
-1574.1 12
-1573.9 25
-1573.7 19
-1573.5 16
-1573.3 22
-1573.1 17
-1572.9 27
-1572.7 34
-1572.5 33
-1572.3 27
-1572.1 25
-1571.9 27
-1571.7 46
-1571.5 37
-1571.3 38
-1571.1 37
-1570.9 46
-1570.7 46
-1570.5 41
-1570.3 57
-1570.1 55
-1569.9 58
-1569.7 79
-1569.5 87
-1569.3 104
-1569.1 125
-1568.9 142
-1568.7 157
-1568.5 211
-1568.3 193
-1568.1 257
-1567.9 260
-1567.7 291
-1567.5 368
-1567.3 374
-1567.1 423
-1566.9 491
-1566.7 470
-1566.5 547
-1566.3 616
-1566.1 690
-1565.9 748
-1565.7 838
-1565.5 862
-1565.3 1035
-1565.1 1072
-1564.9 1145
-1564.7 1268
-1564.5 1365
-1564.3 1377
-1564.1 1380
-1563.9 1566
-1563.7 1603
-1563.5 1718
-1563.3 1857
-1563.1 1850
-1562.9 1897
-1562.7 1965
-1562.5 1946
-1562.3 1970
-1562.1 2010
-1561.9 2013
-1561.7 2012
-1561.5 2036
-1561.3 2128
-1561.1 2105
-1560.9 2076
-1560.7 2119
-1560.5 2081
-1560.3 2070
-1560.1 2105
-1559.9 2070
-1559.7 1979
-1559.5 2043
-1559.3 1952
-1559.1 2069
-1558.9 2032
-1558.7 1979
-1558.5 1856
-1558.3 1912
-1558.1 1969
-1557.9 1992
-1557.7 1941
-1557.5 1865
-1557.3 1854
-1557.1 1787
-1556.9 1862
-1556.7 1821
-1556.5 1779
-1556.3 1787
-1556.1 1883
-1555.9 1816
-1555.7 1937
-1555.5 1799
-1555.3 1743
-1555.1 1749
-1554.9 1724
-1554.7 1736
-1554.5 1737
-1554.3 1741
-1554.1 1710
-1553.9 1724
-1553.7 1626
-1553.5 1725
-1553.3 1663
-1553.1 1637
-1552.9 1648
-1552.7 1598
-1552.5 1664
-1552.3 1561
-1552.1 1532
-1551.9 1549
-1551.7 1489
-1551.5 1569
-1551.3 1531
-1551.1 1517
-1550.9 1541
-1550.7 1529
-1550.5 1503
-1550.3 1620
-1550.1 1476
-1549.9 1492
-1549.7 1439
-1549.5 1469
-1549.3 1395
-1549.1 1483
-1548.9 1448
-1548.7 1402
-1548.5 1345
-1548.3 1451
-1548.1 1348
-1547.9 1381
-1547.7 1433
-1547.5 1323
-1547.3 1389
-1547.1 1427
-1546.9 1336
-1546.7 1396
-1546.5 1347
-1546.3 1342
-1546.1 1342
-1545.9 1335
-1545.7 1340
-1545.5 1374
-1545.3 1352
-1545.1 1393
-1544.9 1331
-1544.7 1314
-1544.5 1355
-1544.3 1298
-1544.1 1256
-1543.9 1318
-1543.7 1353
-1543.5 1354
-1543.3 1321
-1543.1 1345
-1542.9 1337
-1542.7 1329
-1542.5 1298
-1542.3 1278
-1542.1 1310
-1541.9 1224
-1541.7 1304
-1541.5 1310
-1541.3 1255
-1541.1 1315
-1540.9 1270
-1540.7 1249
-1540.5 1285
-1540.3 1268
-1540.1 1285
-1539.9 1302
-1539.7 1245
-1539.5 1232
-1539.3 1203
-1539.1 1223
-1538.9 1236
-1538.7 1242
-1538.5 1213
-1538.3 1313
-1538.1 1234
-1537.9 1245
-1537.7 1267
-1537.5 1229
-1537.3 1228
-1537.1 1232
-1536.9 1221
-1536.7 1299
-1536.5 1203
-1536.3 1218
-1536.1 1280
-1535.9 1255
-1535.7 1225
-1535.5 1281
-1535.3 1249
-1535.1 1219
-1534.9 1262
-1534.7 1199
-1534.5 1183
-1534.3 1223
-1534.1 1261
-1533.9 1151
-1533.7 1267
-1533.5 1226
-1533.3 1177
-1533.1 1273
-1532.9 1242
-1532.7 1233
-1532.5 1196
-1532.3 1263
-1532.1 1236
-1531.9 1193
-1531.7 1266
-1531.5 1166
-1531.3 1251
-1531.1 1195
-1530.9 1224
-1530.7 1199
-1530.5 1273
-1530.3 1177
-1530.1 1166
-1529.9 1282
-1529.7 1202
-1529.5 1158
-1529.3 1165
-1529.1 1187
-1528.9 1190
-1528.7 1207
-1528.5 1211
-1528.3 1185
-1528.1 1181
-1527.9 1227
-1527.7 1285
-1527.5 1188
-1527.3 1165
-1527.1 1157
-1526.9 1183
-1526.7 1248
-1526.5 1156
-1526.3 1169
-1526.1 1243
-1525.9 1190
-1525.7 1241
-1525.5 1129
-1525.3 1209
-1525.1 1223
-1524.9 1297
-1524.7 1202
-1524.5 1141
-1524.3 1164
-1524.1 1250
-1523.9 1267
-1523.7 1194
-1523.5 1180
-1523.3 1195
-1523.1 1153
-1522.9 1163
-1522.7 1199
-1522.5 1177
-1522.3 1198
-1522.1 1167
-1521.9 1190
-1521.7 1117
-1521.5 1215
-1521.3 1198
-1521.1 1107
-1520.9 1187
-1520.7 1179
-1520.5 1142
-1520.3 1120
-1520.1 1134
-1519.9 1172
-1519.7 1187
-1519.5 1167
-1519.3 1162
-1519.1 1154
-1518.9 1198
-1518.7 1089
-1518.5 1154
-1518.3 1093
-1518.1 1124
-1517.9 1107
-1517.7 1148
-1517.5 1163
-1517.3 1098
-1517.1 1166
-1516.9 1199
-1516.7 1099
-1516.5 1168
-1516.3 1200
-1516.1 1132
-1515.9 1113
-1515.7 1188
-1515.5 1110
-1515.3 1200
-1515.1 1132
-1514.9 1209
-1514.7 1237
-1514.5 1127
-1514.3 1166
-1514.1 1145
-1513.9 1210
-1513.7 1188
-1513.5 1254
-1513.3 1112
-1513.1 1203
-1512.9 1171
-1512.7 1148
-1512.5 1115
-1512.3 1200
-1512.1 1166
-1511.9 1205
-1511.7 1125
-1511.5 1122
-1511.3 1097
-1511.1 1192
-1510.9 1138
-1510.7 1209
-1510.5 1162
-1510.3 1178
-1510.1 1164
-1509.9 1101
-1509.7 1107
-1509.5 1173
-1509.3 1129
-1509.1 1120
-1508.9 1115
-1508.7 1139
-1508.5 1112
-1508.3 1071
-1508.1 1146
-1507.9 1123
-1507.7 1069
-1507.5 1104
-1507.3 1063
-1507.1 1050
-1506.9 1060
-1506.7 1115
-1506.5 1065
-1506.3 1125
-1506.1 1070
-1505.9 1099
-1505.7 1078
-1505.5 1112
-1505.3 1090
-1505.1 1078
-1504.9 1139
-1504.7 1091
-1504.5 1096
-1504.3 1141
-1504.1 1122
-1503.9 1127
-1503.7 1184
-1503.5 1164
-1503.3 1209
-1503.1 1197
-1502.9 1185
-1502.7 1235
-1502.5 1227
-1502.3 1143
-1502.1 1233
-1501.9 1216
-1501.7 1231
-1501.5 1217
-1501.3 1226
-1501.1 1208
-1500.9 1176
-1500.7 1206
-1500.5 1228
-1500.3 1215
-1500.1 1223
-1499.9 1213
-1499.7 1210
-1499.5 1215
-1499.3 1224
-1499.1 1165
-1498.9 1197
-1498.7 1209
-1498.5 1278
-1498.3 1162
-1498.1 1244
-1497.9 1189
-1497.7 1224
-1497.5 1224
-1497.3 1188
-1497.1 1190
-1496.9 1202
-1496.7 1185
-1496.5 1175
-1496.3 1154
-1496.1 1160
-1495.9 1115
-1495.7 1139
-1495.5 1124
-1495.3 1181
-1495.1 1138
-1494.9 1130
-1494.7 1106
-1494.5 1151
-1494.3 1094
-1494.1 1169
-1493.9 1139
-1493.7 1209
-1493.5 1189
-1493.3 1144
-1493.1 1121
-1492.9 1142
-1492.7 1147
-1492.5 1119
-1492.3 1165
-1492.1 1106
-1491.9 1132
-1491.7 1141
-1491.5 1116
-1491.3 1172
-1491.1 1097
-1490.9 1166
-1490.7 1163
-1490.5 1109
-1490.3 1132
-1490.1 1142
-1489.9 1171
-1489.7 1125
-1489.5 1191
-1489.3 1147
-1489.1 1162
-1488.9 1209
-1488.7 1156
-1488.5 1164
-1488.3 1201
-1488.1 1228
-1487.9 1220
-1487.7 1205
-1487.5 1152
-1487.3 1210
-1487.1 1215
-1486.9 1227
-1486.7 1220
-1486.5 1213
-1486.3 1186
-1486.1 1268
-1485.9 1161
-1485.7 1254
-1485.5 1190
-1485.3 1211
-1485.1 1250
-1484.9 1210
-1484.7 1199
-1484.5 1240
-1484.3 1223
-1484.1 1253
-1483.9 1218
-1483.7 1256
-1483.5 1231
-1483.3 1207
-1483.1 1268
-1482.9 1249
-1482.7 1180
-1482.5 1192
-1482.3 1176
-1482.1 1160
-1481.9 1262
-1481.7 1164
-1481.5 1181
-1481.3 1201
-1481.1 1265
-1480.9 1284
-1480.7 1209
-1480.5 1246
-1480.3 1246
-1480.1 1162
-1479.9 1160
-1479.7 1157
-1479.5 1176
-1479.3 1213
-1479.1 1177
-1478.9 1118
-1478.7 1206
-1478.5 1164
-1478.3 1093
-1478.1 1147
-1477.9 1166
-1477.7 1067
-1477.5 1140
-1477.3 1118
-1477.1 1154
-1476.9 1118
-1476.7 1223
-1476.5 1163
-1476.3 1184
-1476.1 1155
-1475.9 1103
-1475.7 1187
-1475.5 1186
-1475.3 1189
-1475.1 1166
-1474.9 1145
-1474.7 1210
-1474.5 1112
-1474.3 1196
-1474.1 1134
-1473.9 1190
-1473.7 1207
-1473.5 1164
-1473.3 1145
-1473.1 1218
-1472.9 1201
-1472.7 1171
-1472.5 1120
-1472.3 1250
-1472.1 1204
-1471.9 1175
-1471.7 1175
-1471.5 1131
-1471.3 1144
-1471.1 1190
-1470.9 1203
-1470.7 1158
-1470.5 1195
-1470.3 1148
-1470.1 1184
-1469.9 1183
-1469.7 1217
-1469.5 1259
-1469.3 1146
-1469.1 1177
-1468.9 1211
-1468.7 1167
-1468.5 1219
-1468.3 1201
-1468.1 1241
-1467.9 1174
-1467.7 1236
-1467.5 1218
-1467.3 1191
-1467.1 1209
-1466.9 1219
-1466.7 1225
-1466.5 1237
-1466.3 1202
-1466.1 1230
-1465.9 1221
-1465.7 1202
-1465.5 1180
-1465.3 1189
-1465.1 1237
-1464.9 1189
-1464.7 1219
-1464.5 1175
-1464.3 1178
-1464.1 1250
-1463.9 1193
-1463.7 1189
-1463.5 1151
-1463.3 1196
-1463.1 1193
-1462.9 1258
-1462.7 1196
-1462.5 1178
-1462.3 1185
-1462.1 1207
-1461.9 1180
-1461.7 1169
-1461.5 1167
-1461.3 1089
-1461.1 1141
-1460.9 1088
-1460.7 1180
-1460.5 1150
-1460.3 1132
-1460.1 1091
-1459.9 1145
-1459.7 1172
-1459.5 1166
-1459.3 1142
-1459.1 1140
-1458.9 1145
-1458.7 1171
-1458.5 1120
-1458.3 1072
-1458.1 1196
-1457.9 1179
-1457.7 1155
-1457.5 1207
-1457.3 1159
-1457.1 1121
-1456.9 1216
-1456.7 1172
-1456.5 1163
-1456.3 1120
-1456.1 1184
-1455.9 1180
-1455.7 1131
-1455.5 1166
-1455.3 1242
-1455.1 1205
-1454.9 1203
-1454.7 1211
-1454.5 1242
-1454.3 1147
-1454.1 1176
-1453.9 1137
-1453.7 1163
-1453.5 1210
-1453.3 1253
-1453.1 1167
-1452.9 1167
-1452.7 1152
-1452.5 1198
-1452.3 1164
-1452.1 1181
-1451.9 1182
-1451.7 1177
-1451.5 1204
-1451.3 1200
-1451.1 1188
-1450.9 1158
-1450.7 1203
-1450.5 1224
-1450.3 1242
-1450.1 1187
-1449.9 1208
-1449.7 1206
-1449.5 1166
-1449.3 1145
-1449.1 1162
-1448.9 1218
-1448.7 1241
-1448.5 1204
-1448.3 1191
-1448.1 1190
-1447.9 1185
-1447.7 1219
-1447.5 1221
-1447.3 1169
-1447.1 1181
-1446.9 1142
-1446.7 1168
-1446.5 1166
-1446.3 1167
-1446.1 1161
-1445.9 1207
-1445.7 1215
-1445.5 1116
-1445.3 1242
-1445.1 1122
-1444.9 1171
-1444.7 1106
-1444.5 1113
-1444.3 1129
-1444.1 1188
-1443.9 1074
-1443.7 1192
-1443.5 1132
-1443.3 1152
-1443.1 1147
-1442.9 1187
-1442.7 1192
-1442.5 1131
-1442.3 1119
-1442.1 1145
-1441.9 1149
-1441.7 1125
-1441.5 1175
-1441.3 1155
-1441.1 1151
-1440.9 1164
-1440.7 1120
-1440.5 1063
-1440.3 1185
-1440.1 1137
-1439.9 1141
-1439.7 1141
-1439.5 1101
-1439.3 1109
-1439.1 1162
-1438.9 1182
-1438.7 1147
-1438.5 1193
-1438.3 1151
-1438.1 1133
-1437.9 1184
-1437.7 1145
-1437.5 1220
-1437.3 1153
-1437.1 1145
-1436.9 1101
-1436.7 1203
-1436.5 1133
-1436.3 1191
-1436.1 1114
-1435.9 1169
-1435.7 1221
-1435.5 1234
-1435.3 1136
-1435.1 1153
-1434.9 1213
-1434.7 1222
-1434.5 1165
-1434.3 1234
-1434.1 1130
-1433.9 1231
-1433.7 1270
-1433.5 1170
-1433.3 1221
-1433.1 1162
-1432.9 1167
-1432.7 1106
-1432.5 1211
-1432.3 1161
-1432.1 1167
-1431.9 1181
-1431.7 1222
-1431.5 1143
-1431.3 1139
-1431.1 1165
-1430.9 1213
-1430.7 1189
-1430.5 1160
-1430.3 1114
-1430.1 1174
-1429.9 1160
-1429.7 1214
-1429.5 1169
-1429.3 1057
-1429.1 1196
-1428.9 1101
-1428.7 1167
-1428.5 1139
-1428.3 1152
-1428.1 1154
-1427.9 1116
-1427.7 1127
-1427.5 1110
-1427.3 1139
-1427.1 1174
-1426.9 1170
-1426.7 1158
-1426.5 1167
-1426.3 1180
-1426.1 1103
-1425.9 1117
-1425.7 1112
-1425.5 1164
-1425.3 1172
-1425.1 1225
-1424.9 1220
-1424.7 1151
-1424.5 1155
-1424.3 1186
-1424.1 1179
-1423.9 1164
-1423.7 1165
-1423.5 1143
-1423.3 1186
-1423.1 1197
-1422.9 1123
-1422.7 1165
-1422.5 1167
-1422.3 1159
-1422.1 1167
-1421.9 1237
-1421.7 1153
-1421.5 1140
-1421.3 1132
-1421.1 1159
-1420.9 1136
-1420.7 1172
-1420.5 1161
-1420.3 1170
-1420.1 1206
-1419.9 1191
-1419.7 1178
-1419.5 1179
-1419.3 1176
-1419.1 1193
-1418.9 1160
-1418.7 1208
-1418.5 1197
-1418.3 1144
-1418.1 1156
-1417.9 1189
-1417.7 1178
-1417.5 1164
-1417.3 1141
-1417.1 1167
-1416.9 1213
-1416.7 1139
-1416.5 1170
-1416.3 1190
-1416.1 1106
-1415.9 1166
-1415.7 1155
-1415.5 1157
-1415.3 1177
-1415.1 1131
-1414.9 1166
-1414.7 1180
-1414.5 1106
-1414.3 1170
-1414.1 1153
-1413.9 1115
-1413.7 1243
-1413.5 1185
-1413.3 1155
-1413.1 1160
-1412.9 1107
-1412.7 1141
-1412.5 1163
-1412.3 1125
-1412.1 1107
-1411.9 1168
-1411.7 1177
-1411.5 1227
-1411.3 1139
-1411.1 1189
-1410.9 1168
-1410.7 1171
-1410.5 1195
-1410.3 1188
-1410.1 1140
-1409.9 1098
-1409.7 1118
-1409.5 1211
-1409.3 1177
-1409.1 1202
-1408.9 1163
-1408.7 1191
-1408.5 1200
-1408.3 1147
-1408.1 1148
-1407.9 1178
-1407.7 1141
-1407.5 1126
-1407.3 1111
-1407.1 1186
-1406.9 1256
-1406.7 1136
-1406.5 1127
-1406.3 1200
-1406.1 1155
-1405.9 1171
-1405.7 1172
-1405.5 1119
-1405.3 1153
-1405.1 1178
-1404.9 1118
-1404.7 1187
-1404.5 1196
-1404.3 1120
-1404.1 1167
-1403.9 1230
-1403.7 1111
-1403.5 1177
-1403.3 1168
-1403.1 1119
-1402.9 1202
-1402.7 1135
-1402.5 1217
-1402.3 1110
-1402.1 1138
-1401.9 1124
-1401.7 1146
-1401.5 1126
-1401.3 1185
-1401.1 1157
-1400.9 1163
-1400.7 1144
-1400.5 1197
-1400.3 1103
-1400.1 1216
-1399.9 1131
-1399.7 1204
-1399.5 1164
-1399.3 1136
-1399.1 1134
-1398.9 1218
-1398.7 1091
-1398.5 1112
-1398.3 1176
-1398.1 1154
-1397.9 1202
-1397.7 1081
-1397.5 1140
-1397.3 1133
-1397.1 1208
-1396.9 1151
-1396.7 1171
-1396.5 1177
-1396.3 1144
-1396.1 1149
-1395.9 1159
-1395.7 1140
-1395.5 1118
-1395.3 1135
-1395.1 1156
-1394.9 1157
-1394.7 1149
-1394.5 1209
-1394.3 1179
-1394.1 1184
-1393.9 1152
-1393.7 1150
-1393.5 1110
-1393.3 1106
-1393.1 1070
-1392.9 1124
-1392.7 1185
-1392.5 1125
-1392.3 1190
-1392.1 1095
-1391.9 1131
-1391.7 1169
-1391.5 1188
-1391.3 1121
-1391.1 1162
-1390.9 1172
-1390.7 1121
-1390.5 1208
-1390.3 1186
-1390.1 1200
-1389.9 1166
-1389.7 1163
-1389.5 1151
-1389.3 1142
-1389.1 1154
-1388.9 1169
-1388.7 1179
-1388.5 1187
-1388.3 1196
-1388.1 1141
-1387.9 1149
-1387.7 1130
-1387.5 1146
-1387.3 1150
-1387.1 1148
-1386.9 1096
-1386.7 1183
-1386.5 1163
-1386.3 1121
-1386.1 1180
-1385.9 1172
-1385.7 1110
-1385.5 1235
-1385.3 1150
-1385.1 1162
-1384.9 1132
-1384.7 1156
-1384.5 1130
-1384.3 1131
-1384.1 1161
-1383.9 1163
-1383.7 1182
-1383.5 1137
-1383.3 1150
-1383.1 1106
-1382.9 1138
-1382.7 1121
-1382.5 1195
-1382.3 1147
-1382.1 1143
-1381.9 1111
-1381.7 1154
-1381.5 1147
-1381.3 1068
-1381.1 1176
-1380.9 1116
-1380.7 1140
-1380.5 1100
-1380.3 1124
-1380.1 1085
-1379.9 1161
-1379.7 1126
-1379.5 1132
-1379.3 1106
-1379.1 1102
-1378.9 1141
-1378.7 1146
-1378.5 1110
-1378.3 1158
-1378.1 1135
-1377.9 1093
-1377.7 1049
-1377.5 1112
-1377.3 1160
-1377.1 1203
-1376.9 1147
-1376.7 1149
-1376.5 1166
-1376.3 1117
-1376.1 1114
-1375.9 1126
-1375.7 1135
-1375.5 1120
-1375.3 1171
-1375.1 1133
-1374.9 1158
-1374.7 1117
-1374.5 1130
-1374.3 1161
-1374.1 1151
-1373.9 1105
-1373.7 1219
-1373.5 1052
-1373.3 1114
-1373.1 1225
-1372.9 1106
-1372.7 1153
-1372.5 1144
-1372.3 1163
-1372.1 1169
-1371.9 1146
-1371.7 1140
-1371.5 1120
-1371.3 1154
-1371.1 1077
-1370.9 1158
-1370.7 1141
-1370.5 1078
-1370.3 1166
-1370.1 1190
-1369.9 1159
-1369.7 1146
-1369.5 1154
-1369.3 1168
-1369.1 1109
-1368.9 1152
-1368.7 1148
-1368.5 1167
-1368.3 1074
-1368.1 1167
-1367.9 1145
-1367.7 1148
-1367.5 1175
-1367.3 1156
-1367.1 1148
-1366.9 1108
-1366.7 1111
-1366.5 1145
-1366.3 1163
-1366.1 1128
-1365.9 1185
-1365.7 1181
-1365.5 1165
-1365.3 1089
-1365.1 1137
-1364.9 1162
-1364.7 1118
-1364.5 1072
-1364.3 1129
-1364.1 1172
-1363.9 1100
-1363.7 1139
-1363.5 1124
-1363.3 1147
-1363.1 1135
-1362.9 1094
-1362.7 1128
-1362.5 1109
-1362.3 1148
-1362.1 1171
-1361.9 1104
-1361.7 1135
-1361.5 1231
-1361.3 1158
-1361.1 1128
-1360.9 1118
-1360.7 1149
-1360.5 1140
-1360.3 1061
-1360.1 1106
-1359.9 1157
-1359.7 1166
-1359.5 1149
-1359.3 1113
-1359.1 1072
-1358.9 1105
-1358.7 1059
-1358.5 1150
-1358.3 1076
-1358.1 1101
-1357.9 1111
-1357.7 1079
-1357.5 1138
-1357.3 1102
-1357.1 1052
-1356.9 1114
-1356.7 1089
-1356.5 1121
-1356.3 1076
-1356.1 1178
-1355.9 1095
-1355.7 1078
-1355.5 1099
-1355.3 1107
-1355.1 1054
-1354.9 1077
-1354.7 1080
-1354.5 1031
-1354.3 1106
-1354.1 1078
-1353.9 1113
-1353.7 1065
-1353.5 1058
-1353.3 1096
-1353.1 1055
-1352.9 1083
-1352.7 1040
-1352.5 1046
-1352.3 974
-1352.1 1055
-1351.9 1006
-1351.7 1031
-1351.5 1059
-1351.3 976
-1351.1 1025
-1350.9 959
-1350.7 1044
-1350.5 977
-1350.3 933
-1350.1 977
-1349.9 991
-1349.7 928
-1349.5 943
-1349.3 907
-1349.1 906
-1348.9 947
-1348.7 854
-1348.5 819
-1348.3 893
-1348.1 848
-1347.9 854
-1347.7 856
-1347.5 812
-1347.3 787
-1347.1 754
-1346.9 796
-1346.7 735
-1346.5 739
-1346.3 748
-1346.1 718
-1345.9 716
-1345.7 707
-1345.5 755
-1345.3 686
-1345.1 706
-1344.9 697
-1344.7 682
-1344.5 640
-1344.3 674
-1344.1 682
-1343.9 692
-1343.7 581
-1343.5 603
-1343.3 560
-1343.1 636
-1342.9 597
-1342.7 579
-1342.5 589
-1342.3 570
-1342.1 572
-1341.9 575
-1341.7 537
-1341.5 523
-1341.3 531
-1341.1 533
-1340.9 545
-1340.7 537
-1340.5 513
-1340.3 509
-1340.1 525
-1339.9 471
-1339.7 511
-1339.5 469
-1339.3 468
-1339.1 473
-1338.9 457
-1338.7 436
-1338.5 452
-1338.3 469
-1338.1 478
-1337.9 429
-1337.7 447
-1337.5 434
-1337.3 424
-1337.1 413
-1336.9 414
-1336.7 392
-1336.5 388
-1336.3 404
-1336.1 355
-1335.9 383
-1335.7 407
-1335.5 378
-1335.3 351
-1335.1 354
-1334.9 355
-1334.7 354
-1334.5 330
-1334.3 358
-1334.1 339
-1333.9 338
-1333.7 354
-1333.5 334
-1333.3 326
-1333.1 335
-1332.9 295
-1332.7 289
-1332.5 304
-1332.3 274
-1332.1 301
-1331.9 306
-1331.7 274
-1331.5 290
-1331.3 267
-1331.1 239
-1330.9 260
-1330.7 257
-1330.5 258
-1330.3 247
-1330.1 234
-1329.9 232
-1329.7 287
-1329.5 237
-1329.3 229
-1329.1 202
-1328.9 235
-1328.7 219
-1328.5 229
-1328.3 209
-1328.1 226
-1327.9 197
-1327.7 198
-1327.5 212
-1327.3 201
-1327.1 205
-1326.9 168
-1326.7 187
-1326.5 175
-1326.3 174
-1326.1 170
-1325.9 156
-1325.7 152
-1325.5 147
-1325.3 151
-1325.1 143
-1324.9 139
-1324.7 144
-1324.5 131
-1324.3 144
-1324.1 133
-1323.9 139
-1323.7 105
-1323.5 123
-1323.3 144
-1323.1 113
-1322.9 124
-1322.7 114
-1322.5 142
-1322.3 120
-1322.1 129
-1321.9 120
-1321.7 105
-1321.5 96
-1321.3 105
-1321.1 104
-1320.9 98
-1320.7 91
-1320.5 97
-1320.3 110
-1320.1 93
-1319.9 82
-1319.7 94
-1319.5 76
-1319.3 82
-1319.1 80
-1318.9 76
-1318.7 76
-1318.5 81
-1318.3 69
-1318.1 76
-1317.9 76
-1317.7 76
-1317.5 70
-1317.3 66
-1317.1 68
-1316.9 64
-1316.7 60
-1316.5 63
-1316.3 71
-1316.1 53
-1315.9 73
-1315.7 50
-1315.5 50
-1315.3 83
-1315.1 59
-1314.9 51
-1314.7 44
-1314.5 63
-1314.3 60
-1314.1 52
-1313.9 46
-1313.7 52
-1313.5 42
-1313.3 44
-1313.1 52
-1312.9 48
-1312.7 37
-1312.5 39
-1312.3 32
-1312.1 28
-1311.9 41
-1311.7 34
-1311.5 35
-1311.3 37
-1311.1 40
-1310.9 34
-1310.7 40
-1310.5 25
-1310.3 26
-1310.1 19
-1309.9 26
-1309.7 20
-1309.5 29
-1309.3 31
-1309.1 23
-1308.9 28
-1308.7 26
-1308.5 24
-1308.3 24
-1308.1 17
-1307.9 18
-1307.7 17
-1307.5 19
-1307.3 14
-1307.1 20
-1306.9 21
-1306.7 6
-1306.5 9
-1306.3 28
-1306.1 13
-1305.9 13
-1305.7 15
-1305.5 13
-1305.3 16
-1305.1 7
-1304.9 12
-1304.7 13
-1304.5 15
-1304.3 9
-1304.1 9
-1303.9 12
-1303.7 9
-1303.5 13
-1303.3 10
-1303.1 7
-1302.9 12
-1302.7 9
-1302.5 11
-1302.3 13
-1302.1 12
-1301.9 13
-1301.7 12
-1301.5 16
-1301.3 13
-1301.1 10
-1300.9 13
-1300.7 8
-1300.5 13
-1300.3 6
-1300.1 6
