-1589.9 0
-1589.7 3
-1589.5 4
-1589.3 2
-1589.1 0
-1588.9 2
-1588.7 3
-1588.5 3
-1588.3 2
-1588.1 4
-1587.9 4
-1587.7 3
-1587.5 4
-1587.3 5
-1587.1 2
-1586.9 5
-1586.7 4
-1586.5 4
-1586.3 3
-1586.1 5
-1585.9 6
-1585.7 3
-1585.5 4
-1585.3 2
-1585.1 3
-1584.9 2
-1584.7 0
-1584.5 2
-1584.3 2
-1584.1 2
-1583.9 2
-1583.7 4
-1583.5 0
-1583.3 7
-1583.1 2
-1582.9 6
-1582.7 3
-1582.5 3
-1582.3 4
-1582.1 4
-1581.9 1
-1581.7 0
-1581.5 3
-1581.3 1
-1581.1 1
-1580.9 2
-1580.7 1
-1580.5 3
-1580.3 4
-1580.1 3
-1579.9 3
-1579.7 3
-1579.5 2
-1579.3 3
-1579.1 1
-1578.9 8
-1578.7 5
-1578.5 4
-1578.3 4
-1578.1 4
-1577.9 2
-1577.7 4
-1577.5 1
-1577.3 5
-1577.1 2
-1576.9 0
-1576.7 4
-1576.5 4
-1576.3 5
-1576.1 7
-1575.9 6
-1575.7 5
-1575.5 5
-1575.3 7
-1575.1 7
-1574.9 9
-1574.7 6
-1574.5 12
-1574.3 11
-1574.1 8
-1573.9 11
-1573.7 10
-1573.5 11
-1573.3 10
-1573.1 17
-1572.9 18
-1572.7 17
-1572.5 13
-1572.3 13
-1572.1 17
-1571.9 26
-1571.7 18
-1571.5 19
-1571.3 24
-1571.1 31
-1570.9 46
-1570.7 37
-1570.5 32
-1570.3 31
-1570.1 33
-1569.9 33
-1569.7 43
-1569.5 36
-1569.3 61
-1569.1 67
-1568.9 64
-1568.7 72
-1568.5 88
-1568.3 90
-1568.1 135
-1567.9 130
-1567.7 155
-1567.5 150
-1567.3 198
-1567.1 246
-1566.9 271
-1566.7 328
-1566.5 312
-1566.3 358
-1566.1 423
-1565.9 437
-1565.7 515
-1565.5 507
-1565.3 602
-1565.1 669
-1564.9 706
-1564.7 783
-1564.5 843
-1564.3 981
-1564.1 1054
-1563.9 1178
-1563.7 1215
-1563.5 1358
-1563.3 1460
-1563.1 1566
-1562.9 1634
-1562.7 1724
-1562.5 1809
-1562.3 1863
-1562.1 1905
-1561.9 1935
-1561.7 2058
-1561.5 2062
-1561.3 2073
-1561.1 2080
-1560.9 2070
-1560.7 2053
-1560.5 2121
-1560.3 2104
-1560.1 2145
-1559.9 2121
-1559.7 2087
-1559.5 2108
-1559.3 2063
-1559.1 2051
-1558.9 2067
-1558.7 2072
-1558.5 2024
-1558.3 1990
-1558.1 2029
-1557.9 2038
-1557.7 1937
-1557.5 1957
-1557.3 1903
-1557.1 1871
-1556.9 1946
-1556.7 1929
-1556.5 1844
-1556.3 1854
-1556.1 1915
-1555.9 1835
-1555.7 1735
-1555.5 1831
-1555.3 1849
-1555.1 1786
-1554.9 1756
-1554.7 1765
-1554.5 1771
-1554.3 1764
-1554.1 1714
-1553.9 1770
-1553.7 1710
-1553.5 1671
-1553.3 1705
-1553.1 1613
-1552.9 1684
-1552.7 1695
-1552.5 1635
-1552.3 1699
-1552.1 1708
-1551.9 1572
-1551.7 1648
-1551.5 1647
-1551.3 1586
-1551.1 1543
-1550.9 1668
-1550.7 1479
-1550.5 1577
-1550.3 1646
-1550.1 1510
-1549.9 1556
-1549.7 1479
-1549.5 1522
-1549.3 1516
-1549.1 1448
-1548.9 1489
-1548.7 1417
-1548.5 1437
-1548.3 1440
-1548.1 1396
-1547.9 1431
-1547.7 1460
-1547.5 1397
-1547.3 1468
-1547.1 1347
-1546.9 1345
-1546.7 1358
-1546.5 1353
-1546.3 1381
-1546.1 1413
-1545.9 1436
-1545.7 1402
-1545.5 1372
-1545.3 1369
-1545.1 1357
-1544.9 1336
-1544.7 1336
-1544.5 1377
-1544.3 1269
-1544.1 1328
-1543.9 1339
-1543.7 1289
-1543.5 1333
-1543.3 1278
-1543.1 1309
-1542.9 1260
-1542.7 1274
-1542.5 1384
-1542.3 1267
-1542.1 1246
-1541.9 1335
-1541.7 1324
-1541.5 1324
-1541.3 1317
-1541.1 1283
-1540.9 1234
-1540.7 1242
-1540.5 1280
-1540.3 1289
-1540.1 1246
-1539.9 1237
-1539.7 1343
-1539.5 1272
-1539.3 1247
-1539.1 1382
-1538.9 1237
-1538.7 1317
-1538.5 1276
-1538.3 1306
-1538.1 1168
-1537.9 1218
-1537.7 1193
-1537.5 1297
-1537.3 1349
-1537.1 1217
-1536.9 1233
-1536.7 1333
-1536.5 1189
-1536.3 1208
-1536.1 1243
-1535.9 1214
-1535.7 1256
-1535.5 1280
-1535.3 1244
-1535.1 1217
-1534.9 1284
-1534.7 1272
-1534.5 1244
-1534.3 1250
-1534.1 1179
-1533.9 1256
-1533.7 1229
-1533.5 1226
-1533.3 1246
-1533.1 1215
-1532.9 1257
-1532.7 1254
-1532.5 1165
-1532.3 1226
-1532.1 1234
-1531.9 1200
-1531.7 1197
-1531.5 1276
-1531.3 1150
-1531.1 1201
-1530.9 1238
-1530.7 1203
-1530.5 1178
-1530.3 1236
-1530.1 1196
-1529.9 1219
-1529.7 1273
-1529.5 1220
-1529.3 1219
-1529.1 1119
-1528.9 1197
-1528.7 1272
-1528.5 1250
-1528.3 1224
-1528.1 1208
-1527.9 1234
-1527.7 1142
-1527.5 1168
-1527.3 1143
-1527.1 1165
-1526.9 1212
-1526.7 1193
-1526.5 1193
-1526.3 1229
-1526.1 1221
-1525.9 1205
-1525.7 1244
-1525.5 1205
-1525.3 1139
-1525.1 1149
-1524.9 1208
-1524.7 1156
-1524.5 1199
-1524.3 1101
-1524.1 1169
-1523.9 1183
-1523.7 1183
-1523.5 1157
-1523.3 1183
-1523.1 1167
-1522.9 1210
-1522.7 1181
-1522.5 1216
-1522.3 1215
-1522.1 1236
-1521.9 1197
-1521.7 1207
-1521.5 1231
-1521.3 1168
-1521.1 1208
-1520.9 1206
-1520.7 1200
-1520.5 1164
-1520.3 1227
-1520.1 1169
-1519.9 1292
-1519.7 1203
-1519.5 1227
-1519.3 1200
-1519.1 1171
-1518.9 1208
-1518.7 1210
-1518.5 1136
-1518.3 1117
-1518.1 1191
-1517.9 1092
-1517.7 1190
-1517.5 1196
-1517.3 1227
-1517.1 1137
-1516.9 1198
-1516.7 1155
-1516.5 1155
-1516.3 1208
-1516.1 1183
-1515.9 1170
-1515.7 1145
-1515.5 1129
-1515.3 1136
-1515.1 1204
-1514.9 1125
-1514.7 1031
-1514.5 1087
-1514.3 1168
-1514.1 1085
-1513.9 1072
-1513.7 1069
-1513.5 1167
-1513.3 1065
-1513.1 1056
-1512.9 1123
-1512.7 1085
-1512.5 1107
-1512.3 1095
-1512.1 1044
-1511.9 1122
-1511.7 1150
-1511.5 1105
-1511.3 1088
-1511.1 1097
-1510.9 1137
-1510.7 1090
-1510.5 1125
-1510.3 1107
-1510.1 1081
-1509.9 1123
-1509.7 1111
-1509.5 1151
-1509.3 1146
-1509.1 1125
-1508.9 1129
-1508.7 1172
-1508.5 1173
-1508.3 1138
-1508.1 1171
-1507.9 1175
-1507.7 1136
-1507.5 1145
-1507.3 1209
-1507.1 1140
-1506.9 1194
-1506.7 1184
-1506.5 1176
-1506.3 1142
-1506.1 1176
-1505.9 1187
-1505.7 1140
-1505.5 1175
-1505.3 1217
-1505.1 1221
-1504.9 1209
-1504.7 1215
-1504.5 1234
-1504.3 1205
-1504.1 1203
-1503.9 1154
-1503.7 1174
-1503.5 1230
-1503.3 1238
-1503.1 1160
-1502.9 1176
-1502.7 1128
-1502.5 1179
-1502.3 1145
-1502.1 1147
-1501.9 1165
-1501.7 1138
-1501.5 1131
-1501.3 1118
-1501.1 1130
-1500.9 1118
-1500.7 1138
-1500.5 1068
-1500.3 1080
-1500.1 1084
-1499.9 1134
-1499.7 1085
-1499.5 1112
-1499.3 1068
-1499.1 1048
-1498.9 1141
-1498.7 1121
-1498.5 1100
-1498.3 1071
-1498.1 1159
-1497.9 1092
-1497.7 1119
-1497.5 1093
-1497.3 1159
-1497.1 1112
-1496.9 1114
-1496.7 1163
-1496.5 1182
-1496.3 1148
-1496.1 1258
-1495.9 1075
-1495.7 1106
-1495.5 1198
-1495.3 1153
-1495.1 1170
-1494.9 1169
-1494.7 1148
-1494.5 1157
-1494.3 1167
-1494.1 1203
-1493.9 1156
-1493.7 1179
-1493.5 1195
-1493.3 1199
-1493.1 1232
-1492.9 1204
-1492.7 1150
-1492.5 1197
-1492.3 1117
-1492.1 1150
-1491.9 1212
-1491.7 1272
-1491.5 1148
-1491.3 1254
-1491.1 1216
-1490.9 1244
-1490.7 1182
-1490.5 1203
-1490.3 1237
-1490.1 1247
-1489.9 1217
-1489.7 1270
-1489.5 1220
-1489.3 1237
-1489.1 1195
-1488.9 1214
-1488.7 1192
-1488.5 1146
-1488.3 1241
-1488.1 1222
-1487.9 1170
-1487.7 1221
-1487.5 1228
-1487.3 1205
-1487.1 1232
-1486.9 1150
-1486.7 1157
-1486.5 1187
-1486.3 1231
-1486.1 1179
-1485.9 1205
-1485.7 1216
-1485.5 1238
-1485.3 1115
-1485.1 1156
-1484.9 1252
-1484.7 1183
-1484.5 1149
-1484.3 1201
-1484.1 1130
-1483.9 1190
-1483.7 1044
-1483.5 1149
-1483.3 1053
-1483.1 1097
-1482.9 1150
-1482.7 1133
-1482.5 1130
-1482.3 1154
-1482.1 1191
-1481.9 1182
-1481.7 1101
-1481.5 1150
-1481.3 1097
-1481.1 1147
-1480.9 1169
-1480.7 1214
-1480.5 1189
-1480.3 1145
-1480.1 1171
-1479.9 1213
-1479.7 1207
-1479.5 1183
-1479.3 1211
-1479.1 1151
-1478.9 1175
-1478.7 1152
-1478.5 1161
-1478.3 1187
-1478.1 1158
-1477.9 1177
-1477.7 1235
-1477.5 1174
-1477.3 1121
-1477.1 1225
-1476.9 1245
-1476.7 1185
-1476.5 1149
-1476.3 1190
-1476.1 1195
-1475.9 1190
-1475.7 1254
-1475.5 1155
-1475.3 1202
-1475.1 1140
-1474.9 1174
-1474.7 1194
-1474.5 1138
-1474.3 1196
-1474.1 1193
-1473.9 1175
-1473.7 1220
-1473.5 1195
-1473.3 1155
-1473.1 1210
-1472.9 1129
-1472.7 1226
-1472.5 1209
-1472.3 1214
-1472.1 1202
-1471.9 1196
-1471.7 1231
-1471.5 1197
-1471.3 1176
-1471.1 1193
-1470.9 1238
-1470.7 1201
-1470.5 1177
-1470.3 1234
-1470.1 1200
-1469.9 1170
-1469.7 1192
-1469.5 1152
-1469.3 1114
-1469.1 1123
-1468.9 1173
-1468.7 1200
-1468.5 1185
-1468.3 1149
-1468.1 1166
-1467.9 1140
-1467.7 1122
-1467.5 1171
-1467.3 1150
-1467.1 1168
-1466.9 1137
-1466.7 1196
-1466.5 1172
-1466.3 1118
-1466.1 1184
-1465.9 1164
-1465.7 1191
-1465.5 1156
-1465.3 1133
-1465.1 1125
-1464.9 1187
-1464.7 1121
-1464.5 1105
-1464.3 1143
-1464.1 1160
-1463.9 1170
-1463.7 1127
-1463.5 1169
-1463.3 1153
-1463.1 1116
-1462.9 1167
-1462.7 1135
-1462.5 1178
-1462.3 1156
-1462.1 1130
-1461.9 1118
-1461.7 1112
-1461.5 1208
-1461.3 1133
-1461.1 1153
-1460.9 1121
-1460.7 1179
-1460.5 1187
-1460.3 1111
-1460.1 1129
-1459.9 1115
-1459.7 1124
-1459.5 1208
-1459.3 1185
-1459.1 1197
-1458.9 1168
-1458.7 1153
-1458.5 1184
-1458.3 1172
-1458.1 1214
-1457.9 1157
-1457.7 1189
-1457.5 1189
-1457.3 1192
-1457.1 1169
-1456.9 1142
-1456.7 1176
-1456.5 1216
-1456.3 1195
-1456.1 1189
-1455.9 1172
-1455.7 1130
-1455.5 1107
-1455.3 1191
-1455.1 1250
-1454.9 1233
-1454.7 1213
-1454.5 1203
-1454.3 1175
-1454.1 1190
-1453.9 1134
-1453.7 1183
-1453.5 1190
-1453.3 1168
-1453.1 1171
-1452.9 1217
-1452.7 1230
-1452.5 1114
-1452.3 1194
-1452.1 1174
-1451.9 1266
-1451.7 1189
-1451.5 1165
-1451.3 1150
-1451.1 1173
-1450.9 1169
-1450.7 1152
-1450.5 1136
-1450.3 1202
-1450.1 1190
-1449.9 1165
-1449.7 1125
-1449.5 1177
-1449.3 1147
-1449.1 1187
-1448.9 1219
-1448.7 1158
-1448.5 1182
-1448.3 1174
-1448.1 1180
-1447.9 1159
-1447.7 1186
-1447.5 1164
-1447.3 1098
-1447.1 1200
-1446.9 1177
-1446.7 1115
-1446.5 1161
-1446.3 1100
-1446.1 1185
-1445.9 1140
-1445.7 1153
-1445.5 1124
-1445.3 1187
-1445.1 1210
-1444.9 1153
-1444.7 1110
-1444.5 1099
-1444.3 1074
-1444.1 1134
-1443.9 1154
-1443.7 1129
-1443.5 1171
-1443.3 1152
-1443.1 1253
-1442.9 1165
-1442.7 1155
-1442.5 1120
-1442.3 1147
-1442.1 1226
-1441.9 1063
-1441.7 1161
-1441.5 1133
-1441.3 1139
-1441.1 1215
-1440.9 1216
-1440.7 1229
-1440.5 1119
-1440.3 1173
-1440.1 1137
-1439.9 1114
-1439.7 1126
-1439.5 1170
-1439.3 1150
-1439.1 1172
-1438.9 1222
-1438.7 1144
-1438.5 1212
-1438.3 1230
-1438.1 1165
-1437.9 1130
-1437.7 1204
-1437.5 1153
-1437.3 1191
-1437.1 1176
-1436.9 1161
-1436.7 1168
-1436.5 1186
-1436.3 1116
-1436.1 1135
-1435.9 1124
-1435.7 1157
-1435.5 1224
-1435.3 1181
-1435.1 1194
-1434.9 1165
-1434.7 1153
-1434.5 1157
-1434.3 1147
-1434.1 1166
-1433.9 1220
-1433.7 1140
-1433.5 1215
-1433.3 1122
-1433.1 1189
-1432.9 1157
-1432.7 1186
-1432.5 1168
-1432.3 1187
-1432.1 1152
-1431.9 1171
-1431.7 1186
-1431.5 1101
-1431.3 1194
-1431.1 1199
-1430.9 1171
-1430.7 1188
-1430.5 1150
-1430.3 1169
-1430.1 1197
-1429.9 1201
-1429.7 1172
-1429.5 1132
-1429.3 1143
-1429.1 1173
-1428.9 1197
-1428.7 1174
-1428.5 1160
-1428.3 1119
-1428.1 1187
-1427.9 1175
-1427.7 1184
-1427.5 1081
-1427.3 1208
-1427.1 1116
-1426.9 1110
-1426.7 1114
-1426.5 1132
-1426.3 1197
-1426.1 1206
-1425.9 1199
-1425.7 1133
-1425.5 1148
-1425.3 1168
-1425.1 1217
-1424.9 1149
-1424.7 1201
-1424.5 1095
-1424.3 1142
-1424.1 1185
-1423.9 1115
-1423.7 1220
-1423.5 1144
-1423.3 1197
-1423.1 1186
-1422.9 1108
-1422.7 1177
-1422.5 1111
-1422.3 1195
-1422.1 1184
-1421.9 1151
-1421.7 1127
-1421.5 1181
-1421.3 1180
-1421.1 1212
-1420.9 1174
-1420.7 1131
-1420.5 1208
-1420.3 1152
-1420.1 1197
-1419.9 1174
-1419.7 1140
-1419.5 1173
-1419.3 1131
-1419.1 1112
-1418.9 1194
-1418.7 1127
-1418.5 1177
-1418.3 1157
-1418.1 1160
-1417.9 1189
-1417.7 1187
-1417.5 1198
-1417.3 1198
-1417.1 1213
-1416.9 1160
-1416.7 1143
-1416.5 1174
-1416.3 1170
-1416.1 1133
-1415.9 1192
-1415.7 1197
-1415.5 1136
-1415.3 1203
-1415.1 1170
-1414.9 1109
-1414.7 1142
-1414.5 1255
-1414.3 1088
-1414.1 1233
-1413.9 1152
-1413.7 1222
-1413.5 1170
-1413.3 1194
-1413.1 1174
-1412.9 1129
-1412.7 1166
-1412.5 1169
-1412.3 1136
-1412.1 1092
-1411.9 1165
-1411.7 1127
-1411.5 1185
-1411.3 1111
-1411.1 1162
-1410.9 1166
-1410.7 1108
-1410.5 1112
-1410.3 1199
-1410.1 1111
-1409.9 1130
-1409.7 1089
-1409.5 1211
-1409.3 1060
-1409.1 1196
-1408.9 1126
-1408.7 1143
-1408.5 1184
-1408.3 1174
-1408.1 1089
-1407.9 1152
-1407.7 1119
-1407.5 1111
-1407.3 1155
-1407.1 1120
-1406.9 1128
-1406.7 1102
-1406.5 1139
-1406.3 1104
-1406.1 1183
-1405.9 1126
-1405.7 1174
-1405.5 1177
-1405.3 1107
-1405.1 1045
-1404.9 1179
-1404.7 1139
-1404.5 1181
-1404.3 1099
-1404.1 1113
-1403.9 1176
-1403.7 1171
-1403.5 1179
-1403.3 1168
-1403.1 1188
-1402.9 1111
-1402.7 1214
-1402.5 1209
-1402.3 1145
-1402.1 1196
-1401.9 1212
-1401.7 1194
-1401.5 1157
-1401.3 1185
-1401.1 1206
-1400.9 1124
-1400.7 1128
-1400.5 1192
-1400.3 1208
-1400.1 1156
-1399.9 1187
-1399.7 1218
-1399.5 1244
-1399.3 1242
-1399.1 1176
-1398.9 1184
-1398.7 1241
-1398.5 1157
-1398.3 1109
-1398.1 1207
-1397.9 1122
-1397.7 1151
-1397.5 1183
-1397.3 1184
-1397.1 1195
-1396.9 1151
-1396.7 1198
-1396.5 1136
-1396.3 1123
-1396.1 1181
-1395.9 1146
-1395.7 1197
-1395.5 1141
-1395.3 1183
-1395.1 1128
-1394.9 1140
-1394.7 1168
-1394.5 1138
-1394.3 1129
-1394.1 1167
-1393.9 1135
-1393.7 1174
-1393.5 1155
-1393.3 1190
-1393.1 1149
-1392.9 1165
-1392.7 1063
-1392.5 1123
-1392.3 1094
-1392.1 1128
-1391.9 1163
-1391.7 1099
-1391.5 1163
-1391.3 1134
-1391.1 1119
-1390.9 1096
-1390.7 1186
-1390.5 1144
-1390.3 1139
-1390.1 1151
-1389.9 1071
-1389.7 1077
-1389.5 1144
-1389.3 1162
-1389.1 1190
-1388.9 1156
-1388.7 1105
-1388.5 1075
-1388.3 1146
-1388.1 1133
-1387.9 1116
-1387.7 1118
-1387.5 1195
-1387.3 1150
-1387.1 1166
-1386.9 1146
-1386.7 1132
-1386.5 1080
-1386.3 1094
-1386.1 1123
-1385.9 1087
-1385.7 1219
-1385.5 1136
-1385.3 1120
-1385.1 1147
-1384.9 1178
-1384.7 1119
-1384.5 1169
-1384.3 1186
-1384.1 1136
-1383.9 1124
-1383.7 1125
-1383.5 1158
-1383.3 1078
-1383.1 1108
-1382.9 1136
-1382.7 1129
-1382.5 1147
-1382.3 1192
-1382.1 1181
-1381.9 1165
-1381.7 1096
-1381.5 1208
-1381.3 1136
-1381.1 1221
-1380.9 1165
-1380.7 1192
-1380.5 1161
-1380.3 1166
-1380.1 1106
-1379.9 1134
-1379.7 1222
-1379.5 1181
-1379.3 1166
-1379.1 1196
-1378.9 1150
-1378.7 1120
-1378.5 1120
-1378.3 1168
-1378.1 1130
-1377.9 1106
-1377.7 1155
-1377.5 1154
-1377.3 1120
-1377.1 1153
-1376.9 1208
-1376.7 1128
-1376.5 1149
-1376.3 1141
-1376.1 1142
-1375.9 1149
-1375.7 1072
-1375.5 1119
-1375.3 1110
-1375.1 1089
-1374.9 1139
-1374.7 1176
-1374.5 1144
-1374.3 1177
-1374.1 1111
-1373.9 1116
-1373.7 1165
-1373.5 1119
-1373.3 1115
-1373.1 1068
-1372.9 1135
-1372.7 1158
-1372.5 1105
-1372.3 1042
-1372.1 1124
-1371.9 1075
-1371.7 1169
-1371.5 1075
-1371.3 1054
-1371.1 1156
-1370.9 1078
-1370.7 1115
-1370.5 1113
-1370.3 1043
-1370.1 1072
-1369.9 1111
-1369.7 1190
-1369.5 1123
-1369.3 1152
-1369.1 1079
-1368.9 1115
-1368.7 1089
-1368.5 1099
-1368.3 1109
-1368.1 1099
-1367.9 1099
-1367.7 1146
-1367.5 1095
-1367.3 1110
-1367.1 1091
-1366.9 1158
-1366.7 1140
-1366.5 1102
-1366.3 1181
-1366.1 1122
-1365.9 1118
-1365.7 1090
-1365.5 1174
-1365.3 1125
-1365.1 1165
-1364.9 1147
-1364.7 1091
-1364.5 1138
-1364.3 1154
-1364.1 1132
-1363.9 1123
-1363.7 1152
-1363.5 1145
-1363.3 1073
-1363.1 1115
-1362.9 1156
-1362.7 1130
-1362.5 1143
-1362.3 1130
-1362.1 1152
-1361.9 1161
-1361.7 1122
-1361.5 1092
-1361.3 1123
-1361.1 1149
-1360.9 1102
-1360.7 1155
-1360.5 1204
-1360.3 1102
-1360.1 1057
-1359.9 1140
-1359.7 1077
-1359.5 1095
-1359.3 1113
-1359.1 1107
-1358.9 1069
-1358.7 1053
-1358.5 1165
-1358.3 1072
-1358.1 1098
-1357.9 1065
-1357.7 1067
-1357.5 1117
-1357.3 1092
-1357.1 1111
-1356.9 1110
-1356.7 1086
-1356.5 1101
-1356.3 1169
-1356.1 1029
-1355.9 1077
-1355.7 1045
-1355.5 1134
-1355.3 1044
-1355.1 1029
-1354.9 1056
-1354.7 1045
-1354.5 1002
-1354.3 1033
-1354.1 1031
-1353.9 1123
-1353.7 1052
-1353.5 957
-1353.3 1016
-1353.1 1036
-1352.9 1015
-1352.7 1005
-1352.5 982
-1352.3 981
-1352.1 938
-1351.9 915
-1351.7 963
-1351.5 922
-1351.3 943
-1351.1 895
-1350.9 891
-1350.7 895
-1350.5 868
-1350.3 924
-1350.1 917
-1349.9 866
-1349.7 872
-1349.5 875
-1349.3 866
-1349.1 896
-1348.9 850
-1348.7 814
-1348.5 848
-1348.3 878
-1348.1 808
-1347.9 807
-1347.7 822
-1347.5 781
-1347.3 778
-1347.1 783
-1346.9 748
-1346.7 719
-1346.5 767
-1346.3 749
-1346.1 767
-1345.9 705
-1345.7 724
-1345.5 777
-1345.3 752
-1345.1 713
-1344.9 663
-1344.7 670
-1344.5 721
-1344.3 690
-1344.1 697
-1343.9 647
-1343.7 665
-1343.5 646
-1343.3 628
-1343.1 600
-1342.9 638
-1342.7 634
-1342.5 604
-1342.3 529
-1342.1 591
-1341.9 603
-1341.7 577
-1341.5 568
-1341.3 529
-1341.1 567
-1340.9 575
-1340.7 540
-1340.5 519
-1340.3 503
-1340.1 490
-1339.9 479
-1339.7 500
-1339.5 467
-1339.3 514
-1339.1 470
-1338.9 471
-1338.7 472
-1338.5 451
-1338.3 451
-1338.1 470
-1337.9 436
-1337.7 417
-1337.5 411
-1337.3 418
-1337.1 404
-1336.9 414
-1336.7 395
-1336.5 403
-1336.3 398
-1336.1 381
-1335.9 396
-1335.7 349
-1335.5 365
-1335.3 358
-1335.1 347
-1334.9 356
-1334.7 346
-1334.5 300
-1334.3 352
-1334.1 308
-1333.9 325
-1333.7 270
-1333.5 317
-1333.3 318
-1333.1 308
-1332.9 310
-1332.7 313
-1332.5 273
-1332.3 261
-1332.1 307
-1331.9 288
-1331.7 286
-1331.5 253
-1331.3 247
-1331.1 305
-1330.9 273
-1330.7 230
-1330.5 262
-1330.3 227
-1330.1 258
-1329.9 239
-1329.7 221
-1329.5 222
-1329.3 194
-1329.1 205
-1328.9 206
-1328.7 239
-1328.5 231
-1328.3 204
-1328.1 220
-1327.9 214
-1327.7 198
-1327.5 239
-1327.3 186
-1327.1 180
-1326.9 212
-1326.7 188
-1326.5 177
-1326.3 176
-1326.1 160
-1325.9 182
-1325.7 151
-1325.5 168
-1325.3 170
-1325.1 167
-1324.9 156
-1324.7 152
-1324.5 174
-1324.3 152
-1324.1 136
-1323.9 136
-1323.7 137
-1323.5 127
-1323.3 137
-1323.1 135
-1322.9 135
-1322.7 108
-1322.5 154
-1322.3 138
-1322.1 121
-1321.9 111
-1321.7 118
-1321.5 108
-1321.3 116
-1321.1 119
-1320.9 92
-1320.7 105
-1320.5 84
-1320.3 103
-1320.1 100
-1319.9 104
-1319.7 83
-1319.5 84
-1319.3 89
-1319.1 95
-1318.9 86
-1318.7 82
-1318.5 71
-1318.3 83
-1318.1 62
-1317.9 80
-1317.7 76
-1317.5 79
-1317.3 56
-1317.1 75
-1316.9 70
-1316.7 71
-1316.5 76
-1316.3 68
-1316.1 60
-1315.9 66
-1315.7 74
-1315.5 66
-1315.3 60
-1315.1 60
-1314.9 70
-1314.7 67
-1314.5 41
-1314.3 61
-1314.1 35
-1313.9 45
-1313.7 39
-1313.5 70
-1313.3 38
-1313.1 52
-1312.9 41
-1312.7 41
-1312.5 27
-1312.3 32
-1312.1 29
-1311.9 46
-1311.7 29
-1311.5 32
-1311.3 31
-1311.1 37
-1310.9 42
-1310.7 25
-1310.5 33
-1310.3 37
-1310.1 31
-1309.9 29
-1309.7 23
-1309.5 22
-1309.3 20
-1309.1 26
-1308.9 22
-1308.7 21
-1308.5 17
-1308.3 24
-1308.1 24
-1307.9 17
-1307.7 17
-1307.5 18
-1307.3 23
-1307.1 15
-1306.9 18
-1306.7 18
-1306.5 13
-1306.3 14
-1306.1 19
-1305.9 10
-1305.7 12
-1305.5 12
-1305.3 14
-1305.1 12
-1304.9 18
-1304.7 14
-1304.5 16
-1304.3 9
-1304.1 9
-1303.9 8
-1303.7 13
-1303.5 17
-1303.3 6
-1303.1 12
-1302.9 13
-1302.7 12
-1302.5 10
-1302.3 9
-1302.1 10
-1301.9 10
-1301.7 9
-1301.5 8
-1301.3 6
-1301.1 7
-1300.9 7
-1300.7 9
-1300.5 6
-1300.3 7
-1300.1 9
