-1589.9 0
-1589.7 16
-1589.5 13
-1589.3 14
-1589.1 16
-1588.9 18
-1588.7 12
-1588.5 15
-1588.3 12
-1588.1 20
-1587.9 17
-1587.7 21
-1587.5 22
-1587.3 15
-1587.1 21
-1586.9 18
-1586.7 19
-1586.5 20
-1586.3 27
-1586.1 24
-1585.9 22
-1585.7 21
-1585.5 26
-1585.3 19
-1585.1 21
-1584.9 33
-1584.7 28
-1584.5 33
-1584.3 33
-1584.1 25
-1583.9 37
-1583.7 29
-1583.5 36
-1583.3 26
-1583.1 34
-1582.9 55
-1582.7 35
-1582.5 41
-1582.3 42
-1582.1 52
-1581.9 63
-1581.7 61
-1581.5 57
-1581.3 73
-1581.1 62
-1580.9 79
-1580.7 85
-1580.5 72
-1580.3 83
-1580.1 98
-1579.9 73
-1579.7 84
-1579.5 95
-1579.3 102
-1579.1 133
-1578.9 98
-1578.7 126
-1578.5 148
-1578.3 142
-1578.1 158
-1577.9 203
-1577.7 215
-1577.5 248
-1577.3 241
-1577.1 283
-1576.9 318
-1576.7 387
-1576.5 467
-1576.3 444
-1576.1 475
-1575.9 553
-1575.7 630
-1575.5 727
-1575.3 747
-1575.1 867
-1574.9 913
-1574.7 1021
-1574.5 1113
-1574.3 1188
-1574.1 1305
-1573.9 1424
-1573.7 1464
-1573.5 1588
-1573.3 1585
-1573.1 1706
-1572.9 1799
-1572.7 1888
-1572.5 1866
-1572.3 1985
-1572.1 1977
-1571.9 2018
-1571.7 1954
-1571.5 2050
-1571.3 2049
-1571.1 2099
-1570.9 2020
-1570.7 2128
-1570.5 2058
-1570.3 2010
-1570.1 2143
-1569.9 2072
-1569.7 2052
-1569.5 2115
-1569.3 2078
-1569.1 2091
-1568.9 1986
-1568.7 2055
-1568.5 1991
-1568.3 1938
-1568.1 1986
-1567.9 1864
-1567.7 1997
-1567.5 1973
-1567.3 1951
-1567.1 1955
-1566.9 1885
-1566.7 1903
-1566.5 1802
-1566.3 1774
-1566.1 1820
-1565.9 1815
-1565.7 1790
-1565.5 1804
-1565.3 1761
-1565.1 1753
-1564.9 1817
-1564.7 1724
-1564.5 1682
-1564.3 1739
-1564.1 1727
-1563.9 1683
-1563.7 1682
-1563.5 1598
-1563.3 1658
-1563.1 1610
-1562.9 1664
-1562.7 1570
-1562.5 1583
-1562.3 1666
-1562.1 1620
-1561.9 1670
-1561.7 1608
-1561.5 1524
-1561.3 1606
-1561.1 1516
-1560.9 1587
-1560.7 1499
-1560.5 1538
-1560.3 1557
-1560.1 1570
-1559.9 1474
-1559.7 1466
-1559.5 1455
-1559.3 1481
-1559.1 1486
-1558.9 1474
-1558.7 1493
-1558.5 1396
-1558.3 1435
-1558.1 1373
-1557.9 1366
-1557.7 1393
-1557.5 1462
-1557.3 1439
-1557.1 1477
-1556.9 1367
-1556.7 1412
-1556.5 1366
-1556.3 1369
-1556.1 1379
-1555.9 1323
-1555.7 1364
-1555.5 1383
-1555.3 1358
-1555.1 1344
-1554.9 1350
-1554.7 1343
-1554.5 1376
-1554.3 1322
-1554.1 1264
-1553.9 1364
-1553.7 1231
-1553.5 1342
-1553.3 1338
-1553.1 1288
-1552.9 1279
-1552.7 1327
-1552.5 1287
-1552.3 1327
-1552.1 1331
-1551.9 1288
-1551.7 1248
-1551.5 1268
-1551.3 1257
-1551.1 1216
-1550.9 1257
-1550.7 1300
-1550.5 1286
-1550.3 1318
-1550.1 1253
-1549.9 1262
-1549.7 1306
-1549.5 1286
-1549.3 1237
-1549.1 1210
-1548.9 1203
-1548.7 1254
-1548.5 1282
-1548.3 1256
-1548.1 1248
-1547.9 1289
-1547.7 1283
-1547.5 1254
-1547.3 1251
-1547.1 1317
-1546.9 1290
-1546.7 1216
-1546.5 1297
-1546.3 1270
-1546.1 1260
-1545.9 1190
-1545.7 1231
-1545.5 1222
-1545.3 1237
-1545.1 1306
-1544.9 1211
-1544.7 1247
-1544.5 1301
-1544.3 1259
-1544.1 1179
-1543.9 1206
-1543.7 1301
-1543.5 1224
-1543.3 1254
-1543.1 1175
-1542.9 1223
-1542.7 1179
-1542.5 1217
-1542.3 1176
-1542.1 1304
-1541.9 1276
-1541.7 1241
-1541.5 1209
-1541.3 1184
-1541.1 1182
-1540.9 1214
-1540.7 1210
-1540.5 1189
-1540.3 1210
-1540.1 1204
-1539.9 1164
-1539.7 1193
-1539.5 1237
-1539.3 1200
-1539.1 1205
-1538.9 1214
-1538.7 1210
-1538.5 1171
-1538.3 1247
-1538.1 1196
-1537.9 1210
-1537.7 1187
-1537.5 1156
-1537.3 1201
-1537.1 1196
-1536.9 1207
-1536.7 1208
-1536.5 1210
-1536.3 1182
-1536.1 1214
-1535.9 1246
-1535.7 1195
-1535.5 1254
-1535.3 1160
-1535.1 1159
-1534.9 1138
-1534.7 1177
-1534.5 1166
-1534.3 1219
-1534.1 1193
-1533.9 1162
-1533.7 1195
-1533.5 1136
-1533.3 1105
-1533.1 1079
-1532.9 1181
-1532.7 1216
-1532.5 1185
-1532.3 1237
-1532.1 1195
-1531.9 1160
-1531.7 1210
-1531.5 1152
-1531.3 1189
-1531.1 1153
-1530.9 1158
-1530.7 1117
-1530.5 1133
-1530.3 1167
-1530.1 1145
-1529.9 1115
-1529.7 1182
-1529.5 1150
-1529.3 1239
-1529.1 1191
-1528.9 1215
-1528.7 1128
-1528.5 1187
-1528.3 1236
-1528.1 1098
-1527.9 1229
-1527.7 1158
-1527.5 1196
-1527.3 1171
-1527.1 1126
-1526.9 1153
-1526.7 1146
-1526.5 1158
-1526.3 1158
-1526.1 1093
-1525.9 1127
-1525.7 1082
-1525.5 1141
-1525.3 1160
-1525.1 1169
-1524.9 1180
-1524.7 1178
-1524.5 1128
-1524.3 1155
-1524.1 1102
-1523.9 1149
-1523.7 1158
-1523.5 1126
-1523.3 1162
-1523.1 1178
-1522.9 1119
-1522.7 1138
-1522.5 1182
-1522.3 1152
-1522.1 1173
-1521.9 1143
-1521.7 1107
-1521.5 1160
-1521.3 1127
-1521.1 1150
-1520.9 1178
-1520.7 1165
-1520.5 1132
-1520.3 1185
-1520.1 1088
-1519.9 1135
-1519.7 1108
-1519.5 1124
-1519.3 1102
-1519.1 1110
-1518.9 1147
-1518.7 1190
-1518.5 1177
-1518.3 1088
-1518.1 1157
-1517.9 1152
-1517.7 1137
-1517.5 1153
-1517.3 1086
-1517.1 1160
-1516.9 1154
-1516.7 1147
-1516.5 1121
-1516.3 1102
-1516.1 1124
-1515.9 1119
-1515.7 1190
-1515.5 1108
-1515.3 1130
-1515.1 1171
-1514.9 1116
-1514.7 1149
-1514.5 1139
-1514.3 1232
-1514.1 1111
-1513.9 1156
-1513.7 1177
-1513.5 1174
-1513.3 1244
-1513.1 1148
-1512.9 1183
-1512.7 1137
-1512.5 1218
-1512.3 1172
-1512.1 1155
-1511.9 1202
-1511.7 1170
-1511.5 1132
-1511.3 1149
-1511.1 1150
-1510.9 1145
-1510.7 1188
-1510.5 1178
-1510.3 1156
-1510.1 1135
-1509.9 1166
-1509.7 1183
-1509.5 1182
-1509.3 1160
-1509.1 1135
-1508.9 1100
-1508.7 1073
-1508.5 1178
-1508.3 1155
-1508.1 1109
-1507.9 1099
-1507.7 1229
-1507.5 1134
-1507.3 1138
-1507.1 1138
-1506.9 1174
-1506.7 1125
-1506.5 1123
-1506.3 1205
-1506.1 1151
-1505.9 1144
-1505.7 1118
-1505.5 1141
-1505.3 1145
-1505.1 1181
-1504.9 1132
-1504.7 1149
-1504.5 1194
-1504.3 1139
-1504.1 1212
-1503.9 1139
-1503.7 1163
-1503.5 1210
-1503.3 1172
-1503.1 1184
-1502.9 1139
-1502.7 1156
-1502.5 1202
-1502.3 1266
-1502.1 1138
-1501.9 1238
-1501.7 1124
-1501.5 1196
-1501.3 1200
-1501.1 1137
-1500.9 1128
-1500.7 1170
-1500.5 1196
-1500.3 1199
-1500.1 1180
-1499.9 1181
-1499.7 1212
-1499.5 1242
-1499.3 1204
-1499.1 1166
-1498.9 1279
-1498.7 1181
-1498.5 1162
-1498.3 1180
-1498.1 1238
-1497.9 1180
-1497.7 1201
-1497.5 1202
-1497.3 1172
-1497.1 1207
-1496.9 1220
-1496.7 1226
-1496.5 1206
-1496.3 1235
-1496.1 1208
-1495.9 1225
-1495.7 1264
-1495.5 1215
-1495.3 1214
-1495.1 1177
-1494.9 1168
-1494.7 1196
-1494.5 1211
-1494.3 1221
-1494.1 1205
-1493.9 1186
-1493.7 1140
-1493.5 1160
-1493.3 1162
-1493.1 1167
-1492.9 1171
-1492.7 1175
-1492.5 1155
-1492.3 1121
-1492.1 1152
-1491.9 1142
-1491.7 1208
-1491.5 1126
-1491.3 1200
-1491.1 1181
-1490.9 1147
-1490.7 1204
-1490.5 1212
-1490.3 1215
-1490.1 1137
-1489.9 1180
-1489.7 1236
-1489.5 1248
-1489.3 1160
-1489.1 1172
-1488.9 1100
-1488.7 1301
-1488.5 1114
-1488.3 1216
-1488.1 1170
-1487.9 1217
-1487.7 1118
-1487.5 1206
-1487.3 1207
-1487.1 1248
-1486.9 1146
-1486.7 1243
-1486.5 1159
-1486.3 1166
-1486.1 1269
-1485.9 1219
-1485.7 1227
-1485.5 1169
-1485.3 1257
-1485.1 1199
-1484.9 1191
-1484.7 1114
-1484.5 1169
-1484.3 1147
-1484.1 1155
-1483.9 1205
-1483.7 1180
-1483.5 1215
-1483.3 1172
-1483.1 1184
-1482.9 1191
-1482.7 1191
-1482.5 1239
-1482.3 1163
-1482.1 1165
-1481.9 1209
-1481.7 1153
-1481.5 1139
-1481.3 1215
-1481.1 1183
-1480.9 1129
-1480.7 1212
-1480.5 1191
-1480.3 1206
-1480.1 1249
-1479.9 1196
-1479.7 1233
-1479.5 1216
-1479.3 1164
-1479.1 1176
-1478.9 1177
-1478.7 1234
-1478.5 1213
-1478.3 1165
-1478.1 1217
-1477.9 1180
-1477.7 1206
-1477.5 1176
-1477.3 1216
-1477.1 1176
-1476.9 1211
-1476.7 1165
-1476.5 1150
-1476.3 1135
-1476.1 1197
-1475.9 1104
-1475.7 1157
-1475.5 1160
-1475.3 1177
-1475.1 1201
-1474.9 1171
-1474.7 1179
-1474.5 1110
-1474.3 1068
-1474.1 1165
-1473.9 1197
-1473.7 1143
-1473.5 1133
-1473.3 1217
-1473.1 1127
-1472.9 1147
-1472.7 1200
-1472.5 1217
-1472.3 1157
-1472.1 1180
-1471.9 1181
-1471.7 1159
-1471.5 1178
-1471.3 1183
-1471.1 1245
-1470.9 1162
-1470.7 1158
-1470.5 1171
-1470.3 1166
-1470.1 1145
-1469.9 1101
-1469.7 1200
-1469.5 1171
-1469.3 1088
-1469.1 1191
-1468.9 1148
-1468.7 1203
-1468.5 1216
-1468.3 1128
-1468.1 1174
-1467.9 1112
-1467.7 1136
-1467.5 1132
-1467.3 1132
-1467.1 1135
-1466.9 1245
-1466.7 1163
-1466.5 1088
-1466.3 1186
-1466.1 1173
-1465.9 1169
-1465.7 1167
-1465.5 1176
-1465.3 1134
-1465.1 1196
-1464.9 1143
-1464.7 1253
-1464.5 1203
-1464.3 1193
-1464.1 1216
-1463.9 1165
-1463.7 1186
-1463.5 1168
-1463.3 1148
-1463.1 1185
-1462.9 1167
-1462.7 1202
-1462.5 1122
-1462.3 1235
-1462.1 1146
-1461.9 1219
-1461.7 1152
-1461.5 1149
-1461.3 1172
-1461.1 1122
-1460.9 1179
-1460.7 1188
-1460.5 1142
-1460.3 1160
-1460.1 1112
-1459.9 1205
-1459.7 1122
-1459.5 1163
-1459.3 1204
-1459.1 1146
-1458.9 1190
-1458.7 1242
-1458.5 1175
-1458.3 1108
-1458.1 1182
-1457.9 1123
-1457.7 1129
-1457.5 1191
-1457.3 1185
-1457.1 1094
-1456.9 1172
-1456.7 1163
-1456.5 1118
-1456.3 1197
-1456.1 1161
-1455.9 1121
-1455.7 1143
-1455.5 1180
-1455.3 1175
-1455.1 1146
-1454.9 1118
-1454.7 1215
-1454.5 1153
-1454.3 1217
-1454.1 1201
-1453.9 1115
-1453.7 1117
-1453.5 1163
-1453.3 1209
-1453.1 1130
-1452.9 1158
-1452.7 1145
-1452.5 1227
-1452.3 1209
-1452.1 1149
-1451.9 1141
-1451.7 1190
-1451.5 1194
-1451.3 1174
-1451.1 1222
-1450.9 1194
-1450.7 1180
-1450.5 1194
-1450.3 1220
-1450.1 1164
-1449.9 1194
-1449.7 1171
-1449.5 1209
-1449.3 1234
-1449.1 1233
-1448.9 1202
-1448.7 1174
-1448.5 1131
-1448.3 1213
-1448.1 1241
-1447.9 1197
-1447.7 1184
-1447.5 1142
-1447.3 1149
-1447.1 1191
-1446.9 1186
-1446.7 1165
-1446.5 1156
-1446.3 1116
-1446.1 1145
-1445.9 1155
-1445.7 1145
-1445.5 1175
-1445.3 1213
-1445.1 1141
-1444.9 1118
-1444.7 1204
-1444.5 1143
-1444.3 1130
-1444.1 1183
-1443.9 1189
-1443.7 1133
-1443.5 1196
-1443.3 1183
-1443.1 1201
-1442.9 1159
-1442.7 1076
-1442.5 1140
-1442.3 1187
-1442.1 1147
-1441.9 1109
-1441.7 1123
-1441.5 1185
-1441.3 1188
-1441.1 1178
-1440.9 1245
-1440.7 1159
-1440.5 1162
-1440.3 1142
-1440.1 1169
-1439.9 1176
-1439.7 1114
-1439.5 1127
-1439.3 1196
-1439.1 1186
-1438.9 1163
-1438.7 1160
-1438.5 1253
-1438.3 1203
-1438.1 1105
-1437.9 1168
-1437.7 1156
-1437.5 1193
-1437.3 1186
-1437.1 1112
-1436.9 1162
-1436.7 1192
-1436.5 1172
-1436.3 1151
-1436.1 1172
-1435.9 1238
-1435.7 1064
-1435.5 1174
-1435.3 1144
-1435.1 1136
-1434.9 1197
-1434.7 1166
-1434.5 1203
-1434.3 1223
-1434.1 1103
-1433.9 1148
-1433.7 1132
-1433.5 1171
-1433.3 1156
-1433.1 1201
-1432.9 1242
-1432.7 1204
-1432.5 1194
-1432.3 1167
-1432.1 1190
-1431.9 1146
-1431.7 1113
-1431.5 1148
-1431.3 1176
-1431.1 1162
-1430.9 1176
-1430.7 1078
-1430.5 1150
-1430.3 1182
-1430.1 1129
-1429.9 1148
-1429.7 1107
-1429.5 1131
-1429.3 1173
-1429.1 1142
-1428.9 1179
-1428.7 1200
-1428.5 1124
-1428.3 1177
-1428.1 1144
-1427.9 1109
-1427.7 1149
-1427.5 1142
-1427.3 1200
-1427.1 1148
-1426.9 1139
-1426.7 1177
-1426.5 1169
-1426.3 1140
-1426.1 1127
-1425.9 1142
-1425.7 1188
-1425.5 1187
-1425.3 1203
-1425.1 1176
-1424.9 1145
-1424.7 1116
-1424.5 1155
-1424.3 1123
-1424.1 1162
-1423.9 1230
-1423.7 1176
-1423.5 1161
-1423.3 1145
-1423.1 1233
-1422.9 1145
-1422.7 1148
-1422.5 1165
-1422.3 1184
-1422.1 1181
-1421.9 1076
-1421.7 1157
-1421.5 1153
-1421.3 1156
-1421.1 1143
-1420.9 1165
-1420.7 1247
-1420.5 1161
-1420.3 1134
-1420.1 1124
-1419.9 1140
-1419.7 1134
-1419.5 1158
-1419.3 1147
-1419.1 1184
-1418.9 1136
-1418.7 1169
-1418.5 1146
-1418.3 1181
-1418.1 1186
-1417.9 1155
-1417.7 1135
-1417.5 1139
-1417.3 1181
-1417.1 1154
-1416.9 1125
-1416.7 1144
-1416.5 1142
-1416.3 1164
-1416.1 1177
-1415.9 1201
-1415.7 1218
-1415.5 1173
-1415.3 1172
-1415.1 1201
-1414.9 1135
-1414.7 1157
-1414.5 1195
-1414.3 1144
-1414.1 1195
-1413.9 1173
-1413.7 1228
-1413.5 1154
-1413.3 1203
-1413.1 1119
-1412.9 1128
-1412.7 1164
-1412.5 1149
-1412.3 1169
-1412.1 1179
-1411.9 1145
-1411.7 1133
-1411.5 1171
-1411.3 1086
-1411.1 1098
-1410.9 1143
-1410.7 1131
-1410.5 1198
-1410.3 1163
-1410.1 1138
-1409.9 1169
-1409.7 1175
-1409.5 1131
-1409.3 1123
-1409.1 1150
-1408.9 1126
-1408.7 1137
-1408.5 1146
-1408.3 1091
-1408.1 1140
-1407.9 1165
-1407.7 1133
-1407.5 1161
-1407.3 1135
-1407.1 1183
-1406.9 1162
-1406.7 1197
-1406.5 1172
-1406.3 1179
-1406.1 1084
-1405.9 1164
-1405.7 1165
-1405.5 1129
-1405.3 1111
-1405.1 1147
-1404.9 1184
-1404.7 1133
-1404.5 1161
-1404.3 1156
-1404.1 1153
-1403.9 1131
-1403.7 1147
-1403.5 1123
-1403.3 1163
-1403.1 1224
-1402.9 1125
-1402.7 1146
-1402.5 1142
-1402.3 1198
-1402.1 1128
-1401.9 1102
-1401.7 1134
-1401.5 1162
-1401.3 1077
-1401.1 1157
-1400.9 1137
-1400.7 1184
-1400.5 1159
-1400.3 1183
-1400.1 1119
-1399.9 1105
-1399.7 1169
-1399.5 1170
-1399.3 1159
-1399.1 1140
-1398.9 1219
-1398.7 1165
-1398.5 1175
-1398.3 1158
-1398.1 1202
-1397.9 1133
-1397.7 1166
-1397.5 1136
-1397.3 1141
-1397.1 1197
-1396.9 1166
-1396.7 1137
-1396.5 1155
-1396.3 1170
-1396.1 1117
-1395.9 1146
-1395.7 1193
-1395.5 1189
-1395.3 1108
-1395.1 1183
-1394.9 1145
-1394.7 1152
-1394.5 1109
-1394.3 1165
-1394.1 1136
-1393.9 1162
-1393.7 1149
-1393.5 1181
-1393.3 1129
-1393.1 1135
-1392.9 1176
-1392.7 1140
-1392.5 1104
-1392.3 1172
-1392.1 1140
-1391.9 1147
-1391.7 1153
-1391.5 1145
-1391.3 1088
-1391.1 1138
-1390.9 1119
-1390.7 1098
-1390.5 1198
-1390.3 1148
-1390.1 1164
-1389.9 1159
-1389.7 1139
-1389.5 1159
-1389.3 1127
-1389.1 1193
-1388.9 1118
-1388.7 1170
-1388.5 1142
-1388.3 1123
-1388.1 1129
-1387.9 1128
-1387.7 1121
-1387.5 1075
-1387.3 1130
-1387.1 1176
-1386.9 1077
-1386.7 1095
-1386.5 1130
-1386.3 1151
-1386.1 1115
-1385.9 1166
-1385.7 1159
-1385.5 1131
-1385.3 1152
-1385.1 1148
-1384.9 1126
-1384.7 1169
-1384.5 1125
-1384.3 1074
-1384.1 1084
-1383.9 1124
-1383.7 1171
-1383.5 1170
-1383.3 1228
-1383.1 1170
-1382.9 1161
-1382.7 1109
-1382.5 1144
-1382.3 1180
-1382.1 1123
-1381.9 1125
-1381.7 1146
-1381.5 1051
-1381.3 1125
-1381.1 1100
-1380.9 1131
-1380.7 1113
-1380.5 1168
-1380.3 1172
-1380.1 1100
-1379.9 1114
-1379.7 1177
-1379.5 1158
-1379.3 1154
-1379.1 1082
-1378.9 1183
-1378.7 1150
-1378.5 1107
-1378.3 1139
-1378.1 1143
-1377.9 1140
-1377.7 1146
-1377.5 1149
-1377.3 1157
-1377.1 1097
-1376.9 1141
-1376.7 1141
-1376.5 1184
-1376.3 1153
-1376.1 1091
-1375.9 1083
-1375.7 1150
-1375.5 1123
-1375.3 1092
-1375.1 1144
-1374.9 1102
-1374.7 1168
-1374.5 1140
-1374.3 1067
-1374.1 1186
-1373.9 1132
-1373.7 1116
-1373.5 1132
-1373.3 1132
-1373.1 1099
-1372.9 1091
-1372.7 1128
-1372.5 1147
-1372.3 1158
-1372.1 1181
-1371.9 1102
-1371.7 1091
-1371.5 1121
-1371.3 1038
-1371.1 1099
-1370.9 1099
-1370.7 1070
-1370.5 1057
-1370.3 1126
-1370.1 1114
-1369.9 1072
-1369.7 1067
-1369.5 1096
-1369.3 1100
-1369.1 1034
-1368.9 1074
-1368.7 1051
-1368.5 1073
-1368.3 1069
-1368.1 1073
-1367.9 1045
-1367.7 1079
-1367.5 1092
-1367.3 1127
-1367.1 1041
-1366.9 1008
-1366.7 1101
-1366.5 1049
-1366.3 1024
-1366.1 1030
-1365.9 1030
-1365.7 1045
-1365.5 1056
-1365.3 1086
-1365.1 1029
-1364.9 1006
-1364.7 1013
-1364.5 962
-1364.3 991
-1364.1 1016
-1363.9 1018
-1363.7 1003
-1363.5 1044
-1363.3 1012
-1363.1 990
-1362.9 918
-1362.7 983
-1362.5 924
-1362.3 944
-1362.1 875
-1361.9 884
-1361.7 910
-1361.5 910
-1361.3 864
-1361.1 915
-1360.9 844
-1360.7 890
-1360.5 867
-1360.3 871
-1360.1 820
-1359.9 882
-1359.7 829
-1359.5 829
-1359.3 826
-1359.1 830
-1358.9 827
-1358.7 794
-1358.5 785
-1358.3 776
-1358.1 758
-1357.9 755
-1357.7 702
-1357.5 751
-1357.3 731
-1357.1 717
-1356.9 749
-1356.7 682
-1356.5 674
-1356.3 660
-1356.1 664
-1355.9 617
-1355.7 668
-1355.5 635
-1355.3 626
-1355.1 661
-1354.9 633
-1354.7 637
-1354.5 585
-1354.3 615
-1354.1 660
-1353.9 605
-1353.7 610
-1353.5 627
-1353.3 582
-1353.1 562
-1352.9 545
-1352.7 548
-1352.5 527
-1352.3 515
-1352.1 568
-1351.9 554
-1351.7 515
-1351.5 502
-1351.3 492
-1351.1 478
-1350.9 479
-1350.7 471
-1350.5 491
-1350.3 503
-1350.1 461
-1349.9 473
-1349.7 465
-1349.5 429
-1349.3 411
-1349.1 450
-1348.9 438
-1348.7 433
-1348.5 410
-1348.3 446
-1348.1 404
-1347.9 394
-1347.7 380
-1347.5 374
-1347.3 386
-1347.1 404
-1346.9 365
-1346.7 342
-1346.5 367
-1346.3 358
-1346.1 351
-1345.9 329
-1345.7 329
-1345.5 313
-1345.3 330
-1345.1 311
-1344.9 324
-1344.7 318
-1344.5 300
-1344.3 294
-1344.1 277
-1343.9 287
-1343.7 287
-1343.5 268
-1343.3 268
-1343.1 312
-1342.9 278
-1342.7 242
-1342.5 287
-1342.3 252
-1342.1 246
-1341.9 236
-1341.7 256
-1341.5 242
-1341.3 224
-1341.1 223
-1340.9 232
-1340.7 232
-1340.5 213
-1340.3 227
-1340.1 201
-1339.9 207
-1339.7 220
-1339.5 200
-1339.3 191
-1339.1 216
-1338.9 200
-1338.7 187
-1338.5 198
-1338.3 185
-1338.1 179
-1337.9 190
-1337.7 156
-1337.5 176
-1337.3 142
-1337.1 168
-1336.9 173
-1336.7 135
-1336.5 143
-1336.3 147
-1336.1 151
-1335.9 136
-1335.7 145
-1335.5 130
-1335.3 119
-1335.1 151
-1334.9 133
-1334.7 120
-1334.5 139
-1334.3 133
-1334.1 129
-1333.9 120
-1333.7 105
-1333.5 123
-1333.3 125
-1333.1 99
-1332.9 113
-1332.7 112
-1332.5 104
-1332.3 92
-1332.1 92
-1331.9 78
-1331.7 92
-1331.5 99
-1331.3 90
-1331.1 88
-1330.9 99
-1330.7 71
-1330.5 76
-1330.3 77
-1330.1 78
-1329.9 79
-1329.7 80
-1329.5 62
-1329.3 84
-1329.1 74
-1328.9 80
-1328.7 76
-1328.5 63
-1328.3 63
-1328.1 67
-1327.9 71
-1327.7 59
-1327.5 58
-1327.3 62
-1327.1 72
-1326.9 61
-1326.7 53
-1326.5 60
-1326.3 45
-1326.1 44
-1325.9 48
-1325.7 56
-1325.5 39
-1325.3 45
-1325.1 44
-1324.9 45
-1324.7 44
-1324.5 38
-1324.3 52
-1324.1 42
-1323.9 38
-1323.7 45
-1323.5 45
-1323.3 39
-1323.1 36
-1322.9 36
-1322.7 43
-1322.5 36
-1322.3 32
-1322.1 31
-1321.9 29
-1321.7 36
-1321.5 24
-1321.3 26
-1321.1 26
-1320.9 23
-1320.7 30
-1320.5 23
-1320.3 24
-1320.1 31
-1319.9 23
-1319.7 22
-1319.5 26
-1319.3 30
-1319.1 23
-1318.9 15
-1318.7 20
-1318.5 26
-1318.3 16
-1318.1 21
-1317.9 24
-1317.7 23
-1317.5 19
-1317.3 14
-1317.1 15
-1316.9 12
-1316.7 14
-1316.5 13
-1316.3 16
-1316.1 18
-1315.9 8
-1315.7 17
-1315.5 11
-1315.3 16
-1315.1 9
-1314.9 11
-1314.7 9
-1314.5 11
-1314.3 10
-1314.1 13
-1313.9 9
-1313.7 12
-1313.5 14
-1313.3 8
-1313.1 6
-1312.9 8
-1312.7 16
-1312.5 6
-1312.3 5
-1312.1 4
-1311.9 7
-1311.7 7
-1311.5 16
-1311.3 10
-1311.1 9
-1310.9 7
-1310.7 8
-1310.5 5
-1310.3 3
-1310.1 7
-1309.9 2
-1309.7 4
-1309.5 3
-1309.3 8
-1309.1 5
-1308.9 7
-1308.7 6
-1308.5 7
-1308.3 8
-1308.1 6
-1307.9 4
-1307.7 4
-1307.5 7
-1307.3 3
-1307.1 5
-1306.9 4
-1306.7 7
-1306.5 4
-1306.3 8
-1306.1 1
-1305.9 4
-1305.7 4
-1305.5 3
-1305.3 4
-1305.1 3
-1304.9 4
-1304.7 1
-1304.5 1
-1304.3 2
-1304.1 4
-1303.9 2
-1303.7 9
-1303.5 4
-1303.3 2
-1303.1 3
-1302.9 1
-1302.7 6
-1302.5 3
-1302.3 3
-1302.1 2
-1301.9 2
-1301.7 3
-1301.5 2
-1301.3 1
-1301.1 2
-1300.9 5
-1300.7 4
-1300.5 1
-1300.3 0
-1300.1 3
