-1589.9 0
-1589.7 18
-1589.5 14
-1589.3 15
-1589.1 20
-1588.9 16
-1588.7 31
-1588.5 15
-1588.3 20
-1588.1 17
-1587.9 23
-1587.7 40
-1587.5 25
-1587.3 26
-1587.1 37
-1586.9 35
-1586.7 34
-1586.5 31
-1586.3 38
-1586.1 36
-1585.9 45
-1585.7 59
-1585.5 48
-1585.3 52
-1585.1 56
-1584.9 74
-1584.7 78
-1584.5 74
-1584.3 94
-1584.1 121
-1583.9 99
-1583.7 108
-1583.5 128
-1583.3 151
-1583.1 156
-1582.9 200
-1582.7 217
-1582.5 261
-1582.3 299
-1582.1 285
-1581.9 312
-1581.7 366
-1581.5 432
-1581.3 476
-1581.1 494
-1580.9 577
-1580.7 624
-1580.5 702
-1580.3 784
-1580.1 834
-1579.9 888
-1579.7 1008
-1579.5 1111
-1579.3 1227
-1579.1 1244
-1578.9 1353
-1578.7 1375
-1578.5 1507
-1578.3 1634
-1578.1 1761
-1577.9 1797
-1577.7 1821
-1577.5 1830
-1577.3 2021
-1577.1 2027
-1576.9 2137
-1576.7 2091
-1576.5 2216
-1576.3 2173
-1576.1 2262
-1575.9 2187
-1575.7 2288
-1575.5 2280
-1575.3 2308
-1575.1 2316
-1574.9 2198
-1574.7 2205
-1574.5 2320
-1574.3 2205
-1574.1 2222
-1573.9 2264
-1573.7 2212
-1573.5 2238
-1573.3 2177
-1573.1 2242
-1572.9 2118
-1572.7 2223
-1572.5 2219
-1572.3 2180
-1572.1 2138
-1571.9 2110
-1571.7 2214
-1571.5 2058
-1571.3 2090
-1571.1 2018
-1570.9 1957
-1570.7 2062
-1570.5 1941
-1570.3 2037
-1570.1 2009
-1569.9 2005
-1569.7 1943
-1569.5 1901
-1569.3 1875
-1569.1 1895
-1568.9 1934
-1568.7 1917
-1568.5 1790
-1568.3 1883
-1568.1 1836
-1567.9 1940
-1567.7 1855
-1567.5 1827
-1567.3 1759
-1567.1 1824
-1566.9 1767
-1566.7 1788
-1566.5 1736
-1566.3 1755
-1566.1 1807
-1565.9 1634
-1565.7 1690
-1565.5 1748
-1565.3 1713
-1565.1 1705
-1564.9 1766
-1564.7 1707
-1564.5 1744
-1564.3 1595
-1564.1 1633
-1563.9 1676
-1563.7 1600
-1563.5 1603
-1563.3 1642
-1563.1 1617
-1562.9 1552
-1562.7 1618
-1562.5 1612
-1562.3 1622
-1562.1 1559
-1561.9 1628
-1561.7 1558
-1561.5 1583
-1561.3 1527
-1561.1 1570
-1560.9 1529
-1560.7 1588
-1560.5 1546
-1560.3 1541
-1560.1 1515
-1559.9 1507
-1559.7 1550
-1559.5 1512
-1559.3 1465
-1559.1 1517
-1558.9 1503
-1558.7 1495
-1558.5 1521
-1558.3 1507
-1558.1 1474
-1557.9 1473
-1557.7 1519
-1557.5 1399
-1557.3 1523
-1557.1 1521
-1556.9 1489
-1556.7 1538
-1556.5 1479
-1556.3 1436
-1556.1 1477
-1555.9 1478
-1555.7 1514
-1555.5 1480
-1555.3 1430
-1555.1 1463
-1554.9 1466
-1554.7 1471
-1554.5 1466
-1554.3 1433
-1554.1 1424
-1553.9 1365
-1553.7 1420
-1553.5 1462
-1553.3 1465
-1553.1 1416
-1552.9 1519
-1552.7 1412
-1552.5 1459
-1552.3 1398
-1552.1 1403
-1551.9 1436
-1551.7 1403
-1551.5 1469
-1551.3 1358
-1551.1 1432
-1550.9 1429
-1550.7 1376
-1550.5 1414
-1550.3 1385
-1550.1 1413
-1549.9 1454
-1549.7 1415
-1549.5 1397
-1549.3 1383
-1549.1 1370
-1548.9 1367
-1548.7 1413
-1548.5 1371
-1548.3 1424
-1548.1 1419
-1547.9 1361
-1547.7 1412
-1547.5 1346
-1547.3 1417
-1547.1 1484
-1546.9 1427
-1546.7 1445
-1546.5 1335
-1546.3 1386
-1546.1 1411
-1545.9 1469
-1545.7 1484
-1545.5 1411
-1545.3 1446
-1545.1 1404
-1544.9 1379
-1544.7 1520
-1544.5 1386
-1544.3 1435
-1544.1 1330
-1543.9 1450
-1543.7 1429
-1543.5 1458
-1543.3 1442
-1543.1 1379
-1542.9 1399
-1542.7 1415
-1542.5 1408
-1542.3 1411
-1542.1 1417
-1541.9 1377
-1541.7 1328
-1541.5 1361
-1541.3 1386
-1541.1 1370
-1540.9 1359
-1540.7 1327
-1540.5 1423
-1540.3 1427
-1540.1 1383
-1539.9 1343
-1539.7 1309
-1539.5 1364
-1539.3 1313
-1539.1 1380
-1538.9 1372
-1538.7 1346
-1538.5 1372
-1538.3 1312
-1538.1 1345
-1537.9 1309
-1537.7 1372
-1537.5 1327
-1537.3 1300
-1537.1 1384
-1536.9 1314
-1536.7 1356
-1536.5 1415
-1536.3 1338
-1536.1 1348
-1535.9 1347
-1535.7 1398
-1535.5 1368
-1535.3 1319
-1535.1 1307
-1534.9 1378
-1534.7 1314
-1534.5 1372
-1534.3 1263
-1534.1 1311
-1533.9 1327
-1533.7 1382
-1533.5 1335
-1533.3 1373
-1533.1 1311
-1532.9 1371
-1532.7 1351
-1532.5 1316
-1532.3 1318
-1532.1 1335
-1531.9 1338
-1531.7 1359
-1531.5 1323
-1531.3 1314
-1531.1 1275
-1530.9 1392
-1530.7 1248
-1530.5 1315
-1530.3 1354
-1530.1 1336
-1529.9 1319
-1529.7 1291
-1529.5 1307
-1529.3 1273
-1529.1 1338
-1528.9 1342
-1528.7 1316
-1528.5 1270
-1528.3 1351
-1528.1 1348
-1527.9 1379
-1527.7 1294
-1527.5 1269
-1527.3 1337
-1527.1 1283
-1526.9 1302
-1526.7 1323
-1526.5 1280
-1526.3 1318
-1526.1 1343
-1525.9 1354
-1525.7 1229
-1525.5 1305
-1525.3 1285
-1525.1 1332
-1524.9 1283
-1524.7 1373
-1524.5 1304
-1524.3 1247
-1524.1 1339
-1523.9 1305
-1523.7 1326
-1523.5 1361
-1523.3 1350
-1523.1 1250
-1522.9 1343
-1522.7 1380
-1522.5 1348
-1522.3 1348
-1522.1 1319
-1521.9 1402
-1521.7 1354
-1521.5 1365
-1521.3 1339
-1521.1 1315
-1520.9 1352
-1520.7 1336
-1520.5 1321
-1520.3 1333
-1520.1 1370
-1519.9 1272
-1519.7 1312
-1519.5 1352
-1519.3 1278
-1519.1 1295
-1518.9 1289
-1518.7 1340
-1518.5 1320
-1518.3 1326
-1518.1 1326
-1517.9 1314
-1517.7 1287
-1517.5 1356
-1517.3 1288
-1517.1 1281
-1516.9 1323
-1516.7 1320
-1516.5 1368
-1516.3 1323
-1516.1 1363
-1515.9 1362
-1515.7 1342
-1515.5 1309
-1515.3 1433
-1515.1 1366
-1514.9 1322
-1514.7 1376
-1514.5 1382
-1514.3 1332
-1514.1 1312
-1513.9 1361
-1513.7 1394
-1513.5 1410
-1513.3 1359
-1513.1 1389
-1512.9 1302
-1512.7 1432
-1512.5 1487
-1512.3 1384
-1512.1 1371
-1511.9 1351
-1511.7 1408
-1511.5 1326
-1511.3 1386
-1511.1 1387
-1510.9 1390
-1510.7 1353
-1510.5 1370
-1510.3 1326
-1510.1 1371
-1509.9 1396
-1509.7 1418
-1509.5 1272
-1509.3 1365
-1509.1 1370
-1508.9 1408
-1508.7 1355
-1508.5 1393
-1508.3 1323
-1508.1 1310
-1507.9 1391
-1507.7 1339
-1507.5 1336
-1507.3 1359
-1507.1 1324
-1506.9 1375
-1506.7 1300
-1506.5 1332
-1506.3 1267
-1506.1 1352
-1505.9 1295
-1505.7 1387
-1505.5 1356
-1505.3 1372
-1505.1 1299
-1504.9 1319
-1504.7 1387
-1504.5 1364
-1504.3 1302
-1504.1 1368
-1503.9 1438
-1503.7 1311
-1503.5 1360
-1503.3 1319
-1503.1 1407
-1502.9 1331
-1502.7 1351
-1502.5 1399
-1502.3 1406
-1502.1 1393
-1501.9 1330
-1501.7 1350
-1501.5 1376
-1501.3 1288
-1501.1 1459
-1500.9 1448
-1500.7 1435
-1500.5 1341
-1500.3 1364
-1500.1 1463
-1499.9 1427
-1499.7 1441
-1499.5 1375
-1499.3 1418
-1499.1 1404
-1498.9 1376
-1498.7 1428
-1498.5 1435
-1498.3 1428
-1498.1 1450
-1497.9 1397
-1497.7 1379
-1497.5 1436
-1497.3 1343
-1497.1 1420
-1496.9 1480
-1496.7 1385
-1496.5 1407
-1496.3 1306
-1496.1 1414
-1495.9 1394
-1495.7 1441
-1495.5 1438
-1495.3 1427
-1495.1 1395
-1494.9 1374
-1494.7 1385
-1494.5 1296
-1494.3 1377
-1494.1 1326
-1493.9 1365
-1493.7 1332
-1493.5 1352
-1493.3 1366
-1493.1 1395
-1492.9 1325
-1492.7 1387
-1492.5 1319
-1492.3 1333
-1492.1 1325
-1491.9 1269
-1491.7 1338
-1491.5 1395
-1491.3 1310
-1491.1 1293
-1490.9 1394
-1490.7 1285
-1490.5 1359
-1490.3 1289
-1490.1 1364
-1489.9 1337
-1489.7 1255
-1489.5 1349
-1489.3 1285
-1489.1 1343
-1488.9 1361
-1488.7 1313
-1488.5 1271
-1488.3 1262
-1488.1 1312
-1487.9 1270
-1487.7 1312
-1487.5 1270
-1487.3 1327
-1487.1 1316
-1486.9 1305
-1486.7 1329
-1486.5 1396
-1486.3 1300
-1486.1 1314
-1485.9 1311
-1485.7 1338
-1485.5 1364
-1485.3 1346
-1485.1 1412
-1484.9 1353
-1484.7 1357
-1484.5 1392
-1484.3 1359
-1484.1 1365
-1483.9 1445
-1483.7 1407
-1483.5 1387
-1483.3 1327
-1483.1 1385
-1482.9 1398
-1482.7 1337
-1482.5 1400
-1482.3 1397
-1482.1 1382
-1481.9 1320
-1481.7 1404
-1481.5 1375
-1481.3 1402
-1481.1 1329
-1480.9 1371
-1480.7 1362
-1480.5 1360
-1480.3 1377
-1480.1 1419
-1479.9 1393
-1479.7 1326
-1479.5 1385
-1479.3 1398
-1479.1 1356
-1478.9 1325
-1478.7 1301
-1478.5 1363
-1478.3 1316
-1478.1 1421
-1477.9 1420
-1477.7 1348
-1477.5 1329
-1477.3 1463
-1477.1 1369
-1476.9 1328
-1476.7 1423
-1476.5 1331
-1476.3 1352
-1476.1 1449
-1475.9 1366
-1475.7 1426
-1475.5 1382
-1475.3 1368
-1475.1 1382
-1474.9 1415
-1474.7 1389
-1474.5 1399
-1474.3 1339
-1474.1 1321
-1473.9 1324
-1473.7 1274
-1473.5 1354
-1473.3 1357
-1473.1 1404
-1472.9 1361
-1472.7 1295
-1472.5 1375
-1472.3 1322
-1472.1 1278
-1471.9 1277
-1471.7 1358
-1471.5 1301
-1471.3 1308
-1471.1 1306
-1470.9 1362
-1470.7 1326
-1470.5 1334
-1470.3 1368
-1470.1 1376
-1469.9 1312
-1469.7 1396
-1469.5 1256
-1469.3 1310
-1469.1 1299
-1468.9 1343
-1468.7 1342
-1468.5 1355
-1468.3 1397
-1468.1 1344
-1467.9 1326
-1467.7 1328
-1467.5 1381
-1467.3 1391
-1467.1 1339
-1466.9 1418
-1466.7 1389
-1466.5 1407
-1466.3 1364
-1466.1 1363
-1465.9 1382
-1465.7 1378
-1465.5 1388
-1465.3 1333
-1465.1 1369
-1464.9 1385
-1464.7 1363
-1464.5 1413
-1464.3 1428
-1464.1 1392
-1463.9 1351
-1463.7 1433
-1463.5 1360
-1463.3 1382
-1463.1 1377
-1462.9 1387
-1462.7 1324
-1462.5 1335
-1462.3 1429
-1462.1 1408
-1461.9 1356
-1461.7 1343
-1461.5 1375
-1461.3 1381
-1461.1 1423
-1460.9 1359
-1460.7 1401
-1460.5 1387
-1460.3 1287
-1460.1 1344
-1459.9 1409
-1459.7 1389
-1459.5 1319
-1459.3 1383
-1459.1 1358
-1458.9 1338
-1458.7 1429
-1458.5 1367
-1458.3 1320
-1458.1 1322
-1457.9 1352
-1457.7 1314
-1457.5 1334
-1457.3 1329
-1457.1 1289
-1456.9 1314
-1456.7 1347
-1456.5 1340
-1456.3 1257
-1456.1 1349
-1455.9 1355
-1455.7 1341
-1455.5 1345
-1455.3 1354
-1455.1 1311
-1454.9 1310
-1454.7 1266
-1454.5 1325
-1454.3 1340
-1454.1 1321
-1453.9 1410
-1453.7 1338
-1453.5 1303
-1453.3 1299
-1453.1 1333
-1452.9 1390
-1452.7 1295
-1452.5 1357
-1452.3 1357
-1452.1 1326
-1451.9 1321
-1451.7 1351
-1451.5 1336
-1451.3 1388
-1451.1 1308
-1450.9 1387
-1450.7 1345
-1450.5 1323
-1450.3 1395
-1450.1 1322
-1449.9 1417
-1449.7 1381
-1449.5 1376
-1449.3 1406
-1449.1 1342
-1448.9 1337
-1448.7 1300
-1448.5 1359
-1448.3 1377
-1448.1 1383
-1447.9 1373
-1447.7 1393
-1447.5 1356
-1447.3 1366
-1447.1 1436
-1446.9 1360
-1446.7 1370
-1446.5 1349
-1446.3 1378
-1446.1 1354
-1445.9 1396
-1445.7 1397
-1445.5 1416
-1445.3 1343
-1445.1 1389
-1444.9 1402
-1444.7 1337
-1444.5 1367
-1444.3 1344
-1444.1 1330
-1443.9 1303
-1443.7 1325
-1443.5 1434
-1443.3 1374
-1443.1 1386
-1442.9 1381
-1442.7 1344
-1442.5 1288
-1442.3 1331
-1442.1 1376
-1441.9 1390
-1441.7 1366
-1441.5 1350
-1441.3 1321
-1441.1 1370
-1440.9 1289
-1440.7 1362
-1440.5 1318
-1440.3 1372
-1440.1 1334
-1439.9 1332
-1439.7 1326
-1439.5 1318
-1439.3 1307
-1439.1 1311
-1438.9 1288
-1438.7 1328
-1438.5 1352
-1438.3 1343
-1438.1 1332
-1437.9 1284
-1437.7 1303
-1437.5 1404
-1437.3 1296
-1437.1 1360
-1436.9 1380
-1436.7 1349
-1436.5 1312
-1436.3 1353
-1436.1 1304
-1435.9 1363
-1435.7 1333
-1435.5 1294
-1435.3 1336
-1435.1 1382
-1434.9 1291
-1434.7 1353
-1434.5 1286
-1434.3 1317
-1434.1 1307
-1433.9 1253
-1433.7 1322
-1433.5 1356
-1433.3 1318
-1433.1 1363
-1432.9 1304
-1432.7 1303
-1432.5 1353
-1432.3 1312
-1432.1 1309
-1431.9 1364
-1431.7 1309
-1431.5 1257
-1431.3 1387
-1431.1 1366
-1430.9 1384
-1430.7 1325
-1430.5 1389
-1430.3 1300
-1430.1 1390
-1429.9 1367
-1429.7 1352
-1429.5 1366
-1429.3 1379
-1429.1 1365
-1428.9 1358
-1428.7 1283
-1428.5 1360
-1428.3 1394
-1428.1 1409
-1427.9 1339
-1427.7 1358
-1427.5 1327
-1427.3 1297
-1427.1 1353
-1426.9 1338
-1426.7 1353
-1426.5 1363
-1426.3 1238
-1426.1 1364
-1425.9 1353
-1425.7 1352
-1425.5 1352
-1425.3 1301
-1425.1 1285
-1424.9 1349
-1424.7 1353
-1424.5 1322
-1424.3 1281
-1424.1 1368
-1423.9 1292
-1423.7 1309
-1423.5 1369
-1423.3 1307
-1423.1 1340
-1422.9 1324
-1422.7 1343
-1422.5 1331
-1422.3 1298
-1422.1 1331
-1421.9 1303
-1421.7 1348
-1421.5 1316
-1421.3 1348
-1421.1 1349
-1420.9 1312
-1420.7 1349
-1420.5 1319
-1420.3 1278
-1420.1 1335
-1419.9 1371
-1419.7 1367
-1419.5 1329
-1419.3 1275
-1419.1 1448
-1418.9 1324
-1418.7 1369
-1418.5 1256
-1418.3 1306
-1418.1 1340
-1417.9 1321
-1417.7 1366
-1417.5 1236
-1417.3 1362
-1417.1 1288
-1416.9 1269
-1416.7 1319
-1416.5 1259
-1416.3 1337
-1416.1 1362
-1415.9 1328
-1415.7 1285
-1415.5 1326
-1415.3 1356
-1415.1 1380
-1414.9 1284
-1414.7 1339
-1414.5 1336
-1414.3 1288
-1414.1 1438
-1413.9 1369
-1413.7 1337
-1413.5 1394
-1413.3 1423
-1413.1 1366
-1412.9 1254
-1412.7 1266
-1412.5 1377
-1412.3 1341
-1412.1 1365
-1411.9 1350
-1411.7 1351
-1411.5 1314
-1411.3 1347
-1411.1 1364
-1410.9 1336
-1410.7 1399
-1410.5 1345
-1410.3 1325
-1410.1 1338
-1409.9 1308
-1409.7 1371
-1409.5 1372
-1409.3 1432
-1409.1 1410
-1408.9 1311
-1408.7 1301
-1408.5 1332
-1408.3 1302
-1408.1 1372
-1407.9 1281
-1407.7 1338
-1407.5 1289
-1407.3 1366
-1407.1 1258
-1406.9 1327
-1406.7 1385
-1406.5 1265
-1406.3 1284
-1406.1 1434
-1405.9 1373
-1405.7 1310
-1405.5 1273
-1405.3 1298
-1405.1 1322
-1404.9 1306
-1404.7 1342
-1404.5 1306
-1404.3 1290
-1404.1 1323
-1403.9 1351
-1403.7 1365
-1403.5 1264
-1403.3 1317
-1403.1 1331
-1402.9 1259
-1402.7 1283
-1402.5 1305
-1402.3 1256
-1402.1 1356
-1401.9 1243
-1401.7 1302
-1401.5 1339
-1401.3 1339
-1401.1 1352
-1400.9 1245
-1400.7 1293
-1400.5 1322
-1400.3 1350
-1400.1 1375
-1399.9 1343
-1399.7 1325
-1399.5 1280
-1399.3 1337
-1399.1 1306
-1398.9 1307
-1398.7 1330
-1398.5 1268
-1398.3 1302
-1398.1 1390
-1397.9 1341
-1397.7 1329
-1397.5 1365
-1397.3 1288
-1397.1 1314
-1396.9 1331
-1396.7 1310
-1396.5 1311
-1396.3 1393
-1396.1 1352
-1395.9 1268
-1395.7 1362
-1395.5 1407
-1395.3 1383
-1395.1 1355
-1394.9 1271
-1394.7 1316
-1394.5 1353
-1394.3 1317
-1394.1 1320
-1393.9 1428
-1393.7 1272
-1393.5 1312
-1393.3 1314
-1393.1 1273
-1392.9 1356
-1392.7 1320
-1392.5 1294
-1392.3 1278
-1392.1 1312
-1391.9 1346
-1391.7 1281
-1391.5 1297
-1391.3 1352
-1391.1 1302
-1390.9 1328
-1390.7 1282
-1390.5 1389
-1390.3 1353
-1390.1 1240
-1389.9 1340
-1389.7 1375
-1389.5 1400
-1389.3 1258
-1389.1 1355
-1388.9 1305
-1388.7 1343
-1388.5 1269
-1388.3 1257
-1388.1 1385
-1387.9 1321
-1387.7 1295
-1387.5 1330
-1387.3 1357
-1387.1 1383
-1386.9 1320
-1386.7 1338
-1386.5 1310
-1386.3 1318
-1386.1 1268
-1385.9 1276
-1385.7 1333
-1385.5 1321
-1385.3 1196
-1385.1 1284
-1384.9 1345
-1384.7 1355
-1384.5 1298
-1384.3 1319
-1384.1 1299
-1383.9 1341
-1383.7 1349
-1383.5 1390
-1383.3 1286
-1383.1 1326
-1382.9 1306
-1382.7 1274
-1382.5 1357
-1382.3 1324
-1382.1 1403
-1381.9 1326
-1381.7 1335
-1381.5 1380
-1381.3 1315
-1381.1 1348
-1380.9 1281
-1380.7 1295
-1380.5 1357
-1380.3 1323
-1380.1 1335
-1379.9 1315
-1379.7 1322
-1379.5 1312
-1379.3 1298
-1379.1 1340
-1378.9 1364
-1378.7 1331
-1378.5 1331
-1378.3 1275
-1378.1 1327
-1377.9 1349
-1377.7 1297
-1377.5 1335
-1377.3 1351
-1377.1 1269
-1376.9 1240
-1376.7 1315
-1376.5 1370
-1376.3 1313
-1376.1 1266
-1375.9 1285
-1375.7 1288
-1375.5 1307
-1375.3 1358
-1375.1 1273
-1374.9 1290
-1374.7 1270
-1374.5 1299
-1374.3 1282
-1374.1 1316
-1373.9 1296
-1373.7 1255
-1373.5 1357
-1373.3 1308
-1373.1 1345
-1372.9 1270
-1372.7 1305
-1372.5 1297
-1372.3 1270
-1372.1 1328
-1371.9 1336
-1371.7 1213
-1371.5 1288
-1371.3 1229
-1371.1 1272
-1370.9 1266
-1370.7 1312
-1370.5 1288
-1370.3 1235
-1370.1 1255
-1369.9 1238
-1369.7 1170
-1369.5 1275
-1369.3 1288
-1369.1 1162
-1368.9 1214
-1368.7 1183
-1368.5 1217
-1368.3 1185
-1368.1 1164
-1367.9 1161
-1367.7 1158
-1367.5 1054
-1367.3 1155
-1367.1 1093
-1366.9 1025
-1366.7 1136
-1366.5 1105
-1366.3 1103
-1366.1 1108
-1365.9 1046
-1365.7 1012
-1365.5 1066
-1365.3 1008
-1365.1 1072
-1364.9 975
-1364.7 976
-1364.5 959
-1364.3 932
-1364.1 951
-1363.9 952
-1363.7 971
-1363.5 949
-1363.3 939
-1363.1 894
-1362.9 906
-1362.7 893
-1362.5 885
-1362.3 827
-1362.1 832
-1361.9 800
-1361.7 824
-1361.5 802
-1361.3 817
-1361.1 764
-1360.9 793
-1360.7 808
-1360.5 772
-1360.3 754
-1360.1 728
-1359.9 764
-1359.7 720
-1359.5 696
-1359.3 710
-1359.1 698
-1358.9 682
-1358.7 663
-1358.5 676
-1358.3 663
-1358.1 597
-1357.9 644
-1357.7 596
-1357.5 587
-1357.3 593
-1357.1 629
-1356.9 553
-1356.7 582
-1356.5 590
-1356.3 589
-1356.1 532
-1355.9 547
-1355.7 560
-1355.5 509
-1355.3 510
-1355.1 514
-1354.9 484
-1354.7 527
-1354.5 467
-1354.3 488
-1354.1 540
-1353.9 442
-1353.7 447
-1353.5 463
-1353.3 448
-1353.1 431
-1352.9 423
-1352.7 418
-1352.5 413
-1352.3 419
-1352.1 399
-1351.9 438
-1351.7 383
-1351.5 386
-1351.3 377
-1351.1 367
-1350.9 356
-1350.7 387
-1350.5 341
-1350.3 394
-1350.1 329
-1349.9 354
-1349.7 350
-1349.5 388
-1349.3 344
-1349.1 320
-1348.9 327
-1348.7 303
-1348.5 337
-1348.3 297
-1348.1 316
-1347.9 314
-1347.7 343
-1347.5 303
-1347.3 252
-1347.1 274
-1346.9 289
-1346.7 256
-1346.5 270
-1346.3 239
-1346.1 278
-1345.9 250
-1345.7 243
-1345.5 256
-1345.3 225
-1345.1 244
-1344.9 217
-1344.7 245
-1344.5 239
-1344.3 249
-1344.1 227
-1343.9 217
-1343.7 220
-1343.5 228
-1343.3 210
-1343.1 202
-1342.9 198
-1342.7 189
-1342.5 182
-1342.3 195
-1342.1 159
-1341.9 185
-1341.7 184
-1341.5 165
-1341.3 182
-1341.1 171
-1340.9 170
-1340.7 156
-1340.5 167
-1340.3 138
-1340.1 141
-1339.9 123
-1339.7 140
-1339.5 164
-1339.3 148
-1339.1 141
-1338.9 145
-1338.7 129
-1338.5 114
-1338.3 122
-1338.1 134
-1337.9 120
-1337.7 121
-1337.5 122
-1337.3 111
-1337.1 112
-1336.9 107
-1336.7 104
-1336.5 99
-1336.3 116
-1336.1 103
-1335.9 98
-1335.7 92
-1335.5 86
-1335.3 85
-1335.1 102
-1334.9 102
-1334.7 69
-1334.5 80
-1334.3 70
-1334.1 88
-1333.9 73
-1333.7 81
-1333.5 68
-1333.3 67
-1333.1 70
-1332.9 66
-1332.7 77
-1332.5 57
-1332.3 71
-1332.1 58
-1331.9 52
-1331.7 55
-1331.5 59
-1331.3 55
-1331.1 53
-1330.9 55
-1330.7 62
-1330.5 45
-1330.3 54
-1330.1 41
-1329.9 54
-1329.7 45
-1329.5 38
-1329.3 58
-1329.1 35
-1328.9 50
-1328.7 38
-1328.5 30
-1328.3 36
-1328.1 34
-1327.9 38
-1327.7 33
-1327.5 25
-1327.3 29
-1327.1 32
-1326.9 41
-1326.7 31
-1326.5 26
-1326.3 38
-1326.1 27
-1325.9 24
-1325.7 24
-1325.5 33
-1325.3 27
-1325.1 28
-1324.9 23
-1324.7 22
-1324.5 30
-1324.3 19
-1324.1 29
-1323.9 20
-1323.7 24
-1323.5 20
-1323.3 23
-1323.1 18
-1322.9 17
-1322.7 22
-1322.5 10
-1322.3 15
-1322.1 23
-1321.9 11
-1321.7 18
-1321.5 13
-1321.3 15
-1321.1 13
-1320.9 15
-1320.7 9
-1320.5 9
-1320.3 9
-1320.1 15
-1319.9 15
-1319.7 15
-1319.5 16
-1319.3 14
-1319.1 8
-1318.9 11
-1318.7 13
-1318.5 10
-1318.3 11
-1318.1 11
-1317.9 12
-1317.7 9
-1317.5 8
-1317.3 7
-1317.1 8
-1316.9 6
-1316.7 4
-1316.5 9
-1316.3 8
-1316.1 6
-1315.9 5
-1315.7 8
-1315.5 8
-1315.3 8
-1315.1 3
-1314.9 7
-1314.7 7
-1314.5 7
-1314.3 6
-1314.1 4
-1313.9 8
-1313.7 6
-1313.5 2
-1313.3 2
-1313.1 2
-1312.9 8
-1312.7 4
-1312.5 1
-1312.3 4
-1312.1 6
-1311.9 5
-1311.7 3
-1311.5 5
-1311.3 4
-1311.1 4
-1310.9 6
-1310.7 5
-1310.5 9
-1310.3 3
-1310.1 4
-1309.9 5
-1309.7 6
-1309.5 3
-1309.3 4
-1309.1 2
-1308.9 3
-1308.7 6
-1308.5 8
-1308.3 5
-1308.1 1
-1307.9 2
-1307.7 5
-1307.5 3
-1307.3 5
-1307.1 4
-1306.9 1
-1306.7 3
-1306.5 5
-1306.3 6
-1306.1 5
-1305.9 3
-1305.7 2
-1305.5 6
-1305.3 8
-1305.1 5
-1304.9 6
-1304.7 4
-1304.5 6
-1304.3 2
-1304.1 2
-1303.9 4
-1303.7 6
-1303.5 2
-1303.3 2
-1303.1 5
-1302.9 3
-1302.7 3
-1302.5 3
-1302.3 2
-1302.1 0
-1301.9 4
-1301.7 5
-1301.5 4
-1301.3 4
-1301.1 4
-1300.9 2
-1300.7 6
-1300.5 5
-1300.3 3
-1300.1 4
