-1589.9 0
-1589.7 26
-1589.5 21
-1589.3 17
-1589.1 24
-1588.9 25
-1588.7 29
-1588.5 27
-1588.3 28
-1588.1 30
-1587.9 24
-1587.7 30
-1587.5 28
-1587.3 29
-1587.1 26
-1586.9 26
-1586.7 31
-1586.5 33
-1586.3 36
-1586.1 27
-1585.9 35
-1585.7 34
-1585.5 33
-1585.3 43
-1585.1 31
-1584.9 50
-1584.7 44
-1584.5 62
-1584.3 50
-1584.1 48
-1583.9 42
-1583.7 63
-1583.5 73
-1583.3 72
-1583.1 62
-1582.9 67
-1582.7 78
-1582.5 91
-1582.3 95
-1582.1 103
-1581.9 80
-1581.7 108
-1581.5 85
-1581.3 109
-1581.1 89
-1580.9 126
-1580.7 119
-1580.5 120
-1580.3 125
-1580.1 122
-1579.9 131
-1579.7 130
-1579.5 140
-1579.3 169
-1579.1 166
-1578.9 178
-1578.7 191
-1578.5 227
-1578.3 266
-1578.1 263
-1577.9 335
-1577.7 333
-1577.5 400
-1577.3 406
-1577.1 527
-1576.9 557
-1576.7 625
-1576.5 675
-1576.3 768
-1576.1 859
-1575.9 887
-1575.7 1008
-1575.5 1146
-1575.3 1181
-1575.1 1307
-1574.9 1446
-1574.7 1441
-1574.5 1527
-1574.3 1693
-1574.1 1720
-1573.9 1798
-1573.7 1841
-1573.5 1895
-1573.3 1954
-1573.1 2096
-1572.9 2105
-1572.7 2101
-1572.5 2205
-1572.3 2179
-1572.1 2279
-1571.9 2235
-1571.7 2219
-1571.5 2132
-1571.3 2232
-1571.1 2344
-1570.9 2269
-1570.7 2289
-1570.5 2175
-1570.3 2247
-1570.1 2216
-1569.9 2169
-1569.7 2210
-1569.5 2194
-1569.3 2074
-1569.1 2196
-1568.9 2192
-1568.7 2113
-1568.5 2207
-1568.3 2154
-1568.1 2029
-1567.9 2193
-1567.7 2096
-1567.5 2017
-1567.3 1975
-1567.1 2045
-1566.9 2019
-1566.7 1989
-1566.5 2051
-1566.3 1984
-1566.1 1933
-1565.9 1889
-1565.7 1922
-1565.5 1940
-1565.3 1911
-1565.1 1839
-1564.9 1925
-1564.7 1882
-1564.5 1885
-1564.3 1868
-1564.1 1887
-1563.9 1897
-1563.7 1839
-1563.5 1826
-1563.3 1749
-1563.1 1764
-1562.9 1786
-1562.7 1735
-1562.5 1841
-1562.3 1707
-1562.1 1671
-1561.9 1738
-1561.7 1720
-1561.5 1713
-1561.3 1696
-1561.1 1705
-1560.9 1616
-1560.7 1641
-1560.5 1648
-1560.3 1632
-1560.1 1628
-1559.9 1597
-1559.7 1700
-1559.5 1586
-1559.3 1634
-1559.1 1611
-1558.9 1586
-1558.7 1529
-1558.5 1585
-1558.3 1573
-1558.1 1487
-1557.9 1544
-1557.7 1516
-1557.5 1625
-1557.3 1612
-1557.1 1492
-1556.9 1571
-1556.7 1560
-1556.5 1536
-1556.3 1451
-1556.1 1517
-1555.9 1506
-1555.7 1534
-1555.5 1537
-1555.3 1565
-1555.1 1500
-1554.9 1577
-1554.7 1524
-1554.5 1432
-1554.3 1494
-1554.1 1507
-1553.9 1472
-1553.7 1521
-1553.5 1447
-1553.3 1438
-1553.1 1488
-1552.9 1454
-1552.7 1437
-1552.5 1542
-1552.3 1403
-1552.1 1452
-1551.9 1510
-1551.7 1521
-1551.5 1417
-1551.3 1427
-1551.1 1454
-1550.9 1473
-1550.7 1436
-1550.5 1436
-1550.3 1451
-1550.1 1429
-1549.9 1458
-1549.7 1364
-1549.5 1420
-1549.3 1474
-1549.1 1432
-1548.9 1419
-1548.7 1418
-1548.5 1407
-1548.3 1359
-1548.1 1421
-1547.9 1421
-1547.7 1514
-1547.5 1409
-1547.3 1446
-1547.1 1440
-1546.9 1428
-1546.7 1421
-1546.5 1402
-1546.3 1389
-1546.1 1430
-1545.9 1372
-1545.7 1344
-1545.5 1416
-1545.3 1332
-1545.1 1370
-1544.9 1383
-1544.7 1377
-1544.5 1439
-1544.3 1411
-1544.1 1398
-1543.9 1361
-1543.7 1428
-1543.5 1425
-1543.3 1407
-1543.1 1395
-1542.9 1325
-1542.7 1386
-1542.5 1377
-1542.3 1411
-1542.1 1429
-1541.9 1420
-1541.7 1404
-1541.5 1399
-1541.3 1353
-1541.1 1445
-1540.9 1346
-1540.7 1403
-1540.5 1403
-1540.3 1440
-1540.1 1389
-1539.9 1421
-1539.7 1365
-1539.5 1337
-1539.3 1427
-1539.1 1318
-1538.9 1352
-1538.7 1343
-1538.5 1416
-1538.3 1315
-1538.1 1367
-1537.9 1325
-1537.7 1387
-1537.5 1369
-1537.3 1420
-1537.1 1321
-1536.9 1365
-1536.7 1390
-1536.5 1350
-1536.3 1327
-1536.1 1311
-1535.9 1325
-1535.7 1367
-1535.5 1344
-1535.3 1320
-1535.1 1304
-1534.9 1380
-1534.7 1265
-1534.5 1393
-1534.3 1372
-1534.1 1369
-1533.9 1378
-1533.7 1388
-1533.5 1318
-1533.3 1348
-1533.1 1312
-1532.9 1378
-1532.7 1360
-1532.5 1342
-1532.3 1339
-1532.1 1364
-1531.9 1288
-1531.7 1390
-1531.5 1327
-1531.3 1320
-1531.1 1317
-1530.9 1392
-1530.7 1346
-1530.5 1269
-1530.3 1334
-1530.1 1291
-1529.9 1306
-1529.7 1348
-1529.5 1329
-1529.3 1278
-1529.1 1341
-1528.9 1287
-1528.7 1322
-1528.5 1295
-1528.3 1291
-1528.1 1291
-1527.9 1285
-1527.7 1250
-1527.5 1249
-1527.3 1300
-1527.1 1305
-1526.9 1280
-1526.7 1225
-1526.5 1236
-1526.3 1368
-1526.1 1253
-1525.9 1371
-1525.7 1264
-1525.5 1234
-1525.3 1253
-1525.1 1231
-1524.9 1259
-1524.7 1325
-1524.5 1263
-1524.3 1287
-1524.1 1288
-1523.9 1324
-1523.7 1318
-1523.5 1342
-1523.3 1314
-1523.1 1333
-1522.9 1326
-1522.7 1318
-1522.5 1379
-1522.3 1301
-1522.1 1305
-1521.9 1273
-1521.7 1352
-1521.5 1279
-1521.3 1354
-1521.1 1301
-1520.9 1290
-1520.7 1351
-1520.5 1258
-1520.3 1356
-1520.1 1284
-1519.9 1295
-1519.7 1349
-1519.5 1317
-1519.3 1345
-1519.1 1279
-1518.9 1349
-1518.7 1345
-1518.5 1308
-1518.3 1299
-1518.1 1316
-1517.9 1272
-1517.7 1325
-1517.5 1292
-1517.3 1332
-1517.1 1326
-1516.9 1334
-1516.7 1344
-1516.5 1330
-1516.3 1340
-1516.1 1408
-1515.9 1323
-1515.7 1329
-1515.5 1337
-1515.3 1342
-1515.1 1328
-1514.9 1385
-1514.7 1325
-1514.5 1317
-1514.3 1385
-1514.1 1400
-1513.9 1326
-1513.7 1338
-1513.5 1335
-1513.3 1352
-1513.1 1366
-1512.9 1363
-1512.7 1292
-1512.5 1404
-1512.3 1317
-1512.1 1354
-1511.9 1357
-1511.7 1356
-1511.5 1398
-1511.3 1414
-1511.1 1348
-1510.9 1330
-1510.7 1464
-1510.5 1391
-1510.3 1321
-1510.1 1380
-1509.9 1373
-1509.7 1305
-1509.5 1404
-1509.3 1331
-1509.1 1374
-1508.9 1342
-1508.7 1374
-1508.5 1330
-1508.3 1351
-1508.1 1331
-1507.9 1362
-1507.7 1403
-1507.5 1340
-1507.3 1375
-1507.1 1403
-1506.9 1334
-1506.7 1344
-1506.5 1339
-1506.3 1362
-1506.1 1329
-1505.9 1369
-1505.7 1387
-1505.5 1420
-1505.3 1371
-1505.1 1387
-1504.9 1330
-1504.7 1372
-1504.5 1388
-1504.3 1364
-1504.1 1334
-1503.9 1409
-1503.7 1362
-1503.5 1363
-1503.3 1387
-1503.1 1307
-1502.9 1326
-1502.7 1363
-1502.5 1379
-1502.3 1383
-1502.1 1311
-1501.9 1356
-1501.7 1369
-1501.5 1356
-1501.3 1405
-1501.1 1318
-1500.9 1406
-1500.7 1428
-1500.5 1432
-1500.3 1306
-1500.1 1390
-1499.9 1341
-1499.7 1288
-1499.5 1365
-1499.3 1292
-1499.1 1387
-1498.9 1309
-1498.7 1417
-1498.5 1360
-1498.3 1385
-1498.1 1394
-1497.9 1423
-1497.7 1372
-1497.5 1445
-1497.3 1365
-1497.1 1366
-1496.9 1384
-1496.7 1327
-1496.5 1386
-1496.3 1374
-1496.1 1331
-1495.9 1317
-1495.7 1374
-1495.5 1413
-1495.3 1340
-1495.1 1335
-1494.9 1329
-1494.7 1377
-1494.5 1412
-1494.3 1365
-1494.1 1350
-1493.9 1319
-1493.7 1348
-1493.5 1364
-1493.3 1353
-1493.1 1392
-1492.9 1329
-1492.7 1293
-1492.5 1297
-1492.3 1330
-1492.1 1363
-1491.9 1340
-1491.7 1329
-1491.5 1363
-1491.3 1358
-1491.1 1325
-1490.9 1400
-1490.7 1354
-1490.5 1305
-1490.3 1364
-1490.1 1339
-1489.9 1354
-1489.7 1365
-1489.5 1390
-1489.3 1391
-1489.1 1404
-1488.9 1411
-1488.7 1346
-1488.5 1347
-1488.3 1383
-1488.1 1342
-1487.9 1319
-1487.7 1386
-1487.5 1442
-1487.3 1433
-1487.1 1327
-1486.9 1350
-1486.7 1397
-1486.5 1384
-1486.3 1386
-1486.1 1360
-1485.9 1369
-1485.7 1344
-1485.5 1310
-1485.3 1376
-1485.1 1398
-1484.9 1389
-1484.7 1326
-1484.5 1340
-1484.3 1340
-1484.1 1302
-1483.9 1351
-1483.7 1356
-1483.5 1358
-1483.3 1381
-1483.1 1375
-1482.9 1388
-1482.7 1248
-1482.5 1416
-1482.3 1284
-1482.1 1279
-1481.9 1342
-1481.7 1357
-1481.5 1314
-1481.3 1388
-1481.1 1342
-1480.9 1346
-1480.7 1346
-1480.5 1324
-1480.3 1311
-1480.1 1307
-1479.9 1333
-1479.7 1331
-1479.5 1387
-1479.3 1347
-1479.1 1363
-1478.9 1368
-1478.7 1350
-1478.5 1366
-1478.3 1432
-1478.1 1355
-1477.9 1337
-1477.7 1382
-1477.5 1335
-1477.3 1369
-1477.1 1345
-1476.9 1309
-1476.7 1358
-1476.5 1386
-1476.3 1377
-1476.1 1250
-1475.9 1312
-1475.7 1317
-1475.5 1362
-1475.3 1316
-1475.1 1367
-1474.9 1346
-1474.7 1390
-1474.5 1391
-1474.3 1361
-1474.1 1311
-1473.9 1354
-1473.7 1325
-1473.5 1363
-1473.3 1388
-1473.1 1344
-1472.9 1426
-1472.7 1314
-1472.5 1361
-1472.3 1357
-1472.1 1296
-1471.9 1349
-1471.7 1332
-1471.5 1346
-1471.3 1369
-1471.1 1351
-1470.9 1375
-1470.7 1290
-1470.5 1315
-1470.3 1343
-1470.1 1357
-1469.9 1364
-1469.7 1324
-1469.5 1379
-1469.3 1351
-1469.1 1390
-1468.9 1321
-1468.7 1391
-1468.5 1326
-1468.3 1348
-1468.1 1301
-1467.9 1323
-1467.7 1375
-1467.5 1328
-1467.3 1300
-1467.1 1246
-1466.9 1401
-1466.7 1360
-1466.5 1322
-1466.3 1401
-1466.1 1318
-1465.9 1378
-1465.7 1221
-1465.5 1354
-1465.3 1285
-1465.1 1349
-1464.9 1375
-1464.7 1390
-1464.5 1352
-1464.3 1368
-1464.1 1286
-1463.9 1324
-1463.7 1331
-1463.5 1354
-1463.3 1393
-1463.1 1267
-1462.9 1395
-1462.7 1319
-1462.5 1336
-1462.3 1365
-1462.1 1337
-1461.9 1351
-1461.7 1365
-1461.5 1298
-1461.3 1361
-1461.1 1409
-1460.9 1375
-1460.7 1287
-1460.5 1385
-1460.3 1371
-1460.1 1316
-1459.9 1394
-1459.7 1380
-1459.5 1377
-1459.3 1303
-1459.1 1349
-1458.9 1331
-1458.7 1312
-1458.5 1342
-1458.3 1369
-1458.1 1358
-1457.9 1339
-1457.7 1398
-1457.5 1373
-1457.3 1338
-1457.1 1421
-1456.9 1303
-1456.7 1286
-1456.5 1325
-1456.3 1409
-1456.1 1357
-1455.9 1349
-1455.7 1339
-1455.5 1367
-1455.3 1339
-1455.1 1349
-1454.9 1316
-1454.7 1310
-1454.5 1362
-1454.3 1301
-1454.1 1317
-1453.9 1403
-1453.7 1311
-1453.5 1307
-1453.3 1341
-1453.1 1419
-1452.9 1339
-1452.7 1293
-1452.5 1377
-1452.3 1330
-1452.1 1297
-1451.9 1356
-1451.7 1319
-1451.5 1391
-1451.3 1282
-1451.1 1284
-1450.9 1374
-1450.7 1330
-1450.5 1320
-1450.3 1340
-1450.1 1322
-1449.9 1394
-1449.7 1346
-1449.5 1376
-1449.3 1327
-1449.1 1338
-1448.9 1362
-1448.7 1323
-1448.5 1363
-1448.3 1383
-1448.1 1320
-1447.9 1327
-1447.7 1321
-1447.5 1379
-1447.3 1349
-1447.1 1318
-1446.9 1379
-1446.7 1385
-1446.5 1331
-1446.3 1256
-1446.1 1376
-1445.9 1341
-1445.7 1266
-1445.5 1323
-1445.3 1388
-1445.1 1350
-1444.9 1381
-1444.7 1356
-1444.5 1340
-1444.3 1336
-1444.1 1357
-1443.9 1353
-1443.7 1375
-1443.5 1453
-1443.3 1441
-1443.1 1385
-1442.9 1366
-1442.7 1272
-1442.5 1319
-1442.3 1359
-1442.1 1325
-1441.9 1262
-1441.7 1289
-1441.5 1309
-1441.3 1373
-1441.1 1283
-1440.9 1351
-1440.7 1331
-1440.5 1330
-1440.3 1381
-1440.1 1369
-1439.9 1328
-1439.7 1261
-1439.5 1395
-1439.3 1328
-1439.1 1314
-1438.9 1409
-1438.7 1368
-1438.5 1383
-1438.3 1434
-1438.1 1409
-1437.9 1306
-1437.7 1344
-1437.5 1352
-1437.3 1324
-1437.1 1329
-1436.9 1344
-1436.7 1325
-1436.5 1337
-1436.3 1284
-1436.1 1393
-1435.9 1402
-1435.7 1316
-1435.5 1321
-1435.3 1320
-1435.1 1291
-1434.9 1289
-1434.7 1402
-1434.5 1393
-1434.3 1365
-1434.1 1374
-1433.9 1388
-1433.7 1275
-1433.5 1385
-1433.3 1392
-1433.1 1322
-1432.9 1280
-1432.7 1318
-1432.5 1384
-1432.3 1337
-1432.1 1376
-1431.9 1319
-1431.7 1363
-1431.5 1311
-1431.3 1333
-1431.1 1311
-1430.9 1345
-1430.7 1305
-1430.5 1390
-1430.3 1332
-1430.1 1356
-1429.9 1294
-1429.7 1356
-1429.5 1335
-1429.3 1338
-1429.1 1374
-1428.9 1451
-1428.7 1315
-1428.5 1311
-1428.3 1374
-1428.1 1336
-1427.9 1282
-1427.7 1368
-1427.5 1296
-1427.3 1306
-1427.1 1297
-1426.9 1393
-1426.7 1355
-1426.5 1328
-1426.3 1353
-1426.1 1349
-1425.9 1256
-1425.7 1309
-1425.5 1375
-1425.3 1363
-1425.1 1351
-1424.9 1357
-1424.7 1312
-1424.5 1273
-1424.3 1378
-1424.1 1363
-1423.9 1367
-1423.7 1408
-1423.5 1330
-1423.3 1258
-1423.1 1297
-1422.9 1327
-1422.7 1370
-1422.5 1266
-1422.3 1340
-1422.1 1261
-1421.9 1308
-1421.7 1379
-1421.5 1427
-1421.3 1381
-1421.1 1243
-1420.9 1377
-1420.7 1359
-1420.5 1316
-1420.3 1290
-1420.1 1323
-1419.9 1332
-1419.7 1339
-1419.5 1380
-1419.3 1345
-1419.1 1360
-1418.9 1315
-1418.7 1317
-1418.5 1339
-1418.3 1384
-1418.1 1321
-1417.9 1306
-1417.7 1312
-1417.5 1282
-1417.3 1355
-1417.1 1330
-1416.9 1288
-1416.7 1305
-1416.5 1315
-1416.3 1358
-1416.1 1338
-1415.9 1386
-1415.7 1361
-1415.5 1307
-1415.3 1368
-1415.1 1314
-1414.9 1357
-1414.7 1269
-1414.5 1320
-1414.3 1254
-1414.1 1324
-1413.9 1370
-1413.7 1299
-1413.5 1325
-1413.3 1304
-1413.1 1373
-1412.9 1349
-1412.7 1253
-1412.5 1384
-1412.3 1330
-1412.1 1390
-1411.9 1327
-1411.7 1343
-1411.5 1310
-1411.3 1354
-1411.1 1298
-1410.9 1368
-1410.7 1322
-1410.5 1314
-1410.3 1265
-1410.1 1250
-1409.9 1282
-1409.7 1364
-1409.5 1329
-1409.3 1332
-1409.1 1298
-1408.9 1322
-1408.7 1328
-1408.5 1338
-1408.3 1316
-1408.1 1313
-1407.9 1351
-1407.7 1316
-1407.5 1338
-1407.3 1344
-1407.1 1300
-1406.9 1310
-1406.7 1319
-1406.5 1352
-1406.3 1361
-1406.1 1306
-1405.9 1306
-1405.7 1284
-1405.5 1286
-1405.3 1293
-1405.1 1338
-1404.9 1286
-1404.7 1368
-1404.5 1342
-1404.3 1316
-1404.1 1277
-1403.9 1276
-1403.7 1351
-1403.5 1348
-1403.3 1271
-1403.1 1331
-1402.9 1327
-1402.7 1320
-1402.5 1301
-1402.3 1332
-1402.1 1376
-1401.9 1305
-1401.7 1331
-1401.5 1332
-1401.3 1321
-1401.1 1336
-1400.9 1407
-1400.7 1371
-1400.5 1335
-1400.3 1273
-1400.1 1338
-1399.9 1336
-1399.7 1372
-1399.5 1297
-1399.3 1290
-1399.1 1357
-1398.9 1332
-1398.7 1307
-1398.5 1305
-1398.3 1382
-1398.1 1328
-1397.9 1372
-1397.7 1347
-1397.5 1338
-1397.3 1305
-1397.1 1317
-1396.9 1337
-1396.7 1281
-1396.5 1307
-1396.3 1326
-1396.1 1322
-1395.9 1306
-1395.7 1322
-1395.5 1390
-1395.3 1404
-1395.1 1266
-1394.9 1262
-1394.7 1292
-1394.5 1291
-1394.3 1329
-1394.1 1307
-1393.9 1367
-1393.7 1270
-1393.5 1315
-1393.3 1356
-1393.1 1303
-1392.9 1285
-1392.7 1275
-1392.5 1328
-1392.3 1261
-1392.1 1325
-1391.9 1338
-1391.7 1278
-1391.5 1324
-1391.3 1284
-1391.1 1270
-1390.9 1319
-1390.7 1300
-1390.5 1279
-1390.3 1266
-1390.1 1270
-1389.9 1306
-1389.7 1326
-1389.5 1309
-1389.3 1295
-1389.1 1328
-1388.9 1276
-1388.7 1323
-1388.5 1326
-1388.3 1306
-1388.1 1356
-1387.9 1292
-1387.7 1288
-1387.5 1300
-1387.3 1344
-1387.1 1256
-1386.9 1329
-1386.7 1337
-1386.5 1277
-1386.3 1304
-1386.1 1275
-1385.9 1218
-1385.7 1329
-1385.5 1338
-1385.3 1317
-1385.1 1296
-1384.9 1340
-1384.7 1257
-1384.5 1294
-1384.3 1326
-1384.1 1288
-1383.9 1324
-1383.7 1288
-1383.5 1341
-1383.3 1310
-1383.1 1303
-1382.9 1317
-1382.7 1292
-1382.5 1325
-1382.3 1301
-1382.1 1251
-1381.9 1313
-1381.7 1313
-1381.5 1330
-1381.3 1357
-1381.1 1265
-1380.9 1290
-1380.7 1280
-1380.5 1341
-1380.3 1270
-1380.1 1306
-1379.9 1295
-1379.7 1231
-1379.5 1318
-1379.3 1232
-1379.1 1256
-1378.9 1247
-1378.7 1292
-1378.5 1306
-1378.3 1274
-1378.1 1253
-1377.9 1283
-1377.7 1304
-1377.5 1275
-1377.3 1214
-1377.1 1274
-1376.9 1296
-1376.7 1272
-1376.5 1268
-1376.3 1318
-1376.1 1281
-1375.9 1257
-1375.7 1357
-1375.5 1321
-1375.3 1293
-1375.1 1273
-1374.9 1310
-1374.7 1337
-1374.5 1285
-1374.3 1302
-1374.1 1258
-1373.9 1264
-1373.7 1291
-1373.5 1384
-1373.3 1257
-1373.1 1333
-1372.9 1335
-1372.7 1220
-1372.5 1362
-1372.3 1322
-1372.1 1292
-1371.9 1335
-1371.7 1323
-1371.5 1227
-1371.3 1287
-1371.1 1284
-1370.9 1283
-1370.7 1298
-1370.5 1234
-1370.3 1279
-1370.1 1238
-1369.9 1222
-1369.7 1277
-1369.5 1269
-1369.3 1273
-1369.1 1271
-1368.9 1360
-1368.7 1332
-1368.5 1204
-1368.3 1277
-1368.1 1302
-1367.9 1254
-1367.7 1259
-1367.5 1218
-1367.3 1260
-1367.1 1172
-1366.9 1202
-1366.7 1257
-1366.5 1195
-1366.3 1219
-1366.1 1146
-1365.9 1156
-1365.7 1146
-1365.5 1129
-1365.3 1163
-1365.1 1111
-1364.9 1170
-1364.7 1183
-1364.5 1183
-1364.3 1124
-1364.1 1094
-1363.9 1071
-1363.7 1110
-1363.5 1078
-1363.3 1046
-1363.1 1067
-1362.9 987
-1362.7 1067
-1362.5 1045
-1362.3 1011
-1362.1 1003
-1361.9 969
-1361.7 981
-1361.5 987
-1361.3 911
-1361.1 895
-1360.9 873
-1360.7 953
-1360.5 950
-1360.3 904
-1360.1 912
-1359.9 855
-1359.7 856
-1359.5 844
-1359.3 875
-1359.1 866
-1358.9 801
-1358.7 808
-1358.5 799
-1358.3 785
-1358.1 791
-1357.9 780
-1357.7 772
-1357.5 718
-1357.3 716
-1357.1 730
-1356.9 767
-1356.7 666
-1356.5 697
-1356.3 698
-1356.1 647
-1355.9 684
-1355.7 657
-1355.5 648
-1355.3 661
-1355.1 616
-1354.9 635
-1354.7 605
-1354.5 562
-1354.3 597
-1354.1 537
-1353.9 586
-1353.7 533
-1353.5 491
-1353.3 529
-1353.1 575
-1352.9 535
-1352.7 500
-1352.5 556
-1352.3 489
-1352.1 505
-1351.9 511
-1351.7 489
-1351.5 512
-1351.3 452
-1351.1 415
-1350.9 447
-1350.7 449
-1350.5 470
-1350.3 454
-1350.1 433
-1349.9 430
-1349.7 387
-1349.5 403
-1349.3 405
-1349.1 436
-1348.9 382
-1348.7 349
-1348.5 381
-1348.3 356
-1348.1 380
-1347.9 360
-1347.7 342
-1347.5 350
-1347.3 337
-1347.1 375
-1346.9 315
-1346.7 349
-1346.5 353
-1346.3 327
-1346.1 348
-1345.9 321
-1345.7 337
-1345.5 279
-1345.3 310
-1345.1 272
-1344.9 291
-1344.7 302
-1344.5 269
-1344.3 271
-1344.1 267
-1343.9 240
-1343.7 263
-1343.5 244
-1343.3 272
-1343.1 258
-1342.9 243
-1342.7 272
-1342.5 239
-1342.3 214
-1342.1 222
-1341.9 221
-1341.7 213
-1341.5 235
-1341.3 212
-1341.1 199
-1340.9 200
-1340.7 174
-1340.5 210
-1340.3 194
-1340.1 176
-1339.9 186
-1339.7 187
-1339.5 197
-1339.3 176
-1339.1 177
-1338.9 174
-1338.7 162
-1338.5 163
-1338.3 159
-1338.1 147
-1337.9 155
-1337.7 150
-1337.5 151
-1337.3 160
-1337.1 148
-1336.9 151
-1336.7 149
-1336.5 146
-1336.3 131
-1336.1 136
-1335.9 116
-1335.7 132
-1335.5 114
-1335.3 127
-1335.1 125
-1334.9 103
-1334.7 117
-1334.5 105
-1334.3 105
-1334.1 104
-1333.9 123
-1333.7 92
-1333.5 107
-1333.3 84
-1333.1 97
-1332.9 103
-1332.7 99
-1332.5 97
-1332.3 86
-1332.1 67
-1331.9 70
-1331.7 75
-1331.5 83
-1331.3 83
-1331.1 101
-1330.9 67
-1330.7 66
-1330.5 61
-1330.3 56
-1330.1 79
-1329.9 74
-1329.7 79
-1329.5 46
-1329.3 66
-1329.1 51
-1328.9 57
-1328.7 61
-1328.5 47
-1328.3 56
-1328.1 61
-1327.9 52
-1327.7 50
-1327.5 60
-1327.3 47
-1327.1 62
-1326.9 49
-1326.7 43
-1326.5 36
-1326.3 30
-1326.1 31
-1325.9 48
-1325.7 47
-1325.5 36
-1325.3 32
-1325.1 34
-1324.9 41
-1324.7 46
-1324.5 34
-1324.3 19
-1324.1 35
-1323.9 29
-1323.7 25
-1323.5 22
-1323.3 29
-1323.1 20
-1322.9 18
-1322.7 28
-1322.5 28
-1322.3 17
-1322.1 21
-1321.9 22
-1321.7 19
-1321.5 20
-1321.3 27
-1321.1 16
-1320.9 18
-1320.7 17
-1320.5 13
-1320.3 19
-1320.1 11
-1319.9 15
-1319.7 13
-1319.5 19
-1319.3 14
-1319.1 10
-1318.9 8
-1318.7 17
-1318.5 9
-1318.3 13
-1318.1 14
-1317.9 10
-1317.7 12
-1317.5 9
-1317.3 12
-1317.1 10
-1316.9 20
-1316.7 8
-1316.5 6
-1316.3 10
-1316.1 8
-1315.9 12
-1315.7 7
-1315.5 11
-1315.3 10
-1315.1 3
-1314.9 7
-1314.7 14
-1314.5 9
-1314.3 5
-1314.1 3
-1313.9 7
-1313.7 6
-1313.5 5
-1313.3 7
-1313.1 8
-1312.9 11
-1312.7 9
-1312.5 4
-1312.3 7
-1312.1 3
-1311.9 5
-1311.7 6
-1311.5 1
-1311.3 1
-1311.1 6
-1310.9 6
-1310.7 8
-1310.5 4
-1310.3 5
-1310.1 3
-1309.9 7
-1309.7 5
-1309.5 4
-1309.3 3
-1309.1 10
-1308.9 1
-1308.7 3
-1308.5 5
-1308.3 6
-1308.1 6
-1307.9 4
-1307.7 2
-1307.5 3
-1307.3 5
-1307.1 3
-1306.9 1
-1306.7 6
-1306.5 4
-1306.3 1
-1306.1 3
-1305.9 0
-1305.7 4
-1305.5 2
-1305.3 2
-1305.1 3
-1304.9 5
-1304.7 5
-1304.5 5
-1304.3 5
-1304.1 2
-1303.9 4
-1303.7 4
-1303.5 3
-1303.3 2
-1303.1 5
-1302.9 4
-1302.7 5
-1302.5 0
-1302.3 6
-1302.1 4
-1301.9 4
-1301.7 6
-1301.5 2
-1301.3 1
-1301.1 1
-1300.9 1
-1300.7 2
-1300.5 2
-1300.3 3
-1300.1 2
