1299
-209.7 2.30765e-06
-209.5 3.46147e-06
-209.3 4.6153e-06
-209.1 6.92295e-06
-208.9 6.92295e-06
-208.7 6.92295e-06
-208.5 6.92295e-06
-208.3 9.2306e-06
-208.1 9.2306e-06
-207.9 9.2306e-06
-207.7 9.2306e-06
-207.5 1.03844e-05
-207.3 1.03844e-05
-207.1 1.03844e-05
-206.9 1.03844e-05
-206.7 1.03844e-05
-206.5 1.03844e-05
-206.3 1.15382e-05
-206.1 1.38459e-05
-205.9 1.38459e-05
-205.7 1.61535e-05
-205.5 1.73074e-05
-205.3 1.73074e-05
-205.1 1.73074e-05
-204.9 1.84612e-05
-204.7 1.9615e-05
-204.5 2.07688e-05
-204.3 2.30765e-05
-204.1 2.30765e-05
-203.9 2.30765e-05
-203.7 2.30765e-05
-203.5 2.30765e-05
-203.3 2.30765e-05
-203.1 2.30765e-05
-202.9 2.53841e-05
-202.7 2.76918e-05
-202.5 3.11533e-05
-202.3 3.34609e-05
-202.1 3.69224e-05
-201.9 3.80762e-05
-201.7 4.15377e-05
-201.5 4.38453e-05
-201.3 5.53836e-05
-201.1 6.34603e-05
-200.9 6.80756e-05
-200.7 7.96139e-05
-200.5 9.80751e-05
-200.3 0.000118844
-200.1 0.000145382
-199.9 0.00018115
-199.7 0.000219227
-199.5 0.000275764
-199.3 0.000333455
-199.1 0.000464991
-198.9 0.00061845
-198.7 0.000783447
-198.5 0.00101421
-198.3 0.00126228
-198.1 0.00161535
-197.9 0.00206535
-197.7 0.00263764
-197.5 0.00334378
-197.3 0.00417569
-197.1 0.00515298
-196.9 0.00637719
-196.7 0.00776755
-196.5 0.00931944
-196.3 0.0109833
-196.1 0.0128801
-195.9 0.014867
-195.7 0.0170004
-195.5 0.0192169
-195.3 0.0214669
-195.1 0.0237711
-194.9 0.0260349
-194.7 0.0283195
-194.5 0.030559
-194.3 0.032779
-194.1 0.0350128
-193.9 0.0370931
-193.7 0.0391735
-193.5 0.0412377
-193.3 0.0432257
-193.1 0.0452241
-192.9 0.0472526
-192.7 0.0491898
-192.5 0.0510856
-192.3 0.0530563
-192.1 0.0549255
-191.9 0.0567301
-191.7 0.0586212
-191.5 0.0604442
-191.3 0.0621473
-191.1 0.0638769
-190.9 0.065708
-190.7 0.0675114
-190.5 0.0692445
-190.3 0.0709106
-190.1 0.0727348
-189.9 0.0744967
-189.7 0.0762551
-189.5 0.0780089
-189.3 0.0797512
-189.1 0.0814438
-188.9 0.0832184
-188.7 0.0849549
-188.5 0.0866476
-188.3 0.0883772
-188.1 0.0900387
-187.9 0.0916898
-187.7 0.0933455
-187.5 0.0949759
-187.3 0.0967078
-187.1 0.0984281
-186.9 0.100071
-186.7 0.10174
-186.5 0.103394
-186.3 0.10505
-186.1 0.106551
-185.9 0.108125
-185.7 0.109691
-185.5 0.11118
-185.3 0.112763
-185.1 0.114259
-184.9 0.115759
-184.7 0.117214
-184.5 0.118749
-184.3 0.12029
-184.1 0.121805
-183.9 0.123279
-183.7 0.124758
-183.5 0.126338
-183.3 0.127843
-183.1 0.129284
-182.9 0.130743
-182.7 0.132198
-182.5 0.133563
-182.3 0.134948
-182.1 0.136298
-181.9 0.13762
-181.7 0.13893
-181.5 0.140217
-181.3 0.141507
-181.1 0.142831
-180.9 0.14414
-180.7 0.145435
-180.5 0.146724
-180.3 0.147975
-180.1 0.149231
-179.9 0.150475
-179.7 0.151683
-179.5 0.152868
-179.3 0.154014
-179.1 0.155146
-178.9 0.156268
-178.7 0.157399
-178.5 0.158525
-178.3 0.159664
-178.1 0.160792
-177.9 0.161884
-177.7 0.162974
-177.5 0.164039
-177.3 0.165176
-177.1 0.166228
-176.9 0.167291
-176.7 0.168343
-176.5 0.169441
-176.3 0.170493
-176.1 0.171486
-175.9 0.172466
-175.7 0.173494
-175.5 0.174516
-175.3 0.175539
-175.1 0.176557
-174.9 0.177569
-174.7 0.17856
-174.5 0.179567
-174.3 0.180563
-174.1 0.181588
-173.9 0.182605
-173.7 0.183636
-173.5 0.184647
-173.3 0.185602
-173.1 0.186555
-172.9 0.187507
-172.7 0.188465
-172.5 0.189415
-172.3 0.190364
-172.1 0.19131
-171.9 0.192243
-171.7 0.193139
-171.5 0.194022
-171.3 0.194927
-171.1 0.195847
-170.9 0.196733
-170.7 0.197665
-170.5 0.198542
-170.3 0.199508
-170.1 0.200401
-169.9 0.201324
-169.7 0.202337
-169.5 0.203218
-169.3 0.204133
-169.1 0.205032
-168.9 0.205914
-168.7 0.206844
-168.5 0.207763
-168.3 0.208645
-168.1 0.209559
-167.9 0.210486
-167.7 0.211371
-167.5 0.212261
-167.3 0.213169
-167.1 0.214041
-166.9 0.214967
-166.7 0.215898
-166.5 0.216747
-166.3 0.217627
-166.1 0.218526
-165.9 0.219404
-165.7 0.22027
-165.5 0.221142
-165.3 0.222003
-165.1 0.222911
-164.9 0.223832
-164.7 0.2247
-164.5 0.225588
-164.3 0.226436
-164.1 0.227302
-163.9 0.228184
-163.7 0.229024
-163.5 0.229934
-163.3 0.230769
-163.1 0.231689
-162.9 0.232509
-162.7 0.233375
-162.5 0.234203
-162.3 0.235058
-162.1 0.235925
-161.9 0.236789
-161.7 0.237606
-161.5 0.238441
-161.3 0.239248
-161.1 0.24007
-160.9 0.240966
-160.7 0.241832
-160.5 0.242701
-160.3 0.243573
-160.1 0.244428
-159.9 0.245298
-159.7 0.24615
-159.5 0.247011
-159.3 0.247855
-159.1 0.248677
-158.9 0.249509
-158.7 0.250368
-158.5 0.251181
-158.3 0.252064
-158.1 0.252949
-157.9 0.253762
-157.7 0.254546
-157.5 0.255353
-157.3 0.256207
-157.1 0.257052
-156.9 0.257891
-156.7 0.2587
-156.5 0.259552
-156.3 0.260362
-156.1 0.261188
-155.9 0.262019
-155.7 0.262856
-155.5 0.263723
-155.3 0.26455
-155.1 0.265325
-154.9 0.266131
-154.7 0.266919
-154.5 0.267746
-154.3 0.268539
-154.1 0.269296
-153.9 0.270106
-153.7 0.270906
-153.5 0.271703
-153.3 0.272473
-153.1 0.273204
-152.9 0.27398
-152.7 0.274711
-152.5 0.275458
-152.3 0.276261
-152.1 0.276971
-151.9 0.277722
-151.7 0.278524
-151.5 0.279215
-151.3 0.27999
-151.1 0.280765
-150.9 0.281517
-150.7 0.282265
-150.5 0.28302
-150.3 0.283785
-150.1 0.284569
-149.9 0.28537
-149.7 0.286153
-149.5 0.286923
-149.3 0.28769
-149.1 0.288499
-148.9 0.28925
-148.7 0.289983
-148.5 0.290758
-148.3 0.291508
-148.1 0.292296
-147.9 0.293085
-147.7 0.293834
-147.5 0.294635
-147.3 0.295423
-147.1 0.296189
-146.9 0.297008
-146.7 0.297793
-146.5 0.298592
-146.3 0.299384
-146.1 0.30019
-145.9 0.301044
-145.7 0.301851
-145.5 0.302674
-145.3 0.303477
-145.1 0.304323
-144.9 0.305127
-144.7 0.305972
-144.5 0.306778
-144.3 0.307617
-144.1 0.30842
-143.9 0.309233
-143.7 0.310079
-143.5 0.310993
-143.3 0.311831
-143.1 0.312726
-142.9 0.313519
-142.7 0.314306
-142.5 0.315122
-142.3 0.316019
-142.1 0.316928
-141.9 0.317793
-141.7 0.318647
-141.5 0.319499
-141.3 0.320374
-141.1 0.321269
-140.9 0.322135
-140.7 0.322985
-140.5 0.323847
-140.3 0.32472
-140.1 0.325609
-139.9 0.326478
-139.7 0.327385
-139.5 0.328254
-139.3 0.329141
-139.1 0.329995
-138.9 0.330885
-138.7 0.33174
-138.5 0.332683
-138.3 0.333593
-138.1 0.334474
-137.9 0.335345
-137.7 0.336219
-137.5 0.337112
-137.3 0.337992
-137.1 0.338869
-136.9 0.339812
-136.7 0.340712
-136.5 0.341583
-136.3 0.34248
-136.1 0.343372
-135.9 0.344212
-135.7 0.345119
-135.5 0.345986
-135.3 0.346835
-135.1 0.347663
-134.9 0.348573
-134.7 0.349463
-134.5 0.350335
-134.3 0.351295
-134.1 0.352189
-133.9 0.353126
-133.7 0.353997
-133.5 0.3549
-133.3 0.355766
-133.1 0.356607
-132.9 0.357465
-132.7 0.358357
-132.5 0.359258
-132.3 0.36008
-132.1 0.360937
-131.9 0.361792
-131.7 0.362662
-131.5 0.363523
-131.3 0.36443
-131.1 0.36533
-130.9 0.366217
-130.7 0.367047
-130.5 0.367878
-130.3 0.368805
-130.1 0.369668
-129.9 0.370533
-129.7 0.371372
-129.5 0.372303
-129.3 0.373132
-129.1 0.374072
-128.9 0.374923
-128.7 0.375841
-128.5 0.376697
-128.3 0.377512
-128.1 0.378341
-127.9 0.379188
-127.7 0.380025
-127.5 0.380889
-127.3 0.381785
-127.1 0.382668
-126.9 0.383492
-126.7 0.384352
-126.5 0.385202
-126.3 0.386093
-126.1 0.386968
-125.9 0.387833
-125.7 0.388681
-125.5 0.389442
-125.3 0.39028
-125.1 0.391194
-124.9 0.392052
-124.7 0.39287
-124.5 0.393681
-124.3 0.394547
-124.1 0.395401
-123.9 0.396221
-123.7 0.397047
-123.5 0.397883
-123.3 0.398669
-123.1 0.399475
-122.9 0.400374
-122.7 0.401272
-122.5 0.4021
-122.3 0.402875
-122.1 0.403697
-121.9 0.404576
-121.7 0.405444
-121.5 0.406294
-121.3 0.407108
-121.1 0.40789
-120.9 0.408742
-120.7 0.409579
-120.5 0.410429
-120.3 0.411256
-120.1 0.412069
-119.9 0.412962
-119.7 0.413788
-119.5 0.414638
-119.3 0.415535
-119.1 0.416354
-118.9 0.417246
-118.7 0.418058
-118.5 0.418894
-118.3 0.419712
-118.1 0.420546
-117.9 0.421389
-117.7 0.422143
-117.5 0.422994
-117.3 0.423829
-117.1 0.424659
-116.9 0.425543
-116.7 0.426347
-116.5 0.42715
-116.3 0.427972
-116.1 0.428829
-115.9 0.429683
-115.7 0.430483
-115.5 0.431279
-115.3 0.432133
-115.1 0.432935
-114.9 0.433799
-114.7 0.434602
-114.5 0.435429
-114.3 0.436246
-114.1 0.437034
-113.9 0.437857
-113.7 0.438613
-113.5 0.439463
-113.3 0.440294
-113.1 0.441119
-112.9 0.44193
-112.7 0.442739
-112.5 0.443532
-112.3 0.444353
-112.1 0.445163
-111.9 0.445898
-111.7 0.446735
-111.5 0.447551
-111.3 0.448377
-111.1 0.449188
-110.9 0.44999
-110.7 0.450841
-110.5 0.451658
-110.3 0.452529
-110.1 0.453373
-109.9 0.454251
-109.7 0.4551
-109.5 0.455914
-109.3 0.456726
-109.1 0.457486
-108.9 0.458248
-108.7 0.459081
-108.5 0.459941
-108.3 0.460794
-108.1 0.461621
-107.9 0.462436
-107.7 0.463254
-107.5 0.464115
-107.3 0.464886
-107.1 0.465669
-106.9 0.466494
-106.7 0.46731
-106.5 0.468125
-106.3 0.468897
-106.1 0.469761
-105.9 0.470638
-105.7 0.471473
-105.5 0.472295
-105.3 0.473099
-105.1 0.473898
-104.9 0.4747
-104.7 0.47551
-104.5 0.476299
-104.3 0.477171
-104.1 0.477991
-103.9 0.478798
-103.7 0.479675
-103.5 0.480501
-103.3 0.481304
-103.1 0.482139
-102.9 0.482957
-102.7 0.483743
-102.5 0.484579
-102.3 0.485408
-102.1 0.48619
-101.9 0.487051
-101.7 0.487868
-101.5 0.488649
-101.3 0.48951
-101.1 0.490343
-100.9 0.491165
-100.7 0.491943
-100.5 0.492753
-100.3 0.493556
-100.1 0.494346
-99.9 0.4952
-99.7 0.496004
-99.5 0.496765
-99.3 0.497579
-99.1 0.498344
-98.9 0.499178
-98.7 0.500003
-98.5 0.500823
-98.3 0.501654
-98.1 0.502517
-97.9 0.50325
-97.7 0.504055
-97.5 0.504828
-97.3 0.505607
-97.1 0.506423
-96.9 0.507194
-96.7 0.508046
-96.5 0.508891
-96.3 0.50967
-96.1 0.510457
-95.9 0.511261
-95.7 0.512072
-95.5 0.512852
-95.3 0.51365
-95.1 0.514482
-94.9 0.51533
-94.7 0.516114
-94.5 0.516934
-94.3 0.517768
-94.1 0.518585
-93.9 0.519362
-93.7 0.520172
-93.5 0.520975
-93.3 0.521791
-93.1 0.522572
-92.9 0.523316
-92.7 0.524137
-92.5 0.524961
-92.3 0.525689
-92.1 0.526514
-91.9 0.527304
-91.7 0.528096
-91.5 0.528889
-91.3 0.529735
-91.1 0.530538
-90.9 0.531337
-90.7 0.532064
-90.5 0.532934
-90.3 0.533772
-90.1 0.534509
-89.9 0.535263
-89.7 0.536022
-89.5 0.536866
-89.3 0.537636
-89.1 0.538447
-88.9 0.539248
-88.7 0.540046
-88.5 0.540867
-88.3 0.54167
-88.1 0.542488
-87.9 0.543312
-87.7 0.544124
-87.5 0.544965
-87.3 0.545797
-87.1 0.546627
-86.9 0.54741
-86.7 0.548197
-86.5 0.549043
-86.3 0.549825
-86.1 0.5506
-85.9 0.551332
-85.7 0.552132
-85.5 0.552943
-85.3 0.553731
-85.1 0.554549
-84.9 0.555335
-84.7 0.556154
-84.5 0.55694
-84.3 0.557763
-84.1 0.558568
-83.9 0.559419
-83.7 0.560229
-83.5 0.561046
-83.3 0.561825
-83.1 0.562653
-82.9 0.563439
-82.7 0.564249
-82.5 0.565054
-82.3 0.565913
-82.1 0.566709
-81.9 0.567542
-81.7 0.56837
-81.5 0.569182
-81.3 0.570025
-81.1 0.570843
-80.9 0.571618
-80.7 0.572455
-80.5 0.573267
-80.3 0.574098
-80.1 0.574928
-79.9 0.575817
-79.7 0.576609
-79.5 0.577411
-79.3 0.578178
-79.1 0.579026
-78.9 0.579912
-78.7 0.580734
-78.5 0.581552
-78.3 0.582384
-78.1 0.58321
-77.9 0.584096
-77.7 0.584947
-77.5 0.585771
-77.3 0.58668
-77.1 0.587523
-76.9 0.588355
-76.7 0.589144
-76.5 0.590001
-76.3 0.590752
-76.1 0.591626
-75.9 0.592482
-75.7 0.593333
-75.5 0.594194
-75.3 0.595047
-75.1 0.595909
-74.9 0.596778
-74.7 0.597646
-74.5 0.59841
-74.3 0.599228
-74.1 0.600113
-73.9 0.60098
-73.7 0.601807
-73.5 0.602646
-73.3 0.603477
-73.1 0.604294
-72.9 0.605214
-72.7 0.606047
-72.5 0.606892
-72.3 0.607697
-72.1 0.608525
-71.9 0.609315
-71.7 0.610146
-71.5 0.610977
-71.3 0.611808
-71.1 0.612661
-70.9 0.613473
-70.7 0.614303
-70.5 0.615123
-70.3 0.61592
-70.1 0.616697
-69.9 0.617486
-69.7 0.61831
-69.5 0.619143
-69.3 0.61999
-69.1 0.620822
-68.9 0.62164
-68.7 0.622461
-68.5 0.623294
-68.3 0.624079
-68.1 0.624877
-67.9 0.625748
-67.7 0.626502
-67.5 0.627352
-67.3 0.628117
-67.1 0.628949
-66.9 0.62974
-66.7 0.6305
-66.5 0.631292
-66.3 0.632108
-66.1 0.632981
-65.9 0.633811
-65.7 0.634612
-65.5 0.635441
-65.3 0.636256
-65.1 0.637075
-64.9 0.637908
-64.7 0.638749
-64.5 0.639571
-64.3 0.640369
-64.1 0.641199
-63.9 0.642003
-63.7 0.642814
-63.5 0.643648
-63.3 0.644427
-63.1 0.64531
-62.9 0.646109
-62.7 0.646889
-62.5 0.647711
-62.3 0.648523
-62.1 0.649341
-61.9 0.650173
-61.7 0.651002
-61.5 0.651769
-61.3 0.652522
-61.1 0.653325
-60.9 0.654143
-60.7 0.654953
-60.5 0.655797
-60.3 0.656573
-60.1 0.657412
-59.9 0.658225
-59.7 0.659054
-59.5 0.659865
-59.3 0.660714
-59.1 0.661464
-58.9 0.662294
-58.7 0.663121
-58.5 0.663905
-58.3 0.664711
-58.1 0.665525
-57.9 0.666411
-57.7 0.667249
-57.5 0.668086
-57.3 0.668922
-57.1 0.669744
-56.9 0.670583
-56.7 0.671424
-56.5 0.672233
-56.3 0.673045
-56.1 0.67391
-55.9 0.67474
-55.7 0.675532
-55.5 0.676353
-55.3 0.6772
-55.1 0.677981
-54.9 0.678804
-54.7 0.679592
-54.5 0.680463
-54.3 0.681356
-54.1 0.682147
-53.9 0.682926
-53.7 0.683749
-53.5 0.684604
-53.3 0.685482
-53.1 0.686313
-52.9 0.687097
-52.7 0.687927
-52.5 0.688728
-52.3 0.68954
-52.1 0.690311
-51.9 0.69108
-51.7 0.691888
-51.5 0.69271
-51.3 0.693506
-51.1 0.694345
-50.9 0.695179
-50.7 0.696013
-50.5 0.696825
-50.3 0.697623
-50.1 0.698411
-49.9 0.699195
-49.7 0.700006
-49.5 0.700851
-49.3 0.701665
-49.1 0.702538
-48.9 0.703356
-48.7 0.704121
-48.5 0.704957
-48.3 0.705748
-48.1 0.706584
-47.9 0.707395
-47.7 0.70822
-47.5 0.709072
-47.3 0.70989
-47.1 0.710758
-46.9 0.711592
-46.7 0.71243
-46.5 0.713282
-46.3 0.714116
-46.1 0.714917
-45.9 0.715788
-45.7 0.716652
-45.5 0.717435
-45.3 0.718201
-45.1 0.719066
-44.9 0.7199
-44.7 0.720747
-44.5 0.721533
-44.3 0.722381
-44.1 0.723194
-43.9 0.72402
-43.7 0.724836
-43.5 0.725618
-43.3 0.726442
-43.1 0.727254
-42.9 0.728041
-42.7 0.728863
-42.5 0.729658
-42.3 0.730479
-42.1 0.731275
-41.9 0.732085
-41.7 0.732916
-41.5 0.73372
-41.3 0.734538
-41.1 0.735406
-40.9 0.73618
-40.7 0.73699
-40.5 0.737815
-40.3 0.738579
-40.1 0.73937
-39.9 0.740175
-39.7 0.740935
-39.5 0.74173
-39.3 0.742584
-39.1 0.743404
-38.9 0.744204
-38.7 0.744975
-38.5 0.745761
-38.3 0.746574
-38.1 0.747347
-37.9 0.748096
-37.7 0.748936
-37.5 0.749744
-37.3 0.750474
-37.1 0.751292
-36.9 0.752085
-36.7 0.75287
-36.5 0.753692
-36.3 0.754493
-36.1 0.755237
-35.9 0.756046
-35.7 0.75685
-35.5 0.75759
-35.3 0.758388
-35.1 0.759216
-34.9 0.759996
-34.7 0.760861
-34.5 0.761698
-34.3 0.762479
-34.1 0.763276
-33.9 0.764081
-33.7 0.764874
-33.5 0.765678
-33.3 0.766517
-33.1 0.767287
-32.9 0.768118
-32.7 0.768917
-32.5 0.769686
-32.3 0.770464
-32.1 0.771309
-31.9 0.772102
-31.7 0.77291
-31.5 0.773766
-31.3 0.774566
-31.1 0.775331
-30.9 0.77615
-30.7 0.776938
-30.5 0.777751
-30.3 0.778603
-30.1 0.779451
-29.9 0.780301
-29.7 0.781166
-29.5 0.781991
-29.3 0.782878
-29.1 0.783649
-28.9 0.784488
-28.7 0.785302
-28.5 0.786099
-28.3 0.786854
-28.1 0.787648
-27.9 0.788386
-27.7 0.789208
-27.5 0.789952
-27.3 0.790756
-27.1 0.791608
-26.9 0.79237
-26.7 0.793223
-26.5 0.794053
-26.3 0.794908
-26.1 0.795771
-25.9 0.796573
-25.7 0.797363
-25.5 0.798182
-25.3 0.799066
-25.1 0.799911
-24.9 0.800776
-24.7 0.801605
-24.5 0.802403
-24.3 0.803209
-24.1 0.804013
-23.9 0.804796
-23.7 0.805601
-23.5 0.806393
-23.3 0.807176
-23.1 0.807986
-22.9 0.808762
-22.7 0.809523
-22.5 0.810309
-22.3 0.811121
-22.1 0.811915
-21.9 0.812747
-21.7 0.81354
-21.5 0.81435
-21.3 0.815237
-21.1 0.816032
-20.9 0.816857
-20.7 0.817622
-20.5 0.818487
-20.3 0.819266
-20.1 0.820029
-19.9 0.820804
-19.7 0.82157
-19.5 0.822416
-19.3 0.82322
-19.1 0.824026
-18.9 0.824826
-18.7 0.825718
-18.5 0.826468
-18.3 0.827289
-18.1 0.828102
-17.9 0.828896
-17.7 0.829702
-17.5 0.830427
-17.3 0.831192
-17.1 0.831954
-16.9 0.832807
-16.7 0.833628
-16.5 0.834455
-16.3 0.835258
-16.1 0.836045
-15.9 0.836857
-15.7 0.837658
-15.5 0.838498
-15.3 0.839268
-15.1 0.840043
-14.9 0.840818
-14.7 0.841618
-14.5 0.842481
-14.3 0.843323
-14.1 0.844103
-13.9 0.844917
-13.7 0.845698
-13.5 0.846495
-13.3 0.847306
-13.1 0.848089
-12.9 0.848938
-12.7 0.849728
-12.5 0.850556
-12.3 0.851376
-12.1 0.852145
-11.9 0.852937
-11.7 0.853759
-11.5 0.854554
-11.3 0.855352
-11.1 0.856152
-10.9 0.856966
-10.7 0.857755
-10.5 0.85856
-10.3 0.859363
-10.1 0.86016
-9.9 0.860903
-9.7 0.861738
-9.5 0.862546
-9.3 0.863356
-9.1 0.864142
-8.9 0.864959
-8.7 0.865781
-8.5 0.866565
-8.3 0.867408
-8.1 0.868195
-7.9 0.869007
-7.7 0.869767
-7.5 0.870625
-7.3 0.871391
-7.1 0.872191
-6.9 0.873042
-6.7 0.87382
-6.5 0.874651
-6.3 0.875433
-6.1 0.876263
-5.9 0.877069
-5.7 0.877884
-5.5 0.878709
-5.3 0.879407
-5.1 0.880191
-4.9 0.881021
-4.7 0.881814
-4.5 0.882597
-4.3 0.883363
-4.1 0.884179
-3.9 0.884967
-3.7 0.885785
-3.5 0.88664
-3.3 0.887417
-3.1 0.888215
-2.9 0.889037
-2.7 0.889807
-2.5 0.890576
-2.3 0.891354
-2.1 0.892159
-1.9 0.892965
-1.7 0.893744
-1.5 0.89453
-1.3 0.895319
-1.1 0.896136
-0.899999 0.896974
-0.699999 0.897814
-0.499999 0.89863
-0.299999 0.899378
-0.0999994 0.900175
0.100001 0.901
0.300001 0.901836
0.500001 0.902689
0.700001 0.903481
0.900001 0.904311
1.1 0.905175
1.3 0.905999
1.5 0.906815
1.7 0.907651
1.9 0.908457
2.1 0.90923
2.3 0.910024
2.5 0.910815
2.7 0.911669
2.9 0.91251
3.1 0.913328
3.3 0.91414
3.5 0.914904
3.7 0.915715
3.9 0.916559
4.1 0.917323
4.3 0.91815
4.5 0.918953
4.7 0.919798
4.9 0.920646
5.1 0.921427
5.3 0.922262
5.5 0.923062
5.7 0.923801
5.9 0.924578
6.1 0.925398
6.3 0.92623
6.5 0.927032
6.7 0.927787
6.9 0.928571
7.1 0.929367
7.3 0.930162
7.5 0.930998
7.7 0.931786
7.9 0.932557
8.1 0.933394
8.3 0.934164
8.5 0.934992
8.7 0.935744
8.9 0.93656
9.1 0.93738
9.3 0.938244
9.5 0.939017
9.7 0.939762
9.9 0.940569
10.1 0.941355
10.3 0.942139
10.5 0.942941
10.7 0.943719
10.9 0.944481
11.1 0.945257
11.3 0.946041
11.5 0.94678
11.7 0.947561
11.9 0.948359
12.1 0.949128
12.3 0.949886
12.5 0.950634
12.7 0.951397
12.9 0.952159
13.1 0.95291
13.3 0.953676
13.5 0.954412
13.7 0.955198
13.9 0.955941
14.1 0.956732
14.3 0.95746
14.5 0.95821
14.7 0.958931
14.9 0.959632
15.1 0.960382
15.3 0.961062
15.5 0.961766
15.7 0.962433
15.9 0.963121
16.1 0.963817
16.3 0.964514
16.5 0.96519
16.7 0.965823
16.9 0.966551
17.1 0.967256
17.3 0.96798
17.5 0.968617
17.7 0.969273
17.9 0.969896
18.1 0.970567
18.3 0.971202
18.5 0.971816
18.7 0.972463
18.9 0.973141
19.1 0.973771
19.3 0.974393
19.5 0.974991
19.7 0.975616
19.9 0.976223
20.1 0.976844
20.3 0.977406
20.5 0.977956
20.7 0.978535
20.9 0.979078
21.1 0.979632
21.3 0.980176
21.5 0.980743
21.7 0.981277
21.9 0.981794
22.1 0.982307
22.3 0.982788
22.5 0.983286
22.7 0.983723
22.9 0.984165
23.1 0.984626
23.3 0.985076
23.5 0.985513
23.7 0.985983
23.9 0.986438
24.1 0.986879
24.3 0.987308
24.5 0.98766
24.7 0.988058
24.9 0.98847
25.1 0.988844
25.3 0.989221
25.5 0.989604
25.7 0.989949
25.9 0.990317
26.1 0.990685
26.3 0.991017
26.5 0.991371
26.7 0.99169
26.9 0.991995
27.1 0.992316
27.3 0.992618
27.5 0.992922
27.7 0.993222
27.9 0.993502
28.1 0.993741
28.3 0.994022
28.5 0.994264
28.7 0.994509
28.9 0.994722
29.1 0.99495
29.3 0.995147
29.5 0.995306
29.7 0.995497
29.9 0.995707
30.1 0.995892
30.3 0.996086
30.5 0.996265
30.7 0.996434
30.9 0.99659
31.1 0.996744
31.3 0.996911
31.5 0.997037
31.7 0.997166
31.9 0.997314
32.1 0.997428
32.3 0.997525
32.5 0.99765
32.7 0.99778
32.9 0.997902
33.1 0.998011
33.3 0.998088
33.5 0.998178
33.7 0.998259
33.9 0.998347
34.1 0.998435
34.3 0.998529
34.5 0.998613
34.7 0.998681
34.9 0.998747
35.1 0.998817
35.3 0.998889
35.5 0.998944
35.7 0.998995
35.9 0.999056
36.1 0.999112
36.3 0.999151
36.5 0.999187
36.7 0.999233
36.9 0.999271
37.1 0.999319
37.3 0.999352
37.5 0.999386
37.7 0.999422
37.9 0.999451
38.1 0.99948
38.3 0.999514
38.5 0.99954
38.7 0.999563
38.9 0.999595
39.1 0.999609
39.3 0.999627
39.5 0.99964
39.7 0.999661
39.9 0.999693
40.1 0.999706
40.3 0.99972
40.5 0.999739
40.7 0.99975
40.9 0.999759
41.1 0.999773
41.3 0.999784
41.5 0.999799
41.7 0.999818
41.9 0.999832
42.1 0.999834
42.3 0.999838
42.5 0.999849
42.7 0.999866
42.9 0.999871
43.1 0.999874
43.3 0.999881
43.5 0.999886
43.7 0.999887
43.9 0.99989
44.1 0.999896
44.3 0.999902
44.5 0.99991
44.7 0.999915
44.9 0.999919
45.1 0.999924
45.3 0.999931
45.5 0.999938
45.7 0.999945
45.9 0.99995
46.1 0.999954
46.3 0.999956
46.5 0.999958
46.7 0.999962
46.9 0.999965
47.1 0.999969
47.3 0.999975
47.5 0.999975
47.7 0.999976
47.9 0.999979
48.1 0.999982
48.3 0.999985
48.5 0.999986
48.7 0.999988
48.9 0.99999
49.1 0.999995
49.3 0.999998
49.5 0.999998
49.7 0.999998
49.9 1
