1300
-209.7 1.15881e-06
-209.5 1.15881e-06
-209.3 4.63523e-06
-209.1 5.79403e-06
-208.9 6.95284e-06
-208.7 6.95284e-06
-208.5 6.95284e-06
-208.3 9.27045e-06
-208.1 1.15881e-05
-207.9 1.15881e-05
-207.7 1.15881e-05
-207.5 1.15881e-05
-207.3 1.27469e-05
-207.1 1.50645e-05
-206.9 1.73821e-05
-206.7 1.73821e-05
-206.5 1.85409e-05
-206.3 1.96997e-05
-206.1 2.08585e-05
-205.9 2.08585e-05
-205.7 2.08585e-05
-205.5 2.08585e-05
-205.3 2.08585e-05
-205.1 2.08585e-05
-204.9 2.08585e-05
-204.7 2.08585e-05
-204.5 2.20173e-05
-204.3 2.31761e-05
-204.1 2.31761e-05
-203.9 2.31761e-05
-203.7 2.31761e-05
-203.5 2.43349e-05
-203.3 2.43349e-05
-203.1 2.54937e-05
-202.9 2.66525e-05
-202.7 2.66525e-05
-202.5 2.66525e-05
-202.3 2.78114e-05
-202.1 2.89702e-05
-201.9 3.0129e-05
-201.7 3.12878e-05
-201.5 3.12878e-05
-201.3 3.12878e-05
-201.1 3.12878e-05
-200.9 3.12878e-05
-200.7 3.24466e-05
-200.5 3.24466e-05
-200.3 3.24466e-05
-200.1 3.5923e-05
-199.9 3.82406e-05
-199.7 3.82406e-05
-199.5 3.82406e-05
-199.3 4.05582e-05
-199.1 4.1717e-05
-198.9 4.28758e-05
-198.7 4.51934e-05
-198.5 4.75111e-05
-198.3 4.86699e-05
-198.1 4.98287e-05
-197.9 5.90991e-05
-197.7 6.95284e-05
-197.5 7.764e-05
-197.3 0.000103134
-197.1 0.000144851
-196.9 0.000206268
-196.7 0.000295496
-196.5 0.000414853
-196.3 0.000571292
-196.1 0.000819276
-195.9 0.00112868
-195.7 0.00152615
-195.5 0.00205804
-195.3 0.00280663
-195.1 0.00361316
-194.9 0.00465492
-194.7 0.00587515
-194.5 0.00733293
-194.3 0.00887066
-194.1 0.0106587
-193.9 0.0126298
-193.7 0.0146774
-193.5 0.0168293
-193.3 0.0189743
-193.1 0.0211633
-192.9 0.0233998
-192.7 0.0257406
-192.5 0.027918
-192.3 0.0301649
-192.1 0.0323991
-191.9 0.0345718
-191.7 0.0367284
-191.5 0.0389428
-191.3 0.0410785
-191.1 0.043125
-190.9 0.0452433
-190.7 0.0472874
-190.5 0.0492898
-190.3 0.051356
-190.1 0.0533086
-189.9 0.0551951
-189.7 0.0571871
-189.5 0.059098
-189.3 0.0610007
-189.1 0.0629093
-188.9 0.0648016
-188.7 0.0666325
-188.5 0.0684727
-188.3 0.0702897
-188.1 0.0720743
-187.9 0.0738774
-187.7 0.0756585
-187.5 0.0774419
-187.3 0.0791152
-187.1 0.0809148
-186.9 0.0826762
-186.7 0.0844387
-186.5 0.0860657
-186.3 0.0877912
-186.1 0.0895097
-185.9 0.0912096
-185.7 0.0929119
-185.5 0.0945586
-185.3 0.0961798
-185.1 0.0978172
-184.9 0.0994951
-184.7 0.101122
-184.5 0.102828
-184.3 0.104388
-184.1 0.106016
-183.9 0.107705
-183.7 0.10936
-183.5 0.110919
-183.3 0.112584
-183.1 0.11419
-182.9 0.115713
-182.7 0.117309
-182.5 0.118825
-182.3 0.12034
-182.1 0.121869
-181.9 0.12338
-181.7 0.125011
-181.5 0.126486
-181.3 0.128018
-181.1 0.129597
-180.9 0.131039
-180.7 0.132478
-180.5 0.133984
-180.3 0.135431
-180.1 0.136862
-179.9 0.1383
-179.7 0.139678
-179.5 0.14102
-179.3 0.142376
-179.1 0.143719
-178.9 0.145039
-178.7 0.14637
-178.5 0.147634
-178.3 0.148894
-178.1 0.150144
-177.9 0.151472
-177.7 0.152611
-177.5 0.153851
-177.3 0.155046
-177.1 0.156257
-176.9 0.157447
-176.7 0.158646
-176.5 0.159832
-176.3 0.160992
-176.1 0.162117
-175.9 0.163282
-175.7 0.164387
-175.5 0.165518
-175.3 0.166635
-175.1 0.167726
-174.9 0.168776
-174.7 0.169783
-174.5 0.170835
-174.3 0.171888
-174.1 0.172985
-173.9 0.173969
-173.7 0.175061
-173.5 0.176086
-173.3 0.177082
-173.1 0.178085
-172.9 0.179015
-172.7 0.180007
-172.5 0.180917
-172.3 0.181891
-172.1 0.182843
-171.9 0.18386
-171.7 0.184875
-171.5 0.185914
-171.3 0.186856
-171.1 0.187837
-170.9 0.188758
-170.7 0.189757
-170.5 0.190707
-170.3 0.191686
-170.1 0.192675
-169.9 0.193623
-169.7 0.194603
-169.5 0.195537
-169.3 0.196503
-169.1 0.197411
-168.9 0.19829
-168.7 0.199198
-168.5 0.200126
-168.3 0.201017
-168.1 0.201946
-167.9 0.202853
-167.7 0.203787
-167.5 0.204716
-167.3 0.205593
-167.1 0.206465
-166.9 0.207411
-166.7 0.208322
-166.5 0.209218
-166.3 0.210125
-166.1 0.211036
-165.9 0.211969
-165.7 0.21283
-165.5 0.213699
-165.3 0.214554
-165.1 0.215464
-164.9 0.216319
-164.7 0.217143
-164.5 0.218025
-164.3 0.218909
-164.1 0.219787
-163.9 0.220661
-163.7 0.221583
-163.5 0.222457
-163.3 0.223344
-163.1 0.224173
-162.9 0.22503
-162.7 0.225909
-162.5 0.226783
-162.3 0.227694
-162.1 0.228556
-161.9 0.229394
-161.7 0.230317
-161.5 0.231161
-161.3 0.232043
-161.1 0.232949
-160.9 0.233863
-160.7 0.234697
-160.5 0.235537
-160.3 0.236399
-160.1 0.237296
-159.9 0.238123
-159.7 0.238998
-159.5 0.239872
-159.3 0.240787
-159.1 0.2417
-158.9 0.242543
-158.7 0.243407
-158.5 0.24429
-158.3 0.245158
-158.1 0.246034
-157.9 0.246924
-157.7 0.247776
-157.5 0.248602
-157.3 0.249472
-157.1 0.250326
-156.9 0.251171
-156.7 0.252032
-156.5 0.252881
-156.3 0.253668
-156.1 0.254503
-155.9 0.255322
-155.7 0.256195
-155.5 0.257073
-155.3 0.257944
-155.1 0.258788
-154.9 0.259615
-154.7 0.260501
-154.5 0.261339
-154.3 0.262142
-154.1 0.26297
-153.9 0.26378
-153.7 0.264576
-153.5 0.265379
-153.3 0.266181
-153.1 0.266955
-152.9 0.267779
-152.7 0.268602
-152.5 0.269395
-152.3 0.270183
-152.1 0.27096
-151.9 0.271821
-151.7 0.272635
-151.5 0.273448
-151.3 0.274204
-151.1 0.275022
-150.9 0.275792
-150.7 0.276599
-150.5 0.27736
-150.3 0.278089
-150.1 0.278838
-149.9 0.279605
-149.7 0.28038
-149.5 0.281159
-149.3 0.281928
-149.1 0.282663
-148.9 0.283424
-148.7 0.284217
-148.5 0.285044
-148.3 0.285799
-148.1 0.286567
-147.9 0.287358
-147.7 0.288119
-147.5 0.288911
-147.3 0.289695
-147.1 0.290483
-146.9 0.291271
-146.7 0.292081
-146.5 0.292925
-146.3 0.293681
-146.1 0.29447
-145.9 0.295267
-145.7 0.296039
-145.5 0.296783
-145.3 0.297612
-145.1 0.298466
-144.9 0.299323
-144.7 0.300098
-144.5 0.300926
-144.3 0.301715
-144.1 0.302571
-143.9 0.303385
-143.7 0.304232
-143.5 0.305028
-143.3 0.305855
-143.1 0.306662
-142.9 0.307481
-142.7 0.308298
-142.5 0.309134
-142.3 0.309902
-142.1 0.310672
-141.9 0.311488
-141.7 0.312287
-141.5 0.313156
-141.3 0.314021
-141.1 0.31477
-140.9 0.31558
-140.7 0.316418
-140.5 0.317253
-140.3 0.318132
-140.1 0.319005
-139.9 0.319837
-139.7 0.320664
-139.5 0.321543
-139.3 0.322393
-139.1 0.323237
-138.9 0.324075
-138.7 0.324859
-138.5 0.325786
-138.3 0.326601
-138.1 0.327469
-137.9 0.328342
-137.7 0.329209
-137.5 0.330081
-137.3 0.330923
-137.1 0.331826
-136.9 0.332655
-136.7 0.333565
-136.5 0.334437
-136.3 0.335302
-136.1 0.336122
-135.9 0.336998
-135.7 0.337872
-135.5 0.33871
-135.3 0.339592
-135.1 0.340489
-134.9 0.341388
-134.7 0.342257
-134.5 0.34314
-134.3 0.344028
-134.1 0.344894
-133.9 0.345772
-133.7 0.346645
-133.5 0.347563
-133.3 0.348506
-133.1 0.349351
-132.9 0.350261
-132.7 0.351184
-132.5 0.352089
-132.3 0.352958
-132.1 0.353799
-131.9 0.354714
-131.7 0.355559
-131.5 0.356424
-131.3 0.357275
-131.1 0.358196
-130.9 0.35906
-130.7 0.359966
-130.5 0.360849
-130.3 0.361769
-130.1 0.362677
-129.9 0.363575
-129.7 0.364528
-129.5 0.365389
-129.3 0.366263
-129.1 0.367126
-128.9 0.368042
-128.7 0.368914
-128.5 0.369809
-128.3 0.370742
-128.1 0.371606
-127.9 0.372476
-127.7 0.373319
-127.5 0.374158
-127.3 0.375034
-127.1 0.375876
-126.9 0.376768
-126.7 0.377614
-126.5 0.378504
-126.3 0.379369
-126.1 0.380201
-125.9 0.381042
-125.7 0.381837
-125.5 0.38267
-125.3 0.383499
-125.1 0.384378
-124.9 0.385246
-124.7 0.386077
-124.5 0.386966
-124.3 0.387837
-124.1 0.388667
-123.9 0.389552
-123.7 0.390391
-123.5 0.391242
-123.3 0.392125
-123.1 0.393016
-122.9 0.39384
-122.7 0.394703
-122.5 0.395619
-122.3 0.396443
-122.1 0.397293
-121.9 0.398195
-121.7 0.399037
-121.5 0.39989
-121.3 0.400735
-121.1 0.401565
-120.9 0.402397
-120.7 0.403229
-120.5 0.404139
-120.3 0.404998
-120.1 0.405886
-119.9 0.406749
-119.7 0.407571
-119.5 0.408456
-119.3 0.409288
-119.1 0.410201
-118.9 0.411091
-118.7 0.411943
-118.5 0.412824
-118.3 0.413625
-118.1 0.41447
-117.9 0.415306
-117.7 0.416126
-117.5 0.416969
-117.3 0.417803
-117.1 0.418673
-116.9 0.419546
-116.7 0.420373
-116.5 0.421218
-116.3 0.422047
-116.1 0.422891
-115.9 0.42374
-115.7 0.424552
-115.5 0.425408
-115.3 0.42624
-115.1 0.427113
-114.9 0.427939
-114.7 0.428787
-114.5 0.429656
-114.3 0.430503
-114.1 0.431348
-113.9 0.432188
-113.7 0.433038
-113.5 0.433894
-113.3 0.434684
-113.1 0.435535
-112.9 0.436423
-112.7 0.437247
-112.5 0.438101
-112.3 0.438943
-112.1 0.43978
-111.9 0.440629
-111.7 0.44143
-111.5 0.442287
-111.3 0.443066
-111.1 0.443907
-110.9 0.444699
-110.7 0.445561
-110.5 0.446384
-110.3 0.447203
-110.1 0.448018
-109.9 0.448901
-109.7 0.4497
-109.5 0.450536
-109.3 0.451341
-109.1 0.45223
-108.9 0.453057
-108.7 0.453907
-108.5 0.454764
-108.3 0.455665
-108.1 0.45655
-107.9 0.457369
-107.7 0.4582
-107.5 0.459082
-107.3 0.459966
-107.1 0.460799
-106.9 0.461598
-106.7 0.462416
-106.5 0.463212
-106.3 0.464072
-106.1 0.464933
-105.9 0.46579
-105.7 0.466633
-105.5 0.467518
-105.3 0.468307
-105.1 0.469137
-104.9 0.469938
-104.7 0.470753
-104.5 0.471519
-104.3 0.472325
-104.1 0.473177
-103.9 0.474025
-103.7 0.474901
-103.5 0.475666
-103.3 0.476471
-103.1 0.477316
-102.9 0.478093
-102.7 0.478921
-102.5 0.479767
-102.3 0.480549
-102.1 0.481379
-101.9 0.482211
-101.7 0.483029
-101.5 0.483803
-101.3 0.484601
-101.1 0.485418
-100.9 0.486271
-100.7 0.487098
-100.5 0.487968
-100.3 0.488829
-100.1 0.489694
-99.9 0.490547
-99.7 0.491384
-99.5 0.492211
-99.3 0.493072
-99.1 0.493909
-98.9 0.494727
-98.7 0.49555
-98.5 0.49643
-98.3 0.497199
-98.1 0.498036
-97.9 0.498903
-97.7 0.499728
-97.5 0.500514
-97.3 0.501324
-97.1 0.502133
-96.9 0.502935
-96.7 0.503738
-96.5 0.504562
-96.3 0.505367
-96.1 0.506197
-95.9 0.506995
-95.7 0.50784
-95.5 0.508695
-95.3 0.509487
-95.1 0.510272
-94.9 0.511138
-94.7 0.511948
-94.5 0.512767
-94.3 0.51354
-94.1 0.51433
-93.9 0.515107
-93.7 0.51587
-93.5 0.516667
-93.3 0.517449
-93.1 0.51823
-92.9 0.519057
-92.7 0.519864
-92.5 0.520655
-92.3 0.521388
-92.1 0.522209
-91.9 0.523005
-91.7 0.523828
-91.5 0.524592
-91.3 0.525413
-91.1 0.526253
-90.9 0.527087
-90.7 0.527903
-90.5 0.528645
-90.3 0.529415
-90.1 0.530221
-89.9 0.53103
-89.7 0.531789
-89.5 0.532652
-89.3 0.533437
-89.1 0.534212
-88.9 0.534961
-88.7 0.535729
-88.5 0.536484
-88.3 0.537285
-88.1 0.538094
-87.9 0.538869
-87.7 0.539711
-87.5 0.540486
-87.3 0.541329
-87.1 0.542112
-86.9 0.542925
-86.7 0.543734
-86.5 0.544498
-86.3 0.545275
-86.1 0.546064
-85.9 0.546809
-85.7 0.547622
-85.5 0.548446
-85.3 0.549282
-85.1 0.550097
-84.9 0.550849
-84.7 0.551719
-84.5 0.552562
-84.3 0.553336
-84.1 0.554111
-83.9 0.554923
-83.7 0.555737
-83.5 0.556574
-83.3 0.557386
-83.1 0.558269
-82.9 0.559042
-82.7 0.559816
-82.5 0.560657
-82.3 0.561464
-82.1 0.562273
-81.9 0.563035
-81.7 0.563814
-81.5 0.564604
-81.3 0.565349
-81.1 0.566139
-80.9 0.566915
-80.7 0.567712
-80.5 0.568505
-80.3 0.569296
-80.1 0.570135
-79.9 0.570908
-79.7 0.571677
-79.5 0.572465
-79.3 0.573241
-79.1 0.574012
-78.9 0.574812
-78.7 0.575628
-78.5 0.576401
-78.3 0.577206
-78.1 0.578066
-77.9 0.578859
-77.7 0.579679
-77.5 0.580492
-77.3 0.581291
-77.1 0.582136
-76.9 0.582956
-76.7 0.58379
-76.5 0.584615
-76.3 0.585388
-76.1 0.586215
-75.9 0.587041
-75.7 0.587838
-75.5 0.588659
-75.3 0.589491
-75.1 0.590357
-74.9 0.591146
-74.7 0.59189
-74.5 0.592744
-74.3 0.593572
-74.1 0.594387
-73.9 0.595207
-73.7 0.596022
-73.5 0.596804
-73.3 0.597654
-73.1 0.598513
-72.9 0.599357
-72.7 0.60019
-72.5 0.600998
-72.3 0.601833
-72.1 0.602688
-71.9 0.603535
-71.7 0.60441
-71.5 0.605277
-71.3 0.606119
-71.1 0.60697
-70.9 0.607789
-70.7 0.608612
-70.5 0.60947
-70.3 0.610296
-70.1 0.611112
-69.9 0.611997
-69.7 0.612844
-69.5 0.613682
-69.3 0.614486
-69.1 0.615306
-68.9 0.616129
-68.7 0.616951
-68.5 0.617793
-68.3 0.618664
-68.1 0.619507
-67.9 0.620372
-67.7 0.621155
-67.5 0.622032
-67.3 0.622872
-67.1 0.623699
-66.9 0.62457
-66.7 0.625366
-66.5 0.626176
-66.3 0.626981
-66.1 0.627827
-65.9 0.628663
-65.7 0.629482
-65.5 0.63035
-65.3 0.631205
-65.1 0.63202
-64.9 0.632839
-64.7 0.633632
-64.5 0.634514
-64.3 0.635335
-64.1 0.636168
-63.9 0.637025
-63.7 0.637834
-63.5 0.638641
-63.3 0.639477
-63.1 0.640323
-62.9 0.64112
-62.7 0.641924
-62.5 0.642785
-62.3 0.643655
-62.1 0.644485
-61.9 0.645346
-61.7 0.646177
-61.5 0.646993
-61.3 0.647804
-61.1 0.64865
-60.9 0.649473
-60.7 0.650327
-60.5 0.651211
-60.3 0.652057
-60.1 0.652876
-59.9 0.65371
-59.7 0.654507
-59.5 0.655332
-59.3 0.656162
-59.1 0.656962
-58.9 0.6578
-58.7 0.658646
-58.5 0.659441
-58.3 0.660314
-58.1 0.661153
-57.9 0.661944
-57.7 0.662777
-57.5 0.663542
-57.3 0.664358
-57.1 0.665158
-56.9 0.665942
-56.7 0.666749
-56.5 0.667533
-56.3 0.668321
-56.1 0.669106
-55.9 0.669891
-55.7 0.670718
-55.5 0.671611
-55.3 0.672419
-55.1 0.673226
-54.9 0.674029
-54.7 0.674899
-54.5 0.675722
-54.3 0.676564
-54.1 0.677381
-53.9 0.678219
-53.7 0.679021
-53.5 0.679842
-53.3 0.680671
-53.1 0.681508
-52.9 0.682316
-52.7 0.68313
-52.5 0.683903
-52.3 0.684731
-52.1 0.685572
-51.9 0.686444
-51.7 0.687285
-51.5 0.688137
-51.3 0.688952
-51.1 0.689742
-50.9 0.690541
-50.7 0.691326
-50.5 0.692111
-50.3 0.69293
-50.1 0.693801
-49.9 0.694607
-49.7 0.695458
-49.5 0.69625
-49.3 0.697041
-49.1 0.697841
-48.9 0.698651
-48.7 0.699455
-48.5 0.700319
-48.3 0.701109
-48.1 0.701925
-47.9 0.702789
-47.7 0.703579
-47.5 0.704455
-47.3 0.705246
-47.1 0.706013
-46.9 0.706866
-46.7 0.707697
-46.5 0.708468
-46.3 0.709297
-46.1 0.710086
-45.9 0.710933
-45.7 0.711763
-45.5 0.712527
-45.3 0.713347
-45.1 0.714168
-44.9 0.714999
-44.7 0.71577
-44.5 0.716572
-44.3 0.717415
-44.1 0.718206
-43.9 0.71908
-43.7 0.719908
-43.5 0.720698
-43.3 0.721516
-43.1 0.722318
-42.9 0.723146
-42.7 0.723957
-42.5 0.724724
-42.3 0.725538
-42.1 0.726339
-41.9 0.72716
-41.7 0.727927
-41.5 0.728741
-41.3 0.729511
-41.1 0.730282
-40.9 0.731085
-40.7 0.73189
-40.5 0.732696
-40.3 0.733499
-40.1 0.734257
-39.9 0.735107
-39.7 0.735896
-39.5 0.736677
-39.3 0.737518
-39.1 0.738351
-38.9 0.739116
-38.7 0.739952
-38.5 0.740802
-38.3 0.741568
-38.1 0.742414
-37.9 0.743189
-37.7 0.744014
-37.5 0.744795
-37.3 0.745596
-37.1 0.74642
-36.9 0.747235
-36.7 0.748055
-36.5 0.748913
-36.3 0.749705
-36.1 0.7505
-35.9 0.751338
-35.7 0.752192
-35.5 0.752967
-35.3 0.753781
-35.1 0.754612
-34.9 0.75541
-34.7 0.75623
-34.5 0.756976
-34.3 0.757765
-34.1 0.758585
-33.9 0.759351
-33.7 0.760169
-33.5 0.760979
-33.3 0.761813
-33.1 0.762639
-32.9 0.763446
-32.7 0.764269
-32.5 0.765116
-32.3 0.765891
-32.1 0.766717
-31.9 0.767572
-31.7 0.768391
-31.5 0.769194
-31.3 0.770036
-31.1 0.770748
-30.9 0.771548
-30.7 0.772377
-30.5 0.773179
-30.3 0.774025
-30.1 0.774799
-29.9 0.775645
-29.7 0.77644
-29.5 0.777305
-29.3 0.778142
-29.1 0.779012
-28.9 0.779724
-28.7 0.780546
-28.5 0.781366
-28.3 0.782172
-28.1 0.783024
-27.9 0.783859
-27.7 0.784666
-27.5 0.785453
-27.3 0.786264
-27.1 0.787105
-26.9 0.787891
-26.7 0.788674
-26.5 0.789531
-26.3 0.79038
-26.1 0.791167
-25.9 0.79199
-25.7 0.792761
-25.5 0.793599
-25.3 0.794356
-25.1 0.795184
-24.9 0.79599
-24.7 0.796791
-24.5 0.797605
-24.3 0.798408
-24.1 0.799269
-23.9 0.800128
-23.7 0.800968
-23.5 0.801787
-23.3 0.802599
-23.1 0.803411
-22.9 0.804258
-22.7 0.805067
-22.5 0.80592
-22.3 0.806712
-22.1 0.807549
-21.9 0.80839
-21.7 0.809194
-21.5 0.810033
-21.3 0.810845
-21.1 0.811612
-20.9 0.812377
-20.7 0.813253
-20.5 0.814148
-20.3 0.814958
-20.1 0.815778
-19.9 0.816546
-19.7 0.817432
-19.5 0.818247
-19.3 0.819036
-19.1 0.819873
-18.9 0.820704
-18.7 0.821526
-18.5 0.822358
-18.3 0.82319
-18.1 0.823985
-17.9 0.824792
-17.7 0.825644
-17.5 0.826448
-17.3 0.827311
-17.1 0.828132
-16.9 0.828921
-16.7 0.829739
-16.5 0.830548
-16.3 0.831318
-16.1 0.832199
-15.9 0.832979
-15.7 0.833775
-15.5 0.834621
-15.3 0.835358
-15.1 0.836158
-14.9 0.836993
-14.7 0.837859
-14.5 0.838684
-14.3 0.839458
-14.1 0.840267
-13.9 0.841051
-13.7 0.841855
-13.5 0.842677
-13.3 0.843489
-13.1 0.844282
-12.9 0.845062
-12.7 0.845857
-12.5 0.846678
-12.3 0.847451
-12.1 0.848257
-11.9 0.849082
-11.7 0.849811
-11.5 0.850652
-11.3 0.851438
-11.1 0.852238
-10.9 0.852979
-10.7 0.853793
-10.5 0.854595
-10.3 0.855344
-10.1 0.856167
-9.9 0.856969
-9.7 0.857673
-9.5 0.85847
-9.3 0.859249
-9.1 0.860017
-8.9 0.860849
-8.7 0.861604
-8.5 0.8624
-8.3 0.863198
-8.1 0.86396
-7.9 0.864736
-7.7 0.865566
-7.5 0.866364
-7.3 0.867186
-7.1 0.867955
-6.9 0.868706
-6.7 0.869414
-6.5 0.870224
-6.3 0.87105
-6.1 0.871845
-5.9 0.872647
-5.7 0.873435
-5.5 0.874222
-5.3 0.874982
-5.1 0.87577
-4.9 0.876642
-4.7 0.877457
-4.5 0.87827
-4.3 0.879025
-4.1 0.879795
-3.9 0.880653
-3.7 0.881416
-3.5 0.882202
-3.3 0.88298
-3.1 0.883769
-2.9 0.884548
-2.7 0.885312
-2.5 0.886086
-2.3 0.886914
-2.1 0.887687
-1.9 0.888496
-1.7 0.889267
-1.5 0.890063
-1.3 0.890897
-1.1 0.891718
-0.899999 0.892517
-0.699999 0.893303
-0.499999 0.894085
-0.299999 0.894805
-0.0999994 0.895587
0.100001 0.896364
0.300001 0.897147
0.500001 0.897964
0.700001 0.898811
0.900001 0.89962
1.1 0.90045
1.3 0.901243
1.5 0.902046
1.7 0.902814
1.9 0.903616
2.1 0.904481
2.3 0.9053
2.5 0.906103
2.7 0.906897
2.9 0.907746
3.1 0.908548
3.3 0.909377
3.5 0.910189
3.7 0.910992
3.9 0.911763
4.1 0.912559
4.3 0.913339
4.5 0.914181
4.7 0.915025
4.9 0.915875
5.1 0.916702
5.3 0.917507
5.5 0.918367
5.7 0.919157
5.9 0.919943
6.1 0.920743
6.3 0.921504
6.5 0.922282
6.7 0.923143
6.9 0.924009
7.1 0.924887
7.3 0.925681
7.5 0.926455
7.7 0.927274
7.9 0.928104
8.1 0.928901
8.3 0.929684
8.5 0.930513
8.7 0.931358
8.9 0.932218
9.1 0.932999
9.3 0.933822
9.5 0.934618
9.7 0.935387
9.9 0.936225
10.1 0.93702
10.3 0.9378
10.5 0.938645
10.7 0.939434
10.9 0.940242
11.1 0.941071
11.3 0.941881
11.5 0.94264
11.7 0.943456
11.9 0.944279
12.1 0.945084
12.3 0.94585
12.5 0.946679
12.7 0.947448
12.9 0.948294
13.1 0.949067
13.3 0.949836
13.5 0.950611
13.7 0.951389
13.9 0.952175
14.1 0.952955
14.3 0.953723
14.5 0.954499
14.7 0.955248
14.9 0.955992
15.1 0.95677
15.3 0.957554
15.5 0.958277
15.7 0.958997
15.9 0.95977
16.1 0.960481
16.3 0.961245
16.5 0.961973
16.7 0.962681
16.9 0.963342
17.1 0.964064
17.3 0.964811
17.5 0.965509
17.7 0.966213
17.9 0.966902
18.1 0.967589
18.3 0.968268
18.5 0.968921
18.7 0.969628
18.9 0.970301
19.1 0.970953
19.3 0.971602
19.5 0.972221
19.7 0.972869
19.9 0.973473
20.1 0.974066
20.3 0.974662
20.5 0.975276
20.7 0.975837
20.9 0.976437
21.1 0.976991
21.3 0.977569
21.5 0.978162
21.7 0.97871
21.9 0.979226
22.1 0.979778
22.3 0.980328
22.5 0.98087
22.7 0.981393
22.9 0.98191
23.1 0.982379
23.3 0.982854
23.5 0.98334
23.7 0.983801
23.9 0.984276
24.1 0.984756
24.3 0.985187
24.5 0.985624
24.7 0.98608
24.9 0.986538
25.1 0.986921
25.3 0.987335
25.5 0.987714
25.7 0.988106
25.9 0.988458
26.1 0.988821
26.3 0.989183
26.5 0.989506
26.7 0.989855
26.9 0.990178
27.1 0.990531
27.3 0.99084
27.5 0.991178
27.7 0.991512
27.9 0.99181
28.1 0.992107
28.3 0.992396
28.5 0.992693
28.7 0.992968
28.9 0.993258
29.1 0.993533
29.3 0.99379
29.5 0.994028
29.7 0.99425
29.9 0.99451
30.1 0.994718
30.3 0.994963
30.5 0.995145
30.7 0.995338
30.9 0.995542
31.1 0.995738
31.3 0.995921
31.5 0.99612
31.7 0.996292
31.9 0.996445
32.1 0.996592
32.3 0.996754
32.5 0.996916
32.7 0.997057
32.9 0.997193
33.1 0.997328
33.3 0.99746
33.5 0.99758
33.7 0.997701
33.9 0.997816
34.1 0.997913
34.3 0.998013
34.5 0.998103
34.7 0.998202
34.9 0.998288
35.1 0.998385
35.3 0.998477
35.5 0.998569
35.7 0.998656
35.9 0.998707
36.1 0.998758
36.3 0.99882
36.5 0.9989
36.7 0.99897
36.9 0.999022
37.1 0.999087
37.3 0.999138
37.5 0.999181
37.7 0.999219
37.9 0.999251
38.1 0.999301
38.3 0.999345
38.5 0.999385
38.7 0.999418
38.9 0.999447
39.1 0.999477
39.3 0.999503
39.5 0.999523
39.7 0.999545
39.9 0.999581
40.1 0.999599
40.3 0.999622
40.5 0.99965
40.7 0.999678
40.9 0.999692
41.1 0.999706
41.3 0.999714
41.5 0.99973
41.7 0.999749
41.9 0.99976
42.1 0.999773
42.3 0.999782
42.5 0.999789
42.7 0.999802
42.9 0.999812
43.1 0.999823
43.3 0.999837
43.5 0.999849
43.7 0.999863
43.9 0.999871
44.1 0.999875
44.3 0.999878
44.5 0.999883
44.7 0.999888
44.9 0.999889
45.1 0.999899
45.3 0.999906
45.5 0.999911
45.7 0.999918
45.9 0.999921
46.1 0.999925
46.3 0.99993
46.5 0.999934
46.7 0.99994
46.9 0.999946
47.1 0.999949
47.3 0.999955
47.5 0.999956
47.7 0.999964
47.9 0.99997
48.1 0.999973
48.3 0.999973
48.5 0.999979
48.7 0.999981
48.9 0.999985
49.1 0.999985
49.3 0.999987
49.5 0.999988
49.7 0.999991
49.9 0.999993
50.1 1
