1299
-209.5 1.24647e-06
-209.3 2.49294e-06
-209.1 2.49294e-06
-208.9 4.98587e-06
-208.7 4.98587e-06
-208.5 4.98587e-06
-208.3 4.98587e-06
-208.1 4.98587e-06
-207.9 4.98587e-06
-207.7 6.23234e-06
-207.5 7.47881e-06
-207.3 7.47881e-06
-207.1 9.97174e-06
-206.9 9.97174e-06
-206.7 9.97174e-06
-206.5 1.12182e-05
-206.3 1.24647e-05
-206.1 1.24647e-05
-205.9 1.37111e-05
-205.7 1.37111e-05
-205.5 1.74505e-05
-205.3 1.8697e-05
-205.1 1.99435e-05
-204.9 1.99435e-05
-204.7 1.99435e-05
-204.5 1.99435e-05
-204.3 1.99435e-05
-204.1 2.119e-05
-203.9 2.36829e-05
-203.7 2.49294e-05
-203.5 2.49294e-05
-203.3 2.86688e-05
-203.1 3.11617e-05
-202.9 3.24082e-05
-202.7 3.49011e-05
-202.5 3.61476e-05
-202.3 3.7394e-05
-202.1 3.9887e-05
-201.9 4.11334e-05
-201.7 4.11334e-05
-201.5 4.11334e-05
-201.3 4.23799e-05
-201.1 4.48728e-05
-200.9 4.61193e-05
-200.7 4.86122e-05
-200.5 4.98587e-05
-200.3 5.23516e-05
-200.1 5.35981e-05
-199.9 6.35699e-05
-199.7 7.10487e-05
-199.5 8.22669e-05
-199.3 0.00010221
-199.1 0.0001234
-198.9 0.000155808
-198.7 0.000216885
-198.5 0.000285441
-198.3 0.000392637
-198.1 0.000513545
-197.9 0.000700515
-197.7 0.000931111
-197.5 0.00120035
-197.3 0.0015693
-197.1 0.00198438
-196.9 0.00253532
-196.7 0.00310994
-196.5 0.00379799
-196.3 0.004587
-196.1 0.00557296
-195.9 0.00661376
-195.7 0.00780787
-195.5 0.00902941
-195.3 0.0103432
-195.1 0.011632
-194.9 0.0131191
-194.7 0.0145924
-194.5 0.0161692
-194.3 0.017807
-194.1 0.0194088
-193.9 0.02116
-193.7 0.0228353
-193.5 0.0244856
-193.3 0.0260873
-193.1 0.0277838
-192.9 0.0294254
-192.7 0.0310819
-192.5 0.032736
-192.3 0.0344063
-192.1 0.0360715
-191.9 0.0377368
-191.7 0.0394033
-191.5 0.0410898
-191.3 0.0426304
-191.1 0.0442297
-190.9 0.0457765
-190.7 0.0473571
-190.5 0.048965
-190.3 0.0504321
-190.1 0.0519116
-189.9 0.0534136
-189.7 0.0548458
-189.5 0.0562618
-189.3 0.0577825
-189.1 0.059201
-188.9 0.0605933
-188.7 0.062109
-188.5 0.0636322
-188.3 0.0651666
-188.1 0.0666499
-187.9 0.0681182
-187.7 0.0695404
-187.5 0.0709951
-187.3 0.0724223
-187.1 0.0738133
-186.9 0.0752094
-186.7 0.0766129
-186.5 0.0780027
-186.3 0.0793888
-186.1 0.080735
-185.9 0.0820662
-185.7 0.0833812
-185.5 0.0847735
-185.3 0.0861147
-185.1 0.0874135
-184.9 0.0887547
-184.7 0.0901819
-184.5 0.0915107
-184.3 0.0927758
-184.1 0.0940223
-183.9 0.0953012
-183.7 0.0965514
-183.5 0.0977866
-183.3 0.0990605
-183.1 0.1003
-182.9 0.101593
-182.7 0.102895
-182.5 0.10409
-182.3 0.10529
-182.1 0.106528
-181.9 0.10774
-181.7 0.108941
-181.5 0.110143
-181.3 0.111297
-181.1 0.112475
-180.9 0.113603
-180.7 0.114734
-180.5 0.115862
-180.3 0.11706
-180.1 0.118176
-179.9 0.119312
-179.7 0.120475
-179.5 0.121612
-179.3 0.122686
-179.1 0.123711
-178.9 0.124707
-178.7 0.125784
-178.5 0.126858
-178.3 0.127984
-178.1 0.128983
-177.9 0.130018
-177.7 0.13111
-177.5 0.132184
-177.3 0.133216
-177.1 0.134228
-176.9 0.135239
-176.7 0.136283
-176.5 0.137275
-176.3 0.138262
-176.1 0.139323
-175.9 0.140302
-175.7 0.141275
-175.5 0.142348
-175.3 0.143335
-175.1 0.144286
-174.9 0.145215
-174.7 0.146199
-174.5 0.14717
-174.3 0.148173
-174.1 0.149154
-173.9 0.150123
-173.7 0.151108
-173.5 0.15207
-173.3 0.15301
-173.1 0.15399
-172.9 0.154947
-172.7 0.155865
-172.5 0.156817
-172.3 0.157698
-172.1 0.15867
-171.9 0.159668
-171.7 0.160641
-171.5 0.16156
-171.3 0.162514
-171.1 0.163502
-170.9 0.164415
-170.7 0.165375
-170.5 0.166294
-170.3 0.167148
-170.1 0.168107
-169.9 0.169021
-169.7 0.169937
-169.5 0.170875
-169.3 0.171819
-169.1 0.172805
-168.9 0.173794
-168.7 0.17468
-168.5 0.175535
-168.3 0.176476
-168.1 0.177433
-167.9 0.178397
-167.7 0.179326
-167.5 0.180201
-167.3 0.181134
-167.1 0.182019
-166.9 0.182976
-166.7 0.183895
-166.5 0.184826
-166.3 0.185795
-166.1 0.186675
-165.9 0.187556
-165.7 0.18845
-165.5 0.18939
-165.3 0.190314
-165.1 0.191199
-164.9 0.192089
-164.7 0.193009
-164.5 0.193917
-164.3 0.194832
-164.1 0.195745
-163.9 0.196647
-163.7 0.197518
-163.5 0.198416
-163.3 0.199309
-163.1 0.200194
-162.9 0.201061
-162.7 0.201966
-162.5 0.202875
-162.3 0.203794
-162.1 0.204621
-161.9 0.205553
-161.7 0.206446
-161.5 0.207356
-161.3 0.208249
-161.1 0.209142
-160.9 0.210049
-160.7 0.210907
-160.5 0.211817
-160.3 0.212637
-160.1 0.213537
-159.9 0.214416
-159.7 0.21522
-159.5 0.21609
-159.3 0.216956
-159.1 0.217788
-158.9 0.218637
-158.7 0.219513
-158.5 0.220388
-158.3 0.221258
-158.1 0.222153
-157.9 0.223014
-157.7 0.223842
-157.5 0.224802
-157.3 0.225614
-157.1 0.226498
-156.9 0.227366
-156.7 0.228232
-156.5 0.229142
-156.3 0.229985
-156.1 0.230896
-155.9 0.231743
-155.7 0.232592
-155.5 0.233435
-155.3 0.234353
-155.1 0.235268
-154.9 0.236121
-154.7 0.23704
-154.5 0.237905
-154.3 0.23876
-154.1 0.23959
-153.9 0.240394
-153.7 0.241245
-153.5 0.24209
-153.3 0.242953
-153.1 0.243855
-152.9 0.244754
-152.7 0.245625
-152.5 0.246484
-152.3 0.247353
-152.1 0.248192
-151.9 0.249075
-151.7 0.25
-151.5 0.2509
-151.3 0.251712
-151.1 0.252546
-150.9 0.253431
-150.7 0.254323
-150.5 0.255212
-150.3 0.25613
-150.1 0.257012
-149.9 0.257869
-149.7 0.258827
-149.5 0.259705
-149.3 0.26055
-149.1 0.261383
-148.9 0.262219
-148.7 0.263081
-148.5 0.263942
-148.3 0.26477
-148.1 0.265565
-147.9 0.266399
-147.7 0.267244
-147.5 0.268131
-147.3 0.269038
-147.1 0.269928
-146.9 0.27076
-146.7 0.271629
-146.5 0.272492
-146.3 0.273347
-146.1 0.274242
-145.9 0.275052
-145.7 0.275876
-145.5 0.2767
-145.3 0.27749
-145.1 0.278341
-144.9 0.279191
-144.7 0.280051
-144.5 0.28091
-144.3 0.281762
-144.1 0.282637
-143.9 0.28349
-143.7 0.2844
-143.5 0.285288
-143.3 0.286147
-143.1 0.286961
-142.9 0.287844
-142.7 0.288674
-142.5 0.289444
-142.3 0.29032
-142.1 0.291169
-141.9 0.29202
-141.7 0.292869
-141.5 0.293726
-141.3 0.294589
-141.1 0.295458
-140.9 0.296295
-140.7 0.297174
-140.5 0.298035
-140.3 0.298848
-140.1 0.299753
-139.9 0.300606
-139.7 0.301473
-139.5 0.302328
-139.3 0.303129
-139.1 0.304045
-138.9 0.304881
-138.7 0.305769
-138.5 0.306614
-138.3 0.30744
-138.1 0.308295
-137.9 0.30912
-137.7 0.309969
-137.5 0.310769
-137.3 0.311697
-137.1 0.312573
-136.9 0.313452
-136.7 0.314379
-136.5 0.315268
-136.3 0.316087
-136.1 0.316982
-135.9 0.317809
-135.7 0.318716
-135.5 0.319642
-135.3 0.320484
-135.1 0.321362
-134.9 0.322227
-134.7 0.323097
-134.5 0.323989
-134.3 0.324924
-134.1 0.325796
-133.9 0.326673
-133.7 0.327511
-133.5 0.328382
-133.3 0.32924
-133.1 0.330144
-132.9 0.330996
-132.7 0.331868
-132.5 0.332722
-132.3 0.333573
-132.1 0.334468
-131.9 0.335358
-131.7 0.336291
-131.5 0.337202
-131.3 0.338107
-131.1 0.339074
-130.9 0.339955
-130.7 0.340857
-130.5 0.341669
-130.3 0.342582
-130.1 0.34347
-129.9 0.344348
-129.7 0.345279
-129.5 0.346164
-129.3 0.347047
-129.1 0.34792
-128.9 0.348819
-128.7 0.349748
-128.5 0.350604
-128.3 0.351481
-128.1 0.352409
-127.9 0.35328
-127.7 0.354146
-127.5 0.35508
-127.3 0.355955
-127.1 0.356871
-126.9 0.3578
-126.7 0.358677
-126.5 0.35959
-126.3 0.360431
-126.1 0.361315
-125.9 0.36219
-125.7 0.363065
-125.5 0.36393
-125.3 0.364829
-125.1 0.365686
-124.9 0.366569
-124.7 0.36739
-124.5 0.368214
-124.3 0.369115
-124.1 0.369962
-123.9 0.370842
-123.7 0.37171
-123.5 0.372585
-123.3 0.373467
-123.1 0.374337
-122.9 0.375196
-122.7 0.376056
-122.5 0.376886
-122.3 0.377735
-122.1 0.378595
-121.9 0.379468
-121.7 0.380377
-121.5 0.381256
-121.3 0.382118
-121.1 0.383027
-120.9 0.383931
-120.7 0.384761
-120.5 0.385587
-120.3 0.386439
-120.1 0.387283
-119.9 0.388134
-119.7 0.389029
-119.5 0.389894
-119.3 0.390748
-119.1 0.391604
-118.9 0.392442
-118.7 0.393325
-118.5 0.394169
-118.3 0.395051
-118.1 0.395914
-117.9 0.396774
-117.7 0.397619
-117.5 0.398466
-117.3 0.399296
-117.1 0.400115
-116.9 0.400995
-116.7 0.401874
-116.5 0.40273
-116.3 0.403617
-116.1 0.404511
-115.9 0.405375
-115.7 0.406195
-115.5 0.407007
-115.3 0.407873
-115.1 0.408704
-114.9 0.409612
-114.7 0.410454
-114.5 0.411333
-114.3 0.412272
-114.1 0.413121
-113.9 0.414029
-113.7 0.414843
-113.5 0.415653
-113.3 0.416496
-113.1 0.417319
-112.9 0.41816
-112.7 0.419026
-112.5 0.419893
-112.3 0.420748
-112.1 0.421583
-111.9 0.422393
-111.7 0.423208
-111.5 0.424077
-111.3 0.424931
-111.1 0.425813
-110.9 0.426651
-110.7 0.427467
-110.5 0.428314
-110.3 0.429138
-110.1 0.430038
-109.9 0.43086
-109.7 0.431702
-109.5 0.432592
-109.3 0.433428
-109.1 0.434257
-108.9 0.435053
-108.7 0.435958
-108.5 0.436761
-108.3 0.437594
-108.1 0.438436
-107.9 0.439306
-107.7 0.440151
-107.5 0.441
-107.3 0.441873
-107.1 0.442734
-106.9 0.443556
-106.7 0.444416
-106.5 0.445277
-106.3 0.446107
-106.1 0.44695
-105.9 0.447863
-105.7 0.448736
-105.5 0.449583
-105.3 0.450468
-105.1 0.451296
-104.9 0.452109
-104.7 0.452938
-104.5 0.45374
-104.3 0.454647
-104.1 0.455429
-103.9 0.456267
-103.7 0.457031
-103.5 0.45791
-103.3 0.458746
-103.1 0.459574
-102.9 0.460417
-102.7 0.461335
-102.5 0.462183
-102.3 0.463111
-102.1 0.46397
-101.9 0.464871
-101.7 0.465729
-101.5 0.466525
-101.3 0.467396
-101.1 0.468267
-100.9 0.469045
-100.7 0.469932
-100.5 0.470805
-100.3 0.471645
-100.1 0.472464
-99.9 0.4733
-99.7 0.47413
-99.5 0.474888
-99.3 0.475741
-99.1 0.476602
-98.9 0.477417
-98.7 0.478258
-98.5 0.479079
-98.3 0.479896
-98.1 0.480771
-97.9 0.481592
-97.7 0.482413
-97.5 0.483188
-97.3 0.484015
-97.1 0.484805
-96.9 0.485624
-96.7 0.486453
-96.5 0.48734
-96.3 0.488153
-96.1 0.489032
-95.9 0.489914
-95.7 0.490766
-95.5 0.491601
-95.3 0.492464
-95.1 0.49329
-94.9 0.494167
-94.7 0.494987
-94.5 0.49584
-94.3 0.496707
-94.1 0.497579
-93.9 0.498454
-93.7 0.49929
-93.5 0.500123
-93.3 0.500947
-93.1 0.501808
-92.9 0.502648
-92.7 0.503466
-92.5 0.504301
-92.3 0.505177
-92.1 0.50602
-91.9 0.506924
-91.7 0.507812
-91.5 0.508629
-91.3 0.509481
-91.1 0.510329
-90.9 0.511216
-90.7 0.512069
-90.5 0.512903
-90.3 0.51378
-90.1 0.514638
-89.9 0.515508
-89.7 0.516361
-89.5 0.517131
-89.3 0.517916
-89.1 0.518811
-88.9 0.519636
-88.7 0.520463
-88.5 0.521264
-88.3 0.522071
-88.1 0.522887
-87.9 0.523707
-87.7 0.524578
-87.5 0.525372
-87.3 0.526224
-87.1 0.527058
-86.9 0.527874
-86.7 0.528719
-86.5 0.529574
-86.3 0.530322
-86.1 0.531223
-85.9 0.532062
-85.7 0.532865
-85.5 0.533725
-85.3 0.534571
-85.1 0.535412
-84.9 0.53631
-84.7 0.537104
-84.5 0.537896
-84.3 0.538751
-84.1 0.539549
-83.9 0.540412
-83.7 0.541292
-83.5 0.542114
-83.3 0.542948
-83.1 0.543795
-82.9 0.544642
-82.7 0.545509
-82.5 0.546413
-82.3 0.547264
-82.1 0.548076
-81.9 0.548921
-81.7 0.549824
-81.5 0.550686
-81.3 0.551522
-81.1 0.552366
-80.9 0.553295
-80.7 0.554203
-80.5 0.555031
-80.3 0.555867
-80.1 0.556735
-79.9 0.55755
-79.7 0.558469
-79.5 0.559308
-79.3 0.56016
-79.1 0.560984
-78.9 0.561747
-78.7 0.56258
-78.5 0.563367
-78.3 0.564239
-78.1 0.565059
-77.9 0.56595
-77.7 0.566826
-77.5 0.567703
-77.3 0.568498
-77.1 0.569296
-76.9 0.570134
-76.7 0.571001
-76.5 0.571886
-76.3 0.572703
-76.1 0.573545
-75.9 0.574385
-75.7 0.575194
-75.5 0.576059
-75.3 0.57692
-75.1 0.577742
-74.9 0.578539
-74.7 0.579352
-74.5 0.580173
-74.3 0.581032
-74.1 0.581917
-73.9 0.582802
-73.7 0.583637
-73.5 0.584573
-73.3 0.585427
-73.1 0.586216
-72.9 0.587039
-72.7 0.58789
-72.5 0.588718
-72.3 0.589543
-72.1 0.590357
-71.9 0.591217
-71.7 0.592024
-71.5 0.592891
-71.3 0.593721
-71.1 0.594539
-70.9 0.59539
-70.7 0.596243
-70.5 0.597094
-70.3 0.597922
-70.1 0.598782
-69.9 0.599635
-69.7 0.600501
-69.5 0.601395
-69.3 0.602267
-69.1 0.603077
-68.9 0.603942
-68.7 0.604802
-68.5 0.605643
-68.3 0.606481
-68.1 0.607366
-67.9 0.608189
-67.7 0.609044
-67.5 0.609826
-67.3 0.610713
-67.1 0.61155
-66.9 0.612373
-66.7 0.613241
-66.5 0.61405
-66.3 0.614901
-66.1 0.615799
-65.9 0.616643
-65.7 0.617505
-65.5 0.618378
-65.3 0.619169
-65.1 0.620059
-64.9 0.62091
-64.7 0.621759
-64.5 0.622644
-64.3 0.623502
-64.1 0.624402
-63.9 0.625227
-63.7 0.626063
-63.5 0.626961
-63.3 0.627792
-63.1 0.628624
-62.9 0.629436
-62.7 0.630334
-62.5 0.631195
-62.3 0.632049
-62.1 0.632941
-61.9 0.633767
-61.7 0.634635
-61.5 0.635452
-61.3 0.636279
-61.1 0.637153
-60.9 0.63799
-60.7 0.638814
-60.5 0.639641
-60.3 0.640556
-60.1 0.641368
-59.9 0.642224
-59.7 0.643109
-59.5 0.643909
-59.3 0.644799
-59.1 0.645624
-58.9 0.646464
-58.7 0.647312
-58.5 0.648123
-58.3 0.648954
-58.1 0.649809
-57.9 0.650689
-57.7 0.651532
-57.5 0.652398
-57.3 0.653241
-57.1 0.654039
-56.9 0.654829
-56.7 0.655697
-56.5 0.656587
-56.3 0.657458
-56.1 0.658313
-55.9 0.65919
-55.7 0.660013
-55.5 0.66085
-55.3 0.661665
-55.1 0.662496
-54.9 0.663354
-54.7 0.66424
-54.5 0.66509
-54.3 0.665938
-54.1 0.666793
-53.9 0.667632
-53.7 0.668479
-53.5 0.669313
-53.3 0.670205
-53.1 0.671019
-52.9 0.671887
-52.7 0.672704
-52.5 0.67356
-52.3 0.674379
-52.1 0.675249
-51.9 0.676072
-51.7 0.676902
-51.5 0.677734
-51.3 0.678642
-51.1 0.679514
-50.9 0.680383
-50.7 0.681208
-50.5 0.682087
-50.3 0.682941
-50.1 0.683772
-49.9 0.684625
-49.7 0.685486
-49.5 0.68637
-49.3 0.687244
-49.1 0.688073
-48.9 0.688878
-48.7 0.689724
-48.5 0.69061
-48.3 0.691442
-48.1 0.69227
-47.9 0.693121
-47.7 0.69403
-47.5 0.69483
-47.3 0.695686
-47.1 0.696531
-46.9 0.69739
-46.7 0.698199
-46.5 0.699052
-46.3 0.699862
-46.1 0.700722
-45.9 0.701583
-45.7 0.702422
-45.5 0.70329
-45.3 0.704125
-45.1 0.704939
-44.9 0.70576
-44.7 0.706605
-44.5 0.707539
-44.3 0.708364
-44.1 0.709195
-43.9 0.710011
-43.7 0.710864
-43.5 0.711668
-43.3 0.712502
-43.1 0.713411
-42.9 0.71426
-42.7 0.715059
-42.5 0.715886
-42.3 0.716764
-42.1 0.717626
-41.9 0.718529
-41.7 0.719363
-41.5 0.720215
-41.3 0.721072
-41.1 0.721984
-40.9 0.722855
-40.7 0.723644
-40.5 0.724502
-40.3 0.725351
-40.1 0.726228
-39.9 0.72701
-39.7 0.727841
-39.5 0.728708
-39.3 0.729536
-39.1 0.730406
-38.9 0.731192
-38.7 0.732014
-38.5 0.732914
-38.3 0.733708
-38.1 0.734598
-37.9 0.73544
-37.7 0.736292
-37.5 0.737184
-37.3 0.738052
-37.1 0.738934
-36.9 0.739755
-36.7 0.740603
-36.5 0.741402
-36.3 0.742219
-36.1 0.743052
-35.9 0.743957
-35.7 0.744801
-35.5 0.745661
-35.3 0.746543
-35.1 0.747367
-34.9 0.748197
-34.7 0.749022
-34.5 0.749895
-34.3 0.750709
-34.1 0.75158
-33.9 0.752454
-33.7 0.753323
-33.5 0.754121
-33.3 0.754934
-33.1 0.755839
-32.9 0.756647
-32.7 0.757464
-32.5 0.758321
-32.3 0.759187
-32.1 0.759955
-31.9 0.760794
-31.7 0.761654
-31.5 0.762544
-31.3 0.763403
-31.1 0.764226
-30.9 0.765109
-30.7 0.765938
-30.5 0.766783
-30.3 0.76769
-30.1 0.768567
-29.9 0.769393
-29.7 0.770204
-29.5 0.77108
-29.3 0.771936
-29.1 0.772759
-28.9 0.773624
-28.7 0.774477
-28.5 0.775289
-28.3 0.776133
-28.1 0.776988
-27.9 0.777871
-27.7 0.778713
-27.5 0.779583
-27.3 0.780385
-27.1 0.781246
-26.9 0.782073
-26.7 0.782965
-26.5 0.783841
-26.3 0.784645
-26.1 0.785495
-25.9 0.786413
-25.7 0.787282
-25.5 0.788109
-25.3 0.788907
-25.1 0.789784
-24.9 0.790698
-24.7 0.791553
-24.5 0.792498
-24.3 0.793278
-24.1 0.794137
-23.9 0.794945
-23.7 0.795755
-23.5 0.796624
-23.3 0.797494
-23.1 0.798371
-22.9 0.799235
-22.7 0.80005
-22.5 0.800868
-22.3 0.801686
-22.1 0.8025
-21.9 0.803405
-21.7 0.804177
-21.5 0.804983
-21.3 0.805912
-21.1 0.806815
-20.9 0.807594
-20.7 0.808478
-20.5 0.809325
-20.3 0.810184
-20.1 0.811045
-19.9 0.811853
-19.7 0.812709
-19.5 0.813592
-19.3 0.814417
-19.1 0.815196
-18.9 0.816019
-18.7 0.816778
-18.5 0.817602
-18.3 0.818453
-18.1 0.819332
-17.9 0.820211
-17.7 0.821078
-17.5 0.821912
-17.3 0.82276
-17.1 0.82356
-16.9 0.824426
-16.7 0.825283
-16.5 0.826123
-16.3 0.82703
-16.1 0.827881
-15.9 0.828764
-15.7 0.829654
-15.5 0.830477
-15.3 0.831269
-15.1 0.832174
-14.9 0.833048
-14.7 0.833886
-14.5 0.834753
-14.3 0.835656
-14.1 0.836467
-13.9 0.837282
-13.7 0.838125
-13.5 0.83902
-13.3 0.839835
-13.1 0.840622
-12.9 0.841421
-12.7 0.842347
-12.5 0.843176
-12.3 0.844007
-12.1 0.844941
-11.9 0.845762
-11.7 0.846605
-11.5 0.847462
-11.3 0.848362
-11.1 0.849241
-10.9 0.850069
-10.7 0.850917
-10.5 0.851768
-10.3 0.85264
-10.1 0.853474
-9.9 0.854351
-9.7 0.855208
-9.5 0.856067
-9.3 0.856934
-9.1 0.8578
-8.9 0.858669
-8.7 0.859518
-8.5 0.860403
-8.3 0.861246
-8.1 0.862076
-7.9 0.862911
-7.7 0.863779
-7.5 0.864605
-7.3 0.865469
-7.1 0.8663
-6.9 0.867137
-6.7 0.867978
-6.5 0.868873
-6.3 0.86972
-6.1 0.870569
-5.9 0.871372
-5.7 0.872188
-5.5 0.873067
-5.3 0.873953
-5.1 0.874794
-4.9 0.875652
-4.7 0.876534
-4.5 0.877397
-4.3 0.878224
-4.1 0.87898
-3.9 0.879803
-3.7 0.880658
-3.5 0.881522
-3.3 0.882386
-3.1 0.883223
-2.9 0.884012
-2.7 0.88487
-2.5 0.885743
-2.3 0.886578
-2.1 0.887431
-1.9 0.888278
-1.7 0.889118
-1.5 0.89
-1.3 0.890834
-1.1 0.891667
-0.899999 0.892527
-0.699999 0.893343
-0.499999 0.894271
-0.299999 0.89512
-0.0999994 0.895939
0.100001 0.896764
0.300001 0.897594
0.500001 0.898433
0.700001 0.899304
0.900001 0.900184
1.1 0.901033
1.3 0.901893
1.5 0.902764
1.7 0.903654
1.9 0.904518
2.1 0.905361
2.3 0.906254
2.5 0.907086
2.7 0.907937
2.9 0.908872
3.1 0.909686
3.3 0.910496
3.5 0.911314
3.7 0.912185
3.9 0.91303
4.1 0.913869
4.3 0.914683
4.5 0.915516
4.7 0.916345
4.9 0.917162
5.1 0.917999
5.3 0.918811
5.5 0.919648
5.7 0.920465
5.9 0.921279
6.1 0.922085
6.3 0.922932
6.5 0.923805
6.7 0.924614
6.9 0.925501
7.1 0.926276
7.3 0.927134
7.5 0.928029
7.7 0.92889
7.9 0.929728
8.1 0.93065
8.3 0.931485
8.5 0.932283
8.7 0.933039
8.9 0.93389
9.1 0.934683
9.3 0.93554
9.5 0.936411
9.7 0.937223
9.9 0.938032
10.1 0.93884
10.3 0.939722
10.5 0.940516
10.7 0.941356
10.9 0.942163
11.1 0.943009
11.3 0.943837
11.5 0.944612
11.7 0.945473
11.9 0.946272
12.1 0.947086
12.3 0.94793
12.5 0.948781
12.7 0.949584
12.9 0.950445
13.1 0.951324
13.3 0.952073
13.5 0.952876
13.7 0.953709
13.9 0.954467
14.1 0.955312
14.3 0.956052
14.5 0.956854
14.7 0.957631
14.9 0.9584
15.1 0.959173
15.3 0.95994
15.5 0.960731
15.7 0.961467
15.9 0.962163
16.1 0.962935
16.3 0.963668
16.5 0.964411
16.7 0.965166
16.9 0.965823
17.1 0.96648
17.3 0.967184
17.5 0.96785
17.7 0.968553
17.9 0.969238
18.1 0.969893
18.3 0.970524
18.5 0.971223
18.7 0.971844
18.9 0.972502
19.1 0.973179
19.3 0.973835
19.5 0.974437
19.7 0.975062
19.9 0.975684
20.1 0.976345
20.3 0.976932
20.5 0.977519
20.7 0.97809
20.9 0.978679
21.1 0.979243
21.3 0.97979
21.5 0.980351
21.7 0.980873
21.9 0.981367
22.1 0.981879
22.3 0.982389
22.5 0.982893
22.7 0.983413
22.9 0.983856
23.1 0.984339
23.3 0.984816
23.5 0.985274
23.7 0.985702
23.9 0.986118
24.1 0.986556
24.3 0.986983
24.5 0.987402
24.7 0.987772
24.9 0.988144
25.1 0.988503
25.3 0.98889
25.5 0.989248
25.7 0.989637
25.9 0.989981
26.1 0.990327
26.3 0.990671
26.5 0.991033
26.7 0.991351
26.9 0.991654
27.1 0.992008
27.3 0.992303
27.5 0.992579
27.7 0.992852
27.9 0.993111
28.1 0.993368
28.3 0.993638
28.5 0.993911
28.7 0.994154
28.9 0.994417
29.1 0.994643
29.3 0.994872
29.5 0.995096
29.7 0.995305
29.9 0.995503
30.1 0.995678
30.3 0.995867
30.5 0.996034
30.7 0.996223
30.9 0.996372
31.1 0.996554
31.3 0.996729
31.5 0.996864
31.7 0.99701
31.9 0.997159
32.1 0.997309
32.3 0.997419
32.5 0.997533
32.7 0.997658
32.9 0.997785
33.1 0.997907
33.3 0.998008
33.5 0.998119
33.7 0.998206
33.9 0.998297
34.1 0.998377
34.3 0.998449
34.5 0.998527
34.7 0.998625
34.9 0.998697
35.1 0.998776
35.3 0.998851
35.5 0.998896
35.7 0.998954
35.9 0.998993
36.1 0.999049
36.3 0.999096
36.5 0.999147
36.7 0.999199
36.9 0.999237
37.1 0.99928
37.3 0.999337
37.5 0.999374
37.7 0.999409
37.9 0.999445
38.1 0.999475
38.3 0.999498
38.5 0.999534
38.7 0.999562
38.9 0.99958
39.1 0.999606
39.3 0.999629
39.5 0.99965
39.7 0.999671
39.9 0.999686
40.1 0.999703
40.3 0.999727
40.5 0.999736
40.7 0.999751
40.9 0.999769
41.1 0.999778
41.3 0.999796
41.5 0.999806
41.7 0.999812
41.9 0.999823
42.1 0.99983
42.3 0.999847
42.5 0.99985
42.7 0.999858
42.9 0.99986
43.1 0.999868
43.3 0.999879
43.5 0.999888
43.7 0.999893
43.9 0.999899
44.1 0.999902
44.3 0.999908
44.5 0.99991
44.7 0.999914
44.9 0.999916
45.1 0.999921
45.3 0.999925
45.5 0.999928
45.7 0.999935
45.9 0.999941
46.1 0.999946
46.3 0.999954
46.5 0.999955
46.7 0.999958
46.9 0.99996
47.1 0.999965
47.3 0.999968
47.5 0.999968
47.7 0.99997
47.9 0.999971
48.1 0.999978
48.3 0.99998
48.5 0.999983
48.7 0.999983
48.9 0.999989
49.1 0.999993
49.3 0.999995
49.5 0.999998
49.7 0.999999
49.9 0.999999
50.1 1
