1296
-209.1 2.53384e-06
-208.9 2.53384e-06
-208.7 2.53384e-06
-208.5 2.53384e-06
-208.3 6.33459e-06
-208.1 7.60151e-06
-207.9 7.60151e-06
-207.7 8.86843e-06
-207.5 8.86843e-06
-207.3 8.86843e-06
-207.1 8.86843e-06
-206.9 8.86843e-06
-206.7 8.86843e-06
-206.5 8.86843e-06
-206.3 8.86843e-06
-206.1 1.01353e-05
-205.9 1.14023e-05
-205.7 1.14023e-05
-205.5 1.14023e-05
-205.3 1.14023e-05
-205.1 1.14023e-05
-204.9 1.14023e-05
-204.7 1.14023e-05
-204.5 1.14023e-05
-204.3 1.14023e-05
-204.1 1.5203e-05
-203.9 1.5203e-05
-203.7 1.5203e-05
-203.5 1.5203e-05
-203.3 1.64699e-05
-203.1 1.77369e-05
-202.9 1.77369e-05
-202.7 1.77369e-05
-202.5 1.77369e-05
-202.3 1.90038e-05
-202.1 1.90038e-05
-201.9 1.90038e-05
-201.7 1.90038e-05
-201.5 2.02707e-05
-201.3 2.02707e-05
-201.1 2.02707e-05
-200.9 2.15376e-05
-200.7 2.15376e-05
-200.5 2.28045e-05
-200.3 2.28045e-05
-200.1 2.28045e-05
-199.9 2.28045e-05
-199.7 2.40714e-05
-199.5 2.40714e-05
-199.3 2.53384e-05
-199.1 2.53384e-05
-198.9 2.78722e-05
-198.7 3.1673e-05
-198.5 3.54737e-05
-198.3 4.05414e-05
-198.1 4.94098e-05
-197.9 6.46128e-05
-197.7 8.99512e-05
-197.5 0.00013556
-197.3 0.000190038
-197.1 0.000243248
-196.9 0.000349669
-196.7 0.000519436
-196.5 0.000699339
-196.3 0.000988196
-196.1 0.00131253
-195.9 0.00171921
-195.7 0.00227919
-195.5 0.00294178
-195.3 0.00373741
-195.1 0.00465846
-194.9 0.00572014
-194.7 0.00687937
-194.5 0.00815895
-194.3 0.00954496
-194.1 0.0110843
-193.9 0.0126895
-193.7 0.0144239
-193.5 0.0161671
-193.3 0.0180396
-193.1 0.0198349
-192.9 0.0217061
-192.7 0.0235419
-192.5 0.0254156
-192.3 0.0273262
-192.1 0.0291645
-191.9 0.0309115
-191.7 0.0326726
-191.5 0.0343474
-191.3 0.0361236
-191.1 0.0379049
-190.9 0.0396229
-190.7 0.0412749
-190.5 0.0429865
-190.3 0.0446627
-190.1 0.0462184
-189.9 0.047868
-189.7 0.0494529
-189.5 0.0510061
-189.3 0.0525885
-189.1 0.0541329
-188.9 0.0557279
-188.7 0.0571823
-188.5 0.0586228
-188.3 0.0601875
-188.1 0.0617382
-187.9 0.0632065
-187.7 0.0646673
-187.5 0.0661813
-187.3 0.0675761
-187.1 0.069061
-186.9 0.0704939
-186.7 0.071909
-186.5 0.0732621
-186.3 0.0746696
-186.1 0.0761152
-185.9 0.0775215
-185.7 0.0788657
-185.5 0.0802808
-185.3 0.081644
-185.1 0.083087
-184.9 0.084454
-184.7 0.0857944
-184.5 0.0871057
-184.3 0.0884043
-184.1 0.0897206
-183.9 0.0909419
-183.7 0.0922785
-183.5 0.0935632
-183.3 0.0948009
-183.1 0.0961084
-182.9 0.0974209
-182.7 0.0986917
-182.5 0.09997
-182.3 0.101227
-182.1 0.102477
-181.9 0.103807
-181.7 0.105028
-181.5 0.106279
-181.3 0.107535
-181.1 0.108742
-180.9 0.109996
-180.7 0.111168
-180.5 0.112396
-180.3 0.113596
-180.1 0.114832
-179.9 0.116008
-179.7 0.117255
-179.5 0.118399
-179.3 0.119581
-179.1 0.120746
-178.9 0.121921
-178.7 0.122985
-178.5 0.124126
-178.3 0.125284
-178.1 0.126423
-177.9 0.127465
-177.7 0.128595
-177.5 0.129649
-177.3 0.130695
-177.1 0.131819
-176.9 0.132864
-176.7 0.133918
-176.5 0.134961
-176.3 0.135977
-176.1 0.137059
-175.9 0.138085
-175.7 0.139076
-175.5 0.140162
-175.3 0.141132
-175.1 0.142174
-174.9 0.143163
-174.7 0.144234
-174.5 0.145242
-174.3 0.146275
-174.1 0.147294
-173.9 0.148248
-173.7 0.149276
-173.5 0.15018
-173.3 0.151194
-173.1 0.152214
-172.9 0.153194
-172.7 0.154095
-172.5 0.155102
-172.3 0.156079
-172.1 0.157012
-171.9 0.157929
-171.7 0.158922
-171.5 0.159888
-171.3 0.160916
-171.1 0.161846
-170.9 0.162838
-170.7 0.163811
-170.5 0.164753
-170.3 0.165701
-170.1 0.166591
-169.9 0.167545
-169.7 0.168482
-169.5 0.16943
-169.3 0.170346
-169.1 0.171294
-168.9 0.172241
-168.7 0.173189
-168.5 0.174132
-168.3 0.175075
-168.1 0.175999
-167.9 0.176907
-167.7 0.177858
-167.5 0.178791
-167.3 0.179645
-167.1 0.180531
-166.9 0.181466
-166.7 0.182365
-166.5 0.183253
-166.3 0.184205
-166.1 0.185125
-165.9 0.186037
-165.7 0.18691
-165.5 0.18774
-165.3 0.188675
-165.1 0.189549
-164.9 0.190446
-164.7 0.191314
-164.5 0.192197
-164.3 0.193109
-164.1 0.19397
-163.9 0.194928
-163.7 0.195848
-163.5 0.196808
-163.3 0.197698
-163.1 0.198645
-162.9 0.199532
-162.7 0.200449
-162.5 0.20134
-162.3 0.202189
-162.1 0.203097
-161.9 0.203999
-161.7 0.204914
-161.5 0.205827
-161.3 0.206793
-161.1 0.207644
-160.9 0.208525
-160.7 0.209455
-160.5 0.21034
-160.3 0.211245
-160.1 0.212191
-159.9 0.213089
-159.7 0.213977
-159.5 0.214897
-159.3 0.215861
-159.1 0.216753
-158.9 0.217673
-158.7 0.218581
-158.5 0.219532
-158.3 0.220391
-158.1 0.221298
-157.9 0.222154
-157.7 0.223041
-157.5 0.223965
-157.3 0.224859
-157.1 0.225689
-156.9 0.226543
-156.7 0.227462
-156.5 0.228361
-156.3 0.229236
-156.1 0.230108
-155.9 0.230986
-155.7 0.231828
-155.5 0.232683
-155.3 0.23349
-155.1 0.234332
-154.9 0.235222
-154.7 0.236086
-154.5 0.236991
-154.3 0.237856
-154.1 0.238732
-153.9 0.23963
-153.7 0.240555
-153.5 0.241458
-153.3 0.242387
-153.1 0.243318
-152.9 0.244274
-152.7 0.245145
-152.5 0.246043
-152.3 0.246958
-152.1 0.247778
-151.9 0.248634
-151.7 0.249504
-151.5 0.250405
-151.3 0.251218
-151.1 0.252072
-150.9 0.252986
-150.7 0.253861
-150.5 0.254743
-150.3 0.25565
-150.1 0.256498
-149.9 0.257423
-149.7 0.258313
-149.5 0.259208
-149.3 0.260096
-149.1 0.260936
-148.9 0.261757
-148.7 0.262635
-148.5 0.263519
-148.3 0.264418
-148.1 0.265281
-147.9 0.266173
-147.7 0.267045
-147.5 0.26799
-147.3 0.268813
-147.1 0.26967
-146.9 0.270524
-146.7 0.271445
-146.5 0.272282
-146.3 0.273093
-146.1 0.273911
-145.9 0.274787
-145.7 0.275641
-145.5 0.276499
-145.3 0.277339
-145.1 0.278197
-144.9 0.279084
-144.7 0.279969
-144.5 0.280844
-144.3 0.281699
-144.1 0.282508
-143.9 0.283349
-143.7 0.284187
-143.5 0.285101
-143.3 0.285938
-143.1 0.2868
-142.9 0.287687
-142.7 0.288572
-142.5 0.28941
-142.3 0.290251
-142.1 0.291078
-141.9 0.291887
-141.7 0.292771
-141.5 0.293673
-141.3 0.294512
-141.1 0.2954
-140.9 0.296211
-140.7 0.29705
-140.5 0.297874
-140.3 0.298687
-140.1 0.299592
-139.9 0.300419
-139.7 0.301253
-139.5 0.302074
-139.3 0.302943
-139.1 0.303704
-138.9 0.304552
-138.7 0.305405
-138.5 0.306253
-138.3 0.307125
-138.1 0.307959
-137.9 0.308788
-137.7 0.309609
-137.5 0.310473
-137.3 0.31131
-137.1 0.312152
-136.9 0.31299
-136.7 0.313889
-136.5 0.314759
-136.3 0.315651
-136.1 0.316533
-135.9 0.31744
-135.7 0.318311
-135.5 0.319192
-135.3 0.320096
-135.1 0.32088
-134.9 0.32175
-134.7 0.322636
-134.5 0.323478
-134.3 0.324348
-134.1 0.325253
-133.9 0.326087
-133.7 0.326978
-133.5 0.327839
-133.3 0.328736
-133.1 0.329568
-132.9 0.330501
-132.7 0.331393
-132.5 0.332272
-132.3 0.333123
-132.1 0.334018
-131.9 0.334916
-131.7 0.335776
-131.5 0.336648
-131.3 0.337558
-131.1 0.338448
-130.9 0.339385
-130.7 0.340287
-130.5 0.341135
-130.3 0.341988
-130.1 0.342855
-129.9 0.34374
-129.7 0.344663
-129.5 0.345539
-129.3 0.346431
-129.1 0.34738
-128.9 0.348296
-128.7 0.349179
-128.5 0.350099
-128.3 0.351017
-128.1 0.351927
-127.9 0.352832
-127.7 0.353748
-127.5 0.354613
-127.3 0.355524
-127.1 0.356435
-126.9 0.357391
-126.7 0.35833
-126.5 0.359203
-126.3 0.360184
-126.1 0.361113
-125.9 0.361942
-125.7 0.362812
-125.5 0.363655
-125.3 0.364527
-125.1 0.365406
-124.9 0.366288
-124.7 0.367178
-124.5 0.367983
-124.3 0.368832
-124.1 0.369758
-123.9 0.370631
-123.7 0.371501
-123.5 0.372356
-123.3 0.373232
-123.1 0.374055
-122.9 0.374962
-122.7 0.375845
-122.5 0.376726
-122.3 0.377672
-122.1 0.378515
-121.9 0.379344
-121.7 0.380206
-121.5 0.38107
-121.3 0.381964
-121.1 0.382865
-120.9 0.383774
-120.7 0.384721
-120.5 0.385636
-120.3 0.386538
-120.1 0.387443
-119.9 0.38828
-119.7 0.389181
-119.5 0.390006
-119.3 0.390901
-119.1 0.391787
-118.9 0.39261
-118.7 0.393529
-118.5 0.394464
-118.3 0.395322
-118.1 0.396211
-117.9 0.397093
-117.7 0.397977
-117.5 0.39883
-117.3 0.399657
-117.1 0.400532
-116.9 0.401391
-116.7 0.402271
-116.5 0.403132
-116.3 0.404038
-116.1 0.404874
-115.9 0.405714
-115.7 0.406598
-115.5 0.407469
-115.3 0.408266
-115.1 0.409085
-114.9 0.409895
-114.7 0.410756
-114.5 0.411632
-114.3 0.412452
-114.1 0.413276
-113.9 0.41414
-113.7 0.41499
-113.5 0.415833
-113.3 0.416697
-113.1 0.417533
-112.9 0.418405
-112.7 0.419226
-112.5 0.420139
-112.3 0.421013
-112.1 0.421886
-111.9 0.422772
-111.7 0.423661
-111.5 0.424437
-111.3 0.425346
-111.1 0.426208
-110.9 0.42704
-110.7 0.427922
-110.5 0.428723
-110.3 0.429599
-110.1 0.430514
-109.9 0.431425
-109.7 0.432189
-109.5 0.433076
-109.3 0.434036
-109.1 0.434875
-108.9 0.435745
-108.7 0.436566
-108.5 0.437464
-108.3 0.438356
-108.1 0.439216
-107.9 0.440059
-107.7 0.44095
-107.5 0.441791
-107.3 0.442674
-107.1 0.443532
-106.9 0.444389
-106.7 0.445266
-106.5 0.446055
-106.3 0.446915
-106.1 0.447736
-105.9 0.448492
-105.7 0.449342
-105.5 0.450175
-105.3 0.450977
-105.1 0.451767
-104.9 0.452582
-104.7 0.453387
-104.5 0.454252
-104.3 0.45509
-104.1 0.455904
-103.9 0.45677
-103.7 0.457604
-103.5 0.458433
-103.3 0.459282
-103.1 0.460145
-102.9 0.460996
-102.7 0.461807
-102.5 0.462619
-102.3 0.463486
-102.1 0.464327
-101.9 0.465202
-101.7 0.466095
-101.5 0.466933
-101.3 0.467769
-101.1 0.46859
-100.9 0.469368
-100.7 0.470215
-100.5 0.471062
-100.3 0.471916
-100.1 0.472801
-99.9 0.473666
-99.7 0.474518
-99.5 0.475407
-99.3 0.47628
-99.1 0.477144
-98.9 0.477958
-98.7 0.478804
-98.5 0.479644
-98.3 0.480474
-98.1 0.481326
-97.9 0.48218
-97.7 0.483056
-97.5 0.483865
-97.3 0.484703
-97.1 0.485641
-96.9 0.486497
-96.7 0.487361
-96.5 0.48818
-96.3 0.489015
-96.1 0.489869
-95.9 0.490729
-95.7 0.491569
-95.5 0.492462
-95.3 0.493339
-95.1 0.494193
-94.9 0.494971
-94.7 0.495863
-94.5 0.49676
-94.3 0.497601
-94.1 0.498456
-93.9 0.499374
-93.7 0.500287
-93.5 0.501188
-93.3 0.502049
-93.1 0.502884
-92.9 0.503738
-92.7 0.504617
-92.5 0.505427
-92.3 0.506309
-92.1 0.507183
-91.9 0.508013
-91.7 0.508827
-91.5 0.50967
-91.3 0.510531
-91.1 0.511473
-90.9 0.512354
-90.7 0.51322
-90.5 0.514034
-90.3 0.514897
-90.1 0.515745
-89.9 0.516633
-89.7 0.517475
-89.5 0.518322
-89.3 0.519227
-89.1 0.520079
-88.9 0.520973
-88.7 0.521792
-88.5 0.522618
-88.3 0.52347
-88.1 0.524318
-87.9 0.525136
-87.7 0.525948
-87.5 0.526804
-87.3 0.527665
-87.1 0.528557
-86.9 0.529429
-86.7 0.530255
-86.5 0.531098
-86.3 0.531999
-86.1 0.532825
-85.9 0.533668
-85.7 0.534518
-85.5 0.535327
-85.3 0.536237
-85.1 0.537062
-84.9 0.537956
-84.7 0.538828
-84.5 0.539618
-84.3 0.540514
-84.1 0.541374
-83.9 0.542203
-83.7 0.543058
-83.5 0.543946
-83.3 0.544763
-83.1 0.545597
-82.9 0.546395
-82.7 0.547222
-82.5 0.54809
-82.3 0.548944
-82.1 0.549791
-81.9 0.550652
-81.7 0.551478
-81.5 0.552302
-81.3 0.553182
-81.1 0.554054
-80.9 0.55484
-80.7 0.555673
-80.5 0.556518
-80.3 0.557353
-80.1 0.558214
-79.9 0.559081
-79.7 0.559922
-79.5 0.560846
-79.3 0.561656
-79.1 0.562542
-78.9 0.563388
-78.7 0.564292
-78.5 0.565124
-78.3 0.565989
-78.1 0.566838
-77.9 0.567722
-77.7 0.568621
-77.5 0.569516
-77.3 0.570431
-77.1 0.571307
-76.9 0.57216
-76.7 0.573004
-76.5 0.573876
-76.3 0.574712
-76.1 0.575467
-75.9 0.576325
-75.7 0.577141
-75.5 0.577997
-75.3 0.578889
-75.1 0.57978
-74.9 0.580624
-74.7 0.581447
-74.5 0.582307
-74.3 0.583192
-74.1 0.584043
-73.9 0.584904
-73.7 0.585743
-73.5 0.586631
-73.3 0.58749
-73.1 0.588368
-72.9 0.589254
-72.7 0.590073
-72.5 0.590936
-72.3 0.591808
-72.1 0.592719
-71.9 0.59357
-71.7 0.594468
-71.5 0.595346
-71.3 0.596186
-71.1 0.597038
-70.9 0.597869
-70.7 0.59871
-70.5 0.599574
-70.3 0.600414
-70.1 0.60124
-69.9 0.602127
-69.7 0.602929
-69.5 0.603785
-69.3 0.604648
-69.1 0.605529
-68.9 0.606333
-68.7 0.607143
-68.5 0.60798
-68.3 0.608787
-68.1 0.60958
-67.9 0.610463
-67.7 0.611304
-67.5 0.612203
-67.3 0.613026
-67.1 0.613864
-66.9 0.614712
-66.7 0.615521
-66.5 0.616306
-66.3 0.617225
-66.1 0.618127
-65.9 0.618991
-65.7 0.619805
-65.5 0.620658
-65.3 0.621511
-65.1 0.622372
-64.9 0.623146
-64.7 0.624047
-64.5 0.62485
-64.3 0.625744
-64.1 0.626637
-63.9 0.627461
-63.7 0.628304
-63.5 0.629165
-63.3 0.629999
-63.1 0.630837
-62.9 0.631693
-62.7 0.632622
-62.5 0.633464
-62.3 0.63436
-62.1 0.635182
-61.9 0.636023
-61.7 0.636872
-61.5 0.637754
-61.3 0.638645
-61.1 0.639502
-60.9 0.640387
-60.7 0.641292
-60.5 0.642117
-60.3 0.642928
-60.1 0.643716
-59.9 0.644547
-59.7 0.645373
-59.5 0.64619
-59.3 0.647015
-59.1 0.64785
-58.9 0.648736
-58.7 0.649607
-58.5 0.650436
-58.3 0.651323
-58.1 0.652182
-57.9 0.653014
-57.7 0.653905
-57.5 0.654757
-57.3 0.655628
-57.1 0.656536
-56.9 0.657473
-56.7 0.65831
-56.5 0.659198
-56.3 0.660067
-56.1 0.660894
-55.9 0.661777
-55.7 0.662626
-55.5 0.663499
-55.3 0.664312
-55.1 0.665188
-54.9 0.66601
-54.7 0.666922
-54.5 0.667837
-54.3 0.668741
-54.1 0.669602
-53.9 0.670491
-53.7 0.671339
-53.5 0.672199
-53.3 0.672992
-53.1 0.673856
-52.9 0.674718
-52.7 0.675589
-52.5 0.676423
-52.3 0.677317
-52.1 0.678101
-51.9 0.67894
-51.7 0.679771
-51.5 0.68061
-51.3 0.681401
-51.1 0.682205
-50.9 0.683136
-50.7 0.684001
-50.5 0.684843
-50.3 0.685738
-50.1 0.686595
-49.9 0.687493
-49.7 0.688381
-49.5 0.689206
-49.3 0.690083
-49.1 0.690954
-48.9 0.691817
-48.7 0.692666
-48.5 0.69352
-48.3 0.694364
-48.1 0.695209
-47.9 0.696036
-47.7 0.696824
-47.5 0.697618
-47.3 0.698416
-47.1 0.699273
-46.9 0.700142
-46.7 0.701026
-46.5 0.701862
-46.3 0.702672
-46.1 0.703518
-45.9 0.704353
-45.7 0.705149
-45.5 0.706028
-45.3 0.706877
-45.1 0.70776
-44.9 0.708597
-44.7 0.709446
-44.5 0.71032
-44.3 0.711226
-44.1 0.712062
-43.9 0.71293
-43.7 0.713815
-43.5 0.714663
-43.3 0.715524
-43.1 0.716366
-42.9 0.717168
-42.7 0.718014
-42.5 0.718916
-42.3 0.719805
-42.1 0.720657
-41.9 0.721528
-41.7 0.722388
-41.5 0.723299
-41.3 0.724105
-41.1 0.724931
-40.9 0.72584
-40.7 0.726654
-40.5 0.727435
-40.3 0.72834
-40.1 0.729177
-39.9 0.730082
-39.7 0.730908
-39.5 0.73175
-39.3 0.732626
-39.1 0.733518
-38.9 0.734397
-38.7 0.735294
-38.5 0.736149
-38.3 0.736995
-38.1 0.737872
-37.9 0.738745
-37.7 0.73965
-37.5 0.74049
-37.3 0.741376
-37.1 0.742254
-36.9 0.743056
-36.7 0.743944
-36.5 0.744793
-36.3 0.745626
-36.1 0.74649
-35.9 0.747366
-35.7 0.748194
-35.5 0.749032
-35.3 0.749869
-35.1 0.750772
-34.9 0.751609
-34.7 0.752391
-34.5 0.75326
-34.3 0.754137
-34.1 0.755002
-33.9 0.755845
-33.7 0.756664
-33.5 0.757504
-33.3 0.758323
-33.1 0.759179
-32.9 0.760086
-32.7 0.76091
-32.5 0.761713
-32.3 0.762602
-32.1 0.76343
-31.9 0.764328
-31.7 0.765192
-31.5 0.766056
-31.3 0.766852
-31.1 0.767642
-30.9 0.768504
-30.7 0.769369
-30.5 0.770234
-30.3 0.771096
-30.1 0.771874
-29.9 0.772741
-29.7 0.773509
-29.5 0.774329
-29.3 0.775161
-29.1 0.776035
-28.9 0.776932
-28.7 0.777728
-28.5 0.778571
-28.3 0.779403
-28.1 0.780273
-27.9 0.781063
-27.7 0.7819
-27.5 0.782703
-27.3 0.783585
-27.1 0.784486
-26.9 0.785366
-26.7 0.786238
-26.5 0.787094
-26.3 0.787945
-26.1 0.788752
-25.9 0.789573
-25.7 0.790393
-25.5 0.791259
-25.3 0.792148
-25.1 0.792939
-24.9 0.793706
-24.7 0.794586
-24.5 0.79539
-24.3 0.796236
-24.1 0.797054
-23.9 0.797899
-23.7 0.79874
-23.5 0.799584
-23.3 0.800393
-23.1 0.80128
-22.9 0.802176
-22.7 0.803013
-22.5 0.803815
-22.3 0.804703
-22.1 0.805537
-21.9 0.806383
-21.7 0.807212
-21.5 0.808063
-21.3 0.808899
-21.1 0.809728
-20.9 0.810559
-20.7 0.81137
-20.5 0.812187
-20.3 0.813092
-20.1 0.813952
-19.9 0.814834
-19.7 0.815709
-19.5 0.816568
-19.3 0.817375
-19.1 0.818223
-18.9 0.819147
-18.7 0.820036
-18.5 0.820896
-18.3 0.821746
-18.1 0.822528
-17.9 0.823404
-17.7 0.824272
-17.5 0.825134
-17.3 0.825971
-17.1 0.826873
-16.9 0.827684
-16.7 0.828535
-16.5 0.829365
-16.3 0.830173
-16.1 0.830963
-15.9 0.831858
-15.7 0.83276
-15.5 0.833644
-15.3 0.834538
-15.1 0.835384
-14.9 0.836299
-14.7 0.837172
-14.5 0.837984
-14.3 0.838807
-14.1 0.839597
-13.9 0.840468
-13.7 0.841293
-13.5 0.842152
-13.3 0.843014
-13.1 0.843841
-12.9 0.844673
-12.7 0.845522
-12.5 0.846349
-12.3 0.847222
-12.1 0.848028
-11.9 0.848876
-11.7 0.84976
-11.5 0.850597
-11.3 0.851449
-11.1 0.852336
-10.9 0.85314
-10.7 0.854029
-10.5 0.854825
-10.3 0.855679
-10.1 0.856562
-9.9 0.857458
-9.7 0.858261
-9.5 0.859121
-9.3 0.860002
-9.1 0.860867
-8.9 0.86173
-8.7 0.862558
-8.5 0.863434
-8.3 0.864213
-8.1 0.865033
-7.9 0.865874
-7.7 0.866719
-7.5 0.867521
-7.3 0.868371
-7.1 0.869274
-6.9 0.870121
-6.7 0.871005
-6.5 0.871939
-6.3 0.872843
-6.1 0.873719
-5.9 0.874555
-5.7 0.875415
-5.5 0.876265
-5.3 0.877147
-5.1 0.878025
-4.9 0.87893
-4.7 0.879767
-4.5 0.880685
-4.3 0.881506
-4.1 0.882324
-3.9 0.883198
-3.7 0.884072
-3.5 0.88493
-3.3 0.885816
-3.1 0.886643
-2.9 0.887501
-2.7 0.888349
-2.5 0.889226
-2.3 0.890072
-2.1 0.890926
-1.9 0.891789
-1.7 0.892655
-1.5 0.893479
-1.3 0.894279
-1.1 0.895147
-0.899999 0.895957
-0.699999 0.896787
-0.499999 0.897642
-0.299999 0.898458
-0.0999994 0.899341
0.100001 0.900199
0.300001 0.901025
0.500001 0.901799
0.700001 0.902616
0.900001 0.903451
1.1 0.904322
1.3 0.90516
1.5 0.905966
1.7 0.906789
1.9 0.907629
2.1 0.908507
2.3 0.909352
2.5 0.910221
2.7 0.911074
2.9 0.911872
3.1 0.912666
3.3 0.913496
3.5 0.914379
3.7 0.915149
3.9 0.915973
4.1 0.916831
4.3 0.917695
4.5 0.918544
4.7 0.919401
4.9 0.920255
5.1 0.921144
5.3 0.922034
5.5 0.922876
5.7 0.923723
5.9 0.924554
6.1 0.925415
6.3 0.926281
6.5 0.927188
6.7 0.928034
6.9 0.928857
7.1 0.929746
7.3 0.930613
7.5 0.931532
7.7 0.932354
7.9 0.933199
8.1 0.934085
8.3 0.934911
8.5 0.935765
8.7 0.936598
8.9 0.937479
9.1 0.938296
9.3 0.939135
9.5 0.939961
9.7 0.940755
9.9 0.941577
10.1 0.942422
10.3 0.943284
10.5 0.944054
10.7 0.944881
10.9 0.945666
11.1 0.946442
11.3 0.947252
11.5 0.948091
11.7 0.948868
11.9 0.949743
12.1 0.950588
12.3 0.951344
12.5 0.952118
12.7 0.952926
12.9 0.953679
13.1 0.95453
13.3 0.955296
13.5 0.956067
13.7 0.956841
13.9 0.957596
14.1 0.958346
14.3 0.959071
14.5 0.959837
14.7 0.960594
14.9 0.961346
15.1 0.962089
15.3 0.962782
15.5 0.963484
15.7 0.964174
15.9 0.964858
16.1 0.96556
16.3 0.966244
16.5 0.966961
16.7 0.967624
16.9 0.96827
17.1 0.968996
17.3 0.969667
17.5 0.970322
17.7 0.970998
17.9 0.971651
18.1 0.972247
18.3 0.97288
18.5 0.9734
18.7 0.974026
18.9 0.974612
19.1 0.975214
19.3 0.975841
19.5 0.976414
19.7 0.977027
19.9 0.97763
20.1 0.978177
20.3 0.978747
20.5 0.979301
20.7 0.97981
20.9 0.980393
21.1 0.980934
21.3 0.981451
21.5 0.981936
21.7 0.982473
21.9 0.98296
22.1 0.983459
22.3 0.9839
22.5 0.98435
22.7 0.98481
22.9 0.985249
23.1 0.985688
23.3 0.986153
23.5 0.986588
23.7 0.986996
23.9 0.98746
24.1 0.987871
24.3 0.9883
24.5 0.988684
24.7 0.989066
24.9 0.98945
25.1 0.989798
25.3 0.990133
25.5 0.990522
25.7 0.99083
25.9 0.991162
26.1 0.991475
26.3 0.991779
26.5 0.99206
26.7 0.992369
26.9 0.992632
27.1 0.992929
27.3 0.99325
27.5 0.993511
27.7 0.993796
27.9 0.994038
28.1 0.994248
28.3 0.994493
28.5 0.994712
28.7 0.994926
28.9 0.995136
29.1 0.99534
29.3 0.995539
29.5 0.995753
29.7 0.995952
29.9 0.996124
30.1 0.996293
30.3 0.996458
30.5 0.996612
30.7 0.996768
30.9 0.996938
31.1 0.997103
31.3 0.997256
31.5 0.997407
31.7 0.997546
31.9 0.997683
32.1 0.997798
32.3 0.99792
32.5 0.998022
32.7 0.998112
32.9 0.998214
33.1 0.998311
33.3 0.998397
33.5 0.998476
33.7 0.998558
33.9 0.998622
34.1 0.998687
34.3 0.998769
34.5 0.998847
34.7 0.998904
34.9 0.998973
35.1 0.999033
35.3 0.999079
35.5 0.99913
35.7 0.999183
35.9 0.999232
36.1 0.999283
36.3 0.99932
36.5 0.999359
36.7 0.999394
36.9 0.999431
37.1 0.999458
37.3 0.999487
37.5 0.999511
37.7 0.99954
37.9 0.999563
38.1 0.999601
38.3 0.999619
38.5 0.999645
38.7 0.999663
38.9 0.999681
39.1 0.9997
39.3 0.999724
39.5 0.999734
39.7 0.999755
39.9 0.999769
40.1 0.99978
40.3 0.999783
40.5 0.999796
40.7 0.999806
40.9 0.999821
41.1 0.999833
41.3 0.999838
41.5 0.999848
41.7 0.999856
41.9 0.999862
42.1 0.999867
42.3 0.99987
42.5 0.999877
42.7 0.999885
42.9 0.999887
43.1 0.999896
43.3 0.999906
43.5 0.999909
43.7 0.999913
43.9 0.999916
44.1 0.999918
44.3 0.99992
44.5 0.999924
44.7 0.999928
44.9 0.999932
45.1 0.999939
45.3 0.999946
45.5 0.999947
45.7 0.999949
45.9 0.999953
46.1 0.999953
46.3 0.999958
46.5 0.999958
46.7 0.999965
46.9 0.999966
47.1 0.99997
47.3 0.99997
47.5 0.999971
47.7 0.999973
47.9 0.999977
48.1 0.999981
48.3 0.999986
48.5 0.999987
48.7 0.999992
48.9 0.999994
49.1 0.999995
49.3 0.999995
49.5 0.999997
49.7 0.999997
49.9 1
