-209.9 0
-209.7 1
-209.5 0
-209.3 0
-209.1 0
-208.9 0
-208.7 0
-208.5 0
-208.3 0
-208.1 0
-207.9 0
-207.7 1
-207.5 0
-207.3 0
-207.1 0
-206.9 0
-206.7 0
-206.5 1
-206.3 0
-206.1 0
-205.9 1
-205.7 0
-205.5 0
-205.3 0
-205.1 1
-204.9 0
-204.7 0
-204.5 0
-204.3 0
-204.1 1
-203.9 0
-203.7 0
-203.5 1
-203.3 1
-203.1 0
-202.9 1
-202.7 1
-202.5 0
-202.3 0
-202.1 0
-201.9 0
-201.7 0
-201.5 0
-201.3 0
-201.1 0
-200.9 0
-200.7 0
-200.5 0
-200.3 0
-200.1 0
-199.9 0
-199.7 0
-199.5 0
-199.3 2
-199.1 0
-198.9 0
-198.7 0
-198.5 1
-198.3 4
-198.1 8
-197.9 9
-197.7 19
-197.5 27
-197.3 52
-197.1 88
-196.9 134
-196.7 227
-196.5 279
-196.3 399
-196.1 545
-195.9 684
-195.7 962
-195.5 1274
-195.3 1555
-195.1 2044
-194.9 2384
-194.7 2798
-194.5 3219
-194.3 3679
-194.1 3847
-193.9 4188
-193.7 4487
-193.5 4609
-193.3 4638
-193.1 4674
-192.9 4704
-192.7 4712
-192.5 4772
-192.3 4827
-192.1 4664
-191.9 4516
-191.7 4390
-191.5 4321
-191.3 4288
-191.1 4157
-190.9 4285
-190.7 4089
-190.5 4056
-190.3 4068
-190.1 3933
-189.9 4108
-189.7 3840
-189.5 3868
-189.3 3912
-189.1 3798
-188.9 3761
-188.7 3789
-188.5 3765
-188.3 3622
-188.1 3684
-187.9 3550
-187.7 3566
-187.5 3545
-187.3 3477
-187.1 3569
-186.9 3559
-186.7 3525
-186.5 3438
-186.3 3486
-186.1 3447
-185.9 3413
-185.7 3429
-185.5 3312
-185.3 3290
-185.1 3264
-184.9 3331
-184.7 3403
-184.5 3417
-184.3 3246
-184.1 3251
-183.9 3313
-183.7 3190
-183.5 3227
-183.3 3174
-183.1 3148
-182.9 3332
-182.7 3227
-182.5 3127
-182.3 3104
-182.1 3130
-181.9 3173
-181.7 3145
-181.5 3061
-181.3 3053
-181.1 3059
-180.9 2943
-180.7 3025
-180.5 2898
-180.3 2860
-180.1 2950
-179.9 2894
-179.7 2827
-179.5 2771
-179.3 2764
-179.1 2705
-178.9 2656
-178.7 2702
-178.5 2648
-178.3 2541
-178.1 2587
-177.9 2539
-177.7 2504
-177.5 2524
-177.3 2419
-177.1 2466
-176.9 2372
-176.7 2367
-176.5 2357
-176.3 2341
-176.1 2313
-175.9 2281
-175.7 2298
-175.5 2350
-175.3 2198
-175.1 2281
-174.9 2286
-174.7 2090
-174.5 2114
-174.3 2084
-174.1 2129
-173.9 2103
-173.7 2149
-173.5 2081
-173.3 2093
-173.1 2123
-172.9 2065
-172.7 2127
-172.5 2163
-172.3 2099
-172.1 2088
-171.9 2019
-171.7 2009
-171.5 1942
-171.3 1980
-171.1 1967
-170.9 1925
-170.7 2000
-170.5 1906
-170.3 2076
-170.1 1979
-169.9 1974
-169.7 2014
-169.5 1986
-169.3 1871
-169.1 1934
-168.9 1910
-168.7 1924
-168.5 1890
-168.3 1923
-168.1 1989
-167.9 1860
-167.7 1963
-167.5 1876
-167.3 1880
-167.1 1878
-166.9 1884
-166.7 1912
-166.5 1926
-166.3 1831
-166.1 1802
-165.9 1903
-165.7 1934
-165.5 1856
-165.3 1887
-165.1 1786
-164.9 1948
-164.7 1833
-164.5 1836
-164.3 1864
-164.1 1842
-163.9 1927
-163.7 1771
-163.5 1771
-163.3 1829
-163.1 1890
-162.9 1833
-162.7 1784
-162.5 1853
-162.3 1858
-162.1 1794
-161.9 1896
-161.7 1874
-161.5 1882
-161.3 1847
-161.1 1734
-160.9 1842
-160.7 1813
-160.5 1827
-160.3 1765
-160.1 1754
-159.9 1705
-159.7 1806
-159.5 1819
-159.3 1824
-159.1 1837
-158.9 1811
-158.7 1788
-158.5 1814
-158.3 1768
-158.1 1791
-157.9 1771
-157.7 1844
-157.5 1836
-157.3 1829
-157.1 1747
-156.9 1821
-156.7 1891
-156.5 1722
-156.3 1778
-156.1 1759
-155.9 1731
-155.7 1746
-155.5 1767
-155.3 1761
-155.1 1765
-154.9 1805
-154.7 1735
-154.5 1722
-154.3 1699
-154.1 1682
-153.9 1672
-153.7 1787
-153.5 1680
-153.3 1747
-153.1 1668
-152.9 1684
-152.7 1667
-152.5 1664
-152.3 1694
-152.1 1718
-151.9 1655
-151.7 1673
-151.5 1594
-151.3 1613
-151.1 1678
-150.9 1593
-150.7 1623
-150.5 1654
-150.3 1610
-150.1 1603
-149.9 1584
-149.7 1573
-149.5 1651
-149.3 1643
-149.1 1619
-148.9 1568
-148.7 1598
-148.5 1576
-148.3 1598
-148.1 1644
-147.9 1676
-147.7 1565
-147.5 1654
-147.3 1602
-147.1 1725
-146.9 1636
-146.7 1652
-146.5 1677
-146.3 1601
-146.1 1626
-145.9 1694
-145.7 1662
-145.5 1679
-145.3 1714
-145.1 1632
-144.9 1717
-144.7 1725
-144.5 1678
-144.3 1713
-144.1 1723
-143.9 1714
-143.7 1650
-143.5 1703
-143.3 1733
-143.1 1791
-142.9 1789
-142.7 1818
-142.5 1751
-142.3 1727
-142.1 1790
-141.9 1742
-141.7 1772
-141.5 1806
-141.3 1764
-141.1 1709
-140.9 1793
-140.7 1714
-140.5 1757
-140.3 1767
-140.1 1771
-139.9 1836
-139.7 1804
-139.5 1797
-139.3 1821
-139.1 1772
-138.9 1805
-138.7 1848
-138.5 1854
-138.3 1732
-138.1 1786
-137.9 1793
-137.7 1861
-137.5 1813
-137.3 1806
-137.1 1873
-136.9 1835
-136.7 1838
-136.5 1846
-136.3 1812
-136.1 1690
-135.9 1834
-135.7 1855
-135.5 1889
-135.3 1813
-135.1 1792
-134.9 1838
-134.7 1834
-134.5 1866
-134.3 1897
-134.1 1812
-133.9 1875
-133.7 1907
-133.5 1887
-133.3 1858
-133.1 1817
-132.9 1906
-132.7 1781
-132.5 1851
-132.3 1799
-132.1 1888
-131.9 1828
-131.7 1858
-131.5 1859
-131.3 1764
-131.1 1879
-130.9 1875
-130.7 1823
-130.5 1855
-130.3 1820
-130.1 1877
-129.9 1824
-129.7 1925
-129.5 1827
-129.3 1747
-129.1 1848
-128.9 1865
-128.7 1846
-128.5 1835
-128.3 1803
-128.1 1828
-127.9 1842
-127.7 1868
-127.5 1819
-127.3 1767
-127.1 1799
-126.9 1818
-126.7 1826
-126.5 1840
-126.3 1808
-126.1 1740
-125.9 1779
-125.7 1823
-125.5 1848
-125.3 1772
-125.1 1825
-124.9 1819
-124.7 1857
-124.5 1784
-124.3 1762
-124.1 1757
-123.9 1776
-123.7 1764
-123.5 1837
-123.3 1885
-123.1 1777
-122.9 1880
-122.7 1801
-122.5 1768
-122.3 1803
-122.1 1845
-121.9 1727
-121.7 1830
-121.5 1841
-121.3 1775
-121.1 1806
-120.9 1801
-120.7 1799
-120.5 1749
-120.3 1724
-120.1 1858
-119.9 1793
-119.7 1718
-119.5 1745
-119.3 1783
-119.1 1761
-118.9 1765
-118.7 1822
-118.5 1775
-118.3 1736
-118.1 1817
-117.9 1705
-117.7 1747
-117.5 1812
-117.3 1681
-117.1 1645
-116.9 1794
-116.7 1774
-116.5 1763
-116.3 1716
-116.1 1771
-115.9 1723
-115.7 1694
-115.5 1729
-115.3 1868
-115.1 1757
-114.9 1774
-114.7 1767
-114.5 1768
-114.3 1755
-114.1 1782
-113.9 1783
-113.7 1736
-113.5 1730
-113.3 1754
-113.1 1683
-112.9 1752
-112.7 1751
-112.5 1754
-112.3 1789
-112.1 1702
-111.9 1770
-111.7 1778
-111.5 1791
-111.3 1729
-111.1 1771
-110.9 1766
-110.7 1815
-110.5 1762
-110.3 1751
-110.1 1795
-109.9 1778
-109.7 1826
-109.5 1722
-109.3 1810
-109.1 1757
-108.9 1786
-108.7 1823
-108.5 1778
-108.3 1747
-108.1 1850
-107.9 1762
-107.7 1730
-107.5 1744
-107.3 1724
-107.1 1674
-106.9 1698
-106.7 1717
-106.5 1771
-106.3 1775
-106.1 1655
-105.9 1657
-105.7 1686
-105.5 1696
-105.3 1624
-105.1 1753
-104.9 1701
-104.7 1745
-104.5 1675
-104.3 1696
-104.1 1723
-103.9 1774
-103.7 1781
-103.5 1696
-103.3 1710
-103.1 1670
-102.9 1677
-102.7 1663
-102.5 1666
-102.3 1717
-102.1 1759
-101.9 1698
-101.7 1798
-101.5 1677
-101.3 1707
-101.1 1691
-100.9 1709
-100.7 1755
-100.5 1695
-100.3 1711
-100.1 1696
-99.9 1771
-99.7 1691
-99.5 1655
-99.3 1754
-99.1 1640
-98.9 1754
-98.7 1743
-98.5 1691
-98.3 1798
-98.1 1732
-97.9 1729
-97.7 1760
-97.5 1715
-97.3 1729
-97.1 1776
-96.9 1750
-96.7 1714
-96.5 1719
-96.3 1770
-96.1 1669
-95.9 1756
-95.7 1722
-95.5 1777
-95.3 1645
-95.1 1693
-94.9 1645
-94.7 1713
-94.5 1679
-94.3 1640
-94.1 1651
-93.9 1616
-93.7 1666
-93.5 1723
-93.3 1685
-93.1 1678
-92.9 1718
-92.7 1699
-92.5 1719
-92.3 1668
-92.1 1604
-91.9 1610
-91.7 1666
-91.5 1629
-91.3 1611
-91.1 1703
-90.9 1708
-90.7 1634
-90.5 1657
-90.3 1707
-90.1 1675
-89.9 1669
-89.7 1698
-89.5 1669
-89.3 1678
-89.1 1680
-88.9 1660
-88.7 1657
-88.5 1694
-88.3 1714
-88.1 1651
-87.9 1628
-87.7 1702
-87.5 1713
-87.3 1611
-87.1 1608
-86.9 1684
-86.7 1726
-86.5 1742
-86.3 1699
-86.1 1681
-85.9 1685
-85.7 1660
-85.5 1667
-85.3 1752
-85.1 1728
-84.9 1675
-84.7 1604
-84.5 1666
-84.3 1717
-84.1 1642
-83.9 1638
-83.7 1643
-83.5 1665
-83.3 1676
-83.1 1654
-82.9 1772
-82.7 1709
-82.5 1691
-82.3 1718
-82.1 1650
-81.9 1664
-81.7 1679
-81.5 1675
-81.3 1741
-81.1 1735
-80.9 1700
-80.7 1739
-80.5 1735
-80.3 1641
-80.1 1687
-79.9 1632
-79.7 1707
-79.5 1662
-79.3 1692
-79.1 1677
-78.9 1598
-78.7 1633
-78.5 1687
-78.3 1684
-78.1 1644
-77.9 1764
-77.7 1738
-77.5 1702
-77.3 1576
-77.1 1692
-76.9 1650
-76.7 1679
-76.5 1625
-76.3 1666
-76.1 1654
-75.9 1728
-75.7 1708
-75.5 1706
-75.3 1606
-75.1 1694
-74.9 1746
-74.7 1599
-74.5 1670
-74.3 1739
-74.1 1704
-73.9 1720
-73.7 1678
-73.5 1729
-73.3 1699
-73.1 1697
-72.9 1705
-72.7 1678
-72.5 1694
-72.3 1727
-72.1 1721
-71.9 1708
-71.7 1719
-71.5 1719
-71.3 1744
-71.1 1647
-70.9 1772
-70.7 1681
-70.5 1661
-70.3 1702
-70.1 1775
-69.9 1743
-69.7 1698
-69.5 1705
-69.3 1774
-69.1 1751
-68.9 1737
-68.7 1779
-68.5 1703
-68.3 1693
-68.1 1760
-67.9 1801
-67.7 1730
-67.5 1728
-67.3 1729
-67.1 1813
-66.9 1665
-66.7 1737
-66.5 1743
-66.3 1754
-66.1 1746
-65.9 1737
-65.7 1766
-65.5 1732
-65.3 1746
-65.1 1774
-64.9 1786
-64.7 1746
-64.5 1814
-64.3 1794
-64.1 1766
-63.9 1768
-63.7 1785
-63.5 1770
-63.3 1797
-63.1 1844
-62.9 1726
-62.7 1806
-62.5 1781
-62.3 1720
-62.1 1747
-61.9 1756
-61.7 1739
-61.5 1708
-61.3 1832
-61.1 1785
-60.9 1811
-60.7 1773
-60.5 1733
-60.3 1707
-60.1 1675
-59.9 1778
-59.7 1731
-59.5 1727
-59.3 1712
-59.1 1780
-58.9 1758
-58.7 1791
-58.5 1680
-58.3 1774
-58.1 1712
-57.9 1761
-57.7 1730
-57.5 1640
-57.3 1750
-57.1 1722
-56.9 1683
-56.7 1720
-56.5 1759
-56.3 1712
-56.1 1618
-55.9 1726
-55.7 1734
-55.5 1700
-55.3 1729
-55.1 1658
-54.9 1745
-54.7 1773
-54.5 1663
-54.3 1712
-54.1 1774
-53.9 1733
-53.7 1764
-53.5 1631
-53.3 1712
-53.1 1663
-52.9 1708
-52.7 1746
-52.5 1736
-52.3 1683
-52.1 1729
-51.9 1735
-51.7 1647
-51.5 1737
-51.3 1662
-51.1 1720
-50.9 1689
-50.7 1610
-50.5 1720
-50.3 1666
-50.1 1728
-49.9 1712
-49.7 1701
-49.5 1734
-49.3 1698
-49.1 1732
-48.9 1749
-48.7 1696
-48.5 1655
-48.3 1702
-48.1 1686
-47.9 1728
-47.7 1688
-47.5 1690
-47.3 1613
-47.1 1743
-46.9 1767
-46.7 1791
-46.5 1685
-46.3 1680
-46.1 1678
-45.9 1711
-45.7 1633
-45.5 1611
-45.3 1713
-45.1 1670
-44.9 1736
-44.7 1766
-44.5 1649
-44.3 1729
-44.1 1745
-43.9 1705
-43.7 1674
-43.5 1644
-43.3 1706
-43.1 1667
-42.9 1722
-42.7 1625
-42.5 1702
-42.3 1658
-42.1 1645
-41.9 1662
-41.7 1670
-41.5 1728
-41.3 1677
-41.1 1687
-40.9 1695
-40.7 1662
-40.5 1681
-40.3 1720
-40.1 1739
-39.9 1676
-39.7 1688
-39.5 1762
-39.3 1710
-39.1 1699
-38.9 1754
-38.7 1682
-38.5 1625
-38.3 1678
-38.1 1716
-37.9 1669
-37.7 1703
-37.5 1676
-37.3 1720
-37.1 1685
-36.9 1670
-36.7 1667
-36.5 1678
-36.3 1725
-36.1 1615
-35.9 1674
-35.7 1664
-35.5 1692
-35.3 1706
-35.1 1644
-34.9 1674
-34.7 1671
-34.5 1572
-34.3 1634
-34.1 1641
-33.9 1789
-33.7 1718
-33.5 1682
-33.3 1667
-33.1 1694
-32.9 1644
-32.7 1705
-32.5 1679
-32.3 1746
-32.1 1679
-31.9 1654
-31.7 1706
-31.5 1681
-31.3 1673
-31.1 1679
-30.9 1654
-30.7 1712
-30.5 1699
-30.3 1719
-30.1 1719
-29.9 1677
-29.7 1691
-29.5 1710
-29.3 1729
-29.1 1756
-28.9 1767
-28.7 1641
-28.5 1775
-28.3 1731
-28.1 1681
-27.9 1673
-27.7 1741
-27.5 1642
-27.3 1688
-27.1 1629
-26.9 1715
-26.7 1746
-26.5 1693
-26.3 1657
-26.1 1653
-25.9 1705
-25.7 1729
-25.5 1681
-25.3 1794
-25.1 1651
-24.9 1755
-24.7 1748
-24.5 1754
-24.3 1684
-24.1 1722
-23.9 1786
-23.7 1703
-23.5 1731
-23.3 1716
-23.1 1704
-22.9 1752
-22.7 1659
-22.5 1736
-22.3 1671
-22.1 1649
-21.9 1695
-21.7 1786
-21.5 1673
-21.3 1618
-21.1 1704
-20.9 1791
-20.7 1784
-20.5 1761
-20.3 1692
-20.1 1760
-19.9 1741
-19.7 1713
-19.5 1710
-19.3 1674
-19.1 1650
-18.9 1696
-18.7 1689
-18.5 1743
-18.3 1649
-18.1 1717
-17.9 1708
-17.7 1675
-17.5 1677
-17.3 1618
-17.1 1678
-16.9 1743
-16.7 1688
-16.5 1681
-16.3 1689
-16.1 1676
-15.9 1674
-15.7 1663
-15.5 1697
-15.3 1683
-15.1 1629
-14.9 1628
-14.7 1590
-14.5 1678
-14.3 1685
-14.1 1606
-13.9 1698
-13.7 1761
-13.5 1671
-13.3 1663
-13.1 1673
-12.9 1648
-12.7 1679
-12.5 1724
-12.3 1740
-12.1 1683
-11.9 1630
-11.7 1709
-11.5 1696
-11.3 1722
-11.1 1653
-10.9 1608
-10.7 1613
-10.5 1708
-10.3 1697
-10.1 1646
-9.9 1716
-9.7 1689
-9.5 1600
-9.3 1665
-9.1 1648
-8.9 1724
-8.7 1702
-8.5 1649
-8.3 1662
-8.1 1677
-7.9 1657
-7.7 1663
-7.5 1639
-7.3 1626
-7.1 1582
-6.9 1684
-6.7 1695
-6.5 1688
-6.3 1754
-6.1 1660
-5.9 1674
-5.7 1667
-5.5 1635
-5.3 1717
-5.1 1677
-4.9 1648
-4.7 1708
-4.5 1693
-4.3 1620
-4.1 1618
-3.9 1675
-3.7 1710
-3.5 1650
-3.3 1587
-3.1 1727
-2.9 1717
-2.7 1668
-2.5 1679
-2.3 1624
-2.1 1670
-1.9 1663
-1.7 1689
-1.5 1736
-1.3 1667
-1.1 1734
-0.9 1635
-0.7 1670
-0.5 1653
-0.3 1687
-0.1 1661
0.1 1684
0.3 1622
0.5 1707
0.7 1682
0.9 1691
1.1 1653
1.3 1757
1.5 1659
1.7 1745
1.9 1672
2.1 1658
2.3 1662
2.5 1717
2.7 1638
2.9 1780
3.1 1702
3.3 1772
3.5 1711
3.7 1720
3.9 1767
4.1 1734
4.3 1651
4.5 1666
4.7 1633
4.9 1715
5.1 1651
5.3 1663
5.5 1713
5.7 1598
5.9 1615
6.1 1674
6.3 1709
6.5 1674
6.7 1722
6.9 1677
7.1 1730
7.3 1709
7.5 1694
7.7 1729
7.9 1646
8.1 1753
8.3 1662
8.5 1689
8.7 1665
8.9 1650
9.1 1648
9.3 1700
9.5 1735
9.7 1760
9.9 1799
10.1 1691
10.3 1677
10.5 1548
10.7 1686
10.9 1628
11.1 1668
11.3 1590
11.5 1701
11.7 1698
11.9 1599
12.1 1681
12.3 1642
12.5 1620
12.7 1636
12.9 1621
13.1 1622
13.3 1599
13.5 1568
13.7 1599
13.9 1615
14.1 1573
14.3 1599
14.5 1555
14.7 1611
14.9 1504
15.1 1581
15.3 1573
15.5 1558
15.7 1469
15.9 1524
16.1 1485
16.3 1465
16.5 1468
16.7 1495
16.9 1506
17.1 1487
17.3 1414
17.5 1459
17.7 1453
17.9 1430
18.1 1419
18.3 1361
18.5 1359
18.7 1363
18.9 1404
19.1 1302
19.3 1278
19.5 1298
19.7 1381
19.9 1339
20.1 1243
20.3 1194
20.5 1192
20.7 1166
20.9 1204
21.1 1152
21.3 1191
21.5 1100
21.7 1141
21.9 1172
22.1 1114
22.3 1097
22.5 1036
22.7 1016
22.9 1006
23.1 1012
23.3 980
23.5 1068
23.7 952
23.9 930
24.1 902
24.3 880
24.5 917
24.7 874
24.9 830
25.1 882
25.3 789
25.5 780
25.7 748
25.9 771
26.1 759
26.3 705
26.5 705
26.7 695
26.9 668
27.1 683
27.3 664
27.5 638
27.7 610
27.9 585
28.1 561
28.3 527
28.5 582
28.7 573
28.9 529
29.1 512
29.3 493
29.5 440
29.7 444
29.9 441
30.1 424
30.3 438
30.5 412
30.7 385
30.9 387
31.1 360
31.3 317
31.5 356
31.7 328
31.9 293
32.1 319
32.3 271
32.5 269
32.7 292
32.9 269
33.1 229
33.3 234
33.5 225
33.7 232
33.9 191
34.1 214
34.3 174
34.5 192
34.7 169
34.9 161
35.1 165
35.3 143
35.5 135
35.7 128
35.9 116
36.1 109
36.3 106
36.5 100
36.7 97
36.9 91
37.1 88
37.3 86
37.5 84
37.7 73
37.9 83
38.1 71
38.3 56
38.5 64
38.7 61
38.9 62
39.1 46
39.3 42
39.5 54
39.7 42
39.9 40
40.1 33
40.3 35
40.5 30
40.7 34
40.9 28
41.1 24
41.3 24
41.5 22
41.7 16
41.9 28
42.1 18
42.3 15
42.5 21
42.7 21
42.9 13
43.1 13
43.3 21
43.5 19
43.7 7
43.9 16
44.1 7
44.3 5
44.5 10
44.7 9
44.9 8
45.1 5
45.3 7
45.5 3
45.7 8
45.9 5
46.1 6
46.3 6
46.5 8
46.7 9
46.9 10
47.1 3
47.3 5
47.5 5
47.7 5
47.9 3
48.1 2
48.3 2
48.5 3
48.7 8
48.9 3
49.1 6
49.3 0
49.5 1
49.7 2
49.9 2
