-209.9 0
-209.7 1
-209.5 1
-209.3 0
-209.1 0
-208.9 1
-208.7 0
-208.5 0
-208.3 0
-208.1 0
-207.9 0
-207.7 0
-207.5 0
-207.3 0
-207.1 0
-206.9 0
-206.7 0
-206.5 1
-206.3 0
-206.1 0
-205.9 1
-205.7 0
-205.5 2
-205.3 1
-205.1 0
-204.9 0
-204.7 0
-204.5 0
-204.3 0
-204.1 1
-203.9 0
-203.7 1
-203.5 0
-203.3 0
-203.1 0
-202.9 0
-202.7 0
-202.5 0
-202.3 3
-202.1 0
-201.9 1
-201.7 5
-201.5 4
-201.3 7
-201.1 6
-200.9 8
-200.7 15
-200.5 17
-200.3 35
-200.1 43
-199.9 74
-199.7 85
-199.5 119
-199.3 183
-199.1 235
-198.9 265
-198.7 392
-198.5 482
-198.3 609
-198.1 826
-197.9 976
-197.7 1238
-197.5 1565
-197.3 1938
-197.1 2320
-196.9 2748
-196.7 3043
-196.5 3492
-196.3 3842
-196.1 4065
-195.9 4444
-195.7 4591
-195.5 4864
-195.3 4845
-195.1 4934
-194.9 4857
-194.7 4827
-194.5 4867
-194.3 4924
-194.1 4713
-193.9 4602
-193.7 4604
-193.5 4557
-193.3 4487
-193.1 4244
-192.9 4209
-192.7 4202
-192.5 4161
-192.3 3944
-192.1 4063
-191.9 3974
-191.7 3887
-191.5 3867
-191.3 3776
-191.1 3831
-190.9 3624
-190.7 3732
-190.5 3668
-190.3 3763
-190.1 3596
-189.9 3647
-189.7 3521
-189.5 3544
-189.3 3561
-189.1 3427
-188.9 3560
-188.7 3452
-188.5 3463
-188.3 3497
-188.1 3296
-187.9 3421
-187.7 3462
-187.5 3485
-187.3 3273
-187.1 3287
-186.9 3372
-186.7 3338
-186.5 3409
-186.3 3352
-186.1 3367
-185.9 3162
-185.7 3287
-185.5 3284
-185.3 3206
-185.1 3118
-184.9 3211
-184.7 3223
-184.5 3126
-184.3 3184
-184.1 3289
-183.9 2994
-183.7 3058
-183.5 3098
-183.3 2988
-183.1 3048
-182.9 3057
-182.7 2924
-182.5 2818
-182.3 2809
-182.1 2871
-181.9 2804
-181.7 2729
-181.5 2729
-181.3 2656
-181.1 2614
-180.9 2611
-180.7 2650
-180.5 2621
-180.3 2521
-180.1 2437
-179.9 2487
-179.7 2419
-179.5 2420
-179.3 2350
-179.1 2423
-178.9 2332
-178.7 2237
-178.5 2338
-178.3 2298
-178.1 2288
-177.9 2303
-177.7 2255
-177.5 2175
-177.3 2235
-177.1 2237
-176.9 2226
-176.7 2117
-176.5 2096
-176.3 2118
-176.1 2123
-175.9 2080
-175.7 2008
-175.5 2070
-175.3 2067
-175.1 2005
-174.9 1979
-174.7 2066
-174.5 2020
-174.3 1975
-174.1 2038
-173.9 2007
-173.7 1995
-173.5 1945
-173.3 1954
-173.1 1957
-172.9 2040
-172.7 1871
-172.5 1955
-172.3 1990
-172.1 2033
-171.9 1949
-171.7 1903
-171.5 1861
-171.3 1916
-171.1 1899
-170.9 1935
-170.7 1917
-170.5 1939
-170.3 1878
-170.1 1871
-169.9 1884
-169.7 1894
-169.5 1835
-169.3 1886
-169.1 1913
-168.9 1866
-168.7 1821
-168.5 1888
-168.3 1899
-168.1 1815
-167.9 1865
-167.7 1889
-167.5 1881
-167.3 1823
-167.1 1862
-166.9 1862
-166.7 1801
-166.5 1839
-166.3 1883
-166.1 1852
-165.9 1873
-165.7 1772
-165.5 1816
-165.3 1837
-165.1 1841
-164.9 1810
-164.7 1881
-164.5 1736
-164.3 1881
-164.1 1885
-163.9 1854
-163.7 1779
-163.5 1847
-163.3 1784
-163.1 1874
-162.9 1823
-162.7 1853
-162.5 1791
-162.3 1851
-162.1 1819
-161.9 1879
-161.7 1781
-161.5 1793
-161.3 1857
-161.1 1838
-160.9 1840
-160.7 1819
-160.5 1820
-160.3 1756
-160.1 1815
-159.9 1781
-159.7 1771
-159.5 1831
-159.3 1789
-159.1 1834
-158.9 1846
-158.7 1851
-158.5 1768
-158.3 1728
-158.1 1775
-157.9 1799
-157.7 1767
-157.5 1742
-157.3 1705
-157.1 1729
-156.9 1744
-156.7 1811
-156.5 1727
-156.3 1725
-156.1 1734
-155.9 1768
-155.7 1713
-155.5 1655
-155.3 1716
-155.1 1782
-154.9 1724
-154.7 1662
-154.5 1615
-154.3 1642
-154.1 1662
-153.9 1690
-153.7 1618
-153.5 1623
-153.3 1608
-153.1 1765
-152.9 1664
-152.7 1647
-152.5 1619
-152.3 1670
-152.1 1576
-151.9 1626
-151.7 1542
-151.5 1588
-151.3 1544
-151.1 1654
-150.9 1704
-150.7 1602
-150.5 1648
-150.3 1614
-150.1 1554
-149.9 1589
-149.7 1595
-149.5 1587
-149.3 1630
-149.1 1649
-148.9 1600
-148.7 1605
-148.5 1627
-148.3 1618
-148.1 1621
-147.9 1683
-147.7 1652
-147.5 1670
-147.3 1664
-147.1 1651
-146.9 1691
-146.7 1683
-146.5 1752
-146.3 1684
-146.1 1696
-145.9 1742
-145.7 1670
-145.5 1736
-145.3 1703
-145.1 1786
-144.9 1740
-144.7 1733
-144.5 1783
-144.3 1729
-144.1 1807
-143.9 1826
-143.7 1703
-143.5 1762
-143.3 1781
-143.1 1780
-142.9 1735
-142.7 1858
-142.5 1792
-142.3 1853
-142.1 1797
-141.9 1805
-141.7 1887
-141.5 1851
-141.3 1845
-141.1 1815
-140.9 1828
-140.7 1824
-140.5 1863
-140.3 1909
-140.1 1812
-139.9 1856
-139.7 1849
-139.5 1834
-139.3 1825
-139.1 1800
-138.9 1913
-138.7 1842
-138.5 1877
-138.3 1938
-138.1 1856
-137.9 1882
-137.7 1791
-137.5 1847
-137.3 1875
-137.1 1896
-136.9 1898
-136.7 1831
-136.5 1805
-136.3 1867
-136.1 1870
-135.9 1874
-135.7 1860
-135.5 1841
-135.3 1916
-135.1 1844
-134.9 1819
-134.7 1821
-134.5 1858
-134.3 1890
-134.1 1859
-133.9 1884
-133.7 1883
-133.5 1809
-133.3 1836
-133.1 1879
-132.9 1849
-132.7 1878
-132.5 1811
-132.3 1811
-132.1 1852
-131.9 1883
-131.7 1805
-131.5 1881
-131.3 1880
-131.1 1871
-130.9 1819
-130.7 1744
-130.5 1826
-130.3 1802
-130.1 1827
-129.9 1897
-129.7 1804
-129.5 1853
-129.3 1811
-129.1 1806
-128.9 1853
-128.7 1856
-128.5 1821
-128.3 1845
-128.1 1829
-127.9 1781
-127.7 1774
-127.5 1860
-127.3 1794
-127.1 1774
-126.9 1874
-126.7 1804
-126.5 1757
-126.3 1798
-126.1 1862
-125.9 1823
-125.7 1825
-125.5 1815
-125.3 1850
-125.1 1857
-124.9 1740
-124.7 1772
-124.5 1813
-124.3 1825
-124.1 1670
-123.9 1754
-123.7 1810
-123.5 1861
-123.3 1794
-123.1 1768
-122.9 1758
-122.7 1779
-122.5 1757
-122.3 1795
-122.1 1741
-121.9 1830
-121.7 1754
-121.5 1739
-121.3 1741
-121.1 1762
-120.9 1830
-120.7 1770
-120.5 1758
-120.3 1789
-120.1 1824
-119.9 1765
-119.7 1815
-119.5 1750
-119.3 1750
-119.1 1739
-118.9 1758
-118.7 1748
-118.5 1810
-118.3 1805
-118.1 1749
-117.9 1837
-117.7 1746
-117.5 1694
-117.3 1801
-117.1 1723
-116.9 1807
-116.7 1774
-116.5 1741
-116.3 1779
-116.1 1773
-115.9 1724
-115.7 1783
-115.5 1763
-115.3 1703
-115.1 1764
-114.9 1789
-114.7 1745
-114.5 1727
-114.3 1715
-114.1 1719
-113.9 1683
-113.7 1806
-113.5 1696
-113.3 1758
-113.1 1758
-112.9 1690
-112.7 1729
-112.5 1732
-112.3 1766
-112.1 1742
-111.9 1779
-111.7 1787
-111.5 1704
-111.3 1772
-111.1 1776
-110.9 1757
-110.7 1829
-110.5 1758
-110.3 1738
-110.1 1789
-109.9 1680
-109.7 1760
-109.5 1714
-109.3 1789
-109.1 1677
-108.9 1780
-108.7 1675
-108.5 1700
-108.3 1651
-108.1 1809
-107.9 1707
-107.7 1766
-107.5 1740
-107.3 1753
-107.1 1721
-106.9 1674
-106.7 1758
-106.5 1740
-106.3 1762
-106.1 1706
-105.9 1760
-105.7 1747
-105.5 1699
-105.3 1721
-105.1 1779
-104.9 1717
-104.7 1687
-104.5 1649
-104.3 1673
-104.1 1742
-103.9 1672
-103.7 1731
-103.5 1742
-103.3 1721
-103.1 1677
-102.9 1639
-102.7 1631
-102.5 1831
-102.3 1728
-102.1 1755
-101.9 1668
-101.7 1638
-101.5 1660
-101.3 1720
-101.1 1699
-100.9 1675
-100.7 1699
-100.5 1714
-100.3 1729
-100.1 1740
-99.9 1717
-99.7 1597
-99.5 1685
-99.3 1662
-99.1 1734
-98.9 1613
-98.7 1669
-98.5 1707
-98.3 1723
-98.1 1718
-97.9 1658
-97.7 1660
-97.5 1645
-97.3 1717
-97.1 1703
-96.9 1685
-96.7 1748
-96.5 1742
-96.3 1694
-96.1 1671
-95.9 1698
-95.7 1650
-95.5 1690
-95.3 1682
-95.1 1629
-94.9 1663
-94.7 1745
-94.5 1760
-94.3 1698
-94.1 1697
-93.9 1642
-93.7 1693
-93.5 1686
-93.3 1727
-93.1 1740
-92.9 1689
-92.7 1729
-92.5 1685
-92.3 1714
-92.1 1729
-91.9 1663
-91.7 1628
-91.5 1653
-91.3 1671
-91.1 1671
-90.9 1746
-90.7 1689
-90.5 1684
-90.3 1587
-90.1 1710
-89.9 1791
-89.7 1734
-89.5 1648
-89.3 1725
-89.1 1663
-88.9 1720
-88.7 1713
-88.5 1657
-88.3 1703
-88.1 1644
-87.9 1686
-87.7 1644
-87.5 1687
-87.3 1707
-87.1 1718
-86.9 1725
-86.7 1671
-86.5 1594
-86.3 1756
-86.1 1683
-85.9 1701
-85.7 1729
-85.5 1726
-85.3 1684
-85.1 1664
-84.9 1692
-84.7 1663
-84.5 1707
-84.3 1752
-84.1 1699
-83.9 1726
-83.7 1729
-83.5 1701
-83.3 1681
-83.1 1651
-82.9 1765
-82.7 1691
-82.5 1699
-82.3 1733
-82.1 1663
-81.9 1709
-81.7 1741
-81.5 1689
-81.3 1726
-81.1 1768
-80.9 1723
-80.7 1684
-80.5 1769
-80.3 1736
-80.1 1696
-79.9 1725
-79.7 1795
-79.5 1765
-79.3 1699
-79.1 1761
-78.9 1779
-78.7 1767
-78.5 1666
-78.3 1758
-78.1 1725
-77.9 1747
-77.7 1676
-77.5 1693
-77.3 1748
-77.1 1720
-76.9 1699
-76.7 1763
-76.5 1789
-76.3 1752
-76.1 1670
-75.9 1724
-75.7 1700
-75.5 1719
-75.3 1708
-75.1 1731
-74.9 1745
-74.7 1794
-74.5 1772
-74.3 1777
-74.1 1832
-73.9 1710
-73.7 1783
-73.5 1753
-73.3 1776
-73.1 1732
-72.9 1752
-72.7 1719
-72.5 1733
-72.3 1761
-72.1 1778
-71.9 1781
-71.7 1802
-71.5 1743
-71.3 1702
-71.1 1732
-70.9 1722
-70.7 1748
-70.5 1731
-70.3 1672
-70.1 1762
-69.9 1701
-69.7 1842
-69.5 1698
-69.3 1770
-69.1 1816
-68.9 1747
-68.7 1725
-68.5 1644
-68.3 1757
-68.1 1804
-67.9 1744
-67.7 1796
-67.5 1775
-67.3 1839
-67.1 1797
-66.9 1806
-66.7 1765
-66.5 1741
-66.3 1747
-66.1 1753
-65.9 1805
-65.7 1765
-65.5 1706
-65.3 1767
-65.1 1745
-64.9 1754
-64.7 1765
-64.5 1779
-64.3 1771
-64.1 1693
-63.9 1679
-63.7 1756
-63.5 1737
-63.3 1691
-63.1 1709
-62.9 1745
-62.7 1728
-62.5 1703
-62.3 1693
-62.1 1765
-61.9 1757
-61.7 1702
-61.5 1748
-61.3 1748
-61.1 1743
-60.9 1781
-60.7 1760
-60.5 1730
-60.3 1660
-60.1 1711
-59.9 1711
-59.7 1740
-59.5 1802
-59.3 1754
-59.1 1751
-58.9 1776
-58.7 1778
-58.5 1672
-58.3 1782
-58.1 1717
-57.9 1757
-57.7 1663
-57.5 1684
-57.3 1680
-57.1 1749
-56.9 1758
-56.7 1733
-56.5 1682
-56.3 1664
-56.1 1718
-55.9 1753
-55.7 1672
-55.5 1806
-55.3 1612
-55.1 1724
-54.9 1717
-54.7 1707
-54.5 1758
-54.3 1692
-54.1 1739
-53.9 1707
-53.7 1633
-53.5 1730
-53.3 1716
-53.1 1741
-52.9 1688
-52.7 1726
-52.5 1637
-52.3 1707
-52.1 1709
-51.9 1725
-51.7 1673
-51.5 1798
-51.3 1717
-51.1 1709
-50.9 1678
-50.7 1785
-50.5 1794
-50.3 1706
-50.1 1765
-49.9 1685
-49.7 1762
-49.5 1695
-49.3 1676
-49.1 1653
-48.9 1766
-48.7 1723
-48.5 1732
-48.3 1738
-48.1 1652
-47.9 1676
-47.7 1732
-47.5 1715
-47.3 1730
-47.1 1649
-46.9 1748
-46.7 1706
-46.5 1705
-46.3 1758
-46.1 1787
-45.9 1717
-45.7 1723
-45.5 1685
-45.3 1679
-45.1 1748
-44.9 1739
-44.7 1761
-44.5 1753
-44.3 1725
-44.1 1723
-43.9 1706
-43.7 1737
-43.5 1685
-43.3 1635
-43.1 1699
-42.9 1673
-42.7 1700
-42.5 1663
-42.3 1744
-42.1 1628
-41.9 1665
-41.7 1674
-41.5 1655
-41.3 1766
-41.1 1755
-40.9 1748
-40.7 1657
-40.5 1666
-40.3 1753
-40.1 1751
-39.9 1657
-39.7 1689
-39.5 1744
-39.3 1620
-39.1 1783
-38.9 1718
-38.7 1664
-38.5 1742
-38.3 1724
-38.1 1679
-37.9 1693
-37.7 1670
-37.5 1704
-37.3 1682
-37.1 1752
-36.9 1724
-36.7 1650
-36.5 1732
-36.3 1739
-36.1 1689
-35.9 1739
-35.7 1700
-35.5 1744
-35.3 1710
-35.1 1730
-34.9 1759
-34.7 1726
-34.5 1772
-34.3 1796
-34.1 1725
-33.9 1634
-33.7 1646
-33.5 1710
-33.3 1820
-33.1 1736
-32.9 1734
-32.7 1843
-32.5 1728
-32.3 1700
-32.1 1747
-31.9 1753
-31.7 1638
-31.5 1738
-31.3 1657
-31.1 1763
-30.9 1708
-30.7 1726
-30.5 1691
-30.3 1743
-30.1 1780
-29.9 1699
-29.7 1735
-29.5 1705
-29.3 1692
-29.1 1658
-28.9 1694
-28.7 1723
-28.5 1726
-28.3 1737
-28.1 1662
-27.9 1635
-27.7 1660
-27.5 1641
-27.3 1664
-27.1 1669
-26.9 1664
-26.7 1694
-26.5 1722
-26.3 1719
-26.1 1734
-25.9 1665
-25.7 1612
-25.5 1777
-25.3 1686
-25.1 1656
-24.9 1731
-24.7 1719
-24.5 1748
-24.3 1699
-24.1 1726
-23.9 1676
-23.7 1666
-23.5 1612
-23.3 1686
-23.1 1707
-22.9 1690
-22.7 1697
-22.5 1754
-22.3 1666
-22.1 1734
-21.9 1657
-21.7 1668
-21.5 1689
-21.3 1641
-21.1 1745
-20.9 1645
-20.7 1684
-20.5 1591
-20.3 1759
-20.1 1683
-19.9 1630
-19.7 1755
-19.5 1735
-19.3 1704
-19.1 1640
-18.9 1738
-18.7 1730
-18.5 1649
-18.3 1695
-18.1 1691
-17.9 1674
-17.7 1633
-17.5 1720
-17.3 1745
-17.1 1704
-16.9 1631
-16.7 1774
-16.5 1770
-16.3 1702
-16.1 1740
-15.9 1699
-15.7 1656
-15.5 1714
-15.3 1714
-15.1 1667
-14.9 1720
-14.7 1661
-14.5 1665
-14.3 1671
-14.1 1650
-13.9 1659
-13.7 1651
-13.5 1672
-13.3 1783
-13.1 1699
-12.9 1793
-12.7 1629
-12.5 1647
-12.3 1651
-12.1 1767
-11.9 1743
-11.7 1664
-11.5 1694
-11.3 1677
-11.1 1741
-10.9 1699
-10.7 1668
-10.5 1716
-10.3 1690
-10.1 1727
-9.9 1638
-9.7 1722
-9.5 1719
-9.3 1674
-9.1 1748
-8.9 1761
-8.7 1692
-8.5 1652
-8.3 1697
-8.1 1676
-7.9 1644
-7.7 1807
-7.5 1700
-7.3 1721
-7.1 1714
-6.9 1743
-6.7 1723
-6.5 1693
-6.3 1688
-6.1 1705
-5.9 1643
-5.7 1733
-5.5 1683
-5.3 1751
-5.1 1697
-4.9 1751
-4.7 1701
-4.5 1695
-4.3 1734
-4.1 1705
-3.9 1712
-3.7 1742
-3.5 1696
-3.3 1750
-3.1 1764
-2.9 1686
-2.7 1698
-2.5 1675
-2.3 1670
-2.1 1736
-1.9 1710
-1.7 1681
-1.5 1685
-1.3 1789
-1.1 1698
-0.9 1679
-0.7 1607
-0.5 1715
-0.3 1701
-0.1 1706
0.1 1716
0.3 1727
0.5 1688
0.7 1720
0.9 1679
1.1 1628
1.3 1712
1.5 1779
1.7 1739
1.9 1747
2.1 1750
2.3 1710
2.5 1728
2.7 1762
2.9 1710
3.1 1698
3.3 1771
3.5 1693
3.7 1771
3.9 1688
4.1 1690
4.3 1668
4.5 1676
4.7 1729
4.9 1725
5.1 1742
5.3 1685
5.5 1753
5.7 1673
5.9 1734
6.1 1719
6.3 1719
6.5 1710
6.7 1751
6.9 1759
7.1 1643
7.3 1735
7.5 1637
7.7 1703
7.9 1645
8.1 1646
8.3 1682
8.5 1637
8.7 1682
8.9 1708
9.1 1608
9.3 1659
9.5 1667
9.7 1642
9.9 1669
10.1 1611
10.3 1662
10.5 1589
10.7 1676
10.9 1581
11.1 1672
11.3 1639
11.5 1604
11.7 1585
11.9 1494
12.1 1607
12.3 1618
12.5 1549
12.7 1532
12.9 1608
13.1 1570
13.3 1488
13.5 1542
13.7 1610
13.9 1557
14.1 1513
14.3 1498
14.5 1471
14.7 1584
14.9 1540
15.1 1485
15.3 1448
15.5 1440
15.7 1414
15.9 1446
16.1 1407
16.3 1436
16.5 1435
16.7 1429
16.9 1379
17.1 1396
17.3 1421
17.5 1432
17.7 1349
17.9 1332
18.1 1274
18.3 1373
18.5 1253
18.7 1276
18.9 1199
19.1 1274
19.3 1231
19.5 1213
19.7 1188
19.9 1179
20.1 1195
20.3 1194
20.5 1102
20.7 1091
20.9 1121
21.1 1120
21.3 1172
21.5 1016
21.7 1101
21.9 1033
22.1 1006
22.3 1038
22.5 996
22.7 937
22.9 949
23.1 914
23.3 976
23.5 926
23.7 842
23.9 869
24.1 871
24.3 851
24.5 869
24.7 804
24.9 803
25.1 780
25.3 765
25.5 761
25.7 767
25.9 709
26.1 682
26.3 648
26.5 617
26.7 616
26.9 628
27.1 559
27.3 555
27.5 589
27.7 544
27.9 479
28.1 483
28.3 542
28.5 482
28.7 460
28.9 434
29.1 411
29.3 431
29.5 393
29.7 384
29.9 343
30.1 337
30.3 346
30.5 326
30.7 290
30.9 310
31.1 296
31.3 280
31.5 248
31.7 242
31.9 251
32.1 253
32.3 217
32.5 198
32.7 218
32.9 211
33.1 172
33.3 176
33.5 143
33.7 142
33.9 148
34.1 149
34.3 135
34.5 120
34.7 115
34.9 115
35.1 100
35.3 94
35.5 92
35.7 109
35.9 86
36.1 86
36.3 71
36.5 66
36.7 59
36.9 72
37.1 65
37.3 54
37.5 50
37.7 42
37.9 39
38.1 36
38.3 37
38.5 30
38.7 34
38.9 35
39.1 29
39.3 27
39.5 27
39.7 31
39.9 16
40.1 16
40.3 19
40.5 23
40.7 24
40.9 8
41.1 11
41.3 13
41.5 7
41.7 9
41.9 14
42.1 9
42.3 4
42.5 8
42.7 7
42.9 7
43.1 11
43.3 4
43.5 2
43.7 10
43.9 5
44.1 5
44.3 3
44.5 2
44.7 7
44.9 6
45.1 4
45.3 2
45.5 4
45.7 5
45.9 3
46.1 4
46.3 4
46.5 1
46.7 6
46.9 3
47.1 4
47.3 3
47.5 1
47.7 2
47.9 2
48.1 6
48.3 2
48.5 2
48.7 7
48.9 1
49.1 1
49.3 3
49.5 2
49.7 1
49.9 3
