-209.9 0
-209.7 0
-209.5 0
-209.3 1
-209.1 2
-208.9 0
-208.7 0
-208.5 0
-208.3 1
-208.1 0
-207.9 0
-207.7 0
-207.5 0
-207.3 2
-207.1 0
-206.9 1
-206.7 1
-206.5 1
-206.3 0
-206.1 0
-205.9 0
-205.7 0
-205.5 0
-205.3 0
-205.1 0
-204.9 0
-204.7 0
-204.5 0
-204.3 0
-204.1 0
-203.9 0
-203.7 0
-203.5 0
-203.3 0
-203.1 0
-202.9 0
-202.7 1
-202.5 1
-202.3 0
-202.1 0
-201.9 0
-201.7 0
-201.5 0
-201.3 1
-201.1 0
-200.9 0
-200.7 0
-200.5 1
-200.3 0
-200.1 0
-199.9 0
-199.7 0
-199.5 0
-199.3 1
-199.1 0
-198.9 0
-198.7 2
-198.5 6
-198.3 11
-198.1 19
-197.9 22
-197.7 70
-197.5 65
-197.3 121
-197.1 169
-196.9 241
-196.7 308
-196.5 433
-196.3 524
-196.1 742
-195.9 886
-195.7 1089
-195.5 1343
-195.3 1546
-195.1 1855
-194.9 2159
-194.7 2479
-194.5 2609
-194.3 2880
-194.1 3028
-193.9 3315
-193.7 3312
-193.5 3356
-193.3 3477
-193.1 3507
-192.9 3548
-192.7 3471
-192.5 3498
-192.3 3560
-192.1 3376
-191.9 3405
-191.7 3366
-191.5 3323
-191.3 3364
-191.1 3400
-190.9 3235
-190.7 3112
-190.5 3096
-190.3 3068
-190.1 3109
-189.9 2918
-189.7 3014
-189.5 3005
-189.3 2899
-189.1 2920
-188.9 2947
-188.7 2879
-188.5 2833
-188.3 2905
-188.1 2755
-187.9 2918
-187.7 2657
-187.5 2742
-187.3 2683
-187.1 2718
-186.9 2720
-186.7 2639
-186.5 2686
-186.3 2607
-186.1 2631
-185.9 2662
-185.7 2532
-185.5 2468
-185.3 2610
-185.1 2602
-184.9 2463
-184.7 2571
-184.5 2553
-184.3 2571
-184.1 2552
-183.9 2429
-183.7 2499
-183.5 2419
-183.3 2376
-183.1 2461
-182.9 2397
-182.7 2395
-182.5 2374
-182.3 2270
-182.1 2382
-181.9 2388
-181.7 2369
-181.5 2321
-181.3 2419
-181.1 2261
-180.9 2318
-180.7 2246
-180.5 2329
-180.3 2225
-180.1 2152
-179.9 2080
-179.7 2235
-179.5 2204
-179.3 2197
-179.1 2126
-178.9 2045
-178.7 2135
-178.5 2111
-178.3 2059
-178.1 2021
-177.9 2000
-177.7 2126
-177.5 2119
-177.3 2031
-177.1 1971
-176.9 1933
-176.7 2063
-176.5 2015
-176.3 2076
-176.1 1943
-175.9 1948
-175.7 1921
-175.5 1970
-175.3 1929
-175.1 1904
-174.9 1872
-174.7 1891
-174.5 1905
-174.3 1929
-174.1 1897
-173.9 1888
-173.7 1933
-173.5 1860
-173.3 1912
-173.1 1899
-172.9 1886
-172.7 1909
-172.5 1900
-172.3 1826
-172.1 1762
-171.9 1857
-171.7 1818
-171.5 1831
-171.3 1781
-171.1 1875
-170.9 1747
-170.7 1834
-170.5 1814
-170.3 1780
-170.1 1816
-169.9 1864
-169.7 1732
-169.5 1807
-169.3 1844
-169.1 1766
-168.9 1713
-168.7 1786
-168.5 1744
-168.3 1763
-168.1 1775
-167.9 1809
-167.7 1716
-167.5 1733
-167.3 1787
-167.1 1844
-166.9 1720
-166.7 1680
-166.5 1748
-166.3 1790
-166.1 1782
-165.9 1689
-165.7 1736
-165.5 1727
-165.3 1777
-165.1 1690
-164.9 1723
-164.7 1668
-164.5 1739
-164.3 1701
-164.1 1681
-163.9 1732
-163.7 1723
-163.5 1714
-163.3 1705
-163.1 1731
-162.9 1698
-162.7 1711
-162.5 1714
-162.3 1702
-162.1 1652
-161.9 1736
-161.7 1725
-161.5 1777
-161.3 1724
-161.1 1747
-160.9 1672
-160.7 1679
-160.5 1654
-160.3 1671
-160.1 1752
-159.9 1760
-159.7 1752
-159.5 1598
-159.3 1725
-159.1 1673
-158.9 1722
-158.7 1795
-158.5 1703
-158.3 1758
-158.1 1718
-157.9 1695
-157.7 1729
-157.5 1725
-157.3 1750
-157.1 1602
-156.9 1675
-156.7 1719
-156.5 1583
-156.3 1724
-156.1 1683
-155.9 1705
-155.7 1647
-155.5 1565
-155.3 1670
-155.1 1792
-154.9 1710
-154.7 1726
-154.5 1725
-154.3 1702
-154.1 1653
-153.9 1703
-153.7 1650
-153.5 1663
-153.3 1719
-153.1 1675
-152.9 1710
-152.7 1635
-152.5 1712
-152.3 1626
-152.1 1721
-151.9 1716
-151.7 1681
-151.5 1652
-151.3 1671
-151.1 1696
-150.9 1711
-150.7 1684
-150.5 1719
-150.3 1702
-150.1 1768
-149.9 1713
-149.7 1646
-149.5 1733
-149.3 1606
-149.1 1596
-148.9 1687
-148.7 1692
-148.5 1595
-148.3 1753
-148.1 1680
-147.9 1662
-147.7 1586
-147.5 1626
-147.3 1707
-147.1 1660
-146.9 1661
-146.7 1702
-146.5 1641
-146.3 1668
-146.1 1571
-145.9 1593
-145.7 1712
-145.5 1649
-145.3 1652
-145.1 1669
-144.9 1652
-144.7 1654
-144.5 1660
-144.3 1626
-144.1 1639
-143.9 1588
-143.7 1698
-143.5 1632
-143.3 1627
-143.1 1655
-142.9 1594
-142.7 1609
-142.5 1720
-142.3 1660
-142.1 1610
-141.9 1674
-141.7 1633
-141.5 1638
-141.3 1600
-141.1 1641
-140.9 1665
-140.7 1619
-140.5 1582
-140.3 1632
-140.1 1568
-139.9 1687
-139.7 1629
-139.5 1637
-139.3 1614
-139.1 1577
-138.9 1708
-138.7 1660
-138.5 1664
-138.3 1646
-138.1 1634
-137.9 1626
-137.7 1627
-137.5 1645
-137.3 1682
-137.1 1630
-136.9 1653
-136.7 1702
-136.5 1653
-136.3 1610
-136.1 1676
-135.9 1756
-135.7 1693
-135.5 1670
-135.3 1721
-135.1 1692
-134.9 1690
-134.7 1687
-134.5 1689
-134.3 1694
-134.1 1727
-133.9 1668
-133.7 1561
-133.5 1723
-133.3 1692
-133.1 1679
-132.9 1765
-132.7 1662
-132.5 1722
-132.3 1747
-132.1 1622
-131.9 1694
-131.7 1750
-131.5 1731
-131.3 1732
-131.1 1684
-130.9 1674
-130.7 1710
-130.5 1724
-130.3 1708
-130.1 1730
-129.9 1708
-129.7 1803
-129.5 1646
-129.3 1698
-129.1 1738
-128.9 1753
-128.7 1745
-128.5 1761
-128.3 1669
-128.1 1734
-127.9 1768
-127.7 1583
-127.5 1761
-127.3 1702
-127.1 1710
-126.9 1688
-126.7 1752
-126.5 1678
-126.3 1702
-126.1 1750
-125.9 1695
-125.7 1704
-125.5 1656
-125.3 1742
-125.1 1737
-124.9 1627
-124.7 1683
-124.5 1703
-124.3 1656
-124.1 1680
-123.9 1637
-123.7 1622
-123.5 1646
-123.3 1685
-123.1 1605
-122.9 1782
-122.7 1686
-122.5 1691
-122.3 1635
-122.1 1682
-121.9 1710
-121.7 1679
-121.5 1692
-121.3 1706
-121.1 1616
-120.9 1651
-120.7 1789
-120.5 1625
-120.3 1677
-120.1 1678
-119.9 1631
-119.7 1643
-119.5 1698
-119.3 1636
-119.1 1659
-118.9 1714
-118.7 1695
-118.5 1650
-118.3 1604
-118.1 1707
-117.9 1695
-117.7 1626
-117.5 1610
-117.3 1581
-117.1 1691
-116.9 1685
-116.7 1693
-116.5 1567
-116.3 1648
-116.1 1655
-115.9 1662
-115.7 1632
-115.5 1604
-115.3 1629
-115.1 1632
-114.9 1648
-114.7 1627
-114.5 1631
-114.3 1591
-114.1 1645
-113.9 1649
-113.7 1696
-113.5 1651
-113.3 1686
-113.1 1691
-112.9 1630
-112.7 1709
-112.5 1658
-112.3 1636
-112.1 1668
-111.9 1650
-111.7 1663
-111.5 1627
-111.3 1680
-111.1 1715
-110.9 1606
-110.7 1651
-110.5 1671
-110.3 1683
-110.1 1646
-109.9 1604
-109.7 1623
-109.5 1697
-109.3 1571
-109.1 1648
-108.9 1641
-108.7 1691
-108.5 1669
-108.3 1678
-108.1 1624
-107.9 1580
-107.7 1592
-107.5 1624
-107.3 1652
-107.1 1662
-106.9 1592
-106.7 1662
-106.5 1583
-106.3 1655
-106.1 1631
-105.9 1647
-105.7 1597
-105.5 1612
-105.3 1658
-105.1 1596
-104.9 1615
-104.7 1608
-104.5 1695
-104.3 1654
-104.1 1605
-103.9 1641
-103.7 1637
-103.5 1642
-103.3 1634
-103.1 1586
-102.9 1540
-102.7 1569
-102.5 1631
-102.3 1571
-102.1 1612
-101.9 1641
-101.7 1587
-101.5 1630
-101.3 1603
-101.1 1605
-100.9 1604
-100.7 1593
-100.5 1594
-100.3 1626
-100.1 1600
-99.9 1582
-99.7 1614
-99.5 1597
-99.3 1700
-99.1 1620
-98.9 1651
-98.7 1633
-98.5 1686
-98.3 1673
-98.1 1736
-97.9 1689
-97.7 1627
-97.5 1575
-97.3 1722
-97.1 1585
-96.9 1672
-96.7 1632
-96.5 1663
-96.3 1618
-96.1 1657
-95.9 1640
-95.7 1680
-95.5 1643
-95.3 1710
-95.1 1642
-94.9 1616
-94.7 1689
-94.5 1646
-94.3 1629
-94.1 1721
-93.9 1656
-93.7 1627
-93.5 1643
-93.3 1676
-93.1 1670
-92.9 1613
-92.7 1729
-92.5 1633
-92.3 1618
-92.1 1634
-91.9 1629
-91.7 1654
-91.5 1723
-91.3 1619
-91.1 1580
-90.9 1624
-90.7 1606
-90.5 1657
-90.3 1628
-90.1 1632
-89.9 1605
-89.7 1636
-89.5 1739
-89.3 1619
-89.1 1648
-88.9 1636
-88.7 1654
-88.5 1672
-88.3 1584
-88.1 1601
-87.9 1635
-87.7 1715
-87.5 1617
-87.3 1632
-87.1 1649
-86.9 1634
-86.7 1654
-86.5 1703
-86.3 1607
-86.1 1624
-85.9 1610
-85.7 1665
-85.5 1687
-85.3 1654
-85.1 1605
-84.9 1588
-84.7 1664
-84.5 1649
-84.3 1607
-84.1 1636
-83.9 1666
-83.7 1537
-83.5 1668
-83.3 1667
-83.1 1647
-82.9 1698
-82.7 1678
-82.5 1621
-82.3 1705
-82.1 1644
-81.9 1609
-81.7 1628
-81.5 1651
-81.3 1687
-81.1 1561
-80.9 1569
-80.7 1638
-80.5 1616
-80.3 1612
-80.1 1577
-79.9 1616
-79.7 1606
-79.5 1613
-79.3 1526
-79.1 1721
-78.9 1609
-78.7 1631
-78.5 1658
-78.3 1692
-78.1 1669
-77.9 1571
-77.7 1602
-77.5 1616
-77.3 1639
-77.1 1677
-76.9 1593
-76.7 1599
-76.5 1624
-76.3 1598
-76.1 1660
-75.9 1621
-75.7 1661
-75.5 1664
-75.3 1679
-75.1 1604
-74.9 1581
-74.7 1657
-74.5 1584
-74.3 1587
-74.1 1622
-73.9 1609
-73.7 1679
-73.5 1644
-73.3 1682
-73.1 1672
-72.9 1700
-72.7 1654
-72.5 1699
-72.3 1736
-72.1 1650
-71.9 1674
-71.7 1634
-71.5 1726
-71.3 1692
-71.1 1722
-70.9 1689
-70.7 1636
-70.5 1563
-70.3 1684
-70.1 1651
-69.9 1635
-69.7 1569
-69.5 1666
-69.3 1712
-69.1 1662
-68.9 1674
-68.7 1586
-68.5 1689
-68.3 1620
-68.1 1668
-67.9 1693
-67.7 1650
-67.5 1677
-67.3 1609
-67.1 1719
-66.9 1655
-66.7 1644
-66.5 1552
-66.3 1622
-66.1 1667
-65.9 1706
-65.7 1621
-65.5 1601
-65.3 1691
-65.1 1612
-64.9 1598
-64.7 1659
-64.5 1630
-64.3 1609
-64.1 1661
-63.9 1624
-63.7 1684
-63.5 1578
-63.3 1615
-63.1 1691
-62.9 1560
-62.7 1637
-62.5 1678
-62.3 1687
-62.1 1702
-61.9 1639
-61.7 1616
-61.5 1694
-61.3 1656
-61.1 1642
-60.9 1591
-60.7 1615
-60.5 1655
-60.3 1630
-60.1 1574
-59.9 1634
-59.7 1677
-59.5 1605
-59.3 1585
-59.1 1655
-58.9 1643
-58.7 1590
-58.5 1608
-58.3 1605
-58.1 1547
-57.9 1666
-57.7 1650
-57.5 1549
-57.3 1648
-57.1 1639
-56.9 1611
-56.7 1695
-56.5 1662
-56.3 1722
-56.1 1575
-55.9 1639
-55.7 1718
-55.5 1568
-55.3 1547
-55.1 1634
-54.9 1602
-54.7 1663
-54.5 1697
-54.3 1588
-54.1 1663
-53.9 1663
-53.7 1620
-53.5 1566
-53.3 1573
-53.1 1569
-52.9 1574
-52.7 1601
-52.5 1544
-52.3 1629
-52.1 1674
-51.9 1560
-51.7 1644
-51.5 1614
-51.3 1703
-51.1 1605
-50.9 1543
-50.7 1640
-50.5 1603
-50.3 1738
-50.1 1603
-49.9 1669
-49.7 1593
-49.5 1634
-49.3 1605
-49.1 1617
-48.9 1616
-48.7 1555
-48.5 1619
-48.3 1588
-48.1 1557
-47.9 1623
-47.7 1660
-47.5 1619
-47.3 1620
-47.1 1632
-46.9 1687
-46.7 1652
-46.5 1621
-46.3 1669
-46.1 1650
-45.9 1674
-45.7 1564
-45.5 1615
-45.3 1688
-45.1 1663
-44.9 1639
-44.7 1720
-44.5 1688
-44.3 1653
-44.1 1627
-43.9 1709
-43.7 1694
-43.5 1672
-43.3 1672
-43.1 1630
-42.9 1680
-42.7 1671
-42.5 1608
-42.3 1625
-42.1 1572
-41.9 1601
-41.7 1685
-41.5 1619
-41.3 1620
-41.1 1654
-40.9 1670
-40.7 1549
-40.5 1660
-40.3 1646
-40.1 1607
-39.9 1615
-39.7 1627
-39.5 1675
-39.3 1695
-39.1 1680
-38.9 1664
-38.7 1605
-38.5 1646
-38.3 1584
-38.1 1687
-37.9 1666
-37.7 1664
-37.5 1629
-37.3 1610
-37.1 1701
-36.9 1695
-36.7 1629
-36.5 1550
-36.3 1647
-36.1 1686
-35.9 1640
-35.7 1697
-35.5 1655
-35.3 1663
-35.1 1631
-34.9 1731
-34.7 1593
-34.5 1568
-34.3 1648
-34.1 1634
-33.9 1628
-33.7 1663
-33.5 1653
-33.3 1669
-33.1 1693
-32.9 1603
-32.7 1627
-32.5 1661
-32.3 1558
-32.1 1636
-31.9 1708
-31.7 1621
-31.5 1597
-31.3 1635
-31.1 1628
-30.9 1645
-30.7 1621
-30.5 1631
-30.3 1590
-30.1 1582
-29.9 1608
-29.7 1608
-29.5 1639
-29.3 1618
-29.1 1660
-28.9 1628
-28.7 1590
-28.5 1639
-28.3 1587
-28.1 1608
-27.9 1634
-27.7 1594
-27.5 1658
-27.3 1574
-27.1 1648
-26.9 1581
-26.7 1659
-26.5 1579
-26.3 1547
-26.1 1596
-25.9 1571
-25.7 1629
-25.5 1622
-25.3 1594
-25.1 1649
-24.9 1655
-24.7 1665
-24.5 1631
-24.3 1604
-24.1 1603
-23.9 1644
-23.7 1616
-23.5 1592
-23.3 1578
-23.1 1695
-22.9 1596
-22.7 1634
-22.5 1644
-22.3 1628
-22.1 1552
-21.9 1643
-21.7 1613
-21.5 1628
-21.3 1672
-21.1 1644
-20.9 1680
-20.7 1642
-20.5 1608
-20.3 1639
-20.1 1661
-19.9 1634
-19.7 1680
-19.5 1607
-19.3 1663
-19.1 1690
-18.9 1536
-18.7 1580
-18.5 1618
-18.3 1621
-18.1 1610
-17.9 1679
-17.7 1648
-17.5 1679
-17.3 1616
-17.1 1597
-16.9 1622
-16.7 1651
-16.5 1643
-16.3 1598
-16.1 1593
-15.9 1623
-15.7 1660
-15.5 1549
-15.3 1612
-15.1 1751
-14.9 1646
-14.7 1681
-14.5 1641
-14.3 1631
-14.1 1626
-13.9 1609
-13.7 1636
-13.5 1609
-13.3 1613
-13.1 1652
-12.9 1695
-12.7 1641
-12.5 1703
-12.3 1578
-12.1 1622
-11.9 1653
-11.7 1600
-11.5 1665
-11.3 1616
-11.1 1675
-10.9 1622
-10.7 1652
-10.5 1598
-10.3 1582
-10.1 1626
-9.9 1665
-9.7 1642
-9.5 1664
-9.3 1609
-9.1 1659
-8.9 1654
-8.7 1586
-8.5 1673
-8.3 1599
-8.1 1595
-7.9 1639
-7.7 1656
-7.5 1673
-7.3 1593
-7.1 1638
-6.9 1638
-6.7 1654
-6.5 1607
-6.3 1629
-6.1 1628
-5.9 1684
-5.7 1630
-5.5 1695
-5.3 1604
-5.1 1703
-4.9 1656
-4.7 1663
-4.5 1618
-4.3 1629
-4.1 1589
-3.9 1603
-3.7 1608
-3.5 1601
-3.3 1654
-3.1 1585
-2.9 1541
-2.7 1598
-2.5 1642
-2.3 1671
-2.1 1693
-1.9 1682
-1.7 1575
-1.5 1638
-1.3 1653
-1.1 1565
-0.9 1667
-0.7 1650
-0.5 1649
-0.3 1614
-0.1 1644
0.1 1687
0.3 1601
0.5 1578
0.7 1699
0.9 1658
1.1 1642
1.3 1653
1.5 1610
1.7 1598
1.9 1610
2.1 1656
2.3 1632
2.5 1606
2.7 1639
2.9 1598
3.1 1626
3.3 1563
3.5 1614
3.7 1619
3.9 1656
4.1 1621
4.3 1610
4.5 1720
4.7 1719
4.9 1685
5.1 1538
5.3 1600
5.5 1583
5.7 1657
5.9 1666
6.1 1614
6.3 1611
6.5 1562
6.7 1602
6.9 1689
7.1 1665
7.3 1625
7.5 1611
7.7 1588
7.9 1629
8.1 1608
8.3 1567
8.5 1559
8.7 1537
8.9 1649
9.1 1618
9.3 1584
9.5 1596
9.7 1628
9.9 1601
10.1 1524
10.3 1629
10.5 1652
10.7 1545
10.9 1602
11.1 1494
11.3 1552
11.5 1535
11.7 1567
11.9 1451
12.1 1497
12.3 1524
12.5 1494
12.7 1499
12.9 1487
13.1 1468
13.3 1490
13.5 1470
13.7 1479
13.9 1497
14.1 1467
14.3 1468
14.5 1502
14.7 1489
14.9 1404
15.1 1401
15.3 1378
15.5 1403
15.7 1363
15.9 1310
16.1 1361
16.3 1420
16.5 1274
16.7 1279
16.9 1314
17.1 1203
17.3 1222
17.5 1229
17.7 1222
17.9 1209
18.1 1273
18.3 1216
18.5 1160
18.7 1106
18.9 1111
19.1 1089
19.3 1090
19.5 1094
19.7 1083
19.9 1044
20.1 1022
20.3 1009
20.5 990
20.7 1008
20.9 991
21.1 932
21.3 946
21.5 976
21.7 885
21.9 898
22.1 877
22.3 826
22.5 866
22.7 791
22.9 777
23.1 816
23.3 758
23.5 761
23.7 766
23.9 729
24.1 710
24.3 745
24.5 648
24.7 718
24.9 649
25.1 683
25.3 643
25.5 650
25.7 612
25.9 586
26.1 585
26.3 588
26.5 547
26.7 502
26.9 501
27.1 502
27.3 488
27.5 443
27.7 413
27.9 442
28.1 414
28.3 426
28.5 415
28.7 428
28.9 373
29.1 371
29.3 400
29.5 368
29.7 331
29.9 322
30.1 340
30.3 293
30.5 294
30.7 262
30.9 277
31.1 264
31.3 235
31.5 252
31.7 248
31.9 237
32.1 223
32.3 216
32.5 213
32.7 173
32.9 181
33.1 183
33.3 148
33.5 136
33.7 130
33.9 162
34.1 131
34.3 135
34.5 117
34.7 104
34.9 145
35.1 103
35.3 98
35.5 74
35.7 78
35.9 74
36.1 91
36.3 72
36.5 64
36.7 78
36.9 43
37.1 62
37.3 67
37.5 51
37.7 48
37.9 46
38.1 38
38.3 50
38.5 43
38.7 38
38.9 31
39.1 29
39.3 33
39.5 23
39.7 19
39.9 20
40.1 17
40.3 22
40.5 16
40.7 15
40.9 12
41.1 14
41.3 12
41.5 9
41.7 10
41.9 18
42.1 5
42.3 12
42.5 9
42.7 7
42.9 9
43.1 7
43.3 2
43.5 10
43.7 4
43.9 2
44.1 6
44.3 9
44.5 3
44.7 5
44.9 1
45.1 3
45.3 4
45.5 1
45.7 1
45.9 3
46.1 8
46.3 3
46.5 2
46.7 3
46.9 1
47.1 4
47.3 3
47.5 3
47.7 4
47.9 2
48.1 5
48.3 6
48.5 1
48.7 1
48.9 4
49.1 2
49.3 2
49.5 2
49.7 2
49.9 5
