-209.9 0
-209.7 1
-209.5 0
-209.3 3
-209.1 1
-208.9 1
-208.7 0
-208.5 0
-208.3 2
-208.1 2
-207.9 0
-207.7 0
-207.5 0
-207.3 1
-207.1 2
-206.9 2
-206.7 0
-206.5 1
-206.3 1
-206.1 1
-205.9 0
-205.7 0
-205.5 0
-205.3 0
-205.1 0
-204.9 0
-204.7 0
-204.5 1
-204.3 1
-204.1 0
-203.9 0
-203.7 0
-203.5 1
-203.3 0
-203.1 1
-202.9 1
-202.7 0
-202.5 0
-202.3 1
-202.1 1
-201.9 1
-201.7 1
-201.5 0
-201.3 0
-201.1 0
-200.9 0
-200.7 1
-200.5 0
-200.3 0
-200.1 3
-199.9 2
-199.7 0
-199.5 0
-199.3 2
-199.1 1
-198.9 1
-198.7 2
-198.5 2
-198.3 1
-198.1 1
-197.9 8
-197.7 9
-197.5 7
-197.3 22
-197.1 36
-196.9 53
-196.7 77
-196.5 103
-196.3 135
-196.1 214
-195.9 267
-195.7 343
-195.5 459
-195.3 646
-195.1 696
-194.9 899
-194.7 1053
-194.5 1258
-194.3 1327
-194.1 1543
-193.9 1701
-193.7 1767
-193.5 1857
-193.3 1851
-193.1 1889
-192.9 1930
-192.7 2020
-192.5 1879
-192.3 1939
-192.1 1928
-191.9 1875
-191.7 1861
-191.5 1911
-191.3 1843
-191.1 1766
-190.9 1828
-190.7 1764
-190.5 1728
-190.3 1783
-190.1 1685
-189.9 1628
-189.7 1719
-189.5 1649
-189.3 1642
-189.1 1647
-188.9 1633
-188.7 1580
-188.5 1588
-188.3 1568
-188.1 1540
-187.9 1556
-187.7 1537
-187.5 1539
-187.3 1444
-187.1 1553
-186.9 1520
-186.7 1521
-186.5 1404
-186.3 1489
-186.1 1483
-185.9 1467
-185.7 1469
-185.5 1421
-185.3 1399
-185.1 1413
-184.9 1448
-184.7 1404
-184.5 1472
-184.3 1346
-184.1 1405
-183.9 1458
-183.7 1428
-183.5 1345
-183.3 1437
-183.1 1386
-182.9 1314
-182.7 1378
-182.5 1308
-182.3 1307
-182.1 1320
-181.9 1304
-181.7 1407
-181.5 1273
-181.3 1322
-181.1 1363
-180.9 1244
-180.7 1242
-180.5 1299
-180.3 1249
-180.1 1235
-179.9 1241
-179.7 1189
-179.5 1158
-179.3 1170
-179.1 1159
-178.9 1139
-178.7 1149
-178.5 1091
-178.3 1087
-178.1 1079
-177.9 1146
-177.7 983
-177.5 1070
-177.3 1031
-177.1 1045
-176.9 1027
-176.7 1035
-176.5 1023
-176.3 1001
-176.1 971
-175.9 1005
-175.7 954
-175.5 976
-175.3 964
-175.1 941
-174.9 906
-174.7 869
-174.5 908
-174.3 909
-174.1 947
-173.9 849
-173.7 942
-173.5 885
-173.3 859
-173.1 866
-172.9 802
-172.7 856
-172.5 786
-172.3 840
-172.1 822
-171.9 877
-171.7 876
-171.5 897
-171.3 813
-171.1 846
-170.9 795
-170.7 862
-170.5 820
-170.3 845
-170.1 853
-169.9 818
-169.7 846
-169.5 806
-169.3 834
-169.1 783
-168.9 759
-168.7 783
-168.5 801
-168.3 769
-168.1 802
-167.9 782
-167.7 806
-167.5 802
-167.3 757
-167.1 752
-166.9 817
-166.7 786
-166.5 773
-166.3 783
-166.1 786
-165.9 805
-165.7 743
-165.5 750
-165.3 738
-165.1 785
-164.9 738
-164.7 711
-164.5 761
-164.3 763
-164.1 758
-163.9 754
-163.7 796
-163.5 754
-163.3 765
-163.1 716
-162.9 739
-162.7 759
-162.5 754
-162.3 786
-162.1 744
-161.9 723
-161.7 797
-161.5 728
-161.3 761
-161.1 782
-160.9 789
-160.7 719
-160.5 725
-160.3 744
-160.1 774
-159.9 714
-159.7 755
-159.5 754
-159.3 790
-159.1 788
-158.9 727
-158.7 746
-158.5 762
-158.3 749
-158.1 756
-157.9 768
-157.7 735
-157.5 713
-157.3 751
-157.1 737
-156.9 729
-156.7 743
-156.5 732
-156.3 680
-156.1 720
-155.9 707
-155.7 753
-155.5 758
-155.3 752
-155.1 728
-154.9 714
-154.7 764
-154.5 723
-154.3 693
-154.1 715
-153.9 699
-153.7 687
-153.5 693
-153.3 692
-153.1 668
-152.9 711
-152.7 710
-152.5 684
-152.3 680
-152.1 671
-151.9 743
-151.7 702
-151.5 702
-151.3 652
-151.1 706
-150.9 665
-150.7 696
-150.5 657
-150.3 629
-150.1 646
-149.9 662
-149.7 669
-149.5 672
-149.3 664
-149.1 634
-148.9 657
-148.7 684
-148.5 714
-148.3 651
-148.1 663
-147.9 683
-147.7 656
-147.5 684
-147.3 676
-147.1 680
-146.9 680
-146.7 699
-146.5 729
-146.3 652
-146.1 681
-145.9 688
-145.7 666
-145.5 642
-145.3 715
-145.1 737
-144.9 740
-144.7 669
-144.5 714
-144.3 681
-144.1 739
-143.9 702
-143.7 731
-143.5 687
-143.3 714
-143.1 696
-142.9 707
-142.7 705
-142.5 721
-142.3 663
-142.1 665
-141.9 704
-141.7 689
-141.5 750
-141.3 747
-141.1 646
-140.9 699
-140.7 723
-140.5 721
-140.3 758
-140.1 754
-139.9 718
-139.7 713
-139.5 759
-139.3 733
-139.1 729
-138.9 723
-138.7 676
-138.5 800
-138.3 704
-138.1 749
-137.9 753
-137.7 748
-137.5 753
-137.3 726
-137.1 780
-136.9 715
-136.7 785
-136.5 753
-136.3 746
-136.1 708
-135.9 756
-135.7 754
-135.5 723
-135.3 761
-135.1 774
-134.9 776
-134.7 750
-134.5 762
-134.3 766
-134.1 748
-133.9 757
-133.7 754
-133.5 792
-133.3 814
-133.1 729
-132.9 785
-132.7 797
-132.5 781
-132.3 750
-132.1 725
-131.9 790
-131.7 729
-131.5 747
-131.3 734
-131.1 795
-130.9 745
-130.7 782
-130.5 762
-130.3 794
-130.1 784
-129.9 775
-129.7 822
-129.5 743
-129.3 754
-129.1 745
-128.9 790
-128.7 753
-128.5 772
-128.3 805
-128.1 746
-127.9 751
-127.7 727
-127.5 724
-127.3 756
-127.1 727
-126.9 770
-126.7 730
-126.5 768
-126.3 746
-126.1 718
-125.9 726
-125.7 686
-125.5 719
-125.3 715
-125.1 759
-124.9 749
-124.7 717
-124.5 767
-124.3 752
-124.1 716
-123.9 764
-123.7 724
-123.5 734
-123.3 762
-123.1 769
-122.9 711
-122.7 745
-122.5 790
-122.3 711
-122.1 734
-121.9 778
-121.7 727
-121.5 736
-121.3 729
-121.1 716
-120.9 718
-120.7 718
-120.5 786
-120.3 741
-120.1 766
-119.9 745
-119.7 709
-119.5 764
-119.3 718
-119.1 788
-118.9 768
-118.7 735
-118.5 760
-118.3 692
-118.1 729
-117.9 721
-117.7 708
-117.5 727
-117.3 720
-117.1 751
-116.9 753
-116.7 714
-116.5 729
-116.3 715
-116.1 729
-115.9 732
-115.7 701
-115.5 739
-115.3 718
-115.1 753
-114.9 713
-114.7 732
-114.5 750
-114.3 731
-114.1 729
-113.9 725
-113.7 733
-113.5 739
-113.3 682
-113.1 734
-112.9 766
-112.7 711
-112.5 737
-112.3 727
-112.1 722
-111.9 733
-111.7 691
-111.5 740
-111.3 672
-111.1 726
-110.9 683
-110.7 744
-110.5 710
-110.3 707
-110.1 703
-109.9 762
-109.7 690
-109.5 721
-109.3 695
-109.1 767
-108.9 714
-108.7 733
-108.5 740
-108.3 777
-108.1 764
-107.9 707
-107.7 717
-107.5 761
-107.3 763
-107.1 719
-106.9 689
-106.7 706
-106.5 687
-106.3 742
-106.1 743
-105.9 740
-105.7 727
-105.5 764
-105.3 681
-105.1 716
-104.9 691
-104.7 704
-104.5 661
-104.3 695
-104.1 735
-103.9 732
-103.7 756
-103.5 660
-103.3 695
-103.1 729
-102.9 671
-102.7 714
-102.5 730
-102.3 675
-102.1 716
-101.9 718
-101.7 706
-101.5 668
-101.3 689
-101.1 705
-100.9 736
-100.7 714
-100.5 750
-100.3 743
-100.1 747
-99.9 736
-99.7 722
-99.5 714
-99.3 743
-99.1 722
-98.9 706
-98.7 710
-98.5 760
-98.3 663
-98.1 723
-97.9 748
-97.7 712
-97.5 678
-97.3 699
-97.1 698
-96.9 692
-96.7 693
-96.5 711
-96.3 695
-96.1 716
-95.9 689
-95.7 729
-95.5 738
-95.3 683
-95.1 678
-94.9 747
-94.7 699
-94.5 707
-94.3 667
-94.1 682
-93.9 670
-93.7 659
-93.5 687
-93.3 675
-93.1 674
-92.9 714
-92.7 696
-92.5 683
-92.3 632
-92.1 709
-91.9 687
-91.7 710
-91.5 659
-91.3 709
-91.1 725
-90.9 719
-90.7 705
-90.5 640
-90.3 664
-90.1 696
-89.9 698
-89.7 655
-89.5 745
-89.3 677
-89.1 669
-88.9 646
-88.7 663
-88.5 652
-88.3 691
-88.1 698
-87.9 669
-87.7 726
-87.5 669
-87.3 728
-87.1 675
-86.9 702
-86.7 698
-86.5 659
-86.3 671
-86.1 681
-85.9 643
-85.7 701
-85.5 711
-85.3 722
-85.1 703
-84.9 649
-84.7 751
-84.5 727
-84.3 668
-84.1 669
-83.9 701
-83.7 702
-83.5 722
-83.3 701
-83.1 762
-82.9 667
-82.7 668
-82.5 726
-82.3 696
-82.1 698
-81.9 658
-81.7 672
-81.5 682
-81.3 643
-81.1 682
-80.9 669
-80.7 688
-80.5 684
-80.3 683
-80.1 724
-79.9 667
-79.7 664
-79.5 680
-79.3 669
-79.1 666
-78.9 690
-78.7 704
-78.5 667
-78.3 695
-78.1 742
-77.9 684
-77.7 708
-77.5 702
-77.3 689
-77.1 729
-76.9 708
-76.7 720
-76.5 712
-76.3 667
-76.1 713
-75.9 713
-75.7 688
-75.5 708
-75.3 718
-75.1 748
-74.9 681
-74.7 642
-74.5 737
-74.3 714
-74.1 703
-73.9 708
-73.7 703
-73.5 675
-73.3 734
-73.1 741
-72.9 728
-72.7 719
-72.5 697
-72.3 721
-72.1 738
-71.9 731
-71.7 755
-71.5 748
-71.3 727
-71.1 734
-70.9 707
-70.7 710
-70.5 740
-70.3 713
-70.1 704
-69.9 764
-69.7 731
-69.5 723
-69.3 694
-69.1 708
-68.9 710
-68.7 709
-68.5 727
-68.3 751
-68.1 728
-67.9 746
-67.7 676
-67.5 757
-67.3 725
-67.1 713
-66.9 752
-66.7 687
-66.5 699
-66.3 695
-66.1 730
-65.9 721
-65.7 707
-65.5 749
-65.3 738
-65.1 703
-64.9 707
-64.7 684
-64.5 761
-64.3 709
-64.1 719
-63.9 739
-63.7 698
-63.5 697
-63.3 721
-63.1 730
-62.9 688
-62.7 694
-62.5 743
-62.3 751
-62.1 716
-61.9 743
-61.7 717
-61.5 704
-61.3 700
-61.1 730
-60.9 710
-60.7 737
-60.5 763
-60.3 730
-60.1 707
-59.9 720
-59.7 687
-59.5 712
-59.3 717
-59.1 690
-58.9 723
-58.7 730
-58.5 686
-58.3 754
-58.1 724
-57.9 682
-57.7 719
-57.5 660
-57.3 704
-57.1 691
-56.9 676
-56.7 697
-56.5 676
-56.3 680
-56.1 678
-55.9 677
-55.7 714
-55.5 770
-55.3 698
-55.1 696
-54.9 693
-54.7 751
-54.5 710
-54.3 727
-54.1 705
-53.9 723
-53.7 692
-53.5 708
-53.3 716
-53.1 722
-52.9 697
-52.7 703
-52.5 667
-52.3 714
-52.1 726
-51.9 753
-51.7 725
-51.5 736
-51.3 703
-51.1 682
-50.9 689
-50.7 678
-50.5 677
-50.3 707
-50.1 751
-49.9 696
-49.7 734
-49.5 684
-49.3 682
-49.1 691
-48.9 699
-48.7 694
-48.5 745
-48.3 682
-48.1 704
-47.9 746
-47.7 681
-47.5 756
-47.3 683
-47.1 662
-46.9 736
-46.7 717
-46.5 665
-46.3 716
-46.1 681
-45.9 731
-45.7 716
-45.5 659
-45.3 708
-45.1 708
-44.9 717
-44.7 666
-44.5 692
-44.3 727
-44.1 683
-43.9 754
-43.7 715
-43.5 681
-43.3 706
-43.1 692
-42.9 715
-42.7 700
-42.5 662
-42.3 702
-42.1 691
-41.9 709
-41.7 662
-41.5 702
-41.3 665
-41.1 665
-40.9 693
-40.7 695
-40.5 695
-40.3 693
-40.1 654
-39.9 734
-39.7 681
-39.5 674
-39.3 725
-39.1 719
-38.9 660
-38.7 722
-38.5 733
-38.3 661
-38.1 730
-37.9 669
-37.7 712
-37.5 674
-37.3 691
-37.1 711
-36.9 704
-36.7 707
-36.5 741
-36.3 683
-36.1 686
-35.9 723
-35.7 737
-35.5 669
-35.3 703
-35.1 717
-34.9 688
-34.7 708
-34.5 644
-34.3 681
-34.1 707
-33.9 661
-33.7 706
-33.5 699
-33.3 720
-33.1 713
-32.9 696
-32.7 710
-32.5 731
-32.3 669
-32.1 713
-31.9 738
-31.7 706
-31.5 693
-31.3 727
-31.1 614
-30.9 691
-30.7 715
-30.5 692
-30.3 730
-30.1 668
-29.9 730
-29.7 686
-29.5 747
-29.3 722
-29.1 751
-28.9 614
-28.7 710
-28.5 707
-28.3 696
-28.1 735
-27.9 721
-27.7 696
-27.5 679
-27.3 700
-27.1 726
-26.9 678
-26.7 676
-26.5 739
-26.3 733
-26.1 679
-25.9 710
-25.7 666
-25.5 723
-25.3 653
-25.1 715
-24.9 695
-24.7 691
-24.5 703
-24.3 693
-24.1 743
-23.9 741
-23.7 725
-23.5 707
-23.3 700
-23.1 701
-22.9 731
-22.7 698
-22.5 736
-22.3 684
-22.1 722
-21.9 726
-21.7 694
-21.5 724
-21.3 700
-21.1 662
-20.9 660
-20.7 756
-20.5 773
-20.3 699
-20.1 707
-19.9 663
-19.7 765
-19.5 703
-19.3 681
-19.1 722
-18.9 717
-18.7 710
-18.5 718
-18.3 718
-18.1 686
-17.9 696
-17.7 735
-17.5 694
-17.3 745
-17.1 708
-16.9 681
-16.7 706
-16.5 698
-16.3 665
-16.1 760
-15.9 673
-15.7 687
-15.5 730
-15.3 636
-15.1 690
-14.9 721
-14.7 747
-14.5 712
-14.3 668
-14.1 698
-13.9 677
-13.7 694
-13.5 709
-13.3 701
-13.1 684
-12.9 673
-12.7 686
-12.5 709
-12.3 667
-12.1 695
-11.9 712
-11.7 629
-11.5 726
-11.3 678
-11.1 691
-10.9 639
-10.7 703
-10.5 692
-10.3 646
-10.1 710
-9.9 692
-9.7 608
-9.5 688
-9.3 672
-9.1 663
-8.9 718
-8.7 651
-8.5 687
-8.3 689
-8.1 657
-7.9 670
-7.7 716
-7.5 689
-7.3 709
-7.1 664
-6.9 648
-6.7 611
-6.5 699
-6.3 713
-6.1 686
-5.9 692
-5.7 680
-5.5 679
-5.3 656
-5.1 680
-4.9 752
-4.7 704
-4.5 701
-4.3 652
-4.1 664
-3.9 741
-3.7 658
-3.5 678
-3.3 672
-3.1 681
-2.9 672
-2.7 659
-2.5 668
-2.3 715
-2.1 667
-1.9 698
-1.7 665
-1.5 687
-1.3 720
-1.1 708
-0.9 690
-0.7 678
-0.5 675
-0.3 621
-0.1 675
0.1 671
0.3 675
0.5 705
0.7 731
0.9 698
1.1 717
1.3 684
1.5 693
1.7 663
1.9 692
2.1 746
2.3 707
2.5 693
2.7 685
2.9 733
3.1 692
3.3 715
3.5 701
3.7 693
3.9 665
4.1 687
4.3 673
4.5 727
4.7 728
4.9 734
5.1 713
5.3 695
5.5 742
5.7 682
5.9 678
6.1 691
6.3 656
6.5 672
6.7 743
6.9 747
7.1 758
7.3 685
7.5 668
7.7 707
7.9 716
8.1 688
8.3 675
8.5 716
8.7 729
8.9 742
9.1 674
9.3 710
9.5 687
9.7 664
9.9 723
10.1 686
10.3 673
10.5 729
10.7 681
10.9 697
11.1 716
11.3 699
11.5 655
11.7 704
11.9 710
12.1 695
12.3 661
12.5 715
12.7 664
12.9 730
13.1 667
13.3 664
13.5 668
13.7 672
13.9 678
14.1 673
14.3 663
14.5 670
14.7 646
14.9 642
15.1 671
15.3 677
15.5 624
15.7 621
15.9 667
16.1 614
16.3 659
16.5 628
16.7 611
16.9 571
17.1 623
17.3 644
17.5 603
17.7 607
17.9 595
18.1 593
18.3 586
18.5 563
18.7 610
18.9 581
19.1 563
19.3 560
19.5 534
19.7 559
19.9 521
20.1 512
20.3 514
20.5 530
20.7 484
20.9 518
21.1 478
21.3 499
21.5 512
21.7 473
21.9 445
22.1 476
22.3 475
22.5 468
22.7 451
22.9 446
23.1 405
23.3 410
23.5 419
23.7 398
23.9 410
24.1 414
24.3 372
24.5 377
24.7 394
24.9 395
25.1 330
25.3 358
25.5 327
25.7 338
25.9 304
26.1 313
26.3 312
26.5 279
26.7 301
26.9 279
27.1 305
27.3 266
27.5 292
27.7 288
27.9 257
28.1 257
28.3 249
28.5 256
28.7 238
28.9 250
29.1 237
29.3 222
29.5 205
29.7 192
29.9 224
30.1 180
30.3 211
30.5 157
30.7 167
30.9 176
31.1 169
31.3 158
31.5 172
31.7 148
31.9 132
32.1 127
32.3 140
32.5 140
32.7 121
32.9 118
33.1 116
33.3 114
33.5 104
33.7 104
33.9 99
34.1 84
34.3 86
34.5 78
34.7 85
34.9 75
35.1 83
35.3 80
35.5 79
35.7 75
35.9 44
36.1 44
36.3 54
36.5 69
36.7 60
36.9 45
37.1 56
37.3 44
37.5 37
37.7 33
37.9 28
38.1 43
38.3 38
38.5 34
38.7 29
38.9 25
39.1 26
39.3 22
39.5 17
39.7 19
39.9 31
40.1 16
40.3 20
40.5 24
40.7 24
40.9 12
41.1 12
41.3 7
41.5 14
41.7 16
41.9 10
42.1 11
42.3 8
42.5 6
42.7 11
42.9 9
43.1 9
43.3 12
43.5 11
43.7 12
43.9 7
44.1 3
44.3 3
44.5 4
44.7 4
44.9 1
45.1 9
45.3 6
45.5 4
45.7 6
45.9 3
46.1 3
46.3 5
46.5 3
46.7 5
46.9 5
47.1 3
47.3 5
47.5 1
47.7 7
47.9 5
48.1 3
48.3 0
48.5 5
48.7 2
48.9 3
49.1 0
49.3 2
49.5 1
49.7 2
49.9 2
