-209.9 0
-209.7 2
-209.5 1
-209.3 1
-209.1 2
-208.9 0
-208.7 0
-208.5 0
-208.3 2
-208.1 0
-207.9 0
-207.7 0
-207.5 1
-207.3 0
-207.1 0
-206.9 0
-206.7 0
-206.5 0
-206.3 1
-206.1 2
-205.9 0
-205.7 2
-205.5 1
-205.3 0
-205.1 0
-204.9 1
-204.7 1
-204.5 1
-204.3 2
-204.1 0
-203.9 0
-203.7 0
-203.5 0
-203.3 0
-203.1 0
-202.9 2
-202.7 2
-202.5 3
-202.3 2
-202.1 3
-201.9 1
-201.7 3
-201.5 2
-201.3 10
-201.1 7
-200.9 4
-200.7 10
-200.5 16
-200.3 18
-200.1 23
-199.9 31
-199.7 33
-199.5 49
-199.3 50
-199.1 114
-198.9 133
-198.7 143
-198.5 200
-198.3 215
-198.1 306
-197.9 390
-197.7 496
-197.5 612
-197.3 721
-197.1 847
-196.9 1061
-196.7 1205
-196.5 1345
-196.3 1442
-196.1 1644
-195.9 1722
-195.7 1849
-195.5 1921
-195.3 1950
-195.1 1997
-194.9 1962
-194.7 1980
-194.5 1941
-194.3 1924
-194.1 1936
-193.9 1803
-193.7 1803
-193.5 1789
-193.3 1723
-193.1 1732
-192.9 1758
-192.7 1679
-192.5 1643
-192.3 1708
-192.1 1620
-191.9 1564
-191.7 1639
-191.5 1580
-191.3 1476
-191.1 1499
-190.9 1587
-190.7 1563
-190.5 1502
-190.3 1444
-190.1 1581
-189.9 1527
-189.7 1524
-189.5 1520
-189.3 1510
-189.1 1467
-188.9 1538
-188.7 1505
-188.5 1467
-188.3 1499
-188.1 1440
-187.9 1431
-187.7 1435
-187.5 1413
-187.3 1501
-187.1 1491
-186.9 1424
-186.7 1446
-186.5 1434
-186.3 1435
-186.1 1301
-185.9 1364
-185.7 1357
-185.5 1291
-185.3 1372
-185.1 1296
-184.9 1300
-184.7 1261
-184.5 1331
-184.3 1335
-184.1 1313
-183.9 1278
-183.7 1282
-183.5 1369
-183.3 1304
-183.1 1249
-182.9 1265
-182.7 1261
-182.5 1183
-182.3 1200
-182.1 1170
-181.9 1146
-181.7 1135
-181.5 1116
-181.3 1118
-181.1 1147
-180.9 1135
-180.7 1122
-180.5 1117
-180.3 1084
-180.1 1089
-179.9 1078
-179.7 1047
-179.5 1027
-179.3 993
-179.1 981
-178.9 973
-178.7 980
-178.5 976
-178.3 987
-178.1 978
-177.9 946
-177.7 945
-177.5 923
-177.3 985
-177.1 912
-176.9 921
-176.7 912
-176.5 952
-176.3 911
-176.1 861
-175.9 849
-175.7 891
-175.5 886
-175.3 887
-175.1 882
-174.9 877
-174.7 859
-174.5 873
-174.3 863
-174.1 888
-173.9 882
-173.7 893
-173.5 876
-173.3 828
-173.1 826
-172.9 825
-172.7 830
-172.5 824
-172.3 822
-172.1 820
-171.9 809
-171.7 776
-171.5 766
-171.3 784
-171.1 797
-170.9 768
-170.7 808
-170.5 760
-170.3 837
-170.1 774
-169.9 800
-169.7 878
-169.5 764
-169.3 793
-169.1 779
-168.9 764
-168.7 806
-168.5 797
-168.3 764
-168.1 792
-167.9 804
-167.7 767
-167.5 771
-167.3 787
-167.1 756
-166.9 802
-166.7 807
-166.5 736
-166.3 763
-166.1 779
-165.9 761
-165.7 750
-165.5 756
-165.3 746
-165.1 787
-164.9 798
-164.7 753
-164.5 769
-164.3 735
-164.1 751
-163.9 764
-163.7 728
-163.5 789
-163.3 724
-163.1 797
-162.9 711
-162.7 750
-162.5 718
-162.3 741
-162.1 751
-161.9 749
-161.7 708
-161.5 724
-161.3 699
-161.1 713
-160.9 776
-160.7 751
-160.5 753
-160.3 756
-160.1 741
-159.9 754
-159.7 738
-159.5 746
-159.3 732
-159.1 712
-158.9 721
-158.7 745
-158.5 704
-158.3 766
-158.1 767
-157.9 704
-157.7 680
-157.5 699
-157.3 740
-157.1 733
-156.9 727
-156.7 701
-156.5 738
-156.3 702
-156.1 716
-155.9 720
-155.7 726
-155.5 751
-155.3 717
-155.1 672
-154.9 698
-154.7 683
-154.5 717
-154.3 687
-154.1 656
-153.9 702
-153.7 694
-153.5 690
-153.3 668
-153.1 633
-152.9 673
-152.7 633
-152.5 648
-152.3 696
-152.1 615
-151.9 651
-151.7 695
-151.5 599
-151.3 672
-151.1 671
-150.9 652
-150.7 648
-150.5 655
-150.3 663
-150.1 679
-149.9 694
-149.7 679
-149.5 667
-149.3 665
-149.1 701
-148.9 651
-148.7 635
-148.5 672
-148.3 650
-148.1 683
-147.9 684
-147.7 649
-147.5 694
-147.3 683
-147.1 664
-146.9 710
-146.7 680
-146.5 693
-146.3 686
-146.1 699
-145.9 740
-145.7 699
-145.5 713
-145.3 696
-145.1 734
-144.9 696
-144.7 733
-144.5 698
-144.3 727
-144.1 696
-143.9 705
-143.7 733
-143.5 792
-143.3 727
-143.1 775
-142.9 688
-142.7 682
-142.5 707
-142.3 777
-142.1 788
-141.9 750
-141.7 740
-141.5 738
-141.3 759
-141.1 775
-140.9 751
-140.7 737
-140.5 747
-140.3 756
-140.1 771
-139.9 753
-139.7 786
-139.5 753
-139.3 769
-139.1 740
-138.9 771
-138.7 741
-138.5 818
-138.3 788
-138.1 764
-137.9 755
-137.7 757
-137.5 774
-137.3 763
-137.1 760
-136.9 817
-136.7 780
-136.5 755
-136.3 778
-136.1 773
-135.9 728
-135.7 786
-135.5 751
-135.3 736
-135.1 718
-134.9 788
-134.7 772
-134.5 755
-134.3 832
-134.1 775
-133.9 812
-133.7 755
-133.5 783
-133.3 750
-133.1 729
-132.9 744
-132.7 773
-132.5 781
-132.3 712
-132.1 743
-131.9 741
-131.7 754
-131.5 746
-131.3 786
-131.1 780
-130.9 769
-130.7 719
-130.5 721
-130.3 803
-130.1 748
-129.9 750
-129.7 727
-129.5 807
-129.3 718
-129.1 815
-128.9 737
-128.7 796
-128.5 742
-128.3 706
-128.1 719
-127.9 734
-127.7 725
-127.5 749
-127.3 777
-127.1 765
-126.9 714
-126.7 745
-126.5 737
-126.3 772
-126.1 759
-125.9 749
-125.7 735
-125.5 660
-125.3 726
-125.1 792
-124.9 744
-124.7 709
-124.5 703
-124.3 750
-124.1 740
-123.9 711
-123.7 716
-123.5 724
-123.3 682
-123.1 698
-122.9 779
-122.7 779
-122.5 717
-122.3 672
-122.1 712
-121.9 762
-121.7 752
-121.5 737
-121.3 706
-121.1 677
-120.9 739
-120.7 725
-120.5 737
-120.3 717
-120.1 704
-119.9 774
-119.7 716
-119.5 737
-119.3 777
-119.1 710
-118.9 773
-118.7 704
-118.5 724
-118.3 709
-118.1 723
-117.9 731
-117.7 653
-117.5 738
-117.3 723
-117.1 720
-116.9 766
-116.7 697
-116.5 696
-116.3 712
-116.1 743
-115.9 740
-115.7 693
-115.5 690
-115.3 740
-115.1 695
-114.9 749
-114.7 696
-114.5 717
-114.3 708
-114.1 683
-113.9 713
-113.7 655
-113.5 737
-113.3 720
-113.1 715
-112.9 703
-112.7 701
-112.5 688
-112.3 711
-112.1 702
-111.9 637
-111.7 726
-111.5 707
-111.3 716
-111.1 703
-110.9 695
-110.7 737
-110.5 708
-110.3 755
-110.1 732
-109.9 761
-109.7 735
-109.5 706
-109.3 704
-109.1 658
-108.9 661
-108.7 722
-108.5 745
-108.3 739
-108.1 717
-107.9 706
-107.7 709
-107.5 747
-107.3 668
-107.1 678
-106.9 715
-106.7 708
-106.5 706
-106.3 669
-106.1 749
-105.9 760
-105.7 724
-105.5 712
-105.3 697
-105.1 692
-104.9 695
-104.7 702
-104.5 684
-104.3 756
-104.1 711
-103.9 699
-103.7 760
-103.5 716
-103.3 696
-103.1 724
-102.9 709
-102.7 681
-102.5 724
-102.3 719
-102.1 678
-101.9 746
-101.7 708
-101.5 677
-101.3 746
-101.1 722
-100.9 712
-100.7 675
-100.5 702
-100.3 696
-100.1 684
-99.9 740
-99.7 697
-99.5 660
-99.3 705
-99.1 663
-98.9 723
-98.7 715
-98.5 711
-98.3 720
-98.1 748
-97.9 635
-97.7 698
-97.5 670
-97.3 675
-97.1 707
-96.9 668
-96.7 739
-96.5 732
-96.3 675
-96.1 682
-95.9 697
-95.7 703
-95.5 676
-95.3 692
-95.1 721
-94.9 735
-94.7 679
-94.5 711
-94.3 723
-94.1 708
-93.9 673
-93.7 702
-93.5 696
-93.3 707
-93.1 677
-92.9 645
-92.7 712
-92.5 714
-92.3 631
-92.1 715
-91.9 684
-91.7 687
-91.5 687
-91.3 733
-91.1 696
-90.9 693
-90.7 630
-90.5 754
-90.3 726
-90.1 639
-89.9 653
-89.7 658
-89.5 732
-89.3 667
-89.1 703
-88.9 694
-88.7 692
-88.5 711
-88.3 696
-88.1 709
-87.9 714
-87.7 704
-87.5 729
-87.3 721
-87.1 719
-86.9 679
-86.7 682
-86.5 733
-86.3 678
-86.1 672
-85.9 634
-85.7 693
-85.5 703
-85.3 683
-85.1 709
-84.9 681
-84.7 710
-84.5 681
-84.3 714
-84.1 697
-83.9 738
-83.7 702
-83.5 708
-83.3 675
-83.1 718
-82.9 681
-82.7 702
-82.5 698
-82.3 744
-82.1 690
-81.9 722
-81.7 718
-81.5 703
-81.3 731
-81.1 709
-80.9 672
-80.7 725
-80.5 704
-80.3 720
-80.1 719
-79.9 771
-79.7 686
-79.5 695
-79.3 665
-79.1 735
-78.9 768
-78.7 712
-78.5 709
-78.3 721
-78.1 716
-77.9 768
-77.7 738
-77.5 714
-77.3 788
-77.1 730
-76.9 721
-76.7 684
-76.5 743
-76.3 651
-76.1 757
-75.9 742
-75.7 738
-75.5 746
-75.3 739
-75.1 747
-74.9 753
-74.7 753
-74.5 662
-74.3 709
-74.1 767
-73.9 751
-73.7 717
-73.5 727
-73.3 720
-73.1 708
-72.9 798
-72.7 722
-72.5 732
-72.3 698
-72.1 717
-71.9 685
-71.7 720
-71.5 720
-71.3 721
-71.1 739
-70.9 704
-70.7 719
-70.5 711
-70.3 690
-70.1 674
-69.9 684
-69.7 714
-69.5 722
-69.3 734
-69.1 721
-68.9 709
-68.7 711
-68.5 722
-68.3 681
-68.1 691
-67.9 755
-67.7 654
-67.5 736
-67.3 663
-67.1 721
-66.9 686
-66.7 659
-66.5 686
-66.3 707
-66.1 757
-65.9 719
-65.7 694
-65.5 719
-65.3 706
-65.1 710
-64.9 722
-64.7 729
-64.5 712
-64.3 692
-64.1 719
-63.9 697
-63.7 703
-63.5 723
-63.3 675
-63.1 765
-62.9 693
-62.7 676
-62.5 712
-62.3 704
-62.1 709
-61.9 721
-61.7 718
-61.5 665
-61.3 653
-61.1 696
-60.9 709
-60.7 702
-60.5 731
-60.3 673
-60.1 727
-59.9 704
-59.7 719
-59.5 703
-59.3 736
-59.1 650
-58.9 719
-58.7 717
-58.5 679
-58.3 699
-58.1 705
-57.9 768
-57.7 726
-57.5 726
-57.3 724
-57.1 713
-56.9 727
-56.7 729
-56.5 701
-56.3 704
-56.1 749
-55.9 720
-55.7 686
-55.5 712
-55.3 734
-55.1 677
-54.9 713
-54.7 683
-54.5 755
-54.3 774
-54.1 685
-53.9 675
-53.7 714
-53.5 741
-53.3 761
-53.1 720
-52.9 679
-52.7 720
-52.5 694
-52.3 704
-52.1 668
-51.9 666
-51.7 701
-51.5 712
-51.3 690
-51.1 727
-50.9 723
-50.7 723
-50.5 703
-50.3 692
-50.1 683
-49.9 679
-49.7 703
-49.5 733
-49.3 705
-49.1 757
-48.9 709
-48.7 663
-48.5 724
-48.3 686
-48.1 724
-47.9 703
-47.7 715
-47.5 739
-47.3 709
-47.1 752
-46.9 723
-46.7 726
-46.5 738
-46.3 723
-46.1 694
-45.9 755
-45.7 749
-45.5 679
-45.3 664
-45.1 749
-44.9 723
-44.7 734
-44.5 681
-44.3 735
-44.1 705
-43.9 716
-43.7 707
-43.5 678
-43.3 714
-43.1 704
-42.9 682
-42.7 712
-42.5 689
-42.3 712
-42.1 690
-41.9 702
-41.7 720
-41.5 697
-41.3 709
-41.1 752
-40.9 671
-40.7 702
-40.5 715
-40.3 662
-40.1 685
-39.9 698
-39.7 659
-39.5 689
-39.3 740
-39.1 711
-38.9 693
-38.7 668
-38.5 681
-38.3 705
-38.1 670
-37.9 649
-37.7 728
-37.5 700
-37.3 633
-37.1 709
-36.9 687
-36.7 681
-36.5 712
-36.3 694
-36.1 645
-35.9 701
-35.7 697
-35.5 641
-35.3 692
-35.1 718
-34.9 676
-34.7 749
-34.5 726
-34.3 677
-34.1 690
-33.9 698
-33.7 687
-33.5 697
-33.3 727
-33.1 668
-32.9 720
-32.7 692
-32.5 667
-32.3 674
-32.1 732
-31.9 688
-31.7 700
-31.5 742
-31.3 693
-31.1 663
-30.9 710
-30.7 683
-30.5 705
-30.3 738
-30.1 735
-29.9 737
-29.7 749
-29.5 715
-29.3 769
-29.1 668
-28.9 727
-28.7 706
-28.5 691
-28.3 654
-28.1 688
-27.9 640
-27.7 712
-27.5 645
-27.3 697
-27.1 738
-26.9 661
-26.7 739
-26.5 719
-26.3 741
-26.1 748
-25.9 695
-25.7 685
-25.5 710
-25.3 766
-25.1 732
-24.9 750
-24.7 718
-24.5 692
-24.3 699
-24.1 696
-23.9 679
-23.7 698
-23.5 686
-23.3 679
-23.1 702
-22.9 672
-22.7 660
-22.5 681
-22.3 704
-22.1 688
-21.9 721
-21.7 687
-21.5 702
-21.3 769
-21.1 689
-20.9 715
-20.7 663
-20.5 750
-20.3 675
-20.1 661
-19.9 672
-19.7 664
-19.5 733
-19.3 697
-19.1 698
-18.9 694
-18.7 773
-18.5 650
-18.3 711
-18.1 705
-17.9 688
-17.7 699
-17.5 628
-17.3 663
-17.1 660
-16.9 740
-16.7 711
-16.5 717
-16.3 696
-16.1 682
-15.9 704
-15.7 694
-15.5 728
-15.3 667
-15.1 672
-14.9 672
-14.7 693
-14.5 748
-14.3 730
-14.1 676
-13.9 705
-13.7 677
-13.5 691
-13.3 703
-13.1 678
-12.9 736
-12.7 685
-12.5 717
-12.3 711
-12.1 667
-11.9 686
-11.7 712
-11.5 689
-11.3 692
-11.1 693
-10.9 706
-10.7 684
-10.5 697
-10.3 696
-10.1 691
-9.9 644
-9.7 724
-9.5 700
-9.3 702
-9.1 681
-8.9 708
-8.7 713
-8.5 679
-8.3 731
-8.1 682
-7.9 704
-7.7 658
-7.5 744
-7.3 664
-7.1 693
-6.9 738
-6.7 674
-6.5 720
-6.3 678
-6.1 719
-5.9 699
-5.7 706
-5.5 715
-5.3 605
-5.1 680
-4.9 719
-4.7 687
-4.5 679
-4.3 664
-4.1 707
-3.9 683
-3.7 709
-3.5 741
-3.3 673
-3.1 692
-2.9 712
-2.7 668
-2.5 666
-2.3 674
-2.1 698
-1.9 699
-1.7 675
-1.5 681
-1.3 684
-1.1 708
-0.9 726
-0.7 728
-0.5 707
-0.3 649
-0.1 690
0.1 715
0.3 725
0.5 739
0.7 687
0.9 719
1.1 749
1.3 714
1.5 707
1.7 725
1.9 698
2.1 670
2.3 688
2.5 686
2.7 740
2.9 729
3.1 709
3.3 704
3.5 662
3.7 703
3.9 731
4.1 662
4.3 717
4.5 696
4.7 732
4.9 735
5.1 677
5.3 724
5.5 693
5.7 641
5.9 673
6.1 711
6.3 721
6.5 695
6.7 654
6.9 680
7.1 690
7.3 689
7.5 724
7.7 683
7.9 668
8.1 726
8.3 667
8.5 718
8.7 651
8.9 708
9.1 710
9.3 749
9.5 670
9.7 646
9.9 699
10.1 681
10.3 680
10.5 695
10.7 674
10.9 661
11.1 672
11.3 680
11.5 640
11.7 677
11.9 692
12.1 666
12.3 657
12.5 648
12.7 662
12.9 660
13.1 651
13.3 664
13.5 638
13.7 681
13.9 644
14.1 685
14.3 631
14.5 650
14.7 625
14.9 608
15.1 650
15.3 589
15.5 610
15.7 578
15.9 597
16.1 603
16.3 604
16.5 586
16.7 548
16.9 631
17.1 611
17.3 628
17.5 552
17.7 568
17.9 540
18.1 582
18.3 550
18.5 532
18.7 561
18.9 588
19.1 546
19.3 539
19.5 518
19.7 542
19.9 526
20.1 538
20.3 487
20.5 477
20.7 502
20.9 470
21.1 480
21.3 472
21.5 491
21.7 463
21.9 448
22.1 445
22.3 417
22.5 431
22.7 379
22.9 383
23.1 400
23.3 390
23.5 378
23.7 408
23.9 394
24.1 382
24.3 372
24.5 305
24.7 345
24.9 357
25.1 324
25.3 327
25.5 332
25.7 299
25.9 319
26.1 319
26.3 288
26.5 306
26.7 277
26.9 264
27.1 278
27.3 262
27.5 264
27.7 260
27.9 242
28.1 207
28.3 244
28.5 210
28.7 212
28.9 185
29.1 197
29.3 171
29.5 138
29.7 165
29.9 182
30.1 161
30.3 168
30.5 155
30.7 146
30.9 136
31.1 133
31.3 145
31.5 109
31.7 112
31.9 128
32.1 99
32.3 84
32.5 108
32.7 113
32.9 106
33.1 94
33.3 67
33.5 78
33.7 70
33.9 76
34.1 77
34.3 81
34.5 73
34.7 59
34.9 57
35.1 61
35.3 62
35.5 48
35.7 44
35.9 53
36.1 48
36.3 34
36.5 31
36.7 40
36.9 33
37.1 42
37.3 28
37.5 30
37.7 31
37.9 25
38.1 25
38.3 30
38.5 22
38.7 20
38.9 28
39.1 12
39.3 16
39.5 11
39.7 18
39.9 28
40.1 11
40.3 12
40.5 17
40.7 9
40.9 8
41.1 12
41.3 10
41.5 13
41.7 16
41.9 12
42.1 2
42.3 4
42.5 9
42.7 15
42.9 4
43.1 3
43.3 6
43.5 4
43.7 1
43.9 3
44.1 5
44.3 5
44.5 7
44.7 4
44.9 4
45.1 4
45.3 6
45.5 6
45.7 6
45.9 5
46.1 3
46.3 2
46.5 2
46.7 3
46.9 3
47.1 3
47.3 5
47.5 0
47.7 1
47.9 3
48.1 2
48.3 3
48.5 1
48.7 2
48.9 1
49.1 5
49.3 2
49.5 0
49.7 0
49.9 2
