-209.9 0
-209.7 0
-209.5 1
-209.3 1
-209.1 0
-208.9 2
-208.7 0
-208.5 0
-208.3 0
-208.1 0
-207.9 0
-207.7 1
-207.5 1
-207.3 0
-207.1 2
-206.9 0
-206.7 0
-206.5 1
-206.3 1
-206.1 0
-205.9 1
-205.7 0
-205.5 3
-205.3 1
-205.1 1
-204.9 0
-204.7 0
-204.5 0
-204.3 0
-204.1 1
-203.9 2
-203.7 1
-203.5 0
-203.3 3
-203.1 2
-202.9 1
-202.7 2
-202.5 1
-202.3 1
-202.1 2
-201.9 1
-201.7 0
-201.5 0
-201.3 1
-201.1 2
-200.9 1
-200.7 2
-200.5 1
-200.3 2
-200.1 1
-199.9 8
-199.7 6
-199.5 9
-199.3 16
-199.1 17
-198.9 26
-198.7 49
-198.5 55
-198.3 86
-198.1 97
-197.9 150
-197.7 185
-197.5 216
-197.3 296
-197.1 333
-196.9 442
-196.7 461
-196.5 552
-196.3 633
-196.1 791
-195.9 835
-195.7 958
-195.5 980
-195.3 1054
-195.1 1034
-194.9 1193
-194.7 1182
-194.5 1265
-194.3 1314
-194.1 1285
-193.9 1405
-193.7 1344
-193.5 1324
-193.3 1285
-193.1 1361
-192.9 1317
-192.7 1329
-192.5 1327
-192.3 1340
-192.1 1336
-191.9 1336
-191.7 1337
-191.5 1353
-191.3 1236
-191.1 1283
-190.9 1241
-190.7 1268
-190.5 1290
-190.3 1177
-190.1 1187
-189.9 1205
-189.7 1149
-189.5 1136
-189.3 1220
-189.1 1138
-188.9 1117
-188.7 1216
-188.5 1222
-188.3 1231
-188.1 1190
-187.9 1178
-187.7 1141
-187.5 1167
-187.3 1145
-187.1 1116
-186.9 1120
-186.7 1126
-186.5 1115
-186.3 1112
-186.1 1080
-185.9 1068
-185.7 1055
-185.5 1117
-185.3 1076
-185.1 1042
-184.9 1076
-184.7 1145
-184.5 1066
-184.3 1015
-184.1 1000
-183.9 1026
-183.7 1003
-183.5 991
-183.3 1022
-183.1 994
-182.9 1038
-182.7 1044
-182.5 959
-182.3 963
-182.1 993
-181.9 972
-181.7 964
-181.5 964
-181.3 926
-181.1 945
-180.9 905
-180.7 907
-180.5 905
-180.3 961
-180.1 896
-179.9 911
-179.7 933
-179.5 912
-179.3 862
-179.1 822
-178.9 799
-178.7 864
-178.5 862
-178.3 903
-178.1 802
-177.9 830
-177.7 876
-177.5 862
-177.3 828
-177.1 812
-176.9 811
-176.7 837
-176.5 796
-176.3 792
-176.1 851
-175.9 786
-175.7 780
-175.5 861
-175.3 792
-175.1 763
-174.9 745
-174.7 790
-174.5 779
-174.3 804
-174.1 787
-173.9 778
-173.7 790
-173.5 772
-173.3 754
-173.1 786
-172.9 768
-172.7 736
-172.5 764
-172.3 707
-172.1 780
-171.9 800
-171.7 781
-171.5 737
-171.3 766
-171.1 792
-170.9 733
-170.7 770
-170.5 737
-170.3 685
-170.1 770
-169.9 733
-169.7 735
-169.5 752
-169.3 758
-169.1 791
-168.9 793
-168.7 711
-168.5 686
-168.3 755
-168.1 768
-167.9 773
-167.7 745
-167.5 702
-167.3 749
-167.1 710
-166.9 768
-166.7 737
-166.5 747
-166.3 777
-166.1 706
-165.9 707
-165.7 717
-165.5 754
-165.3 742
-165.1 710
-164.9 714
-164.7 738
-164.5 728
-164.3 734
-164.1 733
-163.9 723
-163.7 699
-163.5 721
-163.3 716
-163.1 710
-162.9 696
-162.7 726
-162.5 729
-162.3 737
-162.1 664
-161.9 747
-161.7 717
-161.5 730
-161.3 716
-161.1 717
-160.9 727
-160.7 689
-160.5 730
-160.3 658
-160.1 722
-159.9 705
-159.7 645
-159.5 698
-159.3 695
-159.1 667
-158.9 681
-158.7 703
-158.5 702
-158.3 698
-158.1 718
-157.9 691
-157.7 664
-157.5 770
-157.3 652
-157.1 709
-156.9 696
-156.7 695
-156.5 730
-156.3 676
-156.1 731
-155.9 680
-155.7 681
-155.5 676
-155.3 737
-155.1 734
-154.9 684
-154.7 737
-154.5 694
-154.3 686
-154.1 666
-153.9 645
-153.7 683
-153.5 678
-153.3 692
-153.1 724
-152.9 721
-152.7 699
-152.5 689
-152.3 697
-152.1 673
-151.9 709
-151.7 742
-151.5 722
-151.3 651
-151.1 669
-150.9 710
-150.7 716
-150.5 713
-150.3 737
-150.1 707
-149.9 688
-149.7 768
-149.5 705
-149.3 678
-149.1 668
-148.9 671
-148.7 691
-148.5 691
-148.3 664
-148.1 638
-147.9 669
-147.7 678
-147.5 712
-147.3 727
-147.1 714
-146.9 668
-146.7 697
-146.5 692
-146.3 686
-146.1 718
-145.9 650
-145.7 661
-145.5 661
-145.3 634
-145.1 683
-144.9 682
-144.7 690
-144.5 689
-144.3 683
-144.1 702
-143.9 685
-143.7 730
-143.5 712
-143.3 689
-143.1 653
-142.9 709
-142.7 666
-142.5 617
-142.3 703
-142.1 681
-141.9 683
-141.7 681
-141.5 688
-141.3 692
-141.1 697
-140.9 672
-140.7 705
-140.5 691
-140.3 652
-140.1 726
-139.9 684
-139.7 696
-139.5 686
-139.3 642
-139.1 735
-138.9 671
-138.7 712
-138.5 678
-138.3 663
-138.1 686
-137.9 662
-137.7 681
-137.5 642
-137.3 744
-137.1 703
-136.9 705
-136.7 744
-136.5 713
-136.3 657
-136.1 718
-135.9 664
-135.7 727
-135.5 743
-135.3 676
-135.1 704
-134.9 694
-134.7 698
-134.5 716
-134.3 750
-134.1 699
-133.9 704
-133.7 672
-133.5 699
-133.3 688
-133.1 726
-132.9 683
-132.7 700
-132.5 685
-132.3 683
-132.1 718
-131.9 714
-131.7 748
-131.5 731
-131.3 726
-131.1 776
-130.9 707
-130.7 723
-130.5 652
-130.3 732
-130.1 713
-129.9 704
-129.7 747
-129.5 710
-129.3 708
-129.1 701
-128.9 721
-128.7 745
-128.5 687
-128.3 704
-128.1 744
-127.9 699
-127.7 695
-127.5 749
-127.3 702
-127.1 735
-126.9 745
-126.7 704
-126.5 732
-126.3 675
-126.1 709
-125.9 702
-125.7 702
-125.5 694
-125.3 721
-125.1 688
-124.9 708
-124.7 659
-124.5 661
-124.3 723
-124.1 679
-123.9 706
-123.7 697
-123.5 702
-123.3 707
-123.1 698
-122.9 689
-122.7 690
-122.5 666
-122.3 681
-122.1 690
-121.9 701
-121.7 729
-121.5 705
-121.3 692
-121.1 729
-120.9 725
-120.7 666
-120.5 663
-120.3 683
-120.1 677
-119.9 683
-119.7 718
-119.5 694
-119.3 685
-119.1 687
-118.9 672
-118.7 709
-118.5 677
-118.3 707
-118.1 693
-117.9 690
-117.7 678
-117.5 679
-117.3 666
-117.1 657
-116.9 706
-116.7 705
-116.5 687
-116.3 712
-116.1 717
-115.9 693
-115.7 658
-115.5 651
-115.3 695
-115.1 667
-114.9 728
-114.7 676
-114.5 705
-114.3 753
-114.1 681
-113.9 729
-113.7 653
-113.5 650
-113.3 676
-113.1 660
-112.9 675
-112.7 695
-112.5 695
-112.3 686
-112.1 670
-111.9 650
-111.7 654
-111.5 697
-111.3 685
-111.1 708
-110.9 672
-110.7 655
-110.5 679
-110.3 661
-110.1 722
-109.9 660
-109.7 675
-109.5 714
-109.3 671
-109.1 665
-108.9 639
-108.7 726
-108.5 644
-108.3 668
-108.1 676
-107.9 698
-107.7 678
-107.5 681
-107.3 700
-107.1 691
-106.9 659
-106.7 690
-106.5 691
-106.3 666
-106.1 676
-105.9 733
-105.7 700
-105.5 680
-105.3 710
-105.1 664
-104.9 652
-104.7 665
-104.5 644
-104.3 727
-104.1 628
-103.9 672
-103.7 613
-103.5 705
-103.3 671
-103.1 664
-102.9 676
-102.7 737
-102.5 680
-102.3 745
-102.1 689
-101.9 723
-101.7 688
-101.5 639
-101.3 698
-101.1 699
-100.9 624
-100.7 712
-100.5 700
-100.3 674
-100.1 657
-99.9 671
-99.7 666
-99.5 608
-99.3 684
-99.1 691
-98.9 654
-98.7 675
-98.5 658
-98.3 656
-98.1 702
-97.9 658
-97.7 659
-97.5 622
-97.3 663
-97.1 634
-96.9 657
-96.7 665
-96.5 712
-96.3 652
-96.1 705
-95.9 708
-95.7 683
-95.5 670
-95.3 693
-95.1 662
-94.9 704
-94.7 658
-94.5 684
-94.3 696
-94.1 699
-93.9 702
-93.7 671
-93.5 668
-93.3 661
-93.1 691
-92.9 674
-92.7 656
-92.5 670
-92.3 703
-92.1 676
-91.9 725
-91.7 713
-91.5 655
-91.3 684
-91.1 680
-90.9 712
-90.7 684
-90.5 669
-90.3 704
-90.1 688
-89.9 698
-89.7 684
-89.5 618
-89.3 630
-89.1 718
-88.9 662
-88.7 663
-88.5 643
-88.3 647
-88.1 655
-87.9 658
-87.7 699
-87.5 637
-87.3 683
-87.1 669
-86.9 655
-86.7 678
-86.5 686
-86.3 600
-86.1 723
-85.9 673
-85.7 644
-85.5 690
-85.3 679
-85.1 674
-84.9 721
-84.7 637
-84.5 635
-84.3 686
-84.1 640
-83.9 693
-83.7 706
-83.5 659
-83.3 669
-83.1 680
-82.9 679
-82.7 696
-82.5 725
-82.3 683
-82.1 651
-81.9 678
-81.7 725
-81.5 691
-81.3 671
-81.1 677
-80.9 745
-80.7 729
-80.5 664
-80.3 671
-80.1 696
-79.9 654
-79.7 737
-79.5 673
-79.3 684
-79.1 661
-78.9 612
-78.7 668
-78.5 632
-78.3 699
-78.1 658
-77.9 715
-77.7 703
-77.5 703
-77.3 638
-77.1 640
-76.9 673
-76.7 695
-76.5 710
-76.3 656
-76.1 675
-75.9 674
-75.7 649
-75.5 694
-75.3 691
-75.1 659
-74.9 640
-74.7 652
-74.5 659
-74.3 689
-74.1 710
-73.9 710
-73.7 670
-73.5 751
-73.3 685
-73.1 633
-72.9 660
-72.7 683
-72.5 664
-72.3 662
-72.1 653
-71.9 690
-71.7 647
-71.5 696
-71.3 666
-71.1 656
-70.9 683
-70.7 684
-70.5 683
-70.3 664
-70.1 690
-69.9 684
-69.7 695
-69.5 717
-69.3 700
-69.1 650
-68.9 694
-68.7 690
-68.5 674
-68.3 673
-68.1 710
-67.9 660
-67.7 686
-67.5 627
-67.3 712
-67.1 671
-66.9 661
-66.7 696
-66.5 649
-66.3 683
-66.1 720
-65.9 677
-65.7 692
-65.5 700
-65.3 635
-65.1 714
-64.9 683
-64.7 681
-64.5 710
-64.3 688
-64.1 722
-63.9 662
-63.7 671
-63.5 720
-63.3 667
-63.1 667
-62.9 652
-62.7 720
-62.5 691
-62.3 685
-62.1 716
-61.9 662
-61.7 697
-61.5 655
-61.3 664
-61.1 701
-60.9 671
-60.7 661
-60.5 664
-60.3 734
-60.1 651
-59.9 687
-59.7 710
-59.5 642
-59.3 714
-59.1 662
-58.9 674
-58.7 680
-58.5 651
-58.3 666
-58.1 686
-57.9 706
-57.7 677
-57.5 694
-57.3 677
-57.1 640
-56.9 634
-56.7 696
-56.5 714
-56.3 699
-56.1 686
-55.9 703
-55.7 661
-55.5 671
-55.3 654
-55.1 667
-54.9 688
-54.7 711
-54.5 682
-54.3 680
-54.1 686
-53.9 673
-53.7 680
-53.5 669
-53.3 715
-53.1 653
-52.9 697
-52.7 655
-52.5 687
-52.3 657
-52.1 698
-51.9 660
-51.7 666
-51.5 668
-51.3 728
-51.1 700
-50.9 697
-50.7 662
-50.5 705
-50.3 685
-50.1 667
-49.9 684
-49.7 691
-49.5 709
-49.3 701
-49.1 665
-48.9 646
-48.7 679
-48.5 711
-48.3 667
-48.1 664
-47.9 683
-47.7 729
-47.5 642
-47.3 687
-47.1 678
-46.9 689
-46.7 649
-46.5 684
-46.3 650
-46.1 690
-45.9 691
-45.7 673
-45.5 696
-45.3 670
-45.1 653
-44.9 659
-44.7 678
-44.5 749
-44.3 662
-44.1 667
-43.9 654
-43.7 685
-43.5 645
-43.3 669
-43.1 729
-42.9 681
-42.7 641
-42.5 664
-42.3 704
-42.1 692
-41.9 724
-41.7 669
-41.5 684
-41.3 687
-41.1 732
-40.9 699
-40.7 633
-40.5 688
-40.3 681
-40.1 704
-39.9 627
-39.7 667
-39.5 695
-39.3 665
-39.1 698
-38.9 630
-38.7 660
-38.5 722
-38.3 637
-38.1 714
-37.9 675
-37.7 684
-37.5 715
-37.3 697
-37.1 707
-36.9 659
-36.7 680
-36.5 641
-36.3 656
-36.1 668
-35.9 726
-35.7 677
-35.5 690
-35.3 708
-35.1 661
-34.9 666
-34.7 662
-34.5 700
-34.3 653
-34.1 699
-33.9 701
-33.7 697
-33.5 640
-33.3 653
-33.1 726
-32.9 648
-32.7 655
-32.5 688
-32.3 695
-32.1 616
-31.9 673
-31.7 690
-31.5 714
-31.3 689
-31.1 660
-30.9 709
-30.7 665
-30.5 678
-30.3 727
-30.1 704
-29.9 663
-29.7 650
-29.5 703
-29.3 687
-29.1 660
-28.9 694
-28.7 684
-28.5 652
-28.3 677
-28.1 686
-27.9 708
-27.7 676
-27.5 698
-27.3 643
-27.1 691
-26.9 663
-26.7 716
-26.5 703
-26.3 645
-26.1 682
-25.9 736
-25.7 697
-25.5 664
-25.3 640
-25.1 704
-24.9 733
-24.7 686
-24.5 758
-24.3 626
-24.1 689
-23.9 648
-23.7 650
-23.5 697
-23.3 698
-23.1 704
-22.9 693
-22.7 654
-22.5 656
-22.3 656
-22.1 653
-21.9 726
-21.7 620
-21.5 646
-21.3 746
-21.1 724
-20.9 625
-20.7 709
-20.5 680
-20.3 689
-20.1 691
-19.9 648
-19.7 687
-19.5 708
-19.3 662
-19.1 625
-18.9 660
-18.7 609
-18.5 661
-18.3 683
-18.1 705
-17.9 705
-17.7 696
-17.5 669
-17.3 680
-17.1 642
-16.9 695
-16.7 687
-16.5 674
-16.3 728
-16.1 683
-15.9 708
-15.7 714
-15.5 660
-15.3 636
-15.1 726
-14.9 701
-14.7 672
-14.5 696
-14.3 724
-14.1 651
-13.9 654
-13.7 676
-13.5 718
-13.3 654
-13.1 631
-12.9 641
-12.7 743
-12.5 665
-12.3 667
-12.1 749
-11.9 659
-11.7 676
-11.5 688
-11.3 722
-11.1 705
-10.9 664
-10.7 681
-10.5 682
-10.3 700
-10.1 669
-9.9 704
-9.7 687
-9.5 689
-9.3 696
-9.1 695
-8.9 697
-8.7 681
-8.5 710
-8.3 676
-8.1 666
-7.9 670
-7.7 696
-7.5 663
-7.3 693
-7.1 667
-6.9 671
-6.7 675
-6.5 718
-6.3 680
-6.1 681
-5.9 644
-5.7 655
-5.5 705
-5.3 711
-5.1 674
-4.9 689
-4.7 707
-4.5 693
-4.3 663
-4.1 607
-3.9 660
-3.7 686
-3.5 693
-3.3 693
-3.1 672
-2.9 633
-2.7 688
-2.5 700
-2.3 670
-2.1 685
-1.9 679
-1.7 674
-1.5 708
-1.3 669
-1.1 668
-0.9 690
-0.7 655
-0.5 744
-0.3 681
-0.1 657
0.1 662
0.3 666
0.5 673
0.7 699
0.9 706
1.1 681
1.3 690
1.5 699
1.7 714
1.9 693
2.1 676
2.3 717
2.5 667
2.7 683
2.9 750
3.1 653
3.3 650
3.5 656
3.7 699
3.9 678
4.1 673
4.3 653
4.5 668
4.7 665
4.9 656
5.1 671
5.3 652
5.5 671
5.7 656
5.9 653
6.1 646
6.3 680
6.5 700
6.7 649
6.9 712
7.1 622
7.3 688
7.5 718
7.7 691
7.9 672
8.1 740
8.3 670
8.5 640
8.7 606
8.9 683
9.1 636
9.3 688
9.5 699
9.7 651
9.9 649
10.1 648
10.3 708
10.5 637
10.7 674
10.9 647
11.1 679
11.3 664
11.5 622
11.7 691
11.9 641
12.1 653
12.3 677
12.5 683
12.7 644
12.9 691
13.1 705
13.3 601
13.5 644
13.7 668
13.9 608
14.1 678
14.3 594
14.5 643
14.7 624
14.9 617
15.1 620
15.3 615
15.5 635
15.7 590
15.9 559
16.1 619
16.3 588
16.5 596
16.7 606
16.9 527
17.1 527
17.3 565
17.5 534
17.7 564
17.9 550
18.1 525
18.3 506
18.5 561
18.7 498
18.9 528
19.1 543
19.3 527
19.5 483
19.7 501
19.9 499
20.1 530
20.3 471
20.5 471
20.7 458
20.9 473
21.1 452
21.3 439
21.5 450
21.7 419
21.9 396
22.1 411
22.3 409
22.5 405
22.7 417
22.9 355
23.1 388
23.3 382
23.5 368
23.7 343
23.9 334
24.1 351
24.3 343
24.5 336
24.7 297
24.9 298
25.1 288
25.3 311
25.5 287
25.7 312
25.9 276
26.1 278
26.3 276
26.5 290
26.7 255
26.9 243
27.1 284
27.3 237
27.5 221
27.7 219
27.9 208
28.1 206
28.3 217
28.5 219
28.7 195
28.9 211
29.1 181
29.3 184
29.5 180
29.7 167
29.9 159
30.1 141
30.3 151
30.5 134
30.7 152
30.9 119
31.1 146
31.3 141
31.5 108
31.7 117
31.9 120
32.1 120
32.3 88
32.5 92
32.7 100
32.9 102
33.1 98
33.3 81
33.5 89
33.7 70
33.9 73
34.1 64
34.3 58
34.5 62
34.7 79
34.9 58
35.1 63
35.3 60
35.5 36
35.7 47
35.9 31
36.1 45
36.3 38
36.5 41
36.7 41
36.9 31
37.1 34
37.3 46
37.5 30
37.7 28
37.9 29
38.1 24
38.3 18
38.5 29
38.7 23
38.9 14
39.1 21
39.3 18
39.5 17
39.7 17
39.9 12
40.1 14
40.3 19
40.5 7
40.7 12
40.9 15
41.1 7
41.3 14
41.5 8
41.7 5
41.9 9
42.1 6
42.3 13
42.5 3
42.7 6
42.9 2
43.1 6
43.3 9
43.5 7
43.7 4
43.9 5
44.1 2
44.3 5
44.5 2
44.7 3
44.9 2
45.1 4
45.3 3
45.5 2
45.7 6
45.9 5
46.1 4
46.3 6
46.5 1
46.7 2
46.9 2
47.1 4
47.3 2
47.5 0
47.7 2
47.9 1
48.1 5
48.3 2
48.5 2
48.7 0
48.9 5
49.1 3
49.3 2
49.5 2
49.7 1
49.9 0
