-209.9 0
-209.7 0
-209.5 0
-209.3 0
-209.1 2
-208.9 0
-208.7 0
-208.5 0
-208.3 3
-208.1 1
-207.9 0
-207.7 1
-207.5 0
-207.3 0
-207.1 0
-206.9 0
-206.7 0
-206.5 0
-206.3 0
-206.1 1
-205.9 1
-205.7 0
-205.5 0
-205.3 0
-205.1 0
-204.9 0
-204.7 0
-204.5 0
-204.3 0
-204.1 3
-203.9 0
-203.7 0
-203.5 0
-203.3 1
-203.1 1
-202.9 0
-202.7 0
-202.5 0
-202.3 1
-202.1 0
-201.9 0
-201.7 0
-201.5 1
-201.3 0
-201.1 0
-200.9 1
-200.7 0
-200.5 1
-200.3 0
-200.1 0
-199.9 0
-199.7 1
-199.5 0
-199.3 1
-199.1 0
-198.9 2
-198.7 3
-198.5 3
-198.3 4
-198.1 7
-197.9 12
-197.7 20
-197.5 36
-197.3 43
-197.1 42
-196.9 84
-196.7 134
-196.5 142
-196.3 228
-196.1 256
-195.9 321
-195.7 442
-195.5 523
-195.3 628
-195.1 727
-194.9 838
-194.7 915
-194.5 1010
-194.3 1094
-194.1 1215
-193.9 1267
-193.7 1369
-193.5 1376
-193.3 1478
-193.1 1417
-192.9 1477
-192.7 1449
-192.5 1479
-192.3 1508
-192.1 1451
-191.9 1379
-191.7 1390
-191.5 1322
-191.3 1402
-191.1 1406
-190.9 1356
-190.7 1304
-190.5 1351
-190.3 1323
-190.1 1228
-189.9 1302
-189.7 1251
-189.5 1226
-189.3 1249
-189.1 1219
-188.9 1259
-188.7 1148
-188.5 1137
-188.3 1235
-188.1 1224
-187.9 1159
-187.7 1153
-187.5 1195
-187.3 1101
-187.1 1172
-186.9 1131
-186.7 1117
-186.5 1068
-186.3 1111
-186.1 1141
-185.9 1110
-185.7 1061
-185.5 1117
-185.3 1076
-185.1 1139
-184.9 1079
-184.7 1058
-184.5 1035
-184.3 1025
-184.1 1039
-183.9 964
-183.7 1055
-183.5 1014
-183.3 977
-183.1 1032
-182.9 1036
-182.7 1003
-182.5 1009
-182.3 992
-182.1 987
-181.9 1050
-181.7 963
-181.5 988
-181.3 991
-181.1 953
-180.9 990
-180.7 925
-180.5 969
-180.3 947
-180.1 976
-179.9 928
-179.7 984
-179.5 903
-179.3 933
-179.1 920
-178.9 927
-178.7 840
-178.5 901
-178.3 914
-178.1 899
-177.9 822
-177.7 892
-177.5 832
-177.3 826
-177.1 887
-176.9 825
-176.7 832
-176.5 823
-176.3 802
-176.1 854
-175.9 810
-175.7 782
-175.5 857
-175.3 766
-175.1 822
-174.9 781
-174.7 845
-174.5 796
-174.3 815
-174.1 805
-173.9 753
-173.7 811
-173.5 714
-173.3 800
-173.1 805
-172.9 774
-172.7 711
-172.5 795
-172.3 771
-172.1 736
-171.9 724
-171.7 784
-171.5 762
-171.3 812
-171.1 734
-170.9 783
-170.7 768
-170.5 743
-170.3 749
-170.1 702
-169.9 753
-169.7 740
-169.5 748
-169.3 723
-169.1 748
-168.9 748
-168.7 748
-168.5 744
-168.3 745
-168.1 729
-167.9 717
-167.7 750
-167.5 737
-167.3 674
-167.1 699
-166.9 738
-166.7 710
-166.5 701
-166.3 751
-166.1 726
-165.9 720
-165.7 689
-165.5 655
-165.3 738
-165.1 690
-164.9 708
-164.7 685
-164.5 697
-164.3 720
-164.1 680
-163.9 756
-163.7 726
-163.5 758
-163.3 702
-163.1 748
-162.9 700
-162.7 724
-162.5 703
-162.3 670
-162.1 717
-161.9 712
-161.7 722
-161.5 721
-161.3 762
-161.1 672
-160.9 695
-160.7 734
-160.5 699
-160.3 714
-160.1 747
-159.9 709
-159.7 701
-159.5 726
-159.3 761
-159.1 704
-158.9 726
-158.7 717
-158.5 750
-158.3 678
-158.1 716
-157.9 676
-157.7 700
-157.5 729
-157.3 706
-157.1 655
-156.9 674
-156.7 726
-156.5 709
-156.3 691
-156.1 688
-155.9 693
-155.7 665
-155.5 675
-155.3 637
-155.1 664
-154.9 703
-154.7 682
-154.5 714
-154.3 683
-154.1 691
-153.9 709
-153.7 730
-153.5 713
-153.3 733
-153.1 735
-152.9 755
-152.7 687
-152.5 709
-152.3 722
-152.1 647
-151.9 676
-151.7 687
-151.5 711
-151.3 642
-151.1 674
-150.9 721
-150.7 691
-150.5 696
-150.3 716
-150.1 669
-149.9 730
-149.7 703
-149.5 706
-149.3 701
-149.1 663
-148.9 648
-148.7 693
-148.5 698
-148.3 710
-148.1 681
-147.9 704
-147.7 688
-147.5 746
-147.3 650
-147.1 676
-146.9 674
-146.7 727
-146.5 661
-146.3 640
-146.1 646
-145.9 691
-145.7 674
-145.5 677
-145.3 663
-145.1 678
-144.9 700
-144.7 698
-144.5 691
-144.3 675
-144.1 638
-143.9 664
-143.7 662
-143.5 721
-143.3 661
-143.1 680
-142.9 700
-142.7 699
-142.5 661
-142.3 664
-142.1 653
-141.9 638
-141.7 698
-141.5 712
-141.3 662
-141.1 701
-140.9 640
-140.7 663
-140.5 650
-140.3 642
-140.1 714
-139.9 653
-139.7 658
-139.5 648
-139.3 686
-139.1 601
-138.9 669
-138.7 673
-138.5 670
-138.3 688
-138.1 658
-137.9 655
-137.7 648
-137.5 682
-137.3 660
-137.1 665
-136.9 661
-136.7 710
-136.5 687
-136.3 704
-136.1 696
-135.9 716
-135.7 687
-135.5 696
-135.3 713
-135.1 619
-134.9 687
-134.7 699
-134.5 665
-134.3 686
-134.1 715
-133.9 658
-133.7 703
-133.5 680
-133.3 708
-133.1 657
-132.9 736
-132.7 704
-132.5 694
-132.3 672
-132.1 706
-131.9 709
-131.7 679
-131.5 688
-131.3 718
-131.1 703
-130.9 739
-130.7 712
-130.5 670
-130.3 673
-130.1 684
-129.9 699
-129.7 728
-129.5 692
-129.3 704
-129.1 749
-128.9 723
-128.7 697
-128.5 726
-128.3 725
-128.1 718
-127.9 714
-127.7 723
-127.5 683
-127.3 719
-127.1 719
-126.9 755
-126.7 741
-126.5 689
-126.3 774
-126.1 734
-125.9 654
-125.7 687
-125.5 665
-125.3 688
-125.1 694
-124.9 696
-124.7 703
-124.5 635
-124.3 670
-124.1 731
-123.9 689
-123.7 687
-123.5 675
-123.3 691
-123.1 650
-122.9 716
-122.7 697
-122.5 695
-122.3 747
-122.1 665
-121.9 655
-121.7 680
-121.5 682
-121.3 706
-121.1 711
-120.9 717
-120.7 748
-120.5 722
-120.3 712
-120.1 714
-119.9 661
-119.7 711
-119.5 651
-119.3 707
-119.1 699
-118.9 650
-118.7 725
-118.5 738
-118.3 677
-118.1 702
-117.9 696
-117.7 698
-117.5 673
-117.3 653
-117.1 691
-116.9 678
-116.7 694
-116.5 680
-116.3 715
-116.1 660
-115.9 663
-115.7 698
-115.5 687
-115.3 629
-115.1 647
-114.9 639
-114.7 680
-114.5 691
-114.3 647
-114.1 651
-113.9 682
-113.7 671
-113.5 665
-113.3 682
-113.1 660
-112.9 688
-112.7 648
-112.5 721
-112.3 690
-112.1 689
-111.9 699
-111.7 702
-111.5 612
-111.3 718
-111.1 680
-110.9 657
-110.7 696
-110.5 632
-110.3 692
-110.1 722
-109.9 719
-109.7 603
-109.5 700
-109.3 758
-109.1 662
-108.9 687
-108.7 648
-108.5 709
-108.3 704
-108.1 679
-107.9 665
-107.7 703
-107.5 664
-107.3 697
-107.1 677
-106.9 677
-106.7 692
-106.5 623
-106.3 679
-106.1 648
-105.9 596
-105.7 671
-105.5 658
-105.3 633
-105.1 623
-104.9 644
-104.7 635
-104.5 683
-104.3 661
-104.1 643
-103.9 683
-103.7 659
-103.5 654
-103.3 670
-103.1 681
-102.9 672
-102.7 640
-102.5 641
-102.3 684
-102.1 664
-101.9 691
-101.7 705
-101.5 661
-101.3 660
-101.1 648
-100.9 614
-100.7 669
-100.5 668
-100.3 674
-100.1 699
-99.9 683
-99.7 672
-99.5 702
-99.3 689
-99.1 682
-98.9 642
-98.7 668
-98.5 663
-98.3 655
-98.1 673
-97.9 674
-97.7 691
-97.5 639
-97.3 661
-97.1 741
-96.9 675
-96.7 682
-96.5 647
-96.3 659
-96.1 674
-95.9 679
-95.7 663
-95.5 705
-95.3 692
-95.1 674
-94.9 614
-94.7 704
-94.5 708
-94.3 664
-94.1 675
-93.9 724
-93.7 721
-93.5 711
-93.3 680
-93.1 659
-92.9 674
-92.7 694
-92.5 639
-92.3 696
-92.1 690
-91.9 655
-91.7 643
-91.5 665
-91.3 680
-91.1 743
-90.9 696
-90.7 683
-90.5 643
-90.3 681
-90.1 669
-89.9 701
-89.7 665
-89.5 668
-89.3 715
-89.1 672
-88.9 706
-88.7 646
-88.5 652
-88.3 673
-88.1 669
-87.9 646
-87.7 641
-87.5 675
-87.3 680
-87.1 704
-86.9 688
-86.7 652
-86.5 666
-86.3 711
-86.1 652
-85.9 665
-85.7 671
-85.5 639
-85.3 718
-85.1 651
-84.9 706
-84.7 688
-84.5 624
-84.3 707
-84.1 679
-83.9 654
-83.7 675
-83.5 701
-83.3 645
-83.1 658
-82.9 630
-82.7 653
-82.5 685
-82.3 674
-82.1 668
-81.9 680
-81.7 652
-81.5 650
-81.3 695
-81.1 688
-80.9 621
-80.7 657
-80.5 667
-80.3 659
-80.1 680
-79.9 684
-79.7 664
-79.5 729
-79.3 640
-79.1 699
-78.9 668
-78.7 713
-78.5 657
-78.3 683
-78.1 670
-77.9 698
-77.7 709
-77.5 707
-77.3 722
-77.1 691
-76.9 674
-76.7 666
-76.5 688
-76.3 660
-76.1 596
-75.9 677
-75.7 644
-75.5 676
-75.3 704
-75.1 703
-74.9 666
-74.7 650
-74.5 679
-74.3 698
-74.1 672
-73.9 680
-73.7 662
-73.5 701
-73.3 678
-73.1 693
-72.9 699
-72.7 647
-72.5 681
-72.3 688
-72.1 719
-71.9 672
-71.7 709
-71.5 693
-71.3 663
-71.1 672
-70.9 656
-70.7 664
-70.5 682
-70.3 663
-70.1 652
-69.9 700
-69.7 633
-69.5 676
-69.3 681
-69.1 695
-68.9 635
-68.7 639
-68.5 661
-68.3 637
-68.1 626
-67.9 697
-67.7 664
-67.5 709
-67.3 650
-67.1 661
-66.9 670
-66.7 638
-66.5 620
-66.3 725
-66.1 712
-65.9 682
-65.7 643
-65.5 673
-65.3 673
-65.1 680
-64.9 611
-64.7 711
-64.5 634
-64.3 705
-64.1 705
-63.9 651
-63.7 665
-63.5 680
-63.3 658
-63.1 661
-62.9 676
-62.7 733
-62.5 665
-62.3 707
-62.1 649
-61.9 664
-61.7 670
-61.5 696
-61.3 703
-61.1 677
-60.9 698
-60.7 715
-60.5 651
-60.3 640
-60.1 622
-59.9 656
-59.7 652
-59.5 645
-59.3 651
-59.1 659
-58.9 699
-58.7 688
-58.5 654
-58.3 700
-58.1 678
-57.9 657
-57.7 703
-57.5 673
-57.3 687
-57.1 717
-56.9 740
-56.7 660
-56.5 701
-56.3 686
-56.1 653
-55.9 697
-55.7 670
-55.5 689
-55.3 642
-55.1 691
-54.9 649
-54.7 720
-54.5 722
-54.3 714
-54.1 679
-53.9 702
-53.7 669
-53.5 679
-53.3 626
-53.1 682
-52.9 680
-52.7 688
-52.5 658
-52.3 706
-52.1 619
-51.9 662
-51.7 656
-51.5 662
-51.3 624
-51.1 635
-50.9 735
-50.7 683
-50.5 664
-50.3 707
-50.1 676
-49.9 709
-49.7 701
-49.5 651
-49.3 692
-49.1 688
-48.9 681
-48.7 670
-48.5 674
-48.3 666
-48.1 667
-47.9 653
-47.7 622
-47.5 627
-47.3 630
-47.1 676
-46.9 686
-46.7 698
-46.5 660
-46.3 639
-46.1 668
-45.9 659
-45.7 628
-45.5 694
-45.3 670
-45.1 697
-44.9 661
-44.7 670
-44.5 690
-44.3 715
-44.1 660
-43.9 685
-43.7 698
-43.5 670
-43.3 679
-43.1 665
-42.9 633
-42.7 668
-42.5 712
-42.3 701
-42.1 673
-41.9 687
-41.7 679
-41.5 719
-41.3 636
-41.1 652
-40.9 718
-40.7 642
-40.5 617
-40.3 714
-40.1 661
-39.9 714
-39.7 652
-39.5 665
-39.3 691
-39.1 704
-38.9 694
-38.7 708
-38.5 675
-38.3 668
-38.1 692
-37.9 689
-37.7 714
-37.5 663
-37.3 700
-37.1 693
-36.9 633
-36.7 701
-36.5 670
-36.3 657
-36.1 682
-35.9 692
-35.7 653
-35.5 662
-35.3 660
-35.1 713
-34.9 661
-34.7 617
-34.5 686
-34.3 692
-34.1 683
-33.9 665
-33.7 647
-33.5 663
-33.3 646
-33.1 676
-32.9 716
-32.7 650
-32.5 634
-32.3 702
-32.1 653
-31.9 709
-31.7 682
-31.5 682
-31.3 628
-31.1 624
-30.9 680
-30.7 683
-30.5 683
-30.3 680
-30.1 614
-29.9 685
-29.7 606
-29.5 647
-29.3 657
-29.1 690
-28.9 708
-28.7 628
-28.5 665
-28.3 657
-28.1 687
-27.9 623
-27.7 661
-27.5 634
-27.3 696
-27.1 711
-26.9 695
-26.7 688
-26.5 676
-26.3 671
-26.1 637
-25.9 648
-25.7 648
-25.5 683
-25.3 702
-25.1 624
-24.9 606
-24.7 694
-24.5 635
-24.3 668
-24.1 645
-23.9 667
-23.7 664
-23.5 666
-23.3 639
-23.1 700
-22.9 707
-22.7 661
-22.5 633
-22.3 701
-22.1 658
-21.9 668
-21.7 654
-21.5 672
-21.3 660
-21.1 654
-20.9 656
-20.7 640
-20.5 645
-20.3 714
-20.1 679
-19.9 696
-19.7 691
-19.5 678
-19.3 637
-19.1 669
-18.9 730
-18.7 701
-18.5 679
-18.3 671
-18.1 617
-17.9 692
-17.7 685
-17.5 680
-17.3 661
-17.1 712
-16.9 640
-16.7 672
-16.5 655
-16.3 638
-16.1 623
-15.9 707
-15.7 712
-15.5 697
-15.3 706
-15.1 668
-14.9 722
-14.7 689
-14.5 641
-14.3 650
-14.1 623
-13.9 688
-13.7 651
-13.5 678
-13.3 680
-13.1 653
-12.9 657
-12.7 670
-12.5 653
-12.3 689
-12.1 636
-11.9 669
-11.7 698
-11.5 661
-11.3 672
-11.1 700
-10.9 635
-10.7 702
-10.5 628
-10.3 674
-10.1 697
-9.9 707
-9.7 634
-9.5 679
-9.3 695
-9.1 683
-8.9 681
-8.7 654
-8.5 691
-8.3 615
-8.1 647
-7.9 664
-7.7 667
-7.5 633
-7.3 671
-7.1 713
-6.9 668
-6.7 698
-6.5 737
-6.3 714
-6.1 691
-5.9 660
-5.7 679
-5.5 671
-5.3 696
-5.1 693
-4.9 714
-4.7 661
-4.5 725
-4.3 648
-4.1 645
-3.9 690
-3.7 690
-3.5 677
-3.3 700
-3.1 652
-2.9 678
-2.7 669
-2.5 692
-2.3 668
-2.1 674
-1.9 681
-1.7 684
-1.5 650
-1.3 632
-1.1 685
-0.9 639
-0.7 655
-0.5 675
-0.3 644
-0.1 697
0.1 677
0.3 652
0.5 611
0.7 645
0.9 659
1.1 688
1.3 661
1.5 636
1.7 650
1.9 663
2.1 693
2.3 667
2.5 686
2.7 673
2.9 630
3.1 627
3.3 655
3.5 697
3.7 608
3.9 650
4.1 677
4.3 682
4.5 670
4.7 677
4.9 674
5.1 702
5.3 702
5.5 665
5.7 668
5.9 656
6.1 680
6.3 683
6.5 716
6.7 668
6.9 650
7.1 701
7.3 685
7.5 725
7.7 649
7.9 667
8.1 699
8.3 652
8.5 674
8.7 658
8.9 695
9.1 645
9.3 662
9.5 652
9.7 627
9.9 649
10.1 667
10.3 680
10.5 608
10.7 653
10.9 619
11.1 613
11.3 639
11.5 662
11.7 614
11.9 690
12.1 667
12.3 597
12.5 611
12.7 638
12.9 594
13.1 672
13.3 604
13.5 609
13.7 611
13.9 596
14.1 592
14.3 572
14.5 605
14.7 597
14.9 594
15.1 586
15.3 547
15.5 554
15.7 545
15.9 540
16.1 554
16.3 540
16.5 566
16.7 523
16.9 510
17.1 573
17.3 530
17.5 517
17.7 533
17.9 516
18.1 470
18.3 500
18.5 410
18.7 494
18.9 463
19.1 475
19.3 495
19.5 452
19.7 484
19.9 476
20.1 432
20.3 450
20.5 437
20.7 402
20.9 460
21.1 427
21.3 408
21.5 383
21.7 424
21.9 384
22.1 394
22.3 348
22.5 355
22.7 363
22.9 347
23.1 346
23.3 367
23.5 344
23.7 322
23.9 366
24.1 324
24.3 339
24.5 303
24.7 302
24.9 303
25.1 274
25.3 265
25.5 307
25.7 243
25.9 262
26.1 247
26.3 240
26.5 222
26.7 244
26.9 207
27.1 235
27.3 253
27.5 206
27.7 225
27.9 191
28.1 166
28.3 193
28.5 173
28.7 169
28.9 166
29.1 161
29.3 157
29.5 169
29.7 157
29.9 136
30.1 133
30.3 130
30.5 122
30.7 123
30.9 134
31.1 130
31.3 121
31.5 119
31.7 110
31.9 108
32.1 91
32.3 96
32.5 81
32.7 71
32.9 80
33.1 77
33.3 68
33.5 62
33.7 65
33.9 50
34.1 52
34.3 64
34.5 62
34.7 45
34.9 54
35.1 48
35.3 36
35.5 40
35.7 42
35.9 39
36.1 40
36.3 29
36.5 31
36.7 28
36.9 29
37.1 21
37.3 23
37.5 19
37.7 23
37.9 18
38.1 30
38.3 14
38.5 21
38.7 14
38.9 14
39.1 15
39.3 19
39.5 8
39.7 17
39.9 11
40.1 8
40.3 3
40.5 10
40.7 8
40.9 12
41.1 9
41.3 4
41.5 8
41.7 6
41.9 5
42.1 4
42.3 2
42.5 6
42.7 6
42.9 2
43.1 7
43.3 8
43.5 2
43.7 3
43.9 3
44.1 1
44.3 2
44.5 3
44.7 3
44.9 3
45.1 6
45.3 5
45.5 1
45.7 2
45.9 3
46.1 0
46.3 4
46.5 0
46.7 5
46.9 1
47.1 3
47.3 0
47.5 1
47.7 2
47.9 3
48.1 3
48.3 4
48.5 1
48.7 4
48.9 1
49.1 1
49.3 0
49.5 2
49.7 0
49.9 2
