-209.9 0
-209.7 0
-209.5 0
-209.3 0
-209.1 0
-208.9 0
-208.7 0
-208.5 0
-208.3 0
-208.1 0
-207.9 0
-207.7 0
-207.5 0
-207.3 0
-207.1 0
-206.9 0
-206.7 0
-206.5 0
-206.3 0
-206.1 0
-205.9 0
-205.7 0
-205.5 0
-205.3 0
-205.1 0
-204.9 0
-204.7 0
-204.5 0
-204.3 0
-204.1 0
-203.9 0
-203.7 0
-203.5 0
-203.3 0
-203.1 0
-202.9 0
-202.7 0
-202.5 0
-202.3 0
-202.1 0
-201.9 0
-201.7 0
-201.5 0
-201.3 0
-201.1 0
-200.9 0
-200.7 0
-200.5 0
-200.3 0
-200.1 0
-199.9 0
-199.7 0
-199.5 0
-199.3 0
-199.1 1
-198.9 0
-198.7 0
-198.5 0
-198.3 0
-198.1 0
-197.9 0
-197.7 0
-197.5 0
-197.3 0
-197.1 1
-196.9 0
-196.7 1
-196.5 0
-196.3 2
-196.1 4
-195.9 0
-195.7 3
-195.5 10
-195.3 6
-195.1 7
-194.9 10
-194.7 15
-194.5 8
-194.3 12
-194.1 29
-193.9 23
-193.7 25
-193.5 19
-193.3 16
-193.1 19
-192.9 26
-192.7 31
-192.5 31
-192.3 25
-192.1 32
-191.9 32
-191.7 32
-191.5 25
-191.3 34
-191.1 36
-190.9 20
-190.7 30
-190.5 37
-190.3 37
-190.1 27
-189.9 27
-189.7 36
-189.5 18
-189.3 25
-189.1 25
-188.9 35
-188.7 19
-188.5 25
-188.3 21
-188.1 23
-187.9 26
-187.7 29
-187.5 20
-187.3 25
-187.1 32
-186.9 31
-186.7 22
-186.5 15
-186.3 19
-186.1 36
-185.9 20
-185.7 28
-185.5 25
-185.3 25
-185.1 32
-184.9 24
-184.7 24
-184.5 26
-184.3 25
-184.1 22
-183.9 19
-183.7 37
-183.5 36
-183.3 26
-183.1 28
-182.9 29
-182.7 20
-182.5 34
-182.3 27
-182.1 22
-181.9 20
-181.7 27
-181.5 21
-181.3 26
-181.1 29
-180.9 23
-180.7 24
-180.5 21
-180.3 23
-180.1 26
-179.9 23
-179.7 17
-179.5 24
-179.3 28
-179.1 27
-178.9 21
-178.7 23
-178.5 23
-178.3 22
-178.1 27
-177.9 22
-177.7 18
-177.5 17
-177.3 15
-177.1 22
-176.9 22
-176.7 25
-176.5 14
-176.3 18
-176.1 15
-175.9 21
-175.7 14
-175.5 17
-175.3 17
-175.1 18
-174.9 16
-174.7 9
-174.5 10
-174.3 15
-174.1 18
-173.9 14
-173.7 18
-173.5 18
-173.3 10
-173.1 14
-172.9 10
-172.7 18
-172.5 13
-172.3 18
-172.1 8
-171.9 11
-171.7 19
-171.5 19
-171.3 23
-171.1 18
-170.9 13
-170.7 13
-170.5 11
-170.3 17
-170.1 21
-169.9 14
-169.7 13
-169.5 18
-169.3 15
-169.1 13
-168.9 15
-168.7 20
-168.5 8
-168.3 9
-168.1 15
-167.9 9
-167.7 11
-167.5 14
-167.3 13
-167.1 16
-166.9 15
-166.7 16
-166.5 17
-166.3 25
-166.1 15
-165.9 19
-165.7 21
-165.5 17
-165.3 19
-165.1 18
-164.9 21
-164.7 6
-164.5 15
-164.3 14
-164.1 11
-163.9 12
-163.7 20
-163.5 13
-163.3 14
-163.1 15
-162.9 15
-162.7 16
-162.5 16
-162.3 11
-162.1 14
-161.9 12
-161.7 21
-161.5 10
-161.3 8
-161.1 15
-160.9 7
-160.7 12
-160.5 11
-160.3 20
-160.1 18
-159.9 13
-159.7 15
-159.5 12
-159.3 2
-159.1 11
-158.9 20
-158.7 15
-158.5 12
-158.3 16
-158.1 10
-157.9 16
-157.7 6
-157.5 10
-157.3 10
-157.1 10
-156.9 10
-156.7 10
-156.5 14
-156.3 7
-156.1 10
-155.9 12
-155.7 9
-155.5 19
-155.3 13
-155.1 16
-154.9 9
-154.7 9
-154.5 8
-154.3 12
-154.1 8
-153.9 11
-153.7 9
-153.5 14
-153.3 14
-153.1 13
-152.9 8
-152.7 14
-152.5 13
-152.3 11
-152.1 11
-151.9 7
-151.7 8
-151.5 16
-151.3 9
-151.1 15
-150.9 6
-150.7 8
-150.5 15
-150.3 17
-150.1 17
-149.9 7
-149.7 11
-149.5 10
-149.3 10
-149.1 12
-148.9 6
-148.7 13
-148.5 12
-148.3 13
-148.1 13
-147.9 13
-147.7 6
-147.5 12
-147.3 12
-147.1 15
-146.9 14
-146.7 9
-146.5 13
-146.3 11
-146.1 15
-145.9 14
-145.7 7
-145.5 11
-145.3 12
-145.1 16
-144.9 12
-144.7 19
-144.5 8
-144.3 9
-144.1 12
-143.9 16
-143.7 16
-143.5 12
-143.3 13
-143.1 10
-142.9 15
-142.7 20
-142.5 9
-142.3 10
-142.1 15
-141.9 10
-141.7 10
-141.5 9
-141.3 20
-141.1 22
-140.9 16
-140.7 18
-140.5 13
-140.3 16
-140.1 21
-139.9 14
-139.7 15
-139.5 10
-139.3 11
-139.1 12
-138.9 13
-138.7 12
-138.5 14
-138.3 10
-138.1 12
-137.9 19
-137.7 10
-137.5 15
-137.3 13
-137.1 10
-136.9 15
-136.7 17
-136.5 15
-136.3 17
-136.1 15
-135.9 14
-135.7 15
-135.5 20
-135.3 16
-135.1 12
-134.9 14
-134.7 11
-134.5 13
-134.3 15
-134.1 5
-133.9 15
-133.7 19
-133.5 15
-133.3 20
-133.1 13
-132.9 14
-132.7 18
-132.5 11
-132.3 14
-132.1 9
-131.9 22
-131.7 13
-131.5 8
-131.3 12
-131.1 14
-130.9 13
-130.7 7
-130.5 16
-130.3 20
-130.1 19
-129.9 14
-129.7 16
-129.5 12
-129.3 12
-129.1 11
-128.9 9
-128.7 16
-128.5 10
-128.3 14
-128.1 12
-127.9 15
-127.7 9
-127.5 14
-127.3 10
-127.1 19
-126.9 13
-126.7 7
-126.5 14
-126.3 14
-126.1 14
-125.9 15
-125.7 19
-125.5 17
-125.3 11
-125.1 20
-124.9 11
-124.7 13
-124.5 14
-124.3 13
-124.1 12
-123.9 15
-123.7 17
-123.5 12
-123.3 17
-123.1 15
-122.9 12
-122.7 19
-122.5 15
-122.3 9
-122.1 8
-121.9 12
-121.7 18
-121.5 11
-121.3 14
-121.1 12
-120.9 10
-120.7 19
-120.5 15
-120.3 13
-120.1 15
-119.9 19
-119.7 13
-119.5 9
-119.3 19
-119.1 20
-118.9 12
-118.7 10
-118.5 23
-118.3 15
-118.1 10
-117.9 13
-117.7 16
-117.5 15
-117.3 11
-117.1 13
-116.9 10
-116.7 13
-116.5 14
-116.3 13
-116.1 12
-115.9 12
-115.7 14
-115.5 13
-115.3 14
-115.1 13
-114.9 12
-114.7 13
-114.5 13
-114.3 12
-114.1 8
-113.9 13
-113.7 14
-113.5 18
-113.3 11
-113.1 11
-112.9 16
-112.7 21
-112.5 14
-112.3 13
-112.1 14
-111.9 19
-111.7 15
-111.5 20
-111.3 22
-111.1 10
-110.9 11
-110.7 23
-110.5 17
-110.3 9
-110.1 11
-109.9 9
-109.7 10
-109.5 14
-109.3 12
-109.1 23
-108.9 15
-108.7 10
-108.5 11
-108.3 17
-108.1 16
-107.9 11
-107.7 8
-107.5 14
-107.3 19
-107.1 10
-106.9 12
-106.7 15
-106.5 9
-106.3 13
-106.1 13
-105.9 12
-105.7 14
-105.5 14
-105.3 10
-105.1 5
-104.9 12
-104.7 10
-104.5 13
-104.3 10
-104.1 16
-103.9 12
-103.7 9
-103.5 14
-103.3 9
-103.1 12
-102.9 9
-102.7 15
-102.5 10
-102.3 5
-102.1 16
-101.9 21
-101.7 15
-101.5 13
-101.3 11
-101.1 12
-100.9 16
-100.7 10
-100.5 10
-100.3 5
-100.1 8
-99.9 10
-99.7 17
-99.5 11
-99.3 15
-99.1 13
-98.9 12
-98.7 7
-98.5 15
-98.3 13
-98.1 8
-97.9 13
-97.7 12
-97.5 11
-97.3 8
-97.1 14
-96.9 10
-96.7 5
-96.5 11
-96.3 10
-96.1 13
-95.9 14
-95.7 11
-95.5 5
-95.3 13
-95.1 13
-94.9 15
-94.7 14
-94.5 15
-94.3 7
-94.1 12
-93.9 11
-93.7 11
-93.5 10
-93.3 11
-93.1 13
-92.9 9
-92.7 17
-92.5 16
-92.3 15
-92.1 24
-91.9 8
-91.7 19
-91.5 9
-91.3 17
-91.1 13
-90.9 9
-90.7 19
-90.5 12
-90.3 5
-90.1 8
-89.9 5
-89.7 13
-89.5 10
-89.3 10
-89.1 15
-88.9 11
-88.7 8
-88.5 7
-88.3 14
-88.1 10
-87.9 9
-87.7 12
-87.5 12
-87.3 8
-87.1 14
-86.9 11
-86.7 10
-86.5 10
-86.3 13
-86.1 9
-85.9 9
-85.7 7
-85.5 14
-85.3 12
-85.1 10
-84.9 13
-84.7 16
-84.5 9
-84.3 8
-84.1 11
-83.9 9
-83.7 15
-83.5 3
-83.3 15
-83.1 11
-82.9 14
-82.7 12
-82.5 11
-82.3 13
-82.1 13
-81.9 10
-81.7 11
-81.5 11
-81.3 14
-81.1 11
-80.9 16
-80.7 11
-80.5 11
-80.3 13
-80.1 10
-79.9 8
-79.7 14
-79.5 7
-79.3 13
-79.1 15
-78.9 3
-78.7 11
-78.5 14
-78.3 10
-78.1 11
-77.9 8
-77.7 10
-77.5 7
-77.3 12
-77.1 9
-76.9 12
-76.7 13
-76.5 16
-76.3 11
-76.1 10
-75.9 11
-75.7 13
-75.5 11
-75.3 15
-75.1 23
-74.9 15
-74.7 11
-74.5 4
-74.3 14
-74.1 14
-73.9 11
-73.7 15
-73.5 12
-73.3 16
-73.1 6
-72.9 15
-72.7 10
-72.5 10
-72.3 12
-72.1 14
-71.9 9
-71.7 14
-71.5 16
-71.3 20
-71.1 14
-70.9 12
-70.7 12
-70.5 20
-70.3 12
-70.1 10
-69.9 10
-69.7 15
-69.5 11
-69.3 9
-69.1 8
-68.9 6
-68.7 11
-68.5 7
-68.3 15
-68.1 12
-67.9 16
-67.7 17
-67.5 15
-67.3 17
-67.1 11
-66.9 9
-66.7 18
-66.5 17
-66.3 13
-66.1 9
-65.9 13
-65.7 5
-65.5 11
-65.3 8
-65.1 7
-64.9 13
-64.7 14
-64.5 16
-64.3 12
-64.1 8
-63.9 8
-63.7 12
-63.5 9
-63.3 17
-63.1 15
-62.9 11
-62.7 16
-62.5 19
-62.3 11
-62.1 11
-61.9 25
-61.7 16
-61.5 17
-61.3 8
-61.1 17
-60.9 18
-60.7 11
-60.5 18
-60.3 6
-60.1 13
-59.9 15
-59.7 13
-59.5 22
-59.3 16
-59.1 14
-58.9 14
-58.7 12
-58.5 11
-58.3 17
-58.1 10
-57.9 19
-57.7 10
-57.5 16
-57.3 15
-57.1 10
-56.9 16
-56.7 14
-56.5 10
-56.3 12
-56.1 13
-55.9 15
-55.7 16
-55.5 12
-55.3 17
-55.1 17
-54.9 20
-54.7 16
-54.5 12
-54.3 4
-54.1 10
-53.9 14
-53.7 12
-53.5 24
-53.3 14
-53.1 16
-52.9 11
-52.7 18
-52.5 19
-52.3 15
-52.1 9
-51.9 11
-51.7 14
-51.5 11
-51.3 14
-51.1 16
-50.9 18
-50.7 14
-50.5 10
-50.3 9
-50.1 10
-49.9 9
-49.7 10
-49.5 10
-49.3 12
-49.1 5
-48.9 20
-48.7 5
-48.5 11
-48.3 23
-48.1 17
-47.9 15
-47.7 8
-47.5 12
-47.3 14
-47.1 8
-46.9 12
-46.7 14
-46.5 12
-46.3 20
-46.1 7
-45.9 17
-45.7 21
-45.5 12
-45.3 8
-45.1 12
-44.9 19
-44.7 18
-44.5 11
-44.3 13
-44.1 18
-43.9 16
-43.7 12
-43.5 16
-43.3 19
-43.1 12
-42.9 13
-42.7 14
-42.5 14
-42.3 15
-42.1 7
-41.9 12
-41.7 19
-41.5 10
-41.3 8
-41.1 14
-40.9 15
-40.7 9
-40.5 12
-40.3 9
-40.1 13
-39.9 11
-39.7 15
-39.5 20
-39.3 12
-39.1 8
-38.9 15
-38.7 19
-38.5 9
-38.3 15
-38.1 15
-37.9 14
-37.7 13
-37.5 5
-37.3 11
-37.1 8
-36.9 13
-36.7 13
-36.5 16
-36.3 15
-36.1 14
-35.9 14
-35.7 13
-35.5 14
-35.3 18
-35.1 7
-34.9 13
-34.7 15
-34.5 14
-34.3 13
-34.1 9
-33.9 14
-33.7 18
-33.5 11
-33.3 12
-33.1 5
-32.9 7
-32.7 17
-32.5 13
-32.3 17
-32.1 15
-31.9 7
-31.7 12
-31.5 16
-31.3 14
-31.1 14
-30.9 16
-30.7 8
-30.5 12
-30.3 15
-30.1 10
-29.9 10
-29.7 10
-29.5 11
-29.3 18
-29.1 18
-28.9 13
-28.7 14
-28.5 13
-28.3 16
-28.1 8
-27.9 17
-27.7 9
-27.5 10
-27.3 10
-27.1 13
-26.9 15
-26.7 7
-26.5 12
-26.3 13
-26.1 8
-25.9 13
-25.7 18
-25.5 14
-25.3 10
-25.1 8
-24.9 13
-24.7 13
-24.5 9
-24.3 10
-24.1 8
-23.9 13
-23.7 11
-23.5 13
-23.3 16
-23.1 14
-22.9 14
-22.7 11
-22.5 7
-22.3 15
-22.1 17
-21.9 12
-21.7 12
-21.5 13
-21.3 20
-21.1 9
-20.9 10
-20.7 14
-20.5 14
-20.3 11
-20.1 13
-19.9 8
-19.7 18
-19.5 11
-19.3 18
-19.1 14
-18.9 11
-18.7 7
-18.5 16
-18.3 14
-18.1 12
-17.9 12
-17.7 13
-17.5 11
-17.3 6
-17.1 14
-16.9 12
-16.7 10
-16.5 18
-16.3 18
-16.1 10
-15.9 13
-15.7 15
-15.5 16
-15.3 17
-15.1 14
-14.9 9
-14.7 11
-14.5 12
-14.3 16
-14.1 12
-13.9 12
-13.7 17
-13.5 9
-13.3 8
-13.1 15
-12.9 14
-12.7 22
-12.5 21
-12.3 11
-12.1 13
-11.9 10
-11.7 8
-11.5 15
-11.3 16
-11.1 16
-10.9 8
-10.7 14
-10.5 14
-10.3 9
-10.1 10
-9.9 15
-9.7 16
-9.5 10
-9.3 14
-9.1 10
-8.9 16
-8.7 15
-8.5 13
-8.3 15
-8.1 11
-7.9 11
-7.7 10
-7.5 15
-7.3 7
-7.1 14
-6.9 15
-6.7 13
-6.5 13
-6.3 10
-6.1 16
-5.9 32
-5.7 15
-5.5 17
-5.3 13
-5.1 10
-4.9 11
-4.7 10
-4.5 10
-4.3 9
-4.1 20
-3.9 15
-3.7 10
-3.5 12
-3.3 11
-3.1 5
-2.9 18
-2.7 9
-2.5 7
-2.3 17
-2.1 15
-1.9 18
-1.7 16
-1.5 20
-1.3 8
-1.1 23
-0.9 13
-0.7 7
-0.5 14
-0.3 16
-0.1 10
0.1 7
0.3 11
0.5 9
0.7 12
0.9 13
1.1 15
1.3 11
1.5 11
1.7 8
1.9 7
2.1 22
2.3 8
2.5 12
2.7 16
2.9 11
3.1 11
3.3 11
3.5 10
3.7 16
3.9 13
4.1 15
4.3 12
4.5 11
4.7 12
4.9 10
5.1 20
5.3 13
5.5 10
5.7 10
5.9 18
6.1 19
6.3 5
6.5 16
6.7 10
6.9 17
7.1 12
7.3 10
7.5 18
7.7 10
7.9 12
8.1 15
8.3 16
8.5 16
8.7 16
8.9 10
9.1 8
9.3 13
9.5 13
9.7 15
9.9 15
10.1 11
10.3 18
10.5 11
10.7 16
10.9 15
11.1 10
11.3 12
11.5 12
11.7 11
11.9 14
12.1 13
12.3 18
12.5 10
12.7 16
12.9 12
13.1 13
13.3 5
13.5 11
13.7 11
13.9 17
14.1 17
14.3 13
14.5 12
14.7 7
14.9 13
15.1 13
15.3 9
15.5 9
15.7 13
15.9 9
16.1 6
16.3 7
16.5 8
16.7 10
16.9 8
17.1 11
17.3 10
17.5 11
17.7 6
17.9 10
18.1 7
18.3 13
18.5 7
18.7 8
18.9 7
19.1 6
19.3 5
19.5 10
19.7 4
19.9 11
20.1 11
20.3 11
20.5 9
20.7 9
20.9 3
21.1 12
21.3 4
21.5 8
21.7 8
21.9 8
22.1 7
22.3 7
22.5 8
22.7 9
22.9 8
23.1 4
23.3 8
23.5 3
23.7 5
23.9 6
24.1 5
24.3 5
24.5 4
24.7 3
24.9 6
25.1 2
25.3 2
25.5 1
25.7 0
25.9 3
26.1 3
26.3 0
26.5 3
26.7 1
26.9 5
27.1 3
27.3 3
27.5 5
27.7 2
27.9 3
28.1 4
28.3 3
28.5 3
28.7 4
28.9 1
29.1 1
29.3 1
29.5 1
29.7 1
29.9 0
30.1 3
30.3 2
30.5 1
30.7 2
30.9 1
31.1 3
31.3 3
31.5 2
31.7 1
31.9 3
32.1 0
32.3 0
32.5 1
32.7 1
32.9 0
33.1 0
33.3 1
33.5 0
33.7 0
33.9 0
34.1 0
34.3 0
34.5 1
34.7 0
34.9 1
35.1 1
35.3 2
35.5 0
35.7 0
35.9 0
36.1 0
36.3 0
36.5 0
36.7 0
36.9 0
37.1 0
37.3 0
37.5 1
37.7 0
37.9 0
38.1 0
38.3 0
38.5 0
38.7 0
38.9 0
39.1 0
39.3 0
39.5 0
39.7 0
39.9 0
40.1 0
40.3 0
40.5 0
40.7 0
40.9 0
41.1 0
41.3 0
41.5 0
41.7 0
41.9 0
42.1 0
42.3 0
42.5 0
42.7 0
42.9 0
43.1 0
43.3 0
43.5 0
43.7 0
43.9 0
44.1 0
44.3 0
44.5 0
44.7 0
44.9 0
45.1 0
45.3 0
45.5 0
45.7 0
45.9 0
46.1 0
46.3 0
46.5 0
46.7 0
46.9 0
47.1 0
47.3 0
47.5 0
47.7 0
47.9 0
48.1 0
48.3 0
48.5 1
48.7 0
48.9 0
49.1 0
49.3 0
49.5 0
49.7 0
49.9 0
