-209.9 0
-209.7 0
-209.5 0
-209.3 0
-209.1 0
-208.9 0
-208.7 0
-208.5 0
-208.3 0
-208.1 1
-207.9 0
-207.7 0
-207.5 0
-207.3 0
-207.1 0
-206.9 0
-206.7 0
-206.5 0
-206.3 0
-206.1 0
-205.9 0
-205.7 0
-205.5 0
-205.3 0
-205.1 0
-204.9 0
-204.7 0
-204.5 0
-204.3 0
-204.1 0
-203.9 0
-203.7 0
-203.5 0
-203.3 0
-203.1 0
-202.9 0
-202.7 0
-202.5 0
-202.3 0
-202.1 0
-201.9 0
-201.7 0
-201.5 0
-201.3 0
-201.1 0
-200.9 0
-200.7 0
-200.5 0
-200.3 0
-200.1 1
-199.9 0
-199.7 1
-199.5 1
-199.3 5
-199.1 2
-198.9 1
-198.7 1
-198.5 4
-198.3 2
-198.1 5
-197.9 8
-197.7 5
-197.5 4
-197.3 15
-197.1 7
-196.9 9
-196.7 5
-196.5 17
-196.3 18
-196.1 17
-195.9 11
-195.7 22
-195.5 19
-195.3 22
-195.1 26
-194.9 15
-194.7 23
-194.5 29
-194.3 38
-194.1 36
-193.9 30
-193.7 22
-193.5 34
-193.3 29
-193.1 26
-192.9 29
-192.7 30
-192.5 32
-192.3 27
-192.1 25
-191.9 29
-191.7 32
-191.5 31
-191.3 32
-191.1 31
-190.9 38
-190.7 21
-190.5 37
-190.3 25
-190.1 21
-189.9 35
-189.7 32
-189.5 29
-189.3 29
-189.1 24
-188.9 30
-188.7 28
-188.5 19
-188.3 33
-188.1 26
-187.9 26
-187.7 24
-187.5 35
-187.3 20
-187.1 38
-186.9 27
-186.7 33
-186.5 27
-186.3 26
-186.1 29
-185.9 17
-185.7 26
-185.5 19
-185.3 36
-185.1 42
-184.9 24
-184.7 25
-184.5 32
-184.3 24
-184.1 19
-183.9 25
-183.7 21
-183.5 17
-183.3 17
-183.1 24
-182.9 18
-182.7 23
-182.5 34
-182.3 21
-182.1 22
-181.9 18
-181.7 23
-181.5 23
-181.3 20
-181.1 13
-180.9 22
-180.7 21
-180.5 16
-180.3 17
-180.1 8
-179.9 17
-179.7 16
-179.5 12
-179.3 20
-179.1 21
-178.9 15
-178.7 24
-178.5 18
-178.3 17
-178.1 25
-177.9 17
-177.7 12
-177.5 16
-177.3 25
-177.1 20
-176.9 13
-176.7 16
-176.5 12
-176.3 17
-176.1 13
-175.9 9
-175.7 12
-175.5 18
-175.3 19
-175.1 13
-174.9 14
-174.7 14
-174.5 11
-174.3 9
-174.1 10
-173.9 16
-173.7 14
-173.5 15
-173.3 9
-173.1 8
-172.9 11
-172.7 15
-172.5 10
-172.3 19
-172.1 8
-171.9 12
-171.7 7
-171.5 12
-171.3 16
-171.1 16
-170.9 18
-170.7 15
-170.5 16
-170.3 14
-170.1 11
-169.9 9
-169.7 15
-169.5 14
-169.3 19
-169.1 13
-168.9 22
-168.7 10
-168.5 17
-168.3 18
-168.1 22
-167.9 19
-167.7 9
-167.5 14
-167.3 15
-167.1 19
-166.9 10
-166.7 13
-166.5 13
-166.3 15
-166.1 7
-165.9 13
-165.7 14
-165.5 11
-165.3 12
-165.1 8
-164.9 13
-164.7 18
-164.5 18
-164.3 14
-164.1 12
-163.9 20
-163.7 16
-163.5 13
-163.3 15
-163.1 19
-162.9 19
-162.7 13
-162.5 14
-162.3 11
-162.1 9
-161.9 9
-161.7 12
-161.5 16
-161.3 13
-161.1 14
-160.9 19
-160.7 7
-160.5 12
-160.3 15
-160.1 10
-159.9 15
-159.7 17
-159.5 12
-159.3 17
-159.1 16
-158.9 12
-158.7 11
-158.5 9
-158.3 7
-158.1 10
-157.9 16
-157.7 14
-157.5 12
-157.3 16
-157.1 11
-156.9 11
-156.7 7
-156.5 13
-156.3 10
-156.1 7
-155.9 10
-155.7 15
-155.5 13
-155.3 13
-155.1 8
-154.9 8
-154.7 10
-154.5 20
-154.3 13
-154.1 9
-153.9 14
-153.7 14
-153.5 13
-153.3 11
-153.1 15
-152.9 7
-152.7 15
-152.5 18
-152.3 17
-152.1 14
-151.9 12
-151.7 5
-151.5 8
-151.3 13
-151.1 19
-150.9 12
-150.7 10
-150.5 14
-150.3 5
-150.1 10
-149.9 16
-149.7 17
-149.5 13
-149.3 12
-149.1 19
-148.9 11
-148.7 6
-148.5 15
-148.3 21
-148.1 19
-147.9 8
-147.7 12
-147.5 13
-147.3 6
-147.1 15
-146.9 18
-146.7 15
-146.5 5
-146.3 15
-146.1 15
-145.9 16
-145.7 15
-145.5 12
-145.3 14
-145.1 8
-144.9 13
-144.7 22
-144.5 20
-144.3 18
-144.1 6
-143.9 14
-143.7 7
-143.5 16
-143.3 14
-143.1 14
-142.9 22
-142.7 13
-142.5 13
-142.3 11
-142.1 12
-141.9 9
-141.7 21
-141.5 17
-141.3 16
-141.1 16
-140.9 17
-140.7 12
-140.5 8
-140.3 13
-140.1 14
-139.9 18
-139.7 14
-139.5 8
-139.3 12
-139.1 15
-138.9 15
-138.7 15
-138.5 11
-138.3 10
-138.1 15
-137.9 21
-137.7 14
-137.5 18
-137.3 14
-137.1 18
-136.9 16
-136.7 7
-136.5 14
-136.3 14
-136.1 17
-135.9 14
-135.7 11
-135.5 9
-135.3 14
-135.1 15
-134.9 17
-134.7 10
-134.5 13
-134.3 13
-134.1 10
-133.9 9
-133.7 19
-133.5 11
-133.3 17
-133.1 12
-132.9 14
-132.7 15
-132.5 11
-132.3 9
-132.1 14
-131.9 12
-131.7 13
-131.5 15
-131.3 13
-131.1 14
-130.9 15
-130.7 9
-130.5 14
-130.3 14
-130.1 13
-129.9 12
-129.7 26
-129.5 8
-129.3 13
-129.1 18
-128.9 15
-128.7 11
-128.5 15
-128.3 16
-128.1 10
-127.9 10
-127.7 8
-127.5 15
-127.3 13
-127.1 17
-126.9 10
-126.7 10
-126.5 14
-126.3 19
-126.1 11
-125.9 9
-125.7 18
-125.5 6
-125.3 15
-125.1 10
-124.9 19
-124.7 19
-124.5 12
-124.3 20
-124.1 20
-123.9 5
-123.7 12
-123.5 9
-123.3 11
-123.1 10
-122.9 14
-122.7 12
-122.5 10
-122.3 12
-122.1 9
-121.9 10
-121.7 12
-121.5 8
-121.3 16
-121.1 14
-120.9 10
-120.7 10
-120.5 9
-120.3 16
-120.1 13
-119.9 15
-119.7 15
-119.5 18
-119.3 17
-119.1 19
-118.9 14
-118.7 14
-118.5 16
-118.3 13
-118.1 4
-117.9 12
-117.7 15
-117.5 16
-117.3 16
-117.1 15
-116.9 19
-116.7 16
-116.5 9
-116.3 12
-116.1 15
-115.9 12
-115.7 13
-115.5 18
-115.3 9
-115.1 12
-114.9 14
-114.7 8
-114.5 14
-114.3 13
-114.1 10
-113.9 13
-113.7 14
-113.5 10
-113.3 9
-113.1 12
-112.9 16
-112.7 6
-112.5 14
-112.3 11
-112.1 12
-111.9 17
-111.7 12
-111.5 14
-111.3 16
-111.1 10
-110.9 14
-110.7 18
-110.5 12
-110.3 16
-110.1 12
-109.9 15
-109.7 13
-109.5 16
-109.3 15
-109.1 19
-108.9 16
-108.7 12
-108.5 15
-108.3 16
-108.1 15
-107.9 19
-107.7 20
-107.5 4
-107.3 16
-107.1 15
-106.9 9
-106.7 13
-106.5 13
-106.3 10
-106.1 14
-105.9 16
-105.7 18
-105.5 7
-105.3 11
-105.1 13
-104.9 17
-104.7 12
-104.5 10
-104.3 15
-104.1 8
-103.9 12
-103.7 15
-103.5 12
-103.3 7
-103.1 12
-102.9 13
-102.7 14
-102.5 16
-102.3 11
-102.1 12
-101.9 9
-101.7 10
-101.5 12
-101.3 13
-101.1 10
-100.9 13
-100.7 11
-100.5 14
-100.3 8
-100.1 12
-99.9 9
-99.7 7
-99.5 12
-99.3 12
-99.1 17
-98.9 11
-98.7 9
-98.5 15
-98.3 16
-98.1 10
-97.9 18
-97.7 6
-97.5 21
-97.3 14
-97.1 12
-96.9 15
-96.7 9
-96.5 14
-96.3 20
-96.1 19
-95.9 12
-95.7 15
-95.5 14
-95.3 15
-95.1 11
-94.9 11
-94.7 10
-94.5 10
-94.3 11
-94.1 13
-93.9 19
-93.7 12
-93.5 15
-93.3 12
-93.1 7
-92.9 9
-92.7 14
-92.5 15
-92.3 8
-92.1 17
-91.9 7
-91.7 18
-91.5 10
-91.3 14
-91.1 20
-90.9 18
-90.7 20
-90.5 14
-90.3 13
-90.1 15
-89.9 16
-89.7 12
-89.5 15
-89.3 13
-89.1 17
-88.9 13
-88.7 11
-88.5 11
-88.3 12
-88.1 16
-87.9 18
-87.7 20
-87.5 13
-87.3 6
-87.1 8
-86.9 12
-86.7 13
-86.5 10
-86.3 8
-86.1 16
-85.9 11
-85.7 13
-85.5 16
-85.3 21
-85.1 11
-84.9 16
-84.7 19
-84.5 12
-84.3 7
-84.1 5
-83.9 12
-83.7 10
-83.5 12
-83.3 13
-83.1 6
-82.9 10
-82.7 18
-82.5 11
-82.3 15
-82.1 17
-81.9 10
-81.7 10
-81.5 18
-81.3 11
-81.1 17
-80.9 13
-80.7 9
-80.5 15
-80.3 15
-80.1 13
-79.9 13
-79.7 13
-79.5 8
-79.3 17
-79.1 7
-78.9 11
-78.7 10
-78.5 13
-78.3 10
-78.1 11
-77.9 9
-77.7 13
-77.5 22
-77.3 13
-77.1 21
-76.9 13
-76.7 14
-76.5 14
-76.3 14
-76.1 24
-75.9 16
-75.7 21
-75.5 24
-75.3 14
-75.1 9
-74.9 9
-74.7 13
-74.5 17
-74.3 12
-74.1 16
-73.9 11
-73.7 10
-73.5 7
-73.3 15
-73.1 12
-72.9 12
-72.7 12
-72.5 15
-72.3 13
-72.1 12
-71.9 15
-71.7 11
-71.5 17
-71.3 10
-71.1 9
-70.9 7
-70.7 10
-70.5 11
-70.3 15
-70.1 14
-69.9 11
-69.7 17
-69.5 10
-69.3 12
-69.1 12
-68.9 7
-68.7 6
-68.5 16
-68.3 16
-68.1 12
-67.9 14
-67.7 17
-67.5 18
-67.3 11
-67.1 7
-66.9 15
-66.7 13
-66.5 11
-66.3 13
-66.1 11
-65.9 16
-65.7 9
-65.5 10
-65.3 12
-65.1 9
-64.9 13
-64.7 14
-64.5 20
-64.3 16
-64.1 16
-63.9 14
-63.7 9
-63.5 10
-63.3 8
-63.1 15
-62.9 16
-62.7 8
-62.5 18
-62.3 16
-62.1 21
-61.9 7
-61.7 17
-61.5 6
-61.3 17
-61.1 21
-60.9 12
-60.7 11
-60.5 9
-60.3 8
-60.1 12
-59.9 6
-59.7 9
-59.5 8
-59.3 14
-59.1 11
-58.9 7
-58.7 7
-58.5 16
-58.3 12
-58.1 16
-57.9 17
-57.7 17
-57.5 15
-57.3 12
-57.1 9
-56.9 16
-56.7 15
-56.5 22
-56.3 13
-56.1 16
-55.9 8
-55.7 12
-55.5 13
-55.3 9
-55.1 17
-54.9 13
-54.7 12
-54.5 11
-54.3 13
-54.1 13
-53.9 12
-53.7 14
-53.5 12
-53.3 14
-53.1 12
-52.9 17
-52.7 18
-52.5 9
-52.3 6
-52.1 16
-51.9 18
-51.7 6
-51.5 18
-51.3 12
-51.1 9
-50.9 11
-50.7 3
-50.5 21
-50.3 15
-50.1 15
-49.9 4
-49.7 9
-49.5 13
-49.3 14
-49.1 9
-48.9 6
-48.7 12
-48.5 11
-48.3 14
-48.1 10
-47.9 13
-47.7 10
-47.5 16
-47.3 11
-47.1 14
-46.9 15
-46.7 10
-46.5 10
-46.3 10
-46.1 13
-45.9 13
-45.7 11
-45.5 11
-45.3 12
-45.1 17
-44.9 15
-44.7 10
-44.5 9
-44.3 17
-44.1 11
-43.9 8
-43.7 11
-43.5 14
-43.3 13
-43.1 17
-42.9 18
-42.7 6
-42.5 14
-42.3 17
-42.1 15
-41.9 17
-41.7 12
-41.5 12
-41.3 11
-41.1 17
-40.9 12
-40.7 17
-40.5 10
-40.3 6
-40.1 19
-39.9 11
-39.7 14
-39.5 13
-39.3 13
-39.1 8
-38.9 11
-38.7 16
-38.5 13
-38.3 21
-38.1 7
-37.9 11
-37.7 10
-37.5 14
-37.3 9
-37.1 12
-36.9 11
-36.7 10
-36.5 16
-36.3 16
-36.1 16
-35.9 13
-35.7 15
-35.5 11
-35.3 7
-35.1 11
-34.9 11
-34.7 17
-34.5 19
-34.3 12
-34.1 13
-33.9 10
-33.7 13
-33.5 12
-33.3 13
-33.1 10
-32.9 18
-32.7 18
-32.5 11
-32.3 13
-32.1 18
-31.9 10
-31.7 11
-31.5 11
-31.3 12
-31.1 13
-30.9 13
-30.7 18
-30.5 16
-30.3 16
-30.1 15
-29.9 9
-29.7 11
-29.5 14
-29.3 13
-29.1 13
-28.9 13
-28.7 19
-28.5 7
-28.3 17
-28.1 13
-27.9 16
-27.7 15
-27.5 6
-27.3 10
-27.1 13
-26.9 17
-26.7 14
-26.5 9
-26.3 11
-26.1 17
-25.9 10
-25.7 15
-25.5 13
-25.3 8
-25.1 10
-24.9 13
-24.7 10
-24.5 17
-24.3 14
-24.1 10
-23.9 9
-23.7 9
-23.5 9
-23.3 20
-23.1 13
-22.9 12
-22.7 17
-22.5 15
-22.3 11
-22.1 12
-21.9 12
-21.7 18
-21.5 11
-21.3 16
-21.1 10
-20.9 18
-20.7 16
-20.5 12
-20.3 11
-20.1 10
-19.9 11
-19.7 13
-19.5 12
-19.3 5
-19.1 9
-18.9 11
-18.7 13
-18.5 9
-18.3 15
-18.1 16
-17.9 10
-17.7 18
-17.5 17
-17.3 13
-17.1 16
-16.9 8
-16.7 11
-16.5 20
-16.3 11
-16.1 12
-15.9 15
-15.7 18
-15.5 9
-15.3 14
-15.1 16
-14.9 9
-14.7 8
-14.5 16
-14.3 11
-14.1 10
-13.9 16
-13.7 13
-13.5 17
-13.3 9
-13.1 14
-12.9 11
-12.7 15
-12.5 9
-12.3 14
-12.1 9
-11.9 15
-11.7 13
-11.5 10
-11.3 12
-11.1 6
-10.9 19
-10.7 8
-10.5 17
-10.3 17
-10.1 13
-9.9 12
-9.7 15
-9.5 10
-9.3 15
-9.1 10
-8.9 6
-8.7 8
-8.5 12
-8.3 13
-8.1 16
-7.9 15
-7.7 23
-7.5 11
-7.3 10
-7.1 12
-6.9 16
-6.7 10
-6.5 12
-6.3 14
-6.1 13
-5.9 14
-5.7 15
-5.5 19
-5.3 15
-5.1 10
-4.9 6
-4.7 11
-4.5 15
-4.3 17
-4.1 10
-3.9 17
-3.7 9
-3.5 10
-3.3 19
-3.1 7
-2.9 9
-2.7 15
-2.5 9
-2.3 14
-2.1 14
-1.9 8
-1.7 14
-1.5 9
-1.3 18
-1.1 11
-0.9 17
-0.7 13
-0.5 11
-0.3 12
-0.1 14
0.1 13
0.3 22
0.5 11
0.7 13
0.9 8
1.1 19
1.3 8
1.5 16
1.7 16
1.9 9
2.1 10
2.3 11
2.5 8
2.7 7
2.9 14
3.1 7
3.3 16
3.5 11
3.7 16
3.9 12
4.1 6
4.3 9
4.5 14
4.7 13
4.9 20
5.1 9
5.3 19
5.5 20
5.7 9
5.9 12
6.1 13
6.3 15
6.5 5
6.7 10
6.9 8
7.1 18
7.3 10
7.5 12
7.7 18
7.9 13
8.1 12
8.3 16
8.5 14
8.7 9
8.9 21
9.1 15
9.3 15
9.5 12
9.7 9
9.9 9
10.1 10
10.3 6
10.5 12
10.7 5
10.9 7
11.1 6
11.3 8
11.5 8
11.7 10
11.9 7
12.1 10
12.3 4
12.5 5
12.7 12
12.9 7
13.1 10
13.3 5
13.5 9
13.7 9
13.9 5
14.1 3
14.3 3
14.5 9
14.7 6
14.9 5
15.1 12
15.3 5
15.5 5
15.7 6
15.9 7
16.1 5
16.3 5
16.5 6
16.7 3
16.9 1
17.1 4
17.3 12
17.5 4
17.7 10
17.9 5
18.1 5
18.3 3
18.5 6
18.7 7
18.9 7
19.1 2
19.3 8
19.5 4
19.7 2
19.9 4
20.1 5
20.3 4
20.5 1
20.7 2
20.9 1
21.1 2
21.3 4
21.5 3
21.7 1
21.9 3
22.1 1
22.3 2
22.5 0
22.7 5
22.9 3
23.1 2
23.3 3
23.5 1
23.7 3
23.9 1
24.1 2
24.3 1
24.5 2
24.7 0
24.9 1
25.1 2
25.3 1
25.5 1
25.7 0
25.9 1
26.1 0
26.3 0
26.5 1
26.7 0
26.9 1
27.1 0
27.3 0
27.5 3
27.7 2
27.9 0
28.1 1
28.3 0
28.5 1
28.7 1
28.9 0
29.1 0
29.3 0
29.5 0
29.7 0
29.9 0
30.1 0
30.3 0
30.5 0
30.7 1
30.9 0
31.1 0
31.3 0
31.5 0
31.7 0
31.9 0
32.1 1
32.3 0
32.5 0
32.7 0
32.9 0
33.1 0
33.3 0
33.5 0
33.7 0
33.9 0
34.1 0
34.3 0
34.5 0
34.7 0
34.9 0
35.1 0
35.3 0
35.5 0
35.7 0
35.9 0
36.1 0
36.3 0
36.5 0
36.7 0
36.9 0
37.1 0
37.3 0
37.5 0
37.7 0
37.9 0
38.1 0
38.3 0
38.5 0
38.7 0
38.9 0
39.1 0
39.3 0
39.5 0
39.7 0
39.9 0
40.1 0
40.3 0
40.5 0
40.7 0
40.9 0
41.1 0
41.3 0
41.5 0
41.7 0
41.9 0
42.1 0
42.3 0
42.5 0
42.7 0
42.9 0
43.1 0
43.3 0
43.5 0
43.7 0
43.9 0
44.1 0
44.3 0
44.5 0
44.7 0
44.9 0
45.1 0
45.3 0
45.5 0
45.7 0
45.9 0
46.1 0
46.3 0
46.5 0
46.7 0
46.9 0
47.1 0
47.3 0
47.5 0
47.7 0
47.9 0
48.1 0
48.3 0
48.5 0
48.7 0
48.9 0
49.1 0
49.3 0
49.5 0
49.7 0
49.9 0
