-209.9 0
-209.7 0
-209.5 0
-209.3 0
-209.1 0
-208.9 0
-208.7 0
-208.5 0
-208.3 0
-208.1 0
-207.9 0
-207.7 0
-207.5 0
-207.3 0
-207.1 0
-206.9 0
-206.7 0
-206.5 0
-206.3 0
-206.1 0
-205.9 0
-205.7 0
-205.5 0
-205.3 0
-205.1 0
-204.9 0
-204.7 0
-204.5 0
-204.3 0
-204.1 0
-203.9 0
-203.7 0
-203.5 0
-203.3 0
-203.1 0
-202.9 0
-202.7 0
-202.5 0
-202.3 0
-202.1 0
-201.9 0
-201.7 0
-201.5 0
-201.3 0
-201.1 0
-200.9 0
-200.7 0
-200.5 0
-200.3 0
-200.1 0
-199.9 0
-199.7 0
-199.5 0
-199.3 0
-199.1 0
-198.9 0
-198.7 0
-198.5 1
-198.3 0
-198.1 0
-197.9 0
-197.7 1
-197.5 0
-197.3 0
-197.1 3
-196.9 2
-196.7 4
-196.5 4
-196.3 2
-196.1 3
-195.9 5
-195.7 8
-195.5 11
-195.3 13
-195.1 13
-194.9 18
-194.7 10
-194.5 10
-194.3 10
-194.1 16
-193.9 20
-193.7 24
-193.5 18
-193.3 20
-193.1 14
-192.9 14
-192.7 20
-192.5 16
-192.3 13
-192.1 22
-191.9 25
-191.7 19
-191.5 34
-191.3 25
-191.1 27
-190.9 20
-190.7 32
-190.5 25
-190.3 23
-190.1 25
-189.9 24
-189.7 29
-189.5 21
-189.3 22
-189.1 24
-188.9 28
-188.7 27
-188.5 31
-188.3 19
-188.1 25
-187.9 20
-187.7 21
-187.5 18
-187.3 23
-187.1 20
-186.9 27
-186.7 20
-186.5 15
-186.3 20
-186.1 26
-185.9 16
-185.7 21
-185.5 15
-185.3 22
-185.1 15
-184.9 19
-184.7 23
-184.5 17
-184.3 15
-184.1 9
-183.9 22
-183.7 30
-183.5 24
-183.3 22
-183.1 18
-182.9 20
-182.7 21
-182.5 20
-182.3 15
-182.1 12
-181.9 19
-181.7 17
-181.5 6
-181.3 24
-181.1 16
-180.9 18
-180.7 12
-180.5 16
-180.3 20
-180.1 21
-179.9 22
-179.7 13
-179.5 19
-179.3 14
-179.1 19
-178.9 14
-178.7 21
-178.5 12
-178.3 18
-178.1 15
-177.9 18
-177.7 19
-177.5 27
-177.3 19
-177.1 18
-176.9 5
-176.7 10
-176.5 13
-176.3 11
-176.1 16
-175.9 19
-175.7 10
-175.5 17
-175.3 17
-175.1 14
-174.9 12
-174.7 10
-174.5 12
-174.3 16
-174.1 10
-173.9 11
-173.7 11
-173.5 9
-173.3 21
-173.1 11
-172.9 12
-172.7 19
-172.5 12
-172.3 26
-172.1 10
-171.9 14
-171.7 17
-171.5 17
-171.3 12
-171.1 13
-170.9 13
-170.7 11
-170.5 8
-170.3 14
-170.1 12
-169.9 13
-169.7 8
-169.5 10
-169.3 11
-169.1 12
-168.9 13
-168.7 8
-168.5 22
-168.3 8
-168.1 18
-167.9 18
-167.7 12
-167.5 16
-167.3 10
-167.1 7
-166.9 7
-166.7 14
-166.5 12
-166.3 12
-166.1 20
-165.9 9
-165.7 8
-165.5 21
-165.3 14
-165.1 10
-164.9 15
-164.7 10
-164.5 8
-164.3 18
-164.1 16
-163.9 16
-163.7 17
-163.5 9
-163.3 16
-163.1 16
-162.9 12
-162.7 21
-162.5 11
-162.3 14
-162.1 12
-161.9 17
-161.7 13
-161.5 18
-161.3 11
-161.1 10
-160.9 14
-160.7 14
-160.5 13
-160.3 13
-160.1 16
-159.9 13
-159.7 12
-159.5 19
-159.3 11
-159.1 17
-158.9 10
-158.7 12
-158.5 12
-158.3 12
-158.1 16
-157.9 16
-157.7 12
-157.5 10
-157.3 15
-157.1 11
-156.9 9
-156.7 13
-156.5 9
-156.3 10
-156.1 15
-155.9 12
-155.7 18
-155.5 14
-155.3 14
-155.1 8
-154.9 12
-154.7 15
-154.5 11
-154.3 12
-154.1 21
-153.9 12
-153.7 11
-153.5 14
-153.3 13
-153.1 8
-152.9 8
-152.7 15
-152.5 12
-152.3 19
-152.1 9
-151.9 12
-151.7 16
-151.5 14
-151.3 13
-151.1 17
-150.9 11
-150.7 7
-150.5 13
-150.3 16
-150.1 18
-149.9 11
-149.7 8
-149.5 10
-149.3 16
-149.1 9
-148.9 12
-148.7 14
-148.5 9
-148.3 9
-148.1 9
-147.9 14
-147.7 12
-147.5 13
-147.3 16
-147.1 12
-146.9 7
-146.7 16
-146.5 16
-146.3 9
-146.1 16
-145.9 10
-145.7 10
-145.5 11
-145.3 10
-145.1 9
-144.9 10
-144.7 9
-144.5 13
-144.3 8
-144.1 10
-143.9 7
-143.7 11
-143.5 15
-143.3 14
-143.1 16
-142.9 10
-142.7 8
-142.5 10
-142.3 7
-142.1 9
-141.9 14
-141.7 3
-141.5 14
-141.3 18
-141.1 7
-140.9 8
-140.7 12
-140.5 10
-140.3 13
-140.1 9
-139.9 13
-139.7 14
-139.5 12
-139.3 11
-139.1 16
-138.9 10
-138.7 13
-138.5 13
-138.3 11
-138.1 15
-137.9 11
-137.7 13
-137.5 14
-137.3 8
-137.1 14
-136.9 12
-136.7 11
-136.5 9
-136.3 12
-136.1 10
-135.9 12
-135.7 16
-135.5 10
-135.3 12
-135.1 14
-134.9 12
-134.7 7
-134.5 10
-134.3 12
-134.1 11
-133.9 8
-133.7 11
-133.5 14
-133.3 12
-133.1 18
-132.9 16
-132.7 13
-132.5 18
-132.3 12
-132.1 17
-131.9 12
-131.7 13
-131.5 13
-131.3 11
-131.1 14
-130.9 12
-130.7 14
-130.5 11
-130.3 19
-130.1 16
-129.9 10
-129.7 14
-129.5 12
-129.3 12
-129.1 9
-128.9 9
-128.7 14
-128.5 20
-128.3 10
-128.1 17
-127.9 11
-127.7 17
-127.5 13
-127.3 11
-127.1 12
-126.9 10
-126.7 13
-126.5 22
-126.3 14
-126.1 16
-125.9 14
-125.7 17
-125.5 16
-125.3 14
-125.1 7
-124.9 10
-124.7 16
-124.5 16
-124.3 8
-124.1 9
-123.9 12
-123.7 5
-123.5 20
-123.3 7
-123.1 7
-122.9 12
-122.7 15
-122.5 15
-122.3 14
-122.1 9
-121.9 15
-121.7 11
-121.5 9
-121.3 15
-121.1 11
-120.9 16
-120.7 16
-120.5 18
-120.3 22
-120.1 14
-119.9 13
-119.7 14
-119.5 11
-119.3 10
-119.1 10
-118.9 10
-118.7 12
-118.5 17
-118.3 15
-118.1 18
-117.9 12
-117.7 12
-117.5 19
-117.3 6
-117.1 15
-116.9 10
-116.7 13
-116.5 15
-116.3 12
-116.1 13
-115.9 15
-115.7 10
-115.5 7
-115.3 10
-115.1 8
-114.9 10
-114.7 7
-114.5 18
-114.3 14
-114.1 17
-113.9 8
-113.7 16
-113.5 13
-113.3 15
-113.1 14
-112.9 11
-112.7 13
-112.5 13
-112.3 18
-112.1 14
-111.9 12
-111.7 11
-111.5 17
-111.3 8
-111.1 11
-110.9 10
-110.7 12
-110.5 11
-110.3 10
-110.1 14
-109.9 16
-109.7 11
-109.5 11
-109.3 14
-109.1 21
-108.9 8
-108.7 12
-108.5 14
-108.3 9
-108.1 12
-107.9 14
-107.7 20
-107.5 15
-107.3 18
-107.1 14
-106.9 8
-106.7 7
-106.5 15
-106.3 12
-106.1 13
-105.9 11
-105.7 13
-105.5 9
-105.3 9
-105.1 11
-104.9 9
-104.7 9
-104.5 7
-104.3 11
-104.1 11
-103.9 15
-103.7 11
-103.5 9
-103.3 10
-103.1 12
-102.9 14
-102.7 15
-102.5 8
-102.3 14
-102.1 14
-101.9 17
-101.7 15
-101.5 14
-101.3 9
-101.1 10
-100.9 13
-100.7 14
-100.5 8
-100.3 13
-100.1 14
-99.9 8
-99.7 9
-99.5 12
-99.3 6
-99.1 15
-98.9 18
-98.7 11
-98.5 11
-98.3 17
-98.1 11
-97.9 9
-97.7 11
-97.5 18
-97.3 9
-97.1 12
-96.9 13
-96.7 8
-96.5 10
-96.3 10
-96.1 11
-95.9 13
-95.7 16
-95.5 15
-95.3 9
-95.1 18
-94.9 9
-94.7 4
-94.5 16
-94.3 21
-94.1 15
-93.9 13
-93.7 16
-93.5 12
-93.3 14
-93.1 9
-92.9 13
-92.7 9
-92.5 18
-92.3 13
-92.1 15
-91.9 18
-91.7 14
-91.5 16
-91.3 14
-91.1 16
-90.9 9
-90.7 10
-90.5 11
-90.3 12
-90.1 16
-89.9 15
-89.7 9
-89.5 15
-89.3 11
-89.1 11
-88.9 11
-88.7 11
-88.5 10
-88.3 12
-88.1 8
-87.9 12
-87.7 20
-87.5 11
-87.3 7
-87.1 11
-86.9 7
-86.7 15
-86.5 8
-86.3 12
-86.1 15
-85.9 22
-85.7 7
-85.5 10
-85.3 10
-85.1 12
-84.9 6
-84.7 4
-84.5 15
-84.3 11
-84.1 10
-83.9 9
-83.7 16
-83.5 14
-83.3 9
-83.1 12
-82.9 12
-82.7 10
-82.5 10
-82.3 16
-82.1 13
-81.9 9
-81.7 12
-81.5 12
-81.3 9
-81.1 17
-80.9 12
-80.7 9
-80.5 16
-80.3 11
-80.1 4
-79.9 10
-79.7 13
-79.5 10
-79.3 9
-79.1 12
-78.9 12
-78.7 8
-78.5 16
-78.3 14
-78.1 8
-77.9 9
-77.7 18
-77.5 19
-77.3 14
-77.1 7
-76.9 10
-76.7 6
-76.5 8
-76.3 11
-76.1 7
-75.9 9
-75.7 14
-75.5 10
-75.3 19
-75.1 9
-74.9 14
-74.7 21
-74.5 17
-74.3 15
-74.1 14
-73.9 10
-73.7 11
-73.5 11
-73.3 12
-73.1 10
-72.9 9
-72.7 10
-72.5 12
-72.3 20
-72.1 9
-71.9 15
-71.7 12
-71.5 9
-71.3 13
-71.1 22
-70.9 6
-70.7 10
-70.5 17
-70.3 8
-70.1 12
-69.9 18
-69.7 5
-69.5 8
-69.3 15
-69.1 13
-68.9 13
-68.7 9
-68.5 9
-68.3 22
-68.1 11
-67.9 16
-67.7 11
-67.5 11
-67.3 17
-67.1 19
-66.9 9
-66.7 14
-66.5 17
-66.3 16
-66.1 12
-65.9 11
-65.7 16
-65.5 12
-65.3 10
-65.1 12
-64.9 10
-64.7 14
-64.5 13
-64.3 15
-64.1 12
-63.9 9
-63.7 7
-63.5 11
-63.3 12
-63.1 12
-62.9 7
-62.7 13
-62.5 16
-62.3 8
-62.1 11
-61.9 13
-61.7 14
-61.5 8
-61.3 6
-61.1 13
-60.9 11
-60.7 8
-60.5 15
-60.3 5
-60.1 8
-59.9 13
-59.7 15
-59.5 17
-59.3 16
-59.1 15
-58.9 21
-58.7 14
-58.5 15
-58.3 8
-58.1 15
-57.9 7
-57.7 14
-57.5 18
-57.3 10
-57.1 19
-56.9 17
-56.7 5
-56.5 18
-56.3 13
-56.1 9
-55.9 17
-55.7 11
-55.5 13
-55.3 14
-55.1 11
-54.9 8
-54.7 12
-54.5 5
-54.3 9
-54.1 9
-53.9 11
-53.7 13
-53.5 16
-53.3 13
-53.1 10
-52.9 11
-52.7 6
-52.5 15
-52.3 12
-52.1 9
-51.9 16
-51.7 13
-51.5 10
-51.3 13
-51.1 15
-50.9 15
-50.7 12
-50.5 11
-50.3 12
-50.1 10
-49.9 11
-49.7 12
-49.5 7
-49.3 18
-49.1 7
-48.9 12
-48.7 11
-48.5 6
-48.3 12
-48.1 21
-47.9 12
-47.7 12
-47.5 12
-47.3 15
-47.1 8
-46.9 9
-46.7 9
-46.5 12
-46.3 11
-46.1 20
-45.9 12
-45.7 13
-45.5 19
-45.3 14
-45.1 10
-44.9 18
-44.7 17
-44.5 12
-44.3 12
-44.1 13
-43.9 14
-43.7 16
-43.5 10
-43.3 11
-43.1 16
-42.9 8
-42.7 9
-42.5 15
-42.3 12
-42.1 10
-41.9 13
-41.7 9
-41.5 11
-41.3 12
-41.1 9
-40.9 11
-40.7 16
-40.5 11
-40.3 10
-40.1 13
-39.9 16
-39.7 15
-39.5 13
-39.3 12
-39.1 21
-38.9 20
-38.7 11
-38.5 11
-38.3 10
-38.1 7
-37.9 18
-37.7 17
-37.5 13
-37.3 18
-37.1 14
-36.9 21
-36.7 10
-36.5 17
-36.3 7
-36.1 14
-35.9 6
-35.7 12
-35.5 10
-35.3 14
-35.1 12
-34.9 14
-34.7 12
-34.5 12
-34.3 15
-34.1 11
-33.9 11
-33.7 10
-33.5 7
-33.3 9
-33.1 10
-32.9 8
-32.7 13
-32.5 14
-32.3 14
-32.1 12
-31.9 12
-31.7 7
-31.5 8
-31.3 15
-31.1 15
-30.9 15
-30.7 11
-30.5 11
-30.3 19
-30.1 18
-29.9 8
-29.7 13
-29.5 14
-29.3 13
-29.1 13
-28.9 11
-28.7 8
-28.5 12
-28.3 17
-28.1 15
-27.9 11
-27.7 7
-27.5 11
-27.3 12
-27.1 14
-26.9 16
-26.7 8
-26.5 10
-26.3 14
-26.1 14
-25.9 12
-25.7 11
-25.5 13
-25.3 10
-25.1 16
-24.9 9
-24.7 16
-24.5 8
-24.3 11
-24.1 7
-23.9 16
-23.7 12
-23.5 14
-23.3 13
-23.1 12
-22.9 11
-22.7 19
-22.5 11
-22.3 9
-22.1 10
-21.9 8
-21.7 16
-21.5 13
-21.3 12
-21.1 10
-20.9 16
-20.7 11
-20.5 12
-20.3 20
-20.1 12
-19.9 10
-19.7 16
-19.5 10
-19.3 9
-19.1 8
-18.9 12
-18.7 6
-18.5 12
-18.3 10
-18.1 13
-17.9 11
-17.7 15
-17.5 10
-17.3 14
-17.1 12
-16.9 11
-16.7 13
-16.5 11
-16.3 14
-16.1 7
-15.9 12
-15.7 15
-15.5 9
-15.3 8
-15.1 9
-14.9 15
-14.7 13
-14.5 12
-14.3 9
-14.1 9
-13.9 12
-13.7 11
-13.5 10
-13.3 8
-13.1 12
-12.9 12
-12.7 13
-12.5 21
-12.3 10
-12.1 9
-11.9 9
-11.7 10
-11.5 11
-11.3 14
-11.1 16
-10.9 13
-10.7 13
-10.5 8
-10.3 13
-10.1 15
-9.9 16
-9.7 19
-9.5 9
-9.3 9
-9.1 15
-8.9 11
-8.7 12
-8.5 9
-8.3 11
-8.1 16
-7.9 4
-7.7 15
-7.5 16
-7.3 11
-7.1 12
-6.9 15
-6.7 14
-6.5 14
-6.3 12
-6.1 7
-5.9 14
-5.7 14
-5.5 11
-5.3 16
-5.1 19
-4.9 14
-4.7 12
-4.5 14
-4.3 12
-4.1 8
-3.9 16
-3.7 15
-3.5 13
-3.3 19
-3.1 14
-2.9 11
-2.7 12
-2.5 7
-2.3 6
-2.1 14
-1.9 13
-1.7 16
-1.5 15
-1.3 12
-1.1 3
-0.9 15
-0.7 10
-0.5 14
-0.3 13
-0.1 12
0.1 11
0.3 8
0.5 8
0.7 22
0.9 9
1.1 10
1.3 11
1.5 11
1.7 13
1.9 12
2.1 11
2.3 12
2.5 9
2.7 12
2.9 10
3.1 23
3.3 11
3.5 10
3.7 13
3.9 11
4.1 12
4.3 16
4.5 10
4.7 10
4.9 21
5.1 14
5.3 17
5.5 16
5.7 11
5.9 18
6.1 21
6.3 21
6.5 12
6.7 11
6.9 10
7.1 14
7.3 17
7.5 6
7.7 16
7.9 13
8.1 14
8.3 7
8.5 16
8.7 15
8.9 11
9.1 13
9.3 6
9.5 12
9.7 10
9.9 12
10.1 11
10.3 12
10.5 10
10.7 10
10.9 12
11.1 12
11.3 6
11.5 11
11.7 12
11.9 14
12.1 13
12.3 9
12.5 3
12.7 12
12.9 12
13.1 9
13.3 7
13.5 9
13.7 10
13.9 9
14.1 12
14.3 11
14.5 8
14.7 8
14.9 8
15.1 9
15.3 8
15.5 11
15.7 7
15.9 9
16.1 10
16.3 7
16.5 8
16.7 4
16.9 6
17.1 13
17.3 6
17.5 5
17.7 6
17.9 6
18.1 8
18.3 9
18.5 4
18.7 4
18.9 3
19.1 4
19.3 10
19.5 3
19.7 5
19.9 2
20.1 5
20.3 9
20.5 4
20.7 4
20.9 3
21.1 5
21.3 5
21.5 2
21.7 7
21.9 2
22.1 1
22.3 2
22.5 8
22.7 4
22.9 1
23.1 3
23.3 6
23.5 2
23.7 2
23.9 8
24.1 2
24.3 2
24.5 2
24.7 4
24.9 4
25.1 2
25.3 6
25.5 7
25.7 2
25.9 4
26.1 1
26.3 3
26.5 3
26.7 1
26.9 2
27.1 2
27.3 1
27.5 1
27.7 0
27.9 0
28.1 1
28.3 5
28.5 1
28.7 4
28.9 1
29.1 0
29.3 1
29.5 0
29.7 1
29.9 0
30.1 1
30.3 0
30.5 0
30.7 1
30.9 0
31.1 0
31.3 1
31.5 2
31.7 1
31.9 1
32.1 0
32.3 0
32.5 0
32.7 0
32.9 0
33.1 0
33.3 0
33.5 0
33.7 0
33.9 0
34.1 1
34.3 0
34.5 1
34.7 0
34.9 0
35.1 0
35.3 0
35.5 0
35.7 0
35.9 0
36.1 0
36.3 0
36.5 0
36.7 0
36.9 0
37.1 0
37.3 0
37.5 0
37.7 0
37.9 0
38.1 0
38.3 0
38.5 0
38.7 0
38.9 0
39.1 0
39.3 0
39.5 0
39.7 1
39.9 0
40.1 0
40.3 0
40.5 0
40.7 0
40.9 0
41.1 0
41.3 0
41.5 0
41.7 0
41.9 0
42.1 0
42.3 0
42.5 0
42.7 0
42.9 0
43.1 0
43.3 0
43.5 0
43.7 0
43.9 0
44.1 0
44.3 0
44.5 0
44.7 0
44.9 0
45.1 0
45.3 0
45.5 0
45.7 0
45.9 0
46.1 0
46.3 0
46.5 0
46.7 0
46.9 0
47.1 0
47.3 0
47.5 0
47.7 0
47.9 0
48.1 0
48.3 0
48.5 0
48.7 0
48.9 0
49.1 0
49.3 0
49.5 0
49.7 0
49.9 0
