1291
-207.9 4.35488e-07
-207.7 4.35488e-07
-207.5 4.35488e-07
-207.3 8.70977e-07
-207.1 8.70977e-07
-206.9 1.30646e-06
-206.7 2.17744e-06
-206.5 2.61293e-06
-206.3 3.04842e-06
-206.1 3.04842e-06
-205.9 3.04842e-06
-205.7 3.04842e-06
-205.5 3.04842e-06
-205.3 3.04842e-06
-205.1 3.04842e-06
-204.9 3.04842e-06
-204.7 3.04842e-06
-204.5 3.04842e-06
-204.3 3.48391e-06
-204.1 3.48391e-06
-203.9 3.91939e-06
-203.7 4.35488e-06
-203.5 4.79037e-06
-203.3 5.22586e-06
-203.1 5.66135e-06
-202.9 5.66135e-06
-202.7 5.66135e-06
-202.5 6.96781e-06
-202.3 9.14525e-06
-202.1 1.13227e-05
-201.9 1.52421e-05
-201.7 1.8726e-05
-201.5 2.35164e-05
-201.3 2.48228e-05
-201.1 3.30971e-05
-200.9 4.57263e-05
-200.7 5.4436e-05
-200.5 7.27265e-05
-200.3 9.62429e-05
-200.1 0.000123243
-199.9 0.000151985
-199.7 0.000199454
-199.5 0.000255632
-199.3 0.000334455
-199.1 0.000448117
-198.9 0.00059749
-198.7 0.000754701
-198.5 0.00098072
-198.3 0.00124724
-198.1 0.00158082
-197.9 0.00200847
-197.7 0.00253367
-197.5 0.00318734
-197.3 0.00398254
-197.1 0.00494366
-196.9 0.00606679
-196.7 0.00733188
-196.5 0.00879817
-196.3 0.0104935
-196.1 0.0122834
-195.9 0.0142248
-195.7 0.0162354
-195.5 0.0183737
-195.3 0.0205986
-195.1 0.022871
-194.9 0.0250885
-194.7 0.0273944
-194.5 0.0297134
-194.3 0.0319936
-194.1 0.0342224
-193.9 0.0364399
-193.7 0.0386121
-193.5 0.0407591
-193.3 0.0428947
-193.1 0.044962
-192.9 0.0470314
-192.7 0.0490599
-192.5 0.0510532
-192.3 0.0530007
-192.1 0.0548833
-191.9 0.0568134
-191.7 0.058726
-191.5 0.0605411
-191.3 0.0624211
-191.1 0.0642524
-190.9 0.0660971
-190.7 0.0679144
-190.5 0.0697374
-190.3 0.071559
-190.1 0.0732927
-189.9 0.0750446
-189.7 0.0767862
-189.5 0.0785612
-189.3 0.0803045
-189.1 0.0819815
-188.9 0.08369
-188.7 0.0854202
-188.5 0.0871416
-188.3 0.0888479
-188.1 0.0904836
-187.9 0.0921097
-187.7 0.093748
-187.5 0.0953393
-187.3 0.0969911
-187.1 0.098588
-186.9 0.100204
-186.7 0.101771
-186.5 0.103365
-186.3 0.10498
-186.1 0.106505
-185.9 0.108074
-185.7 0.109698
-185.5 0.111218
-185.3 0.112788
-185.1 0.114334
-184.9 0.115881
-184.7 0.117387
-184.5 0.118939
-184.3 0.120463
-184.1 0.121937
-183.9 0.123444
-183.7 0.124888
-183.5 0.12635
-183.3 0.127775
-183.1 0.129189
-182.9 0.130609
-182.7 0.13201
-182.5 0.133402
-182.3 0.134783
-182.1 0.136135
-181.9 0.137433
-181.7 0.138751
-181.5 0.140023
-181.3 0.141263
-181.1 0.142567
-180.9 0.143841
-180.7 0.145079
-180.5 0.146304
-180.3 0.147496
-180.1 0.148695
-179.9 0.149905
-179.7 0.151054
-179.5 0.152214
-179.3 0.153366
-179.1 0.154481
-178.9 0.155593
-178.7 0.156666
-178.5 0.15778
-178.3 0.158925
-178.1 0.160014
-177.9 0.161112
-177.7 0.162178
-177.5 0.163225
-177.3 0.164285
-177.1 0.165304
-176.9 0.166285
-176.7 0.167321
-176.5 0.168332
-176.3 0.169322
-176.1 0.170326
-175.9 0.171342
-175.7 0.172347
-175.5 0.173318
-175.3 0.174278
-175.1 0.175291
-174.9 0.176247
-174.7 0.177257
-174.5 0.178228
-174.3 0.179211
-174.1 0.180185
-173.9 0.181135
-173.7 0.182113
-173.5 0.183073
-173.3 0.184022
-173.1 0.18496
-172.9 0.185898
-172.7 0.186824
-172.5 0.187748
-172.3 0.188684
-172.1 0.189603
-171.9 0.190538
-171.7 0.19145
-171.5 0.192377
-171.3 0.193301
-171.1 0.194193
-170.9 0.195093
-170.7 0.196011
-170.5 0.196921
-170.3 0.197839
-170.1 0.198762
-169.9 0.199659
-169.7 0.200556
-169.5 0.201419
-169.3 0.202309
-169.1 0.203185
-168.9 0.204085
-168.7 0.204963
-168.5 0.205865
-168.3 0.206782
-168.1 0.207659
-167.9 0.208543
-167.7 0.209454
-167.5 0.210343
-167.3 0.211213
-167.1 0.212087
-166.9 0.21302
-166.7 0.213884
-166.5 0.214759
-166.3 0.215656
-166.1 0.216532
-165.9 0.217417
-165.7 0.218291
-165.5 0.219204
-165.3 0.220087
-165.1 0.220963
-164.9 0.221855
-164.7 0.222717
-164.5 0.223609
-164.3 0.224512
-164.1 0.225414
-163.9 0.226305
-163.7 0.227197
-163.5 0.228069
-163.3 0.228919
-163.1 0.229785
-162.9 0.230667
-162.7 0.23157
-162.5 0.232451
-162.3 0.233296
-162.1 0.234161
-161.9 0.235034
-161.7 0.235876
-161.5 0.236743
-161.3 0.23762
-161.1 0.238508
-160.9 0.23937
-160.7 0.240262
-160.5 0.241142
-160.3 0.242005
-160.1 0.24289
-159.9 0.243757
-159.7 0.244634
-159.5 0.245497
-159.3 0.24633
-159.1 0.247171
-158.9 0.24804
-158.7 0.248872
-158.5 0.249741
-158.3 0.25061
-158.1 0.251476
-157.9 0.252358
-157.7 0.253204
-157.5 0.254033
-157.3 0.254865
-157.1 0.255695
-156.9 0.25652
-156.7 0.257365
-156.5 0.258194
-156.3 0.259008
-156.1 0.259853
-155.9 0.260638
-155.7 0.261489
-155.5 0.262304
-155.3 0.263109
-155.1 0.26393
-154.9 0.264771
-154.7 0.265572
-154.5 0.266375
-154.3 0.26721
-154.1 0.267986
-153.9 0.268775
-153.7 0.26953
-153.5 0.270326
-153.3 0.271128
-153.1 0.271925
-152.9 0.272695
-152.7 0.273451
-152.5 0.274225
-152.3 0.274949
-152.1 0.275736
-151.9 0.276529
-151.7 0.277297
-151.5 0.278045
-151.3 0.278823
-151.1 0.27958
-150.9 0.280383
-150.7 0.28112
-150.5 0.281894
-150.3 0.282665
-150.1 0.283424
-149.9 0.284219
-149.7 0.284972
-149.5 0.285703
-149.3 0.286472
-149.1 0.287232
-148.9 0.287996
-148.7 0.288752
-148.5 0.289527
-148.3 0.290288
-148.1 0.291078
-147.9 0.291833
-147.7 0.292606
-147.5 0.293405
-147.3 0.294174
-147.1 0.294982
-146.9 0.295762
-146.7 0.296577
-146.5 0.297359
-146.3 0.298166
-146.1 0.298985
-145.9 0.299813
-145.7 0.30061
-145.5 0.301438
-145.3 0.302258
-145.1 0.303096
-144.9 0.30393
-144.7 0.304759
-144.5 0.30561
-144.3 0.306467
-144.1 0.307305
-143.9 0.308156
-143.7 0.309028
-143.5 0.309873
-143.3 0.310697
-143.1 0.311549
-142.9 0.312361
-142.7 0.313189
-142.5 0.314068
-142.3 0.31492
-142.1 0.315793
-141.9 0.316656
-141.7 0.317522
-141.5 0.318385
-141.3 0.319248
-141.1 0.320127
-140.9 0.321055
-140.7 0.321918
-140.5 0.322791
-140.3 0.323707
-140.1 0.324576
-139.9 0.325441
-139.7 0.326331
-139.5 0.327232
-139.3 0.328138
-139.1 0.32907
-138.9 0.329952
-138.7 0.33084
-138.5 0.331728
-138.3 0.33262
-138.1 0.333484
-137.9 0.334365
-137.7 0.335269
-137.5 0.336151
-137.3 0.337022
-137.1 0.337936
-136.9 0.338842
-136.7 0.339724
-136.5 0.340589
-136.3 0.341476
-136.1 0.342353
-135.9 0.343265
-135.7 0.344226
-135.5 0.345128
-135.3 0.346007
-135.1 0.346896
-134.9 0.347803
-134.7 0.348698
-134.5 0.349605
-134.3 0.350488
-134.1 0.351375
-133.9 0.35227
-133.7 0.353167
-133.5 0.354052
-133.3 0.354938
-133.1 0.355817
-132.9 0.356697
-132.7 0.357568
-132.5 0.358456
-132.3 0.359372
-132.1 0.360264
-131.9 0.361142
-131.7 0.362027
-131.5 0.362905
-131.3 0.363777
-131.1 0.364698
-130.9 0.365585
-130.7 0.366444
-130.5 0.367326
-130.3 0.368208
-130.1 0.369063
-129.9 0.369906
-129.7 0.370781
-129.5 0.371658
-129.3 0.372562
-129.1 0.373399
-128.9 0.374254
-128.7 0.375104
-128.5 0.375987
-128.3 0.376865
-128.1 0.377727
-127.9 0.378601
-127.7 0.379477
-127.5 0.380349
-127.3 0.381219
-127.1 0.382077
-126.9 0.382954
-126.7 0.383814
-126.5 0.384658
-126.3 0.38551
-126.1 0.386375
-125.9 0.387258
-125.7 0.388112
-125.5 0.388969
-125.3 0.389837
-125.1 0.390694
-124.9 0.391571
-124.7 0.392411
-124.5 0.393214
-124.3 0.394061
-124.1 0.394906
-123.9 0.395775
-123.7 0.396595
-123.5 0.397485
-123.3 0.398307
-123.1 0.399165
-122.9 0.400014
-122.7 0.40088
-122.5 0.401694
-122.3 0.402557
-122.1 0.403405
-121.9 0.404241
-121.7 0.405066
-121.5 0.405914
-121.3 0.406707
-121.1 0.407564
-120.9 0.408418
-120.7 0.409257
-120.5 0.410045
-120.3 0.410879
-120.1 0.411728
-119.9 0.4126
-119.7 0.413439
-119.5 0.4143
-119.3 0.415154
-119.1 0.415985
-118.9 0.416841
-118.7 0.417692
-118.5 0.41849
-118.3 0.419329
-118.1 0.420158
-117.9 0.421015
-117.7 0.421864
-117.5 0.422701
-117.3 0.423516
-117.1 0.424344
-116.9 0.425234
-116.7 0.426095
-116.5 0.426939
-116.3 0.427757
-116.1 0.428613
-115.9 0.429455
-115.7 0.430245
-115.5 0.431079
-115.3 0.431902
-115.1 0.432736
-114.9 0.433556
-114.7 0.434412
-114.5 0.435219
-114.3 0.436044
-114.1 0.436877
-113.9 0.437727
-113.7 0.43854
-113.5 0.439408
-113.3 0.440243
-113.1 0.441049
-112.9 0.441869
-112.7 0.442712
-112.5 0.443526
-112.3 0.444341
-112.1 0.445178
-111.9 0.445986
-111.7 0.446814
-111.5 0.447663
-111.3 0.448502
-111.1 0.449349
-110.9 0.450194
-110.7 0.451024
-110.5 0.451875
-110.3 0.4527
-110.1 0.453532
-109.9 0.454396
-109.7 0.455235
-109.5 0.456087
-109.3 0.456926
-109.1 0.457744
-108.9 0.458576
-108.7 0.459406
-108.5 0.460235
-108.3 0.461087
-108.1 0.461908
-107.9 0.4627
-107.7 0.463544
-107.5 0.464366
-107.3 0.465194
-107.1 0.466029
-106.9 0.466865
-106.7 0.467674
-106.5 0.468454
-106.3 0.469251
-106.1 0.470057
-105.9 0.470855
-105.7 0.471687
-105.5 0.472489
-105.3 0.473306
-105.1 0.474102
-104.9 0.47492
-104.7 0.475739
-104.5 0.476556
-104.3 0.477365
-104.1 0.478189
-103.9 0.479046
-103.7 0.479886
-103.5 0.480721
-103.3 0.48154
-103.1 0.482373
-102.9 0.483208
-102.7 0.484008
-102.5 0.484807
-102.3 0.485605
-102.1 0.486443
-101.9 0.487223
-101.7 0.488036
-101.5 0.488857
-101.3 0.489677
-101.1 0.490487
-100.9 0.49129
-100.7 0.492085
-100.5 0.492873
-100.3 0.493688
-100.1 0.494515
-99.9 0.495347
-99.7 0.496158
-99.5 0.496977
-99.3 0.497795
-99.1 0.49863
-98.9 0.499437
-98.7 0.500235
-98.5 0.501041
-98.3 0.501863
-98.1 0.502672
-97.9 0.503464
-97.7 0.50428
-97.5 0.505088
-97.3 0.505888
-97.1 0.506698
-96.9 0.507529
-96.7 0.508317
-96.5 0.509103
-96.3 0.509888
-96.1 0.51068
-95.9 0.511454
-95.7 0.512268
-95.5 0.513089
-95.3 0.51387
-95.1 0.514693
-94.9 0.515505
-94.7 0.516307
-94.5 0.517099
-94.3 0.517934
-94.1 0.518724
-93.9 0.519498
-93.7 0.520294
-93.5 0.521098
-93.3 0.521872
-93.1 0.522659
-92.9 0.523458
-92.7 0.524287
-92.5 0.525068
-92.3 0.525834
-92.1 0.526605
-91.9 0.527371
-91.7 0.528156
-91.5 0.52892
-91.3 0.529714
-91.1 0.5305
-90.9 0.531299
-90.7 0.532099
-90.5 0.5329
-90.3 0.533678
-90.1 0.534513
-89.9 0.535313
-89.7 0.536137
-89.5 0.536934
-89.3 0.537731
-89.1 0.538538
-88.9 0.539319
-88.7 0.540127
-88.5 0.540941
-88.3 0.541693
-88.1 0.5425
-87.9 0.543285
-87.7 0.544086
-87.5 0.544862
-87.3 0.545656
-87.1 0.546457
-86.9 0.547273
-86.7 0.548055
-86.5 0.54881
-86.3 0.549624
-86.1 0.550405
-85.9 0.551225
-85.7 0.552025
-85.5 0.552809
-85.3 0.55362
-85.1 0.554412
-84.9 0.555205
-84.7 0.556006
-84.5 0.556816
-84.3 0.557604
-84.1 0.558415
-83.9 0.559228
-83.7 0.560027
-83.5 0.560827
-83.3 0.561641
-83.1 0.562451
-82.9 0.563263
-82.7 0.564081
-82.5 0.564876
-82.3 0.565656
-82.1 0.566487
-81.9 0.567325
-81.7 0.568124
-81.5 0.568938
-81.3 0.569763
-81.1 0.570609
-80.9 0.571399
-80.7 0.572215
-80.5 0.573038
-80.3 0.573865
-80.1 0.574682
-79.9 0.575473
-79.7 0.576313
-79.5 0.577111
-79.3 0.577946
-79.1 0.57878
-78.9 0.579613
-78.7 0.580414
-78.5 0.581231
-78.3 0.582057
-78.1 0.58287
-77.9 0.583664
-77.7 0.584485
-77.5 0.585315
-77.3 0.586126
-77.1 0.586967
-76.9 0.587806
-76.7 0.588667
-76.5 0.589549
-76.3 0.590371
-76.1 0.591175
-75.9 0.592001
-75.7 0.592856
-75.5 0.593709
-75.3 0.594555
-75.1 0.595395
-74.9 0.596209
-74.7 0.597037
-74.5 0.59788
-74.3 0.598699
-74.1 0.599538
-73.9 0.600359
-73.7 0.601235
-73.5 0.602049
-73.3 0.602874
-73.1 0.603694
-72.9 0.604544
-72.7 0.60537
-72.5 0.606237
-72.3 0.607073
-72.1 0.607905
-71.9 0.608747
-71.7 0.609568
-71.5 0.610375
-71.3 0.611214
-71.1 0.612005
-70.9 0.612827
-70.7 0.61365
-70.5 0.614507
-70.3 0.615343
-70.1 0.61617
-69.9 0.617005
-69.7 0.617853
-69.5 0.618683
-69.3 0.619503
-69.1 0.620337
-68.9 0.62114
-68.7 0.621973
-68.5 0.622792
-68.3 0.623602
-68.1 0.624419
-67.9 0.625228
-67.7 0.626072
-67.5 0.626935
-67.3 0.627771
-67.1 0.628566
-66.9 0.629346
-66.7 0.630113
-66.5 0.630944
-66.3 0.631745
-66.1 0.632598
-65.9 0.633446
-65.7 0.634267
-65.5 0.635086
-65.3 0.635913
-65.1 0.636718
-64.9 0.637561
-64.7 0.638415
-64.5 0.639244
-64.3 0.640085
-64.1 0.640895
-63.9 0.641736
-63.7 0.642569
-63.5 0.643355
-63.3 0.644166
-63.1 0.644985
-62.9 0.645807
-62.7 0.646641
-62.5 0.647502
-62.3 0.64833
-62.1 0.649134
-61.9 0.649957
-61.7 0.650796
-61.5 0.651621
-61.3 0.652452
-61.1 0.653276
-60.9 0.654112
-60.7 0.654926
-60.5 0.655737
-60.3 0.65657
-60.1 0.657423
-59.9 0.658245
-59.7 0.659066
-59.5 0.659882
-59.3 0.660694
-59.1 0.661504
-58.9 0.662331
-58.7 0.663139
-58.5 0.663969
-58.3 0.664786
-58.1 0.665584
-57.9 0.666409
-57.7 0.667252
-57.5 0.668097
-57.3 0.668883
-57.1 0.669734
-56.9 0.670577
-56.7 0.671378
-56.5 0.672215
-56.3 0.673017
-56.1 0.673831
-55.9 0.674668
-55.7 0.675505
-55.5 0.676329
-55.3 0.677171
-55.1 0.677964
-54.9 0.678804
-54.7 0.679623
-54.5 0.680436
-54.3 0.681221
-54.1 0.682044
-53.9 0.682865
-53.7 0.683684
-53.5 0.684473
-53.3 0.685307
-53.1 0.686133
-52.9 0.686947
-52.7 0.687797
-52.5 0.688598
-52.3 0.689423
-52.1 0.690236
-51.9 0.691075
-51.7 0.691918
-51.5 0.692692
-51.3 0.693535
-51.1 0.694374
-50.9 0.695186
-50.7 0.695997
-50.5 0.696813
-50.3 0.697618
-50.1 0.698438
-49.9 0.699305
-49.7 0.70012
-49.5 0.700945
-49.3 0.701781
-49.1 0.702625
-48.9 0.703433
-48.7 0.704266
-48.5 0.705073
-48.3 0.70589
-48.1 0.70671
-47.9 0.707532
-47.7 0.70835
-47.5 0.709179
-47.3 0.709992
-47.1 0.710798
-46.9 0.711604
-46.7 0.712437
-46.5 0.713227
-46.3 0.71404
-46.1 0.71486
-45.9 0.715681
-45.7 0.716532
-45.5 0.717338
-45.3 0.718155
-45.1 0.718988
-44.9 0.719787
-44.7 0.720617
-44.5 0.72148
-44.3 0.722292
-44.1 0.723081
-43.9 0.723889
-43.7 0.724707
-43.5 0.725587
-43.3 0.726422
-43.1 0.727241
-42.9 0.728052
-42.7 0.72889
-42.5 0.729729
-42.3 0.730536
-42.1 0.731362
-41.9 0.732176
-41.7 0.732991
-41.5 0.733789
-41.3 0.734583
-41.1 0.735396
-40.9 0.73621
-40.7 0.736977
-40.5 0.737793
-40.3 0.738613
-40.1 0.739454
-39.9 0.740271
-39.7 0.741075
-39.5 0.74186
-39.3 0.742649
-39.1 0.743459
-38.9 0.744229
-38.7 0.745025
-38.5 0.745841
-38.3 0.746673
-38.1 0.747503
-37.9 0.748306
-37.7 0.749096
-37.5 0.74993
-37.3 0.750743
-37.1 0.751523
-36.9 0.752334
-36.7 0.753127
-36.5 0.753964
-36.3 0.754772
-36.1 0.755595
-35.9 0.756415
-35.7 0.75722
-35.5 0.758024
-35.3 0.758858
-35.1 0.75969
-34.9 0.760511
-34.7 0.761321
-34.5 0.762146
-34.3 0.762937
-34.1 0.763721
-33.9 0.764525
-33.7 0.765319
-33.5 0.766173
-33.3 0.766954
-33.1 0.767745
-32.9 0.768568
-32.7 0.769402
-32.5 0.770227
-32.3 0.771068
-32.1 0.7719
-31.9 0.772724
-31.7 0.77352
-31.5 0.774346
-31.3 0.775113
-31.1 0.775906
-30.9 0.776731
-30.7 0.777565
-30.5 0.778404
-30.3 0.77922
-30.1 0.780043
-29.9 0.780887
-29.7 0.781732
-29.5 0.782542
-29.3 0.783362
-29.1 0.784175
-28.9 0.785009
-28.7 0.785813
-28.5 0.786606
-28.3 0.787405
-28.1 0.788235
-27.9 0.789057
-27.7 0.789885
-27.5 0.790683
-27.3 0.791496
-27.1 0.792294
-26.9 0.793119
-26.7 0.793976
-26.5 0.794817
-26.3 0.795618
-26.1 0.796451
-25.9 0.797263
-25.7 0.798096
-25.5 0.798965
-25.3 0.79977
-25.1 0.800588
-24.9 0.801448
-24.7 0.802256
-24.5 0.80307
-24.3 0.803896
-24.1 0.804714
-23.9 0.80554
-23.7 0.806379
-23.5 0.807171
-23.3 0.807999
-23.1 0.808798
-22.9 0.809617
-22.7 0.810381
-22.5 0.811171
-22.3 0.811957
-22.1 0.812757
-21.9 0.8136
-21.7 0.814417
-21.5 0.815271
-21.3 0.81607
-21.1 0.816854
-20.9 0.817688
-20.7 0.818497
-20.5 0.819304
-20.3 0.820098
-20.1 0.820894
-19.9 0.821718
-19.7 0.822538
-19.5 0.823345
-19.3 0.824145
-19.1 0.82496
-18.9 0.825779
-18.7 0.826595
-18.5 0.827375
-18.3 0.828196
-18.1 0.828986
-17.9 0.829794
-17.7 0.830601
-17.5 0.831425
-17.3 0.832245
-17.1 0.833081
-16.9 0.833881
-16.7 0.834688
-16.5 0.835518
-16.3 0.836326
-16.1 0.837172
-15.9 0.83798
-15.7 0.838825
-15.5 0.839646
-15.3 0.840465
-15.1 0.841292
-14.9 0.842119
-14.7 0.842915
-14.5 0.84371
-14.3 0.844532
-14.1 0.845339
-13.9 0.846177
-13.7 0.846992
-13.5 0.847819
-13.3 0.84866
-13.1 0.849448
-12.9 0.850254
-12.7 0.851061
-12.5 0.851835
-12.3 0.852621
-12.1 0.853454
-11.9 0.854259
-11.7 0.855038
-11.5 0.855856
-11.3 0.856669
-11.1 0.857473
-10.9 0.858258
-10.7 0.859025
-10.5 0.859809
-10.3 0.860624
-10.1 0.861436
-9.9 0.862255
-9.7 0.863053
-9.5 0.86388
-9.3 0.864713
-9.1 0.865526
-8.9 0.86637
-8.7 0.86717
-8.5 0.867956
-8.3 0.868764
-8.1 0.869585
-7.9 0.870389
-7.7 0.871219
-7.5 0.872035
-7.3 0.872834
-7.1 0.873656
-6.9 0.874476
-6.7 0.875306
-6.5 0.876094
-6.3 0.876926
-6.1 0.877757
-5.9 0.878568
-5.7 0.879396
-5.5 0.880201
-5.3 0.881004
-5.1 0.881827
-4.9 0.882652
-4.7 0.883492
-4.5 0.884321
-4.3 0.885132
-4.1 0.885953
-3.9 0.886773
-3.7 0.887553
-3.5 0.888371
-3.3 0.889198
-3.1 0.890036
-2.9 0.890864
-2.7 0.891666
-2.5 0.892456
-2.3 0.893263
-2.1 0.89403
-1.9 0.894813
-1.7 0.895621
-1.5 0.896395
-1.3 0.8972
-1.1 0.897966
-0.899999 0.898766
-0.699999 0.899608
-0.499999 0.90043
-0.299999 0.901281
-0.0999994 0.902118
0.100001 0.902923
0.300001 0.903753
0.500001 0.904564
0.700001 0.905346
0.900001 0.906134
1.1 0.906885
1.3 0.907664
1.5 0.908474
1.7 0.909281
1.9 0.910123
2.1 0.910946
2.3 0.911735
2.5 0.912541
2.7 0.913376
2.9 0.914162
3.1 0.91502
3.3 0.915806
3.5 0.916653
3.7 0.917473
3.9 0.918298
4.1 0.919102
4.3 0.919907
4.5 0.92076
4.7 0.921582
4.9 0.922382
5.1 0.923157
5.3 0.923944
5.5 0.924783
5.7 0.925591
5.9 0.926399
6.1 0.927226
6.3 0.928022
6.5 0.928881
6.7 0.929687
6.9 0.930493
7.1 0.931297
7.3 0.932115
7.5 0.932909
7.7 0.933749
7.9 0.934552
8.1 0.935393
8.3 0.936185
8.5 0.936977
8.7 0.937777
8.9 0.938573
9.1 0.939377
9.3 0.940168
9.5 0.940959
9.7 0.941756
9.9 0.942555
10.1 0.943326
10.3 0.944111
10.5 0.944915
10.7 0.945673
10.9 0.946456
11.1 0.947258
11.3 0.948034
11.5 0.94878
11.7 0.949547
11.9 0.950325
12.1 0.951116
12.3 0.951877
12.5 0.952639
12.7 0.953395
12.9 0.954127
13.1 0.954888
13.3 0.955633
13.5 0.956378
13.7 0.957105
13.9 0.957849
14.1 0.95858
14.3 0.959342
14.5 0.960067
14.7 0.960787
14.9 0.961539
15.1 0.962251
15.3 0.962969
15.5 0.963683
15.7 0.964406
15.9 0.965107
16.1 0.965812
16.3 0.966492
16.5 0.967181
16.7 0.967884
16.9 0.968534
17.1 0.969187
17.3 0.969843
17.5 0.9705
17.7 0.971131
17.9 0.971783
18.1 0.97239
18.3 0.973028
18.5 0.973666
18.7 0.974287
18.9 0.974896
19.1 0.975489
19.3 0.976086
19.5 0.976646
19.7 0.977246
19.9 0.977831
20.1 0.978376
20.3 0.978955
20.5 0.97954
20.7 0.980068
20.9 0.980607
21.1 0.981175
21.3 0.981698
21.5 0.98221
21.7 0.982708
21.9 0.983203
22.1 0.983676
22.3 0.984154
22.5 0.98464
22.7 0.985099
22.9 0.985568
23.1 0.986016
23.3 0.986472
23.5 0.986893
23.7 0.987309
23.9 0.987746
24.1 0.988169
24.3 0.988565
24.5 0.98893
24.7 0.98931
24.9 0.989685
25.1 0.990057
25.3 0.990407
25.5 0.990779
25.7 0.99112
25.9 0.991449
26.1 0.99176
26.3 0.992065
26.5 0.992365
26.7 0.992658
26.9 0.992934
27.1 0.993221
27.3 0.993486
27.5 0.993765
27.7 0.994032
27.9 0.99429
28.1 0.994536
28.3 0.994786
28.5 0.995032
28.7 0.995252
28.9 0.995467
29.1 0.995678
29.3 0.995881
29.5 0.99607
29.7 0.99625
29.9 0.996428
30.1 0.996601
30.3 0.996761
30.5 0.996925
30.7 0.997089
30.9 0.997249
31.1 0.997385
31.3 0.997513
31.5 0.997646
31.7 0.997781
31.9 0.997894
32.1 0.998005
32.3 0.998114
32.5 0.998224
32.7 0.998318
32.9 0.998421
33.1 0.998512
33.3 0.998597
33.5 0.998673
33.7 0.998752
33.9 0.998826
34.1 0.998899
34.3 0.998961
34.5 0.999026
34.7 0.999083
34.9 0.999136
35.1 0.999191
35.3 0.999245
35.5 0.999293
35.7 0.99934
35.9 0.999387
36.1 0.999421
36.3 0.999458
36.5 0.99949
36.7 0.999529
36.9 0.999568
37.1 0.999597
37.3 0.999628
37.5 0.999657
37.7 0.999686
37.9 0.999716
38.1 0.999737
38.3 0.999759
38.5 0.999775
38.7 0.999797
38.9 0.999809
39.1 0.999824
39.3 0.999837
39.5 0.999849
39.7 0.99986
39.9 0.999871
40.1 0.999878
40.3 0.999889
40.5 0.999901
40.7 0.999911
40.9 0.999916
41.1 0.999921
41.3 0.999928
41.5 0.999932
41.7 0.999936
41.9 0.999941
42.1 0.999944
42.3 0.999949
42.5 0.999953
42.7 0.999955
42.9 0.999957
43.1 0.99996
43.3 0.999963
43.5 0.999966
43.7 0.999966
43.9 0.999969
44.1 0.999971
44.3 0.999973
44.5 0.999974
44.7 0.999975
44.9 0.999976
45.1 0.999978
45.3 0.99998
45.5 0.999981
45.7 0.999982
45.9 0.999983
46.1 0.999983
46.3 0.999985
46.5 0.999987
46.7 0.999987
46.9 0.999988
47.1 0.99999
47.3 0.999991
47.5 0.999991
47.7 0.999992
47.9 0.999993
48.1 0.999993
48.3 0.999994
48.5 0.999994
48.7 0.999995
48.9 0.999996
49.1 0.999996
49.3 0.999997
49.5 0.999998
49.7 0.999998
49.9 1
50.1 1
