1296
-208.9 4.69666e-07
-208.7 9.39333e-07
-208.5 9.39333e-07
-208.3 9.39333e-07
-208.1 9.39333e-07
-207.9 9.39333e-07
-207.7 9.39333e-07
-207.5 9.39333e-07
-207.3 9.39333e-07
-207.1 9.39333e-07
-206.9 1.409e-06
-206.7 1.409e-06
-206.5 1.87867e-06
-206.3 1.87867e-06
-206.1 1.87867e-06
-205.9 1.87867e-06
-205.7 2.34833e-06
-205.5 2.818e-06
-205.3 3.28766e-06
-205.1 3.28766e-06
-204.9 4.227e-06
-204.7 4.227e-06
-204.5 4.69666e-06
-204.3 5.16633e-06
-204.1 5.636e-06
-203.9 5.636e-06
-203.7 6.10566e-06
-203.5 6.10566e-06
-203.3 6.10566e-06
-203.1 6.10566e-06
-202.9 6.10566e-06
-202.7 6.57533e-06
-202.5 6.57533e-06
-202.3 7.51466e-06
-202.1 7.51466e-06
-201.9 7.51466e-06
-201.7 7.51466e-06
-201.5 9.39333e-06
-201.3 9.86299e-06
-201.1 1.08023e-05
-200.9 1.31507e-05
-200.7 1.31507e-05
-200.5 1.73777e-05
-200.3 1.87867e-05
-200.1 2.1135e-05
-199.9 2.44227e-05
-199.7 3.47553e-05
-199.5 4.83756e-05
-199.3 6.1996e-05
-199.1 8.40703e-05
-198.9 0.000122113
-198.7 0.000172837
-198.5 0.000246105
-198.3 0.000339569
-198.1 0.000444774
-197.9 0.00059084
-197.7 0.000792797
-197.5 0.00103749
-197.3 0.00134184
-197.1 0.00172227
-196.9 0.00218395
-196.7 0.00274144
-196.5 0.00339804
-196.3 0.00414668
-196.1 0.0050212
-195.9 0.00596711
-195.7 0.00705674
-195.5 0.00825908
-195.3 0.00953188
-195.1 0.0108986
-194.9 0.0123076
-194.7 0.0138242
-194.5 0.0153928
-194.3 0.0170108
-194.1 0.0186838
-193.9 0.020368
-193.7 0.0220687
-193.5 0.0238323
-193.3 0.0256222
-193.1 0.0273848
-192.9 0.0290996
-192.7 0.0307819
-192.5 0.0325131
-192.3 0.0342453
-192.1 0.0359642
-191.9 0.03764
-191.7 0.0393397
-191.5 0.0410193
-191.3 0.0427039
-191.1 0.0443586
-190.9 0.0459911
-190.7 0.0476152
-190.5 0.0492126
-190.3 0.0507925
-190.1 0.0523467
-189.9 0.053944
-189.7 0.0554671
-189.5 0.0570001
-189.3 0.0585697
-189.1 0.0600525
-188.9 0.061562
-188.7 0.0630565
-188.5 0.0645641
-188.3 0.066045
-188.1 0.0674986
-187.9 0.0689419
-187.7 0.0703884
-187.5 0.0718275
-187.3 0.0732337
-187.1 0.07466
-186.9 0.0760559
-186.7 0.0774649
-186.5 0.0788664
-186.3 0.0802669
-186.1 0.0816693
-185.9 0.0830384
-185.7 0.0844037
-185.5 0.0857305
-185.3 0.0870592
-185.1 0.0883748
-184.9 0.0897298
-184.7 0.0910359
-184.5 0.0923683
-184.3 0.0936233
-184.1 0.0949369
-183.9 0.0962097
-183.7 0.0975056
-183.5 0.0987267
-183.3 0.100015
-183.1 0.101248
-182.9 0.102492
-182.7 0.103655
-182.5 0.104869
-182.3 0.106072
-182.1 0.107261
-181.9 0.108489
-181.7 0.109685
-181.5 0.11085
-181.3 0.112027
-181.1 0.113186
-180.9 0.114383
-180.7 0.115535
-180.5 0.116644
-180.3 0.117781
-180.1 0.118912
-179.9 0.120019
-179.7 0.121101
-179.5 0.122178
-179.3 0.123264
-179.1 0.124339
-178.9 0.125422
-178.7 0.126487
-178.5 0.127534
-178.3 0.128581
-178.1 0.12961
-177.9 0.130663
-177.7 0.131704
-177.5 0.132746
-177.3 0.133811
-177.1 0.134832
-176.9 0.135833
-176.7 0.136851
-176.5 0.137824
-176.3 0.1388
-176.1 0.13978
-175.9 0.140804
-175.7 0.141778
-175.5 0.142739
-175.3 0.143712
-175.1 0.144688
-174.9 0.14569
-174.7 0.146636
-174.5 0.147621
-174.3 0.148589
-174.1 0.149533
-173.9 0.150479
-173.7 0.151441
-173.5 0.15239
-173.3 0.153322
-173.1 0.1543
-172.9 0.155234
-172.7 0.156166
-172.5 0.157139
-172.3 0.158046
-172.1 0.159001
-171.9 0.159943
-171.7 0.160882
-171.5 0.161814
-171.3 0.162723
-171.1 0.16366
-170.9 0.164608
-170.7 0.165564
-170.5 0.16651
-170.3 0.167486
-170.1 0.16842
-169.9 0.169329
-169.7 0.170243
-169.5 0.171151
-169.3 0.172091
-169.1 0.173005
-168.9 0.17392
-168.7 0.174851
-168.5 0.175722
-168.3 0.176643
-168.1 0.177544
-167.9 0.178442
-167.7 0.179371
-167.5 0.18026
-167.3 0.181152
-167.1 0.182072
-166.9 0.182995
-166.7 0.183891
-166.5 0.184816
-166.3 0.18573
-166.1 0.186641
-165.9 0.187558
-165.7 0.188477
-165.5 0.189376
-165.3 0.190253
-165.1 0.191144
-164.9 0.192008
-164.7 0.19293
-164.5 0.193835
-164.3 0.194727
-164.1 0.195617
-163.9 0.196539
-163.7 0.19744
-163.5 0.198325
-163.3 0.199182
-163.1 0.20007
-162.9 0.200975
-162.7 0.201894
-162.5 0.202797
-162.3 0.203691
-162.1 0.20458
-161.9 0.205461
-161.7 0.20637
-161.5 0.207254
-161.3 0.208144
-161.1 0.209033
-160.9 0.20989
-160.7 0.210762
-160.5 0.211661
-160.3 0.21254
-160.1 0.213446
-159.9 0.21433
-159.7 0.215212
-159.5 0.216107
-159.3 0.216988
-159.1 0.217843
-158.9 0.218725
-158.7 0.219611
-158.5 0.220466
-158.3 0.221348
-158.1 0.222256
-157.9 0.223119
-157.7 0.224009
-157.5 0.224894
-157.3 0.225738
-157.1 0.226607
-156.9 0.227491
-156.7 0.228368
-156.5 0.229248
-156.3 0.230135
-156.1 0.231018
-155.9 0.231917
-155.7 0.232816
-155.5 0.233694
-155.3 0.234577
-155.1 0.2355
-154.9 0.236383
-154.7 0.237278
-154.5 0.238166
-154.3 0.239033
-154.1 0.239902
-153.9 0.240732
-153.7 0.241638
-153.5 0.242535
-153.3 0.243419
-153.1 0.244274
-152.9 0.245147
-152.7 0.246061
-152.5 0.246927
-152.3 0.247808
-152.1 0.24867
-151.9 0.249548
-151.7 0.25042
-151.5 0.251313
-151.3 0.252134
-151.1 0.253003
-150.9 0.253869
-150.7 0.254741
-150.5 0.255567
-150.3 0.256418
-150.1 0.257265
-149.9 0.258092
-149.7 0.258971
-149.5 0.259817
-149.3 0.260693
-149.1 0.261523
-148.9 0.262374
-148.7 0.263215
-148.5 0.264053
-148.3 0.264898
-148.1 0.26574
-147.9 0.266585
-147.7 0.267449
-147.5 0.268265
-147.3 0.269107
-147.1 0.269921
-146.9 0.270762
-146.7 0.271644
-146.5 0.272493
-146.3 0.273319
-146.1 0.274218
-145.9 0.275063
-145.7 0.275861
-145.5 0.276689
-145.3 0.277557
-145.1 0.278396
-144.9 0.27926
-144.7 0.280135
-144.5 0.280966
-144.3 0.281778
-144.1 0.282612
-143.9 0.283451
-143.7 0.284285
-143.5 0.28511
-143.3 0.285947
-143.1 0.286788
-142.9 0.287632
-142.7 0.288457
-142.5 0.289278
-142.3 0.290117
-142.1 0.290973
-141.9 0.291794
-141.7 0.292593
-141.5 0.293436
-141.3 0.294263
-141.1 0.295094
-140.9 0.295925
-140.7 0.296774
-140.5 0.297621
-140.3 0.298464
-140.1 0.299339
-139.9 0.300174
-139.7 0.300998
-139.5 0.301863
-139.3 0.302684
-139.1 0.303511
-138.9 0.304345
-138.7 0.305147
-138.5 0.305955
-138.3 0.306777
-138.1 0.307623
-137.9 0.308449
-137.7 0.309245
-137.5 0.310095
-137.3 0.310977
-137.1 0.311818
-136.9 0.312686
-136.7 0.313552
-136.5 0.314392
-136.3 0.315264
-136.1 0.316118
-135.9 0.316974
-135.7 0.317859
-135.5 0.318732
-135.3 0.31958
-135.1 0.320461
-134.9 0.321348
-134.7 0.322187
-134.5 0.323064
-134.3 0.323965
-134.1 0.324845
-133.9 0.32577
-133.7 0.32664
-133.5 0.327529
-133.3 0.328417
-133.1 0.329306
-132.9 0.330236
-132.7 0.331118
-132.5 0.331993
-132.3 0.332868
-132.1 0.333757
-131.9 0.334612
-131.7 0.335481
-131.5 0.336346
-131.3 0.337239
-131.1 0.338112
-130.9 0.339031
-130.7 0.339902
-130.5 0.34078
-130.3 0.341703
-130.1 0.342612
-129.9 0.343476
-129.7 0.344394
-129.5 0.345272
-129.3 0.346152
-129.1 0.347035
-128.9 0.347916
-128.7 0.348785
-128.5 0.349723
-128.3 0.350623
-128.1 0.351547
-127.9 0.352422
-127.7 0.353293
-127.5 0.354181
-127.3 0.35508
-127.1 0.355968
-126.9 0.356866
-126.7 0.357782
-126.5 0.358672
-126.3 0.359555
-126.1 0.360417
-125.9 0.361281
-125.7 0.362163
-125.5 0.363029
-125.3 0.363906
-125.1 0.364768
-124.9 0.365657
-124.7 0.36653
-124.5 0.367429
-124.3 0.368329
-124.1 0.369233
-123.9 0.370119
-123.7 0.370978
-123.5 0.371815
-123.3 0.372685
-123.1 0.373526
-122.9 0.37441
-122.7 0.375299
-122.5 0.376213
-122.3 0.377101
-122.1 0.377943
-121.9 0.37881
-121.7 0.379677
-121.5 0.380583
-121.3 0.381466
-121.1 0.382298
-120.9 0.383173
-120.7 0.38404
-120.5 0.384883
-120.3 0.385746
-120.1 0.386602
-119.9 0.387514
-119.7 0.3884
-119.5 0.389238
-119.3 0.39008
-119.1 0.390926
-118.9 0.391837
-118.7 0.392753
-118.5 0.393648
-118.3 0.394525
-118.1 0.395391
-117.9 0.39626
-117.7 0.397108
-117.5 0.397963
-117.3 0.398827
-117.1 0.399665
-116.9 0.400508
-116.7 0.401333
-116.5 0.402242
-116.3 0.403136
-116.1 0.403998
-115.9 0.404825
-115.7 0.40568
-115.5 0.406549
-115.3 0.407369
-115.1 0.408192
-114.9 0.40903
-114.7 0.409872
-114.5 0.410741
-114.3 0.411614
-114.1 0.412489
-113.9 0.413347
-113.7 0.414195
-113.5 0.415077
-113.3 0.415938
-113.1 0.416792
-112.9 0.417633
-112.7 0.41848
-112.5 0.41935
-112.3 0.420202
-112.1 0.421082
-111.9 0.421967
-111.7 0.422844
-111.5 0.423725
-111.3 0.424574
-111.1 0.425399
-110.9 0.426252
-110.7 0.427099
-110.5 0.427921
-110.3 0.428765
-110.1 0.429648
-109.9 0.430499
-109.7 0.431375
-109.5 0.432243
-109.3 0.433092
-109.1 0.433952
-108.9 0.434824
-108.7 0.43566
-108.5 0.436484
-108.3 0.437342
-108.1 0.438262
-107.9 0.439141
-107.7 0.439984
-107.5 0.440811
-107.3 0.441665
-107.1 0.442503
-106.9 0.443374
-106.7 0.444214
-106.5 0.445071
-106.3 0.445932
-106.1 0.446787
-105.9 0.44764
-105.7 0.448469
-105.5 0.449295
-105.3 0.450143
-105.1 0.450983
-104.9 0.451783
-104.7 0.452633
-104.5 0.45347
-104.3 0.454341
-104.1 0.455164
-103.9 0.455993
-103.7 0.456821
-103.5 0.457684
-103.3 0.458527
-103.1 0.459376
-102.9 0.46025
-102.7 0.461107
-102.5 0.461987
-102.3 0.462825
-102.1 0.463676
-101.9 0.464573
-101.7 0.46544
-101.5 0.466285
-101.3 0.467128
-101.1 0.468003
-100.9 0.468822
-100.7 0.469666
-100.5 0.470486
-100.3 0.471317
-100.1 0.472165
-99.9 0.473032
-99.7 0.473891
-99.5 0.474733
-99.3 0.475571
-99.1 0.476414
-98.9 0.477291
-98.7 0.478151
-98.5 0.479036
-98.3 0.479892
-98.1 0.480787
-97.9 0.481668
-97.7 0.482528
-97.5 0.483352
-97.3 0.484182
-97.1 0.485055
-96.9 0.485877
-96.7 0.486692
-96.5 0.487555
-96.3 0.488424
-96.1 0.489292
-95.9 0.490141
-95.7 0.490996
-95.5 0.491843
-95.3 0.492695
-95.1 0.493524
-94.9 0.494359
-94.7 0.495169
-94.5 0.496024
-94.3 0.496879
-94.1 0.497732
-93.9 0.498594
-93.7 0.499424
-93.5 0.500298
-93.3 0.501165
-93.1 0.502043
-92.9 0.502904
-92.7 0.503728
-92.5 0.504565
-92.3 0.505459
-92.1 0.50633
-91.9 0.507139
-91.7 0.507981
-91.5 0.508815
-91.3 0.509667
-91.1 0.510538
-90.9 0.511385
-90.7 0.512261
-90.5 0.513143
-90.3 0.513993
-90.1 0.514829
-89.9 0.51569
-89.7 0.5165
-89.5 0.517364
-89.3 0.518261
-89.1 0.519109
-88.9 0.519952
-88.7 0.52078
-88.5 0.521632
-88.3 0.5225
-88.1 0.523362
-87.9 0.524182
-87.7 0.525033
-87.5 0.525865
-87.3 0.526707
-87.1 0.527531
-86.9 0.528385
-86.7 0.529208
-86.5 0.530062
-86.3 0.530906
-86.1 0.531731
-85.9 0.532583
-85.7 0.533436
-85.5 0.534295
-85.3 0.535134
-85.1 0.535967
-84.9 0.536789
-84.7 0.537642
-84.5 0.538475
-84.3 0.539324
-84.1 0.540194
-83.9 0.541058
-83.7 0.541889
-83.5 0.542757
-83.3 0.543595
-83.1 0.544455
-82.9 0.545309
-82.7 0.546186
-82.5 0.547051
-82.3 0.547895
-82.1 0.548747
-81.9 0.549599
-81.7 0.550463
-81.5 0.551308
-81.3 0.552155
-81.1 0.553018
-80.9 0.553901
-80.7 0.55478
-80.5 0.555639
-80.3 0.556498
-80.1 0.557359
-79.9 0.558196
-79.7 0.559078
-79.5 0.559916
-79.3 0.560734
-79.1 0.561599
-78.9 0.562495
-78.7 0.56334
-78.5 0.564215
-78.3 0.5651
-78.1 0.56596
-77.9 0.566841
-77.7 0.567706
-77.5 0.568568
-77.3 0.569417
-77.1 0.570252
-76.9 0.571098
-76.7 0.571947
-76.5 0.572828
-76.3 0.573675
-76.1 0.574563
-75.9 0.575423
-75.7 0.576255
-75.5 0.577092
-75.3 0.577985
-75.1 0.578822
-74.9 0.579636
-74.7 0.580516
-74.5 0.581359
-74.3 0.582197
-74.1 0.583048
-73.9 0.583894
-73.7 0.584768
-73.5 0.585624
-73.3 0.586475
-73.1 0.587342
-72.9 0.58818
-72.7 0.589008
-72.5 0.589885
-72.3 0.590715
-72.1 0.5916
-71.9 0.592444
-71.7 0.593299
-71.5 0.594149
-71.3 0.595024
-71.1 0.595905
-70.9 0.596741
-70.7 0.597611
-70.5 0.598462
-70.3 0.599345
-70.1 0.600207
-69.9 0.601074
-69.7 0.601928
-69.5 0.602806
-69.3 0.603653
-69.1 0.604514
-68.9 0.605357
-68.7 0.60624
-68.5 0.607142
-68.3 0.608051
-68.1 0.608855
-67.9 0.609735
-67.7 0.610583
-67.5 0.611433
-67.3 0.612294
-67.1 0.613161
-66.9 0.61399
-66.7 0.61485
-66.5 0.615704
-66.3 0.616566
-66.1 0.617382
-65.9 0.61825
-65.7 0.619103
-65.5 0.61996
-65.3 0.620818
-65.1 0.621652
-64.9 0.622516
-64.7 0.623375
-64.5 0.624228
-64.3 0.625086
-64.1 0.625931
-63.9 0.626773
-63.7 0.627647
-63.5 0.628503
-63.3 0.629329
-63.1 0.630198
-62.9 0.631051
-62.7 0.631874
-62.5 0.632758
-62.3 0.633633
-62.1 0.634475
-61.9 0.635328
-61.7 0.636187
-61.5 0.637052
-61.3 0.637879
-61.1 0.638742
-60.9 0.639597
-60.7 0.640465
-60.5 0.641322
-60.3 0.642187
-60.1 0.643064
-59.9 0.643918
-59.7 0.644774
-59.5 0.645624
-59.3 0.646427
-59.1 0.647273
-58.9 0.648158
-58.7 0.648998
-58.5 0.649839
-58.3 0.650674
-58.1 0.651513
-57.9 0.652374
-57.7 0.653209
-57.5 0.6541
-57.3 0.65496
-57.1 0.655833
-56.9 0.656681
-56.7 0.657555
-56.5 0.658415
-56.3 0.659295
-56.1 0.660152
-55.9 0.661015
-55.7 0.661832
-55.5 0.662664
-55.3 0.663512
-55.1 0.664391
-54.9 0.665223
-54.7 0.66607
-54.5 0.666907
-54.3 0.667763
-54.1 0.668573
-53.9 0.669384
-53.7 0.670249
-53.5 0.67111
-53.3 0.671933
-53.1 0.672798
-52.9 0.673668
-52.7 0.67451
-52.5 0.675383
-52.3 0.67623
-52.1 0.677069
-51.9 0.6779
-51.7 0.67874
-51.5 0.679606
-51.3 0.680431
-51.1 0.681298
-50.9 0.682153
-50.7 0.682982
-50.5 0.68387
-50.3 0.684776
-50.1 0.685618
-49.9 0.686513
-49.7 0.687352
-49.5 0.688231
-49.3 0.689128
-49.1 0.690013
-48.9 0.690852
-48.7 0.691711
-48.5 0.692583
-48.3 0.693428
-48.1 0.694277
-47.9 0.695113
-47.7 0.695913
-47.5 0.696793
-47.3 0.697623
-47.1 0.698469
-46.9 0.699303
-46.7 0.700181
-46.5 0.701054
-46.3 0.701931
-46.1 0.702743
-45.9 0.703617
-45.7 0.704479
-45.5 0.705317
-45.3 0.706144
-45.1 0.707025
-44.9 0.707866
-44.7 0.708727
-44.5 0.709587
-44.3 0.710421
-44.1 0.711295
-43.9 0.712118
-43.7 0.712986
-43.5 0.71383
-43.3 0.714695
-43.1 0.715537
-42.9 0.716404
-42.7 0.717224
-42.5 0.718093
-42.3 0.718918
-42.1 0.719782
-41.9 0.720625
-41.7 0.721434
-41.5 0.722305
-41.3 0.723171
-41.1 0.724037
-40.9 0.724889
-40.7 0.725766
-40.5 0.726656
-40.3 0.727512
-40.1 0.728332
-39.9 0.729174
-39.7 0.73002
-39.5 0.730858
-39.3 0.731704
-39.1 0.732548
-38.9 0.733408
-38.7 0.734271
-38.5 0.73512
-38.3 0.735994
-38.1 0.73685
-37.9 0.737687
-37.7 0.738546
-37.5 0.739399
-37.3 0.740252
-37.1 0.741102
-36.9 0.741962
-36.7 0.742842
-36.5 0.7437
-36.3 0.744557
-36.1 0.745415
-35.9 0.74626
-35.7 0.747089
-35.5 0.747921
-35.3 0.748813
-35.1 0.749651
-34.9 0.750515
-34.7 0.751337
-34.5 0.752198
-34.3 0.753048
-34.1 0.753873
-33.9 0.754712
-33.7 0.755592
-33.5 0.756439
-33.3 0.757255
-33.1 0.758101
-32.9 0.758939
-32.7 0.759804
-32.5 0.76064
-32.3 0.761463
-32.1 0.762313
-31.9 0.763151
-31.7 0.764037
-31.5 0.764904
-31.3 0.765766
-31.1 0.76662
-30.9 0.767487
-30.7 0.7683
-30.5 0.769135
-30.3 0.76994
-30.1 0.770785
-29.9 0.77165
-29.7 0.772521
-29.5 0.773378
-29.3 0.77423
-29.1 0.775079
-28.9 0.775929
-28.7 0.77678
-28.5 0.777632
-28.3 0.778439
-28.1 0.779303
-27.9 0.780132
-27.7 0.780981
-27.5 0.781853
-27.3 0.782677
-27.1 0.783529
-26.9 0.784384
-26.7 0.785235
-26.5 0.78609
-26.3 0.786953
-26.1 0.787763
-25.9 0.788651
-25.7 0.789508
-25.5 0.790358
-25.3 0.791165
-25.1 0.792005
-24.9 0.792865
-24.7 0.79372
-24.5 0.794531
-24.3 0.795374
-24.1 0.796226
-23.9 0.797052
-23.7 0.797899
-23.5 0.798727
-23.3 0.799596
-23.1 0.80049
-22.9 0.801333
-22.7 0.802172
-22.5 0.803027
-22.3 0.803892
-22.1 0.80476
-21.9 0.805612
-21.7 0.806481
-21.5 0.807322
-21.3 0.808163
-21.1 0.809007
-20.9 0.809842
-20.7 0.810673
-20.5 0.811538
-20.3 0.812368
-20.1 0.813209
-19.9 0.814072
-19.7 0.814938
-19.5 0.815798
-19.3 0.816651
-19.1 0.817498
-18.9 0.81832
-18.7 0.819116
-18.5 0.819939
-18.3 0.82076
-18.1 0.821593
-17.9 0.822421
-17.7 0.82329
-17.5 0.824155
-17.3 0.824972
-17.1 0.825822
-16.9 0.826645
-16.7 0.827473
-16.5 0.828356
-16.3 0.8292
-16.1 0.830023
-15.9 0.830839
-15.7 0.831678
-15.5 0.832539
-15.3 0.833398
-15.1 0.834232
-14.9 0.835103
-14.7 0.835955
-14.5 0.8368
-14.3 0.837654
-14.1 0.838532
-13.9 0.839372
-13.7 0.840203
-13.5 0.841057
-13.3 0.841886
-13.1 0.842722
-12.9 0.843563
-12.7 0.844373
-12.5 0.845233
-12.3 0.846054
-12.1 0.846884
-11.9 0.847724
-11.7 0.848575
-11.5 0.849431
-11.3 0.850265
-11.1 0.851129
-10.9 0.85197
-10.7 0.852847
-10.5 0.853677
-10.3 0.854485
-10.1 0.8554
-9.9 0.85624
-9.7 0.85711
-9.5 0.857976
-9.3 0.858798
-9.1 0.859661
-8.9 0.860499
-8.7 0.861353
-8.5 0.862209
-8.3 0.863042
-8.1 0.863903
-7.9 0.864735
-7.7 0.865589
-7.5 0.866434
-7.3 0.867278
-7.1 0.868122
-6.9 0.868934
-6.7 0.869766
-6.5 0.870636
-6.3 0.871473
-6.1 0.872307
-5.9 0.873145
-5.7 0.873988
-5.5 0.874827
-5.3 0.875701
-5.1 0.876539
-4.9 0.8774
-4.7 0.878251
-4.5 0.87911
-4.3 0.879975
-4.1 0.880841
-3.9 0.881694
-3.7 0.882552
-3.5 0.883407
-3.3 0.884278
-3.1 0.885107
-2.9 0.885958
-2.7 0.886799
-2.5 0.887622
-2.3 0.888496
-2.1 0.88934
-1.9 0.890226
-1.7 0.891052
-1.5 0.891902
-1.3 0.892784
-1.1 0.893607
-0.899999 0.894442
-0.699999 0.895228
-0.499999 0.896051
-0.299999 0.896896
-0.0999994 0.897745
0.100001 0.898569
0.300001 0.899392
0.500001 0.900272
0.700001 0.90111
0.900001 0.901981
1.1 0.902813
1.3 0.903647
1.5 0.904452
1.7 0.905297
1.9 0.906136
2.1 0.907007
2.3 0.907846
2.5 0.908663
2.7 0.909481
2.9 0.910391
3.1 0.911257
3.3 0.912114
3.5 0.912953
3.7 0.913826
3.9 0.914669
4.1 0.915489
4.3 0.916353
4.5 0.91718
4.7 0.918019
4.9 0.918889
5.1 0.919703
5.3 0.920508
5.5 0.921369
5.7 0.922202
5.9 0.923061
6.1 0.923882
6.3 0.924712
6.5 0.925557
6.7 0.926422
6.9 0.927241
7.1 0.928085
7.3 0.928894
7.5 0.929739
7.7 0.930557
7.9 0.931396
8.1 0.932224
8.3 0.933064
8.5 0.933898
8.7 0.934736
8.9 0.935601
9.1 0.936477
9.3 0.93731
9.5 0.938159
9.7 0.939003
9.9 0.93984
10.1 0.940677
10.3 0.941485
10.5 0.942316
10.7 0.943141
10.9 0.94398
11.1 0.944827
11.3 0.945666
11.5 0.946487
11.7 0.947337
11.9 0.948162
12.1 0.948974
12.3 0.949804
12.5 0.950604
12.7 0.951433
12.9 0.95226
13.1 0.953092
13.3 0.953884
13.5 0.95467
13.7 0.955476
13.9 0.956279
14.1 0.957068
14.3 0.957854
14.5 0.958646
14.7 0.959419
14.9 0.960158
15.1 0.960934
15.3 0.961721
15.5 0.962463
15.7 0.963239
15.9 0.963962
16.1 0.964703
16.3 0.965423
16.5 0.966148
16.7 0.966836
16.9 0.967553
17.1 0.968268
17.3 0.968958
17.5 0.969652
17.7 0.970343
17.9 0.971029
18.1 0.971684
18.3 0.97238
18.5 0.973065
18.7 0.973733
18.9 0.974361
19.1 0.974994
19.3 0.975657
19.5 0.976289
19.7 0.976888
19.9 0.977503
20.1 0.978111
20.3 0.978703
20.5 0.979246
20.7 0.979801
20.9 0.980368
21.1 0.980899
21.3 0.981424
21.5 0.981962
21.7 0.982458
21.9 0.98301
22.1 0.983503
22.3 0.983991
22.5 0.98448
22.7 0.984947
22.9 0.985431
23.1 0.9859
23.3 0.986345
23.5 0.98679
23.7 0.987239
23.9 0.987674
24.1 0.988065
24.3 0.98847
24.5 0.988879
24.7 0.989267
24.9 0.989627
25.1 0.989998
25.3 0.990346
25.5 0.9907
25.7 0.991036
25.9 0.991362
26.1 0.991689
26.3 0.992003
26.5 0.992312
26.7 0.99263
26.9 0.99292
27.1 0.993194
27.3 0.993461
27.5 0.993728
27.7 0.993991
27.9 0.994256
28.1 0.994527
28.3 0.994754
28.5 0.994983
28.7 0.995205
28.9 0.995425
29.1 0.995634
29.3 0.99584
29.5 0.99604
29.7 0.996237
29.9 0.996418
30.1 0.996588
30.3 0.996761
30.5 0.996909
30.7 0.997068
30.9 0.997206
31.1 0.997351
31.3 0.997491
31.5 0.997633
31.7 0.997764
31.9 0.997884
32.1 0.998003
32.3 0.99812
32.5 0.998236
32.7 0.998341
32.9 0.998442
33.1 0.998523
33.3 0.998614
33.5 0.998692
33.7 0.998777
33.9 0.998857
34.1 0.99893
34.3 0.998989
34.5 0.999054
34.7 0.999118
34.9 0.999172
35.1 0.999228
35.3 0.999283
35.5 0.999322
35.7 0.999361
35.9 0.999408
36.1 0.999443
36.3 0.999479
36.5 0.999517
36.7 0.999554
36.9 0.999588
37.1 0.999627
37.3 0.99965
37.5 0.999676
37.7 0.999699
37.9 0.999723
38.1 0.999745
38.3 0.999764
38.5 0.999775
38.7 0.99979
38.9 0.999805
39.1 0.999818
39.3 0.999831
39.5 0.999839
39.7 0.999848
39.9 0.999864
40.1 0.999873
40.3 0.999882
40.5 0.999892
40.7 0.999899
40.9 0.999905
41.1 0.999911
41.3 0.999915
41.5 0.999925
41.7 0.999932
41.9 0.999939
42.1 0.999942
42.3 0.999945
42.5 0.999948
42.7 0.999951
42.9 0.999954
43.1 0.999957
43.3 0.99996
43.5 0.999961
43.7 0.999963
43.9 0.999966
44.1 0.999967
44.3 0.999969
44.5 0.99997
44.7 0.999972
44.9 0.999974
45.1 0.999975
45.3 0.999975
45.5 0.999976
45.7 0.999978
45.9 0.999981
46.1 0.999983
46.3 0.999985
46.5 0.999987
46.7 0.999987
46.9 0.999989
47.1 0.999989
47.3 0.99999
47.5 0.999991
47.7 0.999991
47.9 0.999991
48.1 0.999991
48.3 0.999991
48.5 0.999992
48.7 0.999992
48.9 0.999992
49.1 0.999994
49.3 0.999995
49.5 0.999996
49.7 0.999997
49.9 0.999999
50.1 1
