1291
-208.5 4.81889e-07
-208.3 4.81889e-07
-208.1 4.81889e-07
-207.9 4.81889e-07
-207.7 4.81889e-07
-207.5 4.81889e-07
-207.3 9.63778e-07
-207.1 9.63778e-07
-206.9 9.63778e-07
-206.7 9.63778e-07
-206.5 9.63778e-07
-206.3 1.44567e-06
-206.1 1.44567e-06
-205.9 1.44567e-06
-205.7 2.40944e-06
-205.5 2.40944e-06
-205.3 2.40944e-06
-205.1 2.89133e-06
-204.9 2.89133e-06
-204.7 2.89133e-06
-204.5 2.89133e-06
-204.3 2.89133e-06
-204.1 2.89133e-06
-203.9 2.89133e-06
-203.7 2.89133e-06
-203.5 2.89133e-06
-203.3 2.89133e-06
-203.1 3.37322e-06
-202.9 3.37322e-06
-202.7 3.37322e-06
-202.5 3.37322e-06
-202.3 3.37322e-06
-202.1 3.37322e-06
-201.9 3.85511e-06
-201.7 3.85511e-06
-201.5 3.85511e-06
-201.3 4.81889e-06
-201.1 4.81889e-06
-200.9 4.81889e-06
-200.7 4.81889e-06
-200.5 4.81889e-06
-200.3 4.81889e-06
-200.1 4.81889e-06
-199.9 4.81889e-06
-199.7 5.30078e-06
-199.5 5.30078e-06
-199.3 5.30078e-06
-199.1 6.26456e-06
-198.9 6.74644e-06
-198.7 7.22833e-06
-198.5 8.19211e-06
-198.3 1.44567e-05
-198.1 2.12031e-05
-197.9 3.9033e-05
-197.7 6.79463e-05
-197.5 0.000100715
-197.3 0.00016336
-197.1 0.000236126
-196.9 0.000345032
-196.7 0.000474179
-196.5 0.000666452
-196.3 0.000914625
-196.1 0.00123219
-195.9 0.00162734
-195.7 0.00210778
-195.5 0.00273231
-195.3 0.00347731
-195.1 0.00435483
-194.9 0.00534367
-194.7 0.0065214
-194.5 0.00784901
-194.3 0.00921034
-194.1 0.0107138
-193.9 0.012332
-193.7 0.0140239
-193.5 0.0156787
-193.3 0.0174791
-193.1 0.0192857
-192.9 0.0211376
-192.7 0.0229784
-192.5 0.0247705
-192.3 0.0265646
-192.1 0.0283678
-191.9 0.0301629
-191.7 0.0319502
-191.5 0.0337409
-191.3 0.0354709
-191.1 0.037171
-190.9 0.0389308
-190.7 0.0405856
-190.5 0.0422674
-190.3 0.0439222
-190.1 0.0455298
-189.9 0.0471268
-189.7 0.0487426
-189.5 0.0503391
-189.3 0.0518532
-189.1 0.0534502
-188.9 0.0549994
-188.7 0.0564923
-188.5 0.0580257
-188.3 0.0594636
-188.1 0.0609922
-187.9 0.062433
-187.7 0.0639096
-187.5 0.065361
-187.3 0.066772
-187.1 0.0682369
-186.9 0.069698
-186.7 0.0711191
-186.5 0.0725518
-186.3 0.0739574
-186.1 0.0753983
-185.9 0.0767625
-185.7 0.0781335
-185.5 0.0795271
-185.3 0.080901
-185.1 0.082271
-184.9 0.0836487
-184.7 0.0850018
-184.5 0.0863439
-184.3 0.0876787
-184.1 0.0889967
-183.9 0.0903156
-183.7 0.0916471
-183.5 0.0928716
-183.3 0.0941765
-183.1 0.0954583
-182.9 0.0967662
-182.7 0.0980552
-182.5 0.0992879
-182.3 0.100564
-182.1 0.101808
-181.9 0.103058
-181.7 0.104248
-181.5 0.105417
-181.3 0.106612
-181.1 0.107841
-180.9 0.109051
-180.7 0.110255
-180.5 0.111456
-180.3 0.11262
-180.1 0.113808
-179.9 0.114959
-179.7 0.116102
-179.5 0.117254
-179.3 0.118397
-179.1 0.119545
-178.9 0.120678
-178.7 0.121789
-178.5 0.12288
-178.3 0.124005
-178.1 0.125101
-177.9 0.126201
-177.7 0.127261
-177.5 0.128316
-177.3 0.129348
-177.1 0.130421
-176.9 0.131476
-176.7 0.132536
-176.5 0.133555
-176.3 0.134604
-176.1 0.135637
-175.9 0.136684
-175.7 0.137707
-175.5 0.138687
-175.3 0.139712
-175.1 0.140712
-174.9 0.141717
-174.7 0.142714
-174.5 0.143704
-174.3 0.144682
-174.1 0.145642
-173.9 0.14663
-173.7 0.147652
-173.5 0.148613
-173.3 0.149585
-173.1 0.150555
-172.9 0.151539
-172.7 0.152517
-172.5 0.153503
-172.3 0.15444
-172.1 0.155393
-171.9 0.156343
-171.7 0.157303
-171.5 0.158278
-171.3 0.159278
-171.1 0.160252
-170.9 0.16121
-170.7 0.162146
-170.5 0.163067
-170.3 0.164015
-170.1 0.164953
-169.9 0.165912
-169.7 0.166878
-169.5 0.167822
-169.3 0.168759
-169.1 0.169664
-168.9 0.170618
-168.7 0.17154
-168.5 0.172465
-168.3 0.173399
-168.1 0.174331
-167.9 0.175248
-167.7 0.176199
-167.5 0.177104
-167.3 0.178068
-167.1 0.178984
-166.9 0.179936
-166.7 0.180848
-166.5 0.181754
-166.3 0.18266
-166.1 0.183565
-165.9 0.184493
-165.7 0.1854
-165.5 0.186327
-165.3 0.187234
-165.1 0.188151
-164.9 0.189058
-164.7 0.189965
-164.5 0.190893
-164.3 0.191815
-164.1 0.19271
-163.9 0.193628
-163.7 0.194525
-163.5 0.195416
-163.3 0.196287
-163.1 0.197195
-162.9 0.198102
-162.7 0.198973
-162.5 0.199882
-162.3 0.20078
-162.1 0.201704
-161.9 0.202651
-161.7 0.203535
-161.5 0.204402
-161.3 0.205262
-161.1 0.206135
-160.9 0.207027
-160.7 0.207946
-160.5 0.208867
-160.3 0.209753
-160.1 0.210674
-159.9 0.211592
-159.7 0.212472
-159.5 0.21336
-159.3 0.214253
-159.1 0.215123
-158.9 0.216015
-158.7 0.216927
-158.5 0.217813
-158.3 0.218671
-158.1 0.219524
-157.9 0.220416
-157.7 0.221318
-157.5 0.222177
-157.3 0.223048
-157.1 0.223931
-156.9 0.224803
-156.7 0.225714
-156.5 0.226589
-156.3 0.22748
-156.1 0.228362
-155.9 0.229223
-155.7 0.230114
-155.5 0.230998
-155.3 0.231924
-155.1 0.232805
-154.9 0.233705
-154.7 0.234583
-154.5 0.23543
-154.3 0.236327
-154.1 0.237208
-153.9 0.238079
-153.7 0.23897
-153.5 0.239853
-153.3 0.240744
-153.1 0.241656
-152.9 0.242528
-152.7 0.243399
-152.5 0.244331
-152.3 0.245207
-152.1 0.246111
-151.9 0.24698
-151.7 0.247896
-151.5 0.248768
-151.3 0.249656
-151.1 0.25049
-150.9 0.251348
-150.7 0.252247
-150.5 0.253125
-150.3 0.254008
-150.1 0.254867
-149.9 0.255764
-149.7 0.25664
-149.5 0.257525
-149.3 0.258368
-149.1 0.259221
-148.9 0.260114
-148.7 0.260986
-148.5 0.261843
-148.3 0.262739
-148.1 0.263615
-147.9 0.264526
-147.7 0.265398
-147.5 0.266257
-147.3 0.267125
-147.1 0.267999
-146.9 0.268901
-146.7 0.269755
-146.5 0.270615
-146.3 0.271473
-146.1 0.272338
-145.9 0.273178
-145.7 0.27405
-145.5 0.274888
-145.3 0.27576
-145.1 0.276631
-144.9 0.27747
-144.7 0.278308
-144.5 0.279162
-144.3 0.280034
-144.1 0.280914
-143.9 0.281752
-143.7 0.282647
-143.5 0.283506
-143.3 0.284348
-143.1 0.285214
-142.9 0.286041
-142.7 0.286862
-142.5 0.287691
-142.3 0.288538
-142.1 0.289397
-141.9 0.290277
-141.7 0.291081
-141.5 0.291928
-141.3 0.292777
-141.1 0.29364
-140.9 0.294457
-140.7 0.295264
-140.5 0.296139
-140.3 0.296973
-140.1 0.297818
-139.9 0.298643
-139.7 0.299489
-139.5 0.300321
-139.3 0.301164
-139.1 0.30202
-138.9 0.302893
-138.7 0.303747
-138.5 0.304587
-138.3 0.305427
-138.1 0.306314
-137.9 0.307152
-137.7 0.308005
-137.5 0.308857
-137.3 0.309691
-137.1 0.310544
-136.9 0.311398
-136.7 0.31223
-136.5 0.313091
-136.3 0.313968
-136.1 0.314835
-135.9 0.315712
-135.7 0.316592
-135.5 0.317453
-135.3 0.318317
-135.1 0.31918
-134.9 0.320088
-134.7 0.320965
-134.5 0.321864
-134.3 0.322728
-134.1 0.323599
-133.9 0.324481
-133.7 0.325407
-133.5 0.326304
-133.3 0.327186
-133.1 0.328043
-132.9 0.328938
-132.7 0.329818
-132.5 0.330714
-132.3 0.331599
-132.1 0.33246
-131.9 0.333347
-131.7 0.334266
-131.5 0.335166
-131.3 0.336053
-131.1 0.336983
-130.9 0.337911
-130.7 0.338768
-130.5 0.339641
-130.3 0.340508
-130.1 0.341407
-129.9 0.342292
-129.7 0.343218
-129.5 0.3441
-129.3 0.345021
-129.1 0.34591
-128.9 0.346825
-128.7 0.347736
-128.5 0.348628
-128.3 0.349504
-128.1 0.350411
-127.9 0.351302
-127.7 0.352193
-127.5 0.353064
-127.3 0.35397
-127.1 0.35489
-126.9 0.355807
-126.7 0.356732
-126.5 0.357633
-126.3 0.35851
-126.1 0.359382
-125.9 0.360279
-125.7 0.361209
-125.5 0.362078
-125.3 0.362965
-125.1 0.363895
-124.9 0.364774
-124.7 0.365671
-124.5 0.366543
-124.3 0.367433
-124.1 0.368288
-123.9 0.36918
-123.7 0.370057
-123.5 0.370893
-123.3 0.371768
-123.1 0.372624
-122.9 0.373513
-122.7 0.374412
-122.5 0.37531
-122.3 0.376205
-122.1 0.377079
-121.9 0.377982
-121.7 0.378912
-121.5 0.379804
-121.3 0.380707
-121.1 0.381541
-120.9 0.382428
-120.7 0.383278
-120.5 0.38418
-120.3 0.385087
-120.1 0.385961
-119.9 0.38685
-119.7 0.387697
-119.5 0.388598
-119.3 0.389499
-119.1 0.390363
-118.9 0.391204
-118.7 0.392097
-118.5 0.393008
-118.3 0.39389
-118.1 0.394763
-117.9 0.395617
-117.7 0.396448
-117.5 0.397339
-117.3 0.398197
-117.1 0.399083
-116.9 0.399946
-116.7 0.400853
-116.5 0.401695
-116.3 0.402582
-116.1 0.403463
-115.9 0.404332
-115.7 0.405206
-115.5 0.406049
-115.3 0.406925
-115.1 0.407805
-114.9 0.408686
-114.7 0.409561
-114.5 0.410409
-114.3 0.411259
-114.1 0.412126
-113.9 0.413008
-113.7 0.413892
-113.5 0.414757
-113.3 0.415628
-113.1 0.416492
-112.9 0.417356
-112.7 0.418202
-112.5 0.419043
-112.3 0.419923
-112.1 0.420785
-111.9 0.421643
-111.7 0.4225
-111.5 0.423338
-111.3 0.424189
-111.1 0.425039
-110.9 0.425852
-110.7 0.4267
-110.5 0.427545
-110.3 0.428441
-110.1 0.429281
-109.9 0.43016
-109.7 0.431037
-109.5 0.431863
-109.3 0.432759
-109.1 0.433618
-108.9 0.434473
-108.7 0.435344
-108.5 0.436242
-108.3 0.437101
-108.1 0.437953
-107.9 0.438803
-107.7 0.439635
-107.5 0.440484
-107.3 0.441334
-107.1 0.442183
-106.9 0.443015
-106.7 0.443892
-106.5 0.444738
-106.3 0.445566
-106.1 0.446421
-105.9 0.447263
-105.7 0.448115
-105.5 0.448936
-105.3 0.449766
-105.1 0.450602
-104.9 0.451433
-104.7 0.452259
-104.5 0.453121
-104.3 0.453958
-104.1 0.454791
-103.9 0.455611
-103.7 0.456468
-103.5 0.457288
-103.3 0.458155
-103.1 0.459031
-102.9 0.459894
-102.7 0.460762
-102.5 0.461629
-102.3 0.462517
-102.1 0.463355
-101.9 0.464185
-101.7 0.465004
-101.5 0.465868
-101.3 0.466675
-101.1 0.467539
-100.9 0.468351
-100.7 0.469199
-100.5 0.470004
-100.3 0.470845
-100.1 0.471684
-99.9 0.472566
-99.7 0.4734
-99.5 0.474283
-99.3 0.475155
-99.1 0.47601
-98.9 0.476865
-98.7 0.477719
-98.5 0.478562
-98.3 0.47943
-98.1 0.480323
-97.9 0.481181
-97.7 0.482012
-97.5 0.482914
-97.3 0.483788
-97.1 0.48464
-96.9 0.485457
-96.7 0.486307
-96.5 0.487159
-96.3 0.488014
-96.1 0.488831
-95.9 0.48967
-95.7 0.490531
-95.5 0.491404
-95.3 0.492267
-95.1 0.493144
-94.9 0.49404
-94.7 0.494887
-94.5 0.495772
-94.3 0.496629
-94.1 0.497508
-93.9 0.49838
-93.7 0.49923
-93.5 0.500072
-93.3 0.500944
-93.1 0.501834
-92.9 0.5027
-92.7 0.503539
-92.5 0.504426
-92.3 0.505264
-92.1 0.506129
-91.9 0.506989
-91.7 0.507833
-91.5 0.508715
-91.3 0.509569
-91.1 0.510418
-90.9 0.51129
-90.7 0.512177
-90.5 0.513029
-90.3 0.513892
-90.1 0.514733
-89.9 0.515613
-89.7 0.516509
-89.5 0.517369
-89.3 0.518231
-89.1 0.519091
-88.9 0.51995
-88.7 0.520798
-88.5 0.521676
-88.3 0.52255
-88.1 0.523387
-87.9 0.52426
-87.7 0.525165
-87.5 0.526025
-87.3 0.526925
-87.1 0.527768
-86.9 0.528607
-86.7 0.529489
-86.5 0.530373
-86.3 0.531226
-86.1 0.532105
-85.9 0.532971
-85.7 0.533839
-85.5 0.534689
-85.3 0.535557
-85.1 0.536438
-84.9 0.537297
-84.7 0.538161
-84.5 0.538996
-84.3 0.539861
-84.1 0.540729
-83.9 0.541587
-83.7 0.542456
-83.5 0.543284
-83.3 0.544135
-83.1 0.545006
-82.9 0.545863
-82.7 0.546691
-82.5 0.547574
-82.3 0.548459
-82.1 0.549365
-81.9 0.550189
-81.7 0.551039
-81.5 0.551879
-81.3 0.552747
-81.1 0.553586
-80.9 0.554443
-80.7 0.555317
-80.5 0.556156
-80.3 0.556979
-80.1 0.557858
-79.9 0.558723
-79.7 0.559557
-79.5 0.560447
-79.3 0.561311
-79.1 0.562197
-78.9 0.56303
-78.7 0.563868
-78.5 0.564721
-78.3 0.565588
-78.1 0.566468
-77.9 0.567263
-77.7 0.568096
-77.5 0.568925
-77.3 0.569767
-77.1 0.570611
-76.9 0.571479
-76.7 0.572319
-76.5 0.573162
-76.3 0.574022
-76.1 0.574881
-75.9 0.575712
-75.7 0.576569
-75.5 0.577377
-75.3 0.578248
-75.1 0.57911
-74.9 0.579959
-74.7 0.580789
-74.5 0.581643
-74.3 0.582481
-74.1 0.583324
-73.9 0.584159
-73.7 0.584988
-73.5 0.585814
-73.3 0.586673
-73.1 0.587516
-72.9 0.588409
-72.7 0.589262
-72.5 0.590134
-72.3 0.59103
-72.1 0.591888
-71.9 0.592791
-71.7 0.593636
-71.5 0.59449
-71.3 0.595355
-71.1 0.59621
-70.9 0.597083
-70.7 0.597926
-70.5 0.598747
-70.3 0.599619
-70.1 0.600511
-69.9 0.601376
-69.7 0.602238
-69.5 0.603118
-69.3 0.603991
-69.1 0.604869
-68.9 0.605748
-68.7 0.606606
-68.5 0.607472
-68.3 0.608356
-68.1 0.609205
-67.9 0.610056
-67.7 0.610902
-67.5 0.611739
-67.3 0.612596
-67.1 0.613436
-66.9 0.61429
-66.7 0.615144
-66.5 0.615997
-66.3 0.616902
-66.1 0.617726
-65.9 0.618599
-65.7 0.619493
-65.5 0.62036
-65.3 0.621219
-65.1 0.622097
-64.9 0.622946
-64.7 0.623838
-64.5 0.624746
-64.3 0.625603
-64.1 0.626464
-63.9 0.627301
-63.7 0.628157
-63.5 0.629041
-63.3 0.629865
-63.1 0.630716
-62.9 0.631567
-62.7 0.632432
-62.5 0.633276
-62.3 0.634179
-62.1 0.635073
-61.9 0.635904
-61.7 0.636774
-61.5 0.637628
-61.3 0.638499
-61.1 0.63935
-60.9 0.640218
-60.7 0.64112
-60.5 0.641976
-60.3 0.642831
-60.1 0.643694
-59.9 0.644548
-59.7 0.645424
-59.5 0.646276
-59.3 0.647131
-59.1 0.648013
-58.9 0.648849
-58.7 0.649677
-58.5 0.650558
-58.3 0.65142
-58.1 0.652266
-57.9 0.653129
-57.7 0.653985
-57.5 0.654851
-57.3 0.655719
-57.1 0.656569
-56.9 0.657395
-56.7 0.658252
-56.5 0.659125
-56.3 0.659972
-56.1 0.660872
-55.9 0.661744
-55.7 0.662659
-55.5 0.663503
-55.3 0.664366
-55.1 0.665225
-54.9 0.666088
-54.7 0.666971
-54.5 0.667846
-54.3 0.668713
-54.1 0.669546
-53.9 0.670414
-53.7 0.671301
-53.5 0.672176
-53.3 0.673041
-53.1 0.673926
-52.9 0.674793
-52.7 0.675632
-52.5 0.676489
-52.3 0.677342
-52.1 0.678183
-51.9 0.679031
-51.7 0.679921
-51.5 0.680766
-51.3 0.681605
-51.1 0.682491
-50.9 0.683321
-50.7 0.684179
-50.5 0.685101
-50.3 0.685935
-50.1 0.686782
-49.9 0.687622
-49.7 0.688486
-49.5 0.689338
-49.3 0.690231
-49.1 0.691102
-48.9 0.691944
-48.7 0.692781
-48.5 0.693623
-48.3 0.694497
-48.1 0.695397
-47.9 0.696241
-47.7 0.697114
-47.5 0.697962
-47.3 0.698806
-47.1 0.699658
-46.9 0.700519
-46.7 0.701373
-46.5 0.702239
-46.3 0.703119
-46.1 0.70396
-45.9 0.704785
-45.7 0.70565
-45.5 0.706513
-45.3 0.707382
-45.1 0.70825
-44.9 0.709059
-44.7 0.709947
-44.5 0.710789
-44.3 0.711647
-44.1 0.712542
-43.9 0.713403
-43.7 0.714258
-43.5 0.715128
-43.3 0.715994
-43.1 0.71686
-42.9 0.717711
-42.7 0.71858
-42.5 0.719426
-42.3 0.720309
-42.1 0.721148
-41.9 0.722018
-41.7 0.722852
-41.5 0.723745
-41.3 0.724604
-41.1 0.725448
-40.9 0.726349
-40.7 0.727247
-40.5 0.728125
-40.3 0.729027
-40.1 0.729897
-39.9 0.730748
-39.7 0.731576
-39.5 0.732437
-39.3 0.733278
-39.1 0.734135
-38.9 0.734989
-38.7 0.73582
-38.5 0.736698
-38.3 0.737554
-38.1 0.738372
-37.9 0.739247
-37.7 0.740091
-37.5 0.740934
-37.3 0.741753
-37.1 0.742615
-36.9 0.743473
-36.7 0.744343
-36.5 0.745219
-36.3 0.746071
-36.1 0.74693
-35.9 0.747751
-35.7 0.748611
-35.5 0.749464
-35.3 0.750319
-35.1 0.751182
-34.9 0.752065
-34.7 0.75289
-34.5 0.753728
-34.3 0.754615
-34.1 0.755467
-33.9 0.756335
-33.7 0.757169
-33.5 0.758016
-33.3 0.75886
-33.1 0.75973
-32.9 0.760579
-32.7 0.761472
-32.5 0.762351
-32.3 0.763206
-32.1 0.764092
-31.9 0.764962
-31.7 0.765819
-31.5 0.766672
-31.3 0.767518
-31.1 0.768325
-30.9 0.76917
-30.7 0.770041
-30.5 0.770914
-30.3 0.771744
-30.1 0.772573
-29.9 0.773423
-29.7 0.774264
-29.5 0.775135
-29.3 0.77597
-29.1 0.776807
-28.9 0.777645
-28.7 0.778492
-28.5 0.779345
-28.3 0.780171
-28.1 0.781005
-27.9 0.781838
-27.7 0.782713
-27.5 0.783547
-27.3 0.78439
-27.1 0.785212
-26.9 0.786087
-26.7 0.786934
-26.5 0.787811
-26.3 0.788663
-26.1 0.789496
-25.9 0.790337
-25.7 0.79117
-25.5 0.792034
-25.3 0.792861
-25.1 0.793711
-24.9 0.794547
-24.7 0.795385
-24.5 0.796227
-24.3 0.797013
-24.1 0.797893
-23.9 0.798738
-23.7 0.7996
-23.5 0.800445
-23.3 0.801271
-23.1 0.802149
-22.9 0.802971
-22.7 0.803784
-22.5 0.804636
-22.3 0.805515
-22.1 0.806391
-21.9 0.807217
-21.7 0.808081
-21.5 0.808908
-21.3 0.809757
-21.1 0.810607
-20.9 0.811421
-20.7 0.812279
-20.5 0.813127
-20.3 0.813993
-20.1 0.814848
-19.9 0.815718
-19.7 0.816586
-19.5 0.817435
-19.3 0.818284
-19.1 0.819123
-18.9 0.81997
-18.7 0.820822
-18.5 0.821688
-18.3 0.82252
-18.1 0.823336
-17.9 0.824211
-17.7 0.825075
-17.5 0.825876
-17.3 0.826755
-17.1 0.827584
-16.9 0.828409
-16.7 0.829268
-16.5 0.830115
-16.3 0.830999
-16.1 0.831854
-15.9 0.83271
-15.7 0.833544
-15.5 0.834415
-15.3 0.835288
-15.1 0.836161
-14.9 0.837011
-14.7 0.837913
-14.5 0.838753
-14.3 0.83961
-14.1 0.840478
-13.9 0.841317
-13.7 0.842151
-13.5 0.843019
-13.3 0.843813
-13.1 0.844645
-12.9 0.845502
-12.7 0.846399
-12.5 0.847255
-12.3 0.848132
-12.1 0.84898
-11.9 0.849814
-11.7 0.850683
-11.5 0.851553
-11.3 0.852426
-11.1 0.853258
-10.9 0.854101
-10.7 0.854935
-10.5 0.855787
-10.3 0.856634
-10.1 0.857482
-9.9 0.858329
-9.7 0.859178
-9.5 0.860028
-9.3 0.860888
-9.1 0.861723
-8.9 0.8626
-8.7 0.863444
-8.5 0.864294
-8.3 0.865155
-8.1 0.866029
-7.9 0.866854
-7.7 0.867712
-7.5 0.868587
-7.3 0.869475
-7.1 0.870337
-6.9 0.871197
-6.7 0.872058
-6.5 0.872927
-6.3 0.873806
-6.1 0.874673
-5.9 0.875577
-5.7 0.876463
-5.5 0.877348
-5.3 0.878191
-5.1 0.879027
-4.9 0.879878
-4.7 0.880748
-4.5 0.881591
-4.3 0.882446
-4.1 0.883318
-3.9 0.884163
-3.7 0.885027
-3.5 0.885899
-3.3 0.886741
-3.1 0.887598
-2.9 0.88847
-2.7 0.889301
-2.5 0.890119
-2.3 0.890947
-2.1 0.89177
-1.9 0.89261
-1.7 0.893476
-1.5 0.894336
-1.3 0.895182
-1.1 0.896003
-0.899999 0.896838
-0.699999 0.897691
-0.499999 0.898548
-0.299999 0.899383
-0.0999994 0.900245
0.100001 0.901113
0.300001 0.901996
0.500001 0.902825
0.700001 0.903673
0.900001 0.904512
1.1 0.905383
1.3 0.906223
1.5 0.907063
1.7 0.907938
1.9 0.908792
2.1 0.909691
2.3 0.910547
2.5 0.911417
2.7 0.912255
2.9 0.913153
3.1 0.913967
3.3 0.914827
3.5 0.915682
3.7 0.91653
3.9 0.917387
4.1 0.918302
4.3 0.919177
4.5 0.919994
4.7 0.920871
4.9 0.921723
5.1 0.922577
5.3 0.923437
5.5 0.924315
5.7 0.925139
5.9 0.926054
6.1 0.926865
6.3 0.927715
6.5 0.928559
6.7 0.929391
6.9 0.930232
7.1 0.931063
7.3 0.931896
7.5 0.932718
7.7 0.933538
7.9 0.934414
8.1 0.935247
8.3 0.936094
8.5 0.936943
8.7 0.937783
8.9 0.938605
9.1 0.939436
9.3 0.940249
9.5 0.941057
9.7 0.941883
9.9 0.942713
10.1 0.943535
10.3 0.944368
10.5 0.945195
10.7 0.946033
10.9 0.94683
11.1 0.947644
11.3 0.948457
11.5 0.949254
11.7 0.950053
11.9 0.950884
12.1 0.95172
12.3 0.952529
12.5 0.953349
12.7 0.954144
12.9 0.95494
13.1 0.955768
13.3 0.956544
13.5 0.957309
13.7 0.958103
13.9 0.958902
14.1 0.959672
14.3 0.960403
14.5 0.961169
14.7 0.961909
14.9 0.96265
15.1 0.96338
15.3 0.964082
15.5 0.964822
15.7 0.96556
15.9 0.966284
16.1 0.966941
16.3 0.967666
16.5 0.968344
16.7 0.96899
16.9 0.969674
17.1 0.970372
17.3 0.971049
17.5 0.971664
17.7 0.972304
17.9 0.972915
18.1 0.973555
18.3 0.974177
18.5 0.974806
18.7 0.975403
18.9 0.976024
19.1 0.976629
19.3 0.977237
19.5 0.977807
19.7 0.978373
19.9 0.978962
20.1 0.979498
20.3 0.980054
20.5 0.980591
20.7 0.981128
20.9 0.981635
21.1 0.982133
21.3 0.982612
21.5 0.983095
21.7 0.983563
21.9 0.984036
22.1 0.984498
22.3 0.984979
22.5 0.985401
22.7 0.985851
22.9 0.986268
23.1 0.986694
23.3 0.987097
23.5 0.987512
23.7 0.987916
23.9 0.988311
24.1 0.988709
24.3 0.989089
24.5 0.989427
24.7 0.989779
24.9 0.990129
25.1 0.990475
25.3 0.990807
25.5 0.991128
25.7 0.991459
25.9 0.991765
26.1 0.992075
26.3 0.992391
26.5 0.992681
26.7 0.992967
26.9 0.993244
27.1 0.993498
27.3 0.993761
27.5 0.994
27.7 0.99424
27.9 0.994479
28.1 0.994705
28.3 0.994917
28.5 0.995132
28.7 0.995331
28.9 0.99554
29.1 0.995743
29.3 0.995935
29.5 0.996131
29.7 0.996308
29.9 0.996484
30.1 0.996646
30.3 0.996807
30.5 0.996963
30.7 0.997116
30.9 0.997243
31.1 0.997391
31.3 0.997524
31.5 0.997639
31.7 0.997757
31.9 0.997878
32.1 0.997999
32.3 0.998112
32.5 0.998222
32.7 0.998317
32.9 0.998431
33.1 0.998524
33.3 0.998611
33.5 0.998698
33.7 0.998776
33.9 0.998859
34.1 0.998929
34.3 0.998996
34.5 0.999066
34.7 0.999126
34.9 0.999183
35.1 0.999237
35.3 0.99929
35.5 0.999346
35.7 0.99939
35.9 0.999433
36.1 0.999481
36.3 0.999515
36.5 0.999543
36.7 0.999576
36.9 0.999606
37.1 0.999632
37.3 0.999659
37.5 0.999685
37.7 0.999711
37.9 0.999735
38.1 0.999753
38.3 0.999772
38.5 0.999785
38.7 0.999802
38.9 0.999817
39.1 0.999828
39.3 0.999837
39.5 0.999846
39.7 0.999858
39.9 0.99987
40.1 0.99988
40.3 0.99989
40.5 0.999899
40.7 0.999905
40.9 0.999911
41.1 0.999921
41.3 0.999924
41.5 0.999932
41.7 0.999938
41.9 0.999943
42.1 0.999946
42.3 0.999954
42.5 0.999955
42.7 0.999956
42.9 0.999958
43.1 0.999959
43.3 0.999963
43.5 0.999967
43.7 0.999969
43.9 0.999971
44.1 0.999973
44.3 0.999974
44.5 0.999976
44.7 0.999977
44.9 0.999979
45.1 0.999981
45.3 0.999982
45.5 0.999983
45.7 0.999984
45.9 0.999985
46.1 0.999985
46.3 0.999986
46.5 0.999986
46.7 0.999987
46.9 0.999989
47.1 0.99999
47.3 0.99999
47.5 0.999991
47.7 0.999991
47.9 0.999992
48.1 0.999993
48.3 0.999995
48.5 0.999996
48.7 0.999997
48.9 0.999998
49.1 0.999999
49.3 0.999999
49.5 1
