-293.815 -0.186599 -28.2559 -0.00867086 0.05334 0.04223
-293.815 -0.182725 5.44864 0.00529299 0.05334 0
-293.815 -0.18566 39.5465 0.0198759 0.05334 -0.04223
-293.815 -0.117919 -91.0702 -0.0305702 0.02667 0.08446
-293.815 -0.111857 -33.4864 -0.0104248 0.02667 0.04223
-293.815 -0.109291 5.14433 0.00514596 0.02667 0
-293.815 -0.110456 43.14 0.0200759 0.02667 -0.04223
-293.815 -0.116499 100.48 0.0400071 0.02667 -0.08446
-293.815 -0.043383 -99.7508 -0.0341351 0 0.08446
-293.815 -0.0389007 -39.4566 -0.0125945 0 0.04223
-293.815 -0.0374946 4.10892 0.00453943 0 0
-293.815 -0.0379277 47.9235 0.0217059 0 -0.04223
-293.815 -0.041387 108.289 0.0428018 0 -0.08446
-293.815 0.0339914 -48.0294 -0.0163221 -0.02667 0.04223
-293.815 0.0357927 3.10077 0.00375537 -0.02667 0
-293.815 0.0355958 54.3946 0.0231439 -0.02667 -0.04223
-293.815 0.111402 2.16649 0.00293352 -0.05334 0
