-209.9 0
-209.7 0
-209.5 0
-209.3 0
-209.1 0
-208.9 0
-208.7 0
-208.5 0
-208.3 0
-208.1 0
-207.9 1
-207.7 0
-207.5 0
-207.3 1
-207.1 0
-206.9 1
-206.7 2
-206.5 1
-206.3 1
-206.1 0
-205.9 0
-205.7 0
-205.5 0
-205.3 0
-205.1 0
-204.9 0
-204.7 0
-204.5 0
-204.3 1
-204.1 0
-203.9 1
-203.7 1
-203.5 1
-203.3 1
-203.1 1
-202.9 0
-202.7 0
-202.5 3
-202.3 5
-202.1 5
-201.9 9
-201.7 8
-201.5 11
-201.3 3
-201.1 19
-200.9 29
-200.7 20
-200.5 42
-200.3 54
-200.1 62
-199.9 66
-199.7 109
-199.5 129
-199.3 181
-199.1 261
-198.9 343
-198.7 361
-198.5 519
-198.3 612
-198.1 766
-197.9 982
-197.7 1206
-197.5 1501
-197.3 1826
-197.1 2207
-196.9 2579
-196.7 2905
-196.5 3367
-196.3 3893
-196.1 4110
-195.9 4458
-195.7 4617
-195.5 4910
-195.3 5109
-195.1 5218
-194.9 5092
-194.7 5295
-194.5 5325
-194.3 5236
-194.1 5118
-193.9 5092
-193.7 4988
-193.5 4930
-193.3 4904
-193.1 4747
-192.9 4752
-192.7 4658
-192.5 4577
-192.3 4472
-192.1 4323
-191.9 4432
-191.7 4392
-191.5 4168
-191.3 4317
-191.1 4205
-190.9 4236
-190.7 4173
-190.5 4186
-190.3 4183
-190.1 3981
-189.9 4023
-189.7 3999
-189.5 4076
-189.3 4003
-189.1 3851
-188.9 3923
-188.7 3973
-188.5 3953
-188.3 3918
-188.1 3756
-187.9 3734
-187.7 3762
-187.5 3654
-187.3 3793
-187.1 3667
-186.9 3711
-186.7 3597
-186.5 3662
-186.3 3708
-186.1 3502
-185.9 3603
-185.7 3728
-185.5 3492
-185.3 3604
-185.1 3550
-184.9 3553
-184.7 3457
-184.5 3565
-184.3 3499
-184.1 3385
-183.9 3461
-183.7 3316
-183.5 3356
-183.3 3273
-183.1 3246
-182.9 3261
-182.7 3216
-182.5 3198
-182.3 3171
-182.1 3104
-181.9 2980
-181.7 3027
-181.5 2921
-181.3 2847
-181.1 2994
-180.9 2927
-180.7 2843
-180.5 2813
-180.3 2737
-180.1 2753
-179.9 2777
-179.7 2639
-179.5 2663
-179.3 2647
-179.1 2559
-178.9 2555
-178.7 2462
-178.5 2559
-178.3 2629
-178.1 2501
-177.9 2520
-177.7 2448
-177.5 2405
-177.3 2434
-177.1 2340
-176.9 2253
-176.7 2379
-176.5 2322
-176.3 2273
-176.1 2305
-175.9 2332
-175.7 2309
-175.5 2229
-175.3 2204
-175.1 2326
-174.9 2197
-174.7 2318
-174.5 2230
-174.3 2258
-174.1 2236
-173.9 2181
-173.7 2247
-173.5 2203
-173.3 2179
-173.1 2155
-172.9 2153
-172.7 2127
-172.5 2122
-172.3 2149
-172.1 2110
-171.9 2147
-171.7 2094
-171.5 2128
-171.3 2123
-171.1 2047
-170.9 2068
-170.7 2108
-170.5 2089
-170.3 2108
-170.1 2120
-169.9 2059
-169.7 2061
-169.5 1980
-169.3 2044
-169.1 2012
-168.9 2066
-168.7 2017
-168.5 2071
-168.3 2106
-168.1 2013
-167.9 2031
-167.7 2092
-167.5 2042
-167.3 1996
-167.1 2008
-166.9 2141
-166.7 1986
-166.5 2009
-166.3 2059
-166.1 2012
-165.9 2031
-165.7 2008
-165.5 2097
-165.3 2026
-165.1 2012
-164.9 2048
-164.7 1980
-164.5 2048
-164.3 2073
-164.1 2071
-163.9 2046
-163.7 2049
-163.5 2003
-163.3 1952
-163.1 1989
-162.9 2025
-162.7 2073
-162.5 2024
-162.3 1940
-162.1 1985
-161.9 2005
-161.7 1933
-161.5 1992
-161.3 2013
-161.1 2039
-160.9 1980
-160.7 2049
-160.5 2019
-160.3 1982
-160.1 2032
-159.9 1992
-159.7 2013
-159.5 1982
-159.3 1912
-159.1 1933
-158.9 1994
-158.7 1911
-158.5 1995
-158.3 1996
-158.1 1989
-157.9 2026
-157.7 1942
-157.5 1903
-157.3 1911
-157.1 1906
-156.9 1893
-156.7 1942
-156.5 1902
-156.3 1871
-156.1 1939
-155.9 1804
-155.7 1954
-155.5 1871
-155.3 1848
-155.1 1885
-154.9 1932
-154.7 1839
-154.5 1843
-154.3 1919
-154.1 1782
-153.9 1810
-153.7 1735
-153.5 1828
-153.3 1842
-153.1 1829
-152.9 1768
-152.7 1737
-152.5 1777
-152.3 1663
-152.1 1806
-151.9 1822
-151.7 1762
-151.5 1719
-151.3 1785
-151.1 1738
-150.9 1846
-150.7 1691
-150.5 1778
-150.3 1771
-150.1 1742
-149.9 1825
-149.7 1730
-149.5 1677
-149.3 1768
-149.1 1745
-148.9 1754
-148.7 1736
-148.5 1778
-148.3 1749
-148.1 1814
-147.9 1734
-147.7 1775
-147.5 1835
-147.3 1764
-147.1 1857
-146.9 1790
-146.7 1871
-146.5 1796
-146.3 1853
-146.1 1881
-145.9 1902
-145.7 1829
-145.5 1901
-145.3 1885
-145.1 1923
-144.9 1916
-144.7 1902
-144.5 1956
-144.3 1967
-144.1 1925
-143.9 1953
-143.7 2002
-143.5 1940
-143.3 1894
-143.1 1955
-142.9 1865
-142.7 1901
-142.5 2018
-142.3 1958
-142.1 2003
-141.9 1982
-141.7 1990
-141.5 1982
-141.3 1981
-141.1 2018
-140.9 2130
-140.7 1983
-140.5 2005
-140.3 2102
-140.1 1996
-139.9 1986
-139.7 2043
-139.5 2071
-139.3 2080
-139.1 2139
-138.9 2026
-138.7 2039
-138.5 2040
-138.3 2047
-138.1 1985
-137.9 2022
-137.7 2077
-137.5 2024
-137.3 2001
-137.1 2099
-136.9 2079
-136.7 2025
-136.5 1987
-136.3 2037
-136.1 2013
-135.9 2095
-135.7 2207
-135.5 2072
-135.3 2017
-135.1 2041
-134.9 2083
-134.7 2056
-134.5 2082
-134.3 2027
-134.1 2039
-133.9 2054
-133.7 2060
-133.5 2032
-133.3 2034
-133.1 2018
-132.9 2022
-132.7 1999
-132.5 2039
-132.3 2104
-132.1 2049
-131.9 2015
-131.7 2032
-131.5 2017
-131.3 2003
-131.1 2115
-130.9 2037
-130.7 1972
-130.5 2025
-130.3 2025
-130.1 1964
-129.9 1935
-129.7 2009
-129.5 2015
-129.3 2076
-129.1 1921
-128.9 1963
-128.7 1952
-128.5 2027
-128.3 2016
-128.1 1981
-127.9 2007
-127.7 2011
-127.5 2003
-127.3 1996
-127.1 1970
-126.9 2015
-126.7 1974
-126.5 1938
-126.3 1957
-126.1 1987
-125.9 2026
-125.7 1961
-125.5 1968
-125.3 1995
-125.1 1967
-124.9 2014
-124.7 1929
-124.5 1844
-124.3 1944
-124.1 1940
-123.9 1997
-123.7 1883
-123.5 2043
-123.3 1888
-123.1 1969
-122.9 1950
-122.7 1990
-122.5 1869
-122.3 1980
-122.1 1949
-121.9 1918
-121.7 1895
-121.5 1948
-121.3 1820
-121.1 1968
-120.9 1962
-120.7 1925
-120.5 1811
-120.3 1914
-120.1 1951
-119.9 2001
-119.7 1926
-119.5 1977
-119.3 1962
-119.1 1907
-118.9 1966
-118.7 1954
-118.5 1833
-118.3 1926
-118.1 1905
-117.9 1967
-117.7 1949
-117.5 1922
-117.3 1872
-117.1 1902
-116.9 2043
-116.7 1978
-116.5 1938
-116.3 1878
-116.1 1965
-115.9 1934
-115.7 1813
-115.5 1916
-115.3 1891
-115.1 1913
-114.9 1883
-114.7 1967
-114.5 1852
-114.3 1895
-114.1 1912
-113.9 1953
-113.7 1866
-113.5 1993
-113.3 1919
-113.1 1850
-112.9 1884
-112.7 1935
-112.5 1869
-112.3 1872
-112.1 1921
-111.9 1855
-111.7 1902
-111.5 1950
-111.3 1927
-111.1 1944
-110.9 1940
-110.7 1906
-110.5 1955
-110.3 1893
-110.1 1912
-109.9 1983
-109.7 1927
-109.5 1956
-109.3 1926
-109.1 1879
-108.9 1910
-108.7 1907
-108.5 1904
-108.3 1955
-108.1 1885
-107.9 1819
-107.7 1938
-107.5 1889
-107.3 1901
-107.1 1917
-106.9 1920
-106.7 1857
-106.5 1792
-106.3 1829
-106.1 1851
-105.9 1833
-105.7 1911
-105.5 1840
-105.3 1876
-105.1 1828
-104.9 1878
-104.7 1882
-104.5 1876
-104.3 1858
-104.1 1891
-103.9 1969
-103.7 1929
-103.5 1916
-103.3 1881
-103.1 1913
-102.9 1918
-102.7 1837
-102.5 1834
-102.3 1832
-102.1 1926
-101.9 1790
-101.7 1868
-101.5 1885
-101.3 1881
-101.1 1861
-100.9 1844
-100.7 1825
-100.5 1809
-100.3 1873
-100.1 1899
-99.9 1911
-99.7 1861
-99.5 1882
-99.3 1877
-99.1 1918
-98.9 1852
-98.7 1833
-98.5 1852
-98.3 1887
-98.1 1858
-97.9 1817
-97.7 1874
-97.5 1857
-97.3 1835
-97.1 1861
-96.9 1909
-96.7 1808
-96.5 1806
-96.3 1802
-96.1 1819
-95.9 1778
-95.7 1868
-95.5 1885
-95.3 1793
-95.1 1891
-94.9 1864
-94.7 1841
-94.5 1820
-94.3 1916
-94.1 1816
-93.9 1777
-93.7 1827
-93.5 1847
-93.3 1777
-93.1 1807
-92.9 1834
-92.7 1904
-92.5 1794
-92.3 1759
-92.1 1770
-91.9 1759
-91.7 1802
-91.5 1754
-91.3 1824
-91.1 1804
-90.9 1835
-90.7 1838
-90.5 1840
-90.3 1786
-90.1 1917
-89.9 1836
-89.7 1892
-89.5 1830
-89.3 1832
-89.1 1852
-88.9 1794
-88.7 1855
-88.5 1869
-88.3 1728
-88.1 1853
-87.9 1802
-87.7 1838
-87.5 1782
-87.3 1824
-87.1 1839
-86.9 1875
-86.7 1794
-86.5 1735
-86.3 1869
-86.1 1792
-85.9 1884
-85.7 1836
-85.5 1801
-85.3 1862
-85.1 1819
-84.9 1821
-84.7 1840
-84.5 1860
-84.3 1809
-84.1 1862
-83.9 1867
-83.7 1835
-83.5 1836
-83.3 1869
-83.1 1861
-82.9 1864
-82.7 1878
-82.5 1826
-82.3 1792
-82.1 1908
-81.9 1925
-81.7 1834
-81.5 1870
-81.3 1893
-81.1 1944
-80.9 1813
-80.7 1875
-80.5 1889
-80.3 1898
-80.1 1877
-79.9 1816
-79.7 1929
-79.5 1832
-79.3 1918
-79.1 1914
-78.9 1914
-78.7 1839
-78.5 1877
-78.3 1896
-78.1 1867
-77.9 1823
-77.7 1886
-77.5 1906
-77.3 1862
-77.1 1931
-76.9 1927
-76.7 1977
-76.5 2024
-76.3 1887
-76.1 1847
-75.9 1896
-75.7 1964
-75.5 1958
-75.3 1944
-75.1 1928
-74.9 1870
-74.7 1902
-74.5 1935
-74.3 1880
-74.1 1926
-73.9 1887
-73.7 2010
-73.5 1871
-73.3 1893
-73.1 1883
-72.9 1952
-72.7 1896
-72.5 1991
-72.3 1920
-72.1 1910
-71.9 1935
-71.7 1884
-71.5 1854
-71.3 1927
-71.1 1816
-70.9 1888
-70.7 1888
-70.5 1968
-70.3 1920
-70.1 1900
-69.9 1916
-69.7 1949
-69.5 1906
-69.3 1883
-69.1 1913
-68.9 1844
-68.7 1914
-68.5 1881
-68.3 1860
-68.1 1876
-67.9 1857
-67.7 1939
-67.5 1980
-67.3 1921
-67.1 1825
-66.9 1791
-66.7 1762
-66.5 1908
-66.3 1840
-66.1 1958
-65.9 1946
-65.7 1887
-65.5 1879
-65.3 1899
-65.1 1850
-64.9 1934
-64.7 1963
-64.5 1903
-64.3 1930
-64.1 1862
-63.9 1931
-63.7 1911
-63.5 1805
-63.3 1863
-63.1 1880
-62.9 1888
-62.7 1916
-62.5 1976
-62.3 1902
-62.1 1846
-61.9 1890
-61.7 1926
-61.5 1894
-61.3 1910
-61.1 1892
-60.9 1918
-60.7 1869
-60.5 1863
-60.3 1912
-60.1 1959
-59.9 1889
-59.7 1884
-59.5 1875
-59.3 1863
-59.1 1860
-58.9 1900
-58.7 1856
-58.5 1904
-58.3 1878
-58.1 1831
-57.9 1895
-57.7 1935
-57.5 1941
-57.3 1806
-57.1 1952
-56.9 1936
-56.7 1840
-56.5 1922
-56.3 1841
-56.1 1871
-55.9 1922
-55.7 1920
-55.5 1893
-55.3 1933
-55.1 1822
-54.9 1928
-54.7 1881
-54.5 1866
-54.3 1803
-54.1 1891
-53.9 1884
-53.7 1880
-53.5 1814
-53.3 1913
-53.1 1898
-52.9 1868
-52.7 1952
-52.5 1840
-52.3 1894
-52.1 1867
-51.9 1926
-51.7 1937
-51.5 1777
-51.3 1936
-51.1 1927
-50.9 1864
-50.7 1861
-50.5 1875
-50.3 1849
-50.1 1883
-49.9 1991
-49.7 1871
-49.5 1895
-49.3 1919
-49.1 1937
-48.9 1856
-48.7 1913
-48.5 1854
-48.3 1876
-48.1 1883
-47.9 1887
-47.7 1877
-47.5 1904
-47.3 1867
-47.1 1852
-46.9 1850
-46.7 1913
-46.5 1813
-46.3 1867
-46.1 1884
-45.9 1884
-45.7 1955
-45.5 1851
-45.3 1877
-45.1 1911
-44.9 1836
-44.7 1905
-44.5 1982
-44.3 1864
-44.1 1812
-43.9 1856
-43.7 1878
-43.5 2021
-43.3 1917
-43.1 1880
-42.9 1864
-42.7 1923
-42.5 1927
-42.3 1853
-42.1 1896
-41.9 1869
-41.7 1872
-41.5 1834
-41.3 1823
-41.1 1866
-40.9 1868
-40.7 1762
-40.5 1874
-40.3 1883
-40.1 1931
-39.9 1877
-39.7 1846
-39.5 1802
-39.3 1812
-39.1 1860
-38.9 1769
-38.7 1826
-38.5 1874
-38.3 1910
-38.1 1906
-37.9 1846
-37.7 1812
-37.5 1915
-37.3 1867
-37.1 1791
-36.9 1863
-36.7 1821
-36.5 1922
-36.3 1856
-36.1 1890
-35.9 1883
-35.7 1848
-35.5 1845
-35.3 1915
-35.1 1912
-34.9 1886
-34.7 1859
-34.5 1895
-34.3 1816
-34.1 1800
-33.9 1845
-33.7 1824
-33.5 1962
-33.3 1793
-33.1 1817
-32.9 1889
-32.7 1916
-32.5 1894
-32.3 1930
-32.1 1912
-31.9 1892
-31.7 1828
-31.5 1896
-31.3 1760
-31.1 1823
-30.9 1893
-30.7 1916
-30.5 1925
-30.3 1875
-30.1 1889
-29.9 1939
-29.7 1939
-29.5 1860
-29.3 1884
-29.1 1866
-28.9 1916
-28.7 1847
-28.5 1819
-28.3 1836
-28.1 1906
-27.9 1887
-27.7 1902
-27.5 1832
-27.3 1866
-27.1 1834
-26.9 1894
-26.7 1967
-26.5 1931
-26.3 1841
-26.1 1912
-25.9 1864
-25.7 1914
-25.5 1995
-25.3 1848
-25.1 1879
-24.9 1974
-24.7 1856
-24.5 1868
-24.3 1898
-24.1 1878
-23.9 1897
-23.7 1927
-23.5 1818
-23.3 1901
-23.1 1835
-22.9 1881
-22.7 1755
-22.5 1814
-22.3 1803
-22.1 1839
-21.9 1934
-21.7 1876
-21.5 1962
-21.3 1834
-21.1 1800
-20.9 1916
-20.7 1857
-20.5 1853
-20.3 1824
-20.1 1827
-19.9 1892
-19.7 1884
-19.5 1854
-19.3 1835
-19.1 1873
-18.9 1880
-18.7 1873
-18.5 1793
-18.3 1883
-18.1 1816
-17.9 1855
-17.7 1853
-17.5 1892
-17.3 1882
-17.1 1921
-16.9 1836
-16.7 1853
-16.5 1906
-16.3 1855
-16.1 1943
-15.9 1856
-15.7 1940
-15.5 1885
-15.3 1880
-15.1 1899
-14.9 1899
-14.7 1829
-14.5 1825
-14.3 1887
-14.1 1853
-13.9 1925
-13.7 1872
-13.5 1898
-13.3 1933
-13.1 1809
-12.9 1850
-12.7 1853
-12.5 1778
-12.3 1804
-12.1 1914
-11.9 1849
-11.7 1788
-11.5 1879
-11.3 1865
-11.1 1847
-10.9 1802
-10.7 1762
-10.5 1801
-10.3 1870
-10.1 1866
-9.9 1879
-9.7 1833
-9.5 1899
-9.3 1912
-9.1 1868
-8.9 1937
-8.7 1838
-8.5 1804
-8.3 1857
-8.1 1884
-7.9 1847
-7.7 1906
-7.5 1873
-7.3 1836
-7.1 1887
-6.9 1882
-6.7 1907
-6.5 1808
-6.3 1912
-6.1 1908
-5.9 1862
-5.7 1901
-5.5 1849
-5.3 1843
-5.1 1890
-4.9 1894
-4.7 1930
-4.5 1903
-4.3 1862
-4.1 1887
-3.9 1881
-3.7 1792
-3.5 1879
-3.3 1898
-3.1 1924
-2.9 1903
-2.7 1841
-2.5 1814
-2.3 1853
-2.1 1761
-1.9 1798
-1.7 1855
-1.5 1778
-1.3 1847
-1.1 1760
-0.9 1836
-0.7 1934
-0.5 1887
-0.3 1956
-0.1 1921
0.1 1848
0.3 1906
0.5 1863
0.7 1795
0.9 1811
1.1 1723
1.3 1790
1.5 1860
1.7 1852
1.9 1935
2.1 1889
2.3 1812
2.5 1851
2.7 1917
2.9 1805
3.1 1970
3.3 1805
3.5 1945
3.7 1883
3.9 1895
4.1 1846
4.3 1847
4.5 1960
4.7 1887
4.9 1836
5.1 1780
5.3 1808
5.5 1926
5.7 1856
5.9 1855
6.1 1898
6.3 1829
6.5 1973
6.7 1850
6.9 1851
7.1 1846
7.3 1879
7.5 1823
7.7 1928
7.9 1844
8.1 1931
8.3 1819
8.5 1820
8.7 1835
8.9 1829
9.1 1846
9.3 1817
9.5 1816
9.7 1829
9.9 1835
10.1 1770
10.3 1803
10.5 1846
10.7 1741
10.9 1799
11.1 1841
11.3 1782
11.5 1713
11.7 1761
11.9 1787
12.1 1815
12.3 1748
12.5 1750
12.7 1736
12.9 1680
13.1 1749
13.3 1711
13.5 1709
13.7 1670
13.9 1709
14.1 1679
14.3 1748
14.5 1667
14.7 1653
14.9 1727
15.1 1634
15.3 1648
15.5 1640
15.7 1660
15.9 1609
16.1 1619
16.3 1562
16.5 1583
16.7 1613
16.9 1494
17.1 1498
17.3 1507
17.5 1508
17.7 1450
17.9 1498
18.1 1392
18.3 1466
18.5 1466
18.7 1426
18.9 1397
19.1 1361
19.3 1372
19.5 1286
19.7 1378
19.9 1342
20.1 1252
20.3 1329
20.5 1345
20.7 1211
20.9 1239
21.1 1304
21.3 1201
21.5 1176
21.7 1142
21.9 1138
22.1 1085
22.3 1098
22.5 1116
22.7 1055
22.9 1076
23.1 1030
23.3 1047
23.5 965
23.7 957
23.9 1002
24.1 972
24.3 910
24.5 838
24.7 872
24.9 861
25.1 854
25.3 804
25.5 853
25.7 783
25.9 757
26.1 713
26.3 701
26.5 688
26.7 673
26.9 635
27.1 659
27.3 609
27.5 640
27.7 612
27.9 593
28.1 565
28.3 574
28.5 566
28.7 504
28.9 493
29.1 486
29.3 465
29.5 435
29.7 413
29.9 408
30.1 399
30.3 366
30.5 376
30.7 378
30.9 367
31.1 312
31.3 294
31.5 306
31.7 309
31.9 259
32.1 255
32.3 252
32.5 251
32.7 217
32.9 236
33.1 210
33.3 195
33.5 174
33.7 182
33.9 170
34.1 166
34.3 144
34.5 149
34.7 131
34.9 121
35.1 127
35.3 123
35.5 111
35.7 107
35.9 108
36.1 79
36.3 84
36.5 74
36.7 89
36.9 91
37.1 65
37.3 72
37.5 67
37.7 65
37.9 71
38.1 48
38.3 49
38.5 38
38.7 51
38.9 27
39.1 35
39.3 28
39.5 29
39.7 24
39.9 25
40.1 18
40.3 25
40.5 27
40.7 23
40.9 12
41.1 11
41.3 16
41.5 10
41.7 9
41.9 11
42.1 6
42.3 11
42.5 11
42.7 3
42.9 6
43.1 7
43.3 6
43.5 7
43.7 1
43.9 6
44.1 5
44.3 3
44.5 4
44.7 2
44.9 3
45.1 3
45.3 4
45.5 4
45.7 2
45.9 2
46.1 0
46.3 5
46.5 4
46.7 1
46.9 2
47.1 3
47.3 3
47.5 1
47.7 1
47.9 2
48.1 2
48.3 1
48.5 0
48.7 2
48.9 2
49.1 1
49.3 3
49.5 2
49.7 0
49.9 3
