-209.9 0
-209.7 0
-209.5 0
-209.3 0
-209.1 1
-208.9 0
-208.7 0
-208.5 0
-208.3 0
-208.1 1
-207.9 0
-207.7 1
-207.5 0
-207.3 0
-207.1 0
-206.9 0
-206.7 0
-206.5 0
-206.3 0
-206.1 0
-205.9 2
-205.7 0
-205.5 0
-205.3 0
-205.1 1
-204.9 1
-204.7 0
-204.5 0
-204.3 1
-204.1 0
-203.9 0
-203.7 0
-203.5 0
-203.3 0
-203.1 0
-202.9 1
-202.7 1
-202.5 1
-202.3 0
-202.1 1
-201.9 0
-201.7 0
-201.5 0
-201.3 0
-201.1 0
-200.9 1
-200.7 0
-200.5 0
-200.3 0
-200.1 0
-199.9 0
-199.7 0
-199.5 0
-199.3 0
-199.1 0
-198.9 0
-198.7 0
-198.5 0
-198.3 3
-198.1 3
-197.9 12
-197.7 13
-197.5 29
-197.3 61
-197.1 87
-196.9 136
-196.7 175
-196.5 273
-196.3 342
-196.1 516
-195.9 653
-195.7 872
-195.5 1219
-195.3 1504
-195.1 1858
-194.9 2221
-194.7 2606
-194.5 3021
-194.3 3443
-194.1 3957
-193.9 4117
-193.7 4588
-193.5 4589
-193.3 4817
-193.1 4874
-192.9 4910
-192.7 5161
-192.5 5062
-192.3 5087
-192.1 5030
-191.9 4914
-191.7 4982
-191.5 4877
-191.3 4689
-191.1 4658
-190.9 4553
-190.7 4450
-190.5 4596
-190.3 4360
-190.1 4473
-189.9 4384
-189.7 4321
-189.5 4204
-189.3 4321
-189.1 4161
-188.9 4060
-188.7 4178
-188.5 4089
-188.3 4076
-188.1 3954
-187.9 4010
-187.7 3841
-187.5 3988
-187.3 3857
-187.1 3947
-186.9 3957
-186.7 4043
-186.5 3791
-186.3 3917
-186.1 3873
-185.9 3752
-185.7 3606
-185.5 3853
-185.3 3674
-185.1 3575
-184.9 3706
-184.7 3801
-184.5 3686
-184.3 3686
-184.1 3592
-183.9 3521
-183.7 3673
-183.5 3581
-183.3 3663
-183.1 3551
-182.9 3628
-182.7 3514
-182.5 3551
-182.3 3520
-182.1 3408
-181.9 3392
-181.7 3449
-181.5 3552
-181.3 3475
-181.1 3417
-180.9 3395
-180.7 3310
-180.5 3373
-180.3 3198
-180.1 3216
-179.9 3147
-179.7 3254
-179.5 3056
-179.3 3173
-179.1 2944
-178.9 3119
-178.7 2929
-178.5 2876
-178.3 2863
-178.1 2835
-177.9 2796
-177.7 2883
-177.5 2751
-177.3 2741
-177.1 2690
-176.9 2581
-176.7 2551
-176.5 2567
-176.3 2552
-176.1 2553
-175.9 2465
-175.7 2545
-175.5 2479
-175.3 2537
-175.1 2509
-174.9 2447
-174.7 2386
-174.5 2407
-174.3 2427
-174.1 2317
-173.9 2271
-173.7 2305
-173.5 2242
-173.3 2402
-173.1 2346
-172.9 2339
-172.7 2191
-172.5 2313
-172.3 2217
-172.1 2173
-171.9 2239
-171.7 2264
-171.5 2203
-171.3 2225
-171.1 2161
-170.9 2111
-170.7 2234
-170.5 2151
-170.3 2084
-170.1 2178
-169.9 2112
-169.7 2139
-169.5 2135
-169.3 2099
-169.1 2133
-168.9 1999
-168.7 2118
-168.5 2147
-168.3 2071
-168.1 2073
-167.9 2093
-167.7 2034
-167.5 2153
-167.3 2017
-167.1 2024
-166.9 2044
-166.7 2046
-166.5 2103
-166.3 2080
-166.1 2058
-165.9 2090
-165.7 2092
-165.5 2001
-165.3 2114
-165.1 2034
-164.9 2037
-164.7 2043
-164.5 2062
-164.3 1975
-164.1 1972
-163.9 1979
-163.7 2064
-163.5 2074
-163.3 1968
-163.1 2012
-162.9 2028
-162.7 1983
-162.5 2066
-162.3 1989
-162.1 1975
-161.9 2031
-161.7 2054
-161.5 2035
-161.3 2033
-161.1 2024
-160.9 1949
-160.7 1947
-160.5 1945
-160.3 2020
-160.1 2028
-159.9 1965
-159.7 1951
-159.5 1997
-159.3 1925
-159.1 1971
-158.9 2023
-158.7 1921
-158.5 1936
-158.3 1969
-158.1 1922
-157.9 1950
-157.7 1980
-157.5 1921
-157.3 1970
-157.1 2002
-156.9 1912
-156.7 1893
-156.5 1995
-156.3 1915
-156.1 1949
-155.9 1923
-155.7 1926
-155.5 1909
-155.3 1928
-155.1 1960
-154.9 1816
-154.7 1949
-154.5 1867
-154.3 1910
-154.1 1864
-153.9 1841
-153.7 1820
-153.5 1877
-153.3 1867
-153.1 1896
-152.9 1802
-152.7 1734
-152.5 1816
-152.3 1788
-152.1 1786
-151.9 1861
-151.7 1792
-151.5 1728
-151.3 1821
-151.1 1798
-150.9 1868
-150.7 1816
-150.5 1742
-150.3 1760
-150.1 1706
-149.9 1740
-149.7 1768
-149.5 1776
-149.3 1705
-149.1 1676
-148.9 1740
-148.7 1740
-148.5 1769
-148.3 1812
-148.1 1719
-147.9 1737
-147.7 1814
-147.5 1736
-147.3 1756
-147.1 1779
-146.9 1802
-146.7 1782
-146.5 1774
-146.3 1765
-146.1 1715
-145.9 1777
-145.7 1767
-145.5 1832
-145.3 1762
-145.1 1787
-144.9 1831
-144.7 1782
-144.5 1885
-144.3 1825
-144.1 1816
-143.9 1925
-143.7 1813
-143.5 1771
-143.3 1854
-143.1 1877
-142.9 1724
-142.7 1878
-142.5 1932
-142.3 1865
-142.1 1851
-141.9 1961
-141.7 1868
-141.5 1855
-141.3 1894
-141.1 1920
-140.9 1935
-140.7 1920
-140.5 1901
-140.3 1921
-140.1 2010
-139.9 1995
-139.7 2026
-139.5 2028
-139.3 1968
-139.1 1927
-138.9 1997
-138.7 1934
-138.5 1959
-138.3 1981
-138.1 2003
-137.9 2017
-137.7 1990
-137.5 1950
-137.3 1950
-137.1 1994
-136.9 2021
-136.7 2028
-136.5 1951
-136.3 1982
-136.1 2063
-135.9 2009
-135.7 1978
-135.5 2001
-135.3 2026
-135.1 1936
-134.9 1979
-134.7 2100
-134.5 2045
-134.3 2025
-134.1 1926
-133.9 1982
-133.7 2100
-133.5 2049
-133.3 1908
-133.1 1938
-132.9 2030
-132.7 2075
-132.5 2006
-132.3 2016
-132.1 2029
-131.9 1996
-131.7 1912
-131.5 1996
-131.3 2003
-131.1 1999
-130.9 1945
-130.7 2014
-130.5 2083
-130.3 2035
-130.1 2009
-129.9 2002
-129.7 1990
-129.5 2049
-129.3 2061
-129.1 1968
-128.9 2001
-128.7 1997
-128.5 1999
-128.3 1987
-128.1 2007
-127.9 1946
-127.7 2059
-127.5 1961
-127.3 1968
-127.1 2014
-126.9 2028
-126.7 1963
-126.5 1985
-126.3 1957
-126.1 1958
-125.9 1950
-125.7 1980
-125.5 1982
-125.3 1987
-125.1 1977
-124.9 1968
-124.7 1877
-124.5 1967
-124.3 1993
-124.1 1871
-123.9 2005
-123.7 1993
-123.5 2016
-123.3 1997
-123.1 1950
-122.9 1997
-122.7 2011
-122.5 1905
-122.3 1903
-122.1 1911
-121.9 1997
-121.7 1900
-121.5 2007
-121.3 1957
-121.1 1950
-120.9 1986
-120.7 1996
-120.5 1901
-120.3 1985
-120.1 2074
-119.9 1946
-119.7 1961
-119.5 1956
-119.3 1885
-119.1 1952
-118.9 1956
-118.7 1896
-118.5 1991
-118.3 1989
-118.1 1897
-117.9 1886
-117.7 1951
-117.5 1955
-117.3 1987
-117.1 1935
-116.9 1966
-116.7 1962
-116.5 2041
-116.3 1936
-116.1 1942
-115.9 1981
-115.7 1974
-115.5 1969
-115.3 1854
-115.1 1965
-114.9 1897
-114.7 1961
-114.5 1936
-114.3 1893
-114.1 2011
-113.9 1935
-113.7 2028
-113.5 1936
-113.3 1931
-113.1 1952
-112.9 1977
-112.7 2001
-112.5 1914
-112.3 1922
-112.1 1938
-111.9 1917
-111.7 1980
-111.5 1845
-111.3 1867
-111.1 1932
-110.9 1908
-110.7 1920
-110.5 1888
-110.3 1872
-110.1 1921
-109.9 1889
-109.7 1951
-109.5 1915
-109.3 1915
-109.1 1946
-108.9 1931
-108.7 1898
-108.5 1924
-108.3 1906
-108.1 1872
-107.9 1934
-107.7 1877
-107.5 2001
-107.3 1822
-107.1 1935
-106.9 1955
-106.7 1929
-106.5 1912
-106.3 1943
-106.1 1914
-105.9 1869
-105.7 1847
-105.5 1894
-105.3 1888
-105.1 1883
-104.9 1852
-104.7 1852
-104.5 1815
-104.3 1858
-104.1 1870
-103.9 1958
-103.7 1890
-103.5 1815
-103.3 1839
-103.1 1841
-102.9 1894
-102.7 1866
-102.5 1919
-102.3 1846
-102.1 1824
-101.9 1938
-101.7 1827
-101.5 1909
-101.3 1919
-101.1 1858
-100.9 1937
-100.7 1905
-100.5 1857
-100.3 1807
-100.1 1917
-99.9 1876
-99.7 1859
-99.5 1828
-99.3 1894
-99.1 1896
-98.9 1879
-98.7 1841
-98.5 1934
-98.3 1905
-98.1 1878
-97.9 1892
-97.7 1825
-97.5 1884
-97.3 1797
-97.1 1886
-96.9 1875
-96.7 1810
-96.5 1862
-96.3 1883
-96.1 1938
-95.9 1871
-95.7 1933
-95.5 1807
-95.3 1883
-95.1 1788
-94.9 1803
-94.7 1789
-94.5 1867
-94.3 1896
-94.1 1830
-93.9 1773
-93.7 1787
-93.5 1762
-93.3 1777
-93.1 1817
-92.9 1834
-92.7 1861
-92.5 1840
-92.3 1859
-92.1 1850
-91.9 1851
-91.7 1838
-91.5 1853
-91.3 1814
-91.1 1830
-90.9 1858
-90.7 1923
-90.5 1873
-90.3 1763
-90.1 1911
-89.9 1803
-89.7 1803
-89.5 1789
-89.3 1868
-89.1 1843
-88.9 1853
-88.7 1744
-88.5 1819
-88.3 1791
-88.1 1779
-87.9 1831
-87.7 1811
-87.5 1796
-87.3 1847
-87.1 1740
-86.9 1783
-86.7 1743
-86.5 1850
-86.3 1752
-86.1 1741
-85.9 1831
-85.7 1738
-85.5 1814
-85.3 1782
-85.1 1811
-84.9 1797
-84.7 1830
-84.5 1777
-84.3 1849
-84.1 1888
-83.9 1785
-83.7 1848
-83.5 1847
-83.3 1813
-83.1 1944
-82.9 1863
-82.7 1818
-82.5 1899
-82.3 1848
-82.1 1891
-81.9 1874
-81.7 1858
-81.5 1808
-81.3 1753
-81.1 1853
-80.9 1868
-80.7 1860
-80.5 1824
-80.3 1871
-80.1 1788
-79.9 1779
-79.7 1808
-79.5 1869
-79.3 1762
-79.1 1827
-78.9 1794
-78.7 1765
-78.5 1821
-78.3 1830
-78.1 1881
-77.9 1845
-77.7 1886
-77.5 1883
-77.3 1856
-77.1 1810
-76.9 1857
-76.7 1802
-76.5 1849
-76.3 1840
-76.1 1744
-75.9 1827
-75.7 1791
-75.5 1823
-75.3 1942
-75.1 1851
-74.9 1938
-74.7 1846
-74.5 1809
-74.3 1863
-74.1 1812
-73.9 1787
-73.7 1808
-73.5 1820
-73.3 1857
-73.1 1771
-72.9 1939
-72.7 1815
-72.5 1936
-72.3 1964
-72.1 1901
-71.9 1843
-71.7 1809
-71.5 1925
-71.3 1853
-71.1 1914
-70.9 1864
-70.7 1911
-70.5 1971
-70.3 1841
-70.1 1891
-69.9 1874
-69.7 1947
-69.5 1958
-69.3 1868
-69.1 1936
-68.9 1939
-68.7 1889
-68.5 1926
-68.3 1930
-68.1 1928
-67.9 1828
-67.7 1950
-67.5 1955
-67.3 1910
-67.1 1952
-66.9 1900
-66.7 1909
-66.5 1878
-66.3 1886
-66.1 1992
-65.9 1922
-65.7 1951
-65.5 1970
-65.3 1940
-65.1 1944
-64.9 1928
-64.7 1876
-64.5 1946
-64.3 1953
-64.1 1900
-63.9 1899
-63.7 1865
-63.5 1896
-63.3 1896
-63.1 1930
-62.9 1960
-62.7 1932
-62.5 1867
-62.3 1849
-62.1 1874
-61.9 1899
-61.7 1919
-61.5 1942
-61.3 1979
-61.1 1846
-60.9 1877
-60.7 1868
-60.5 1903
-60.3 1985
-60.1 1880
-59.9 1869
-59.7 1882
-59.5 1986
-59.3 1917
-59.1 1936
-58.9 1860
-58.7 1905
-58.5 1829
-58.3 1903
-58.1 1843
-57.9 1946
-57.7 1855
-57.5 1885
-57.3 1926
-57.1 1908
-56.9 1818
-56.7 1917
-56.5 1794
-56.3 1852
-56.1 1865
-55.9 1917
-55.7 1871
-55.5 1897
-55.3 1790
-55.1 1868
-54.9 1842
-54.7 1871
-54.5 1886
-54.3 1898
-54.1 1865
-53.9 1851
-53.7 1883
-53.5 1882
-53.3 1904
-53.1 1906
-52.9 1905
-52.7 1902
-52.5 1913
-52.3 1802
-52.1 1886
-51.9 1815
-51.7 1888
-51.5 1853
-51.3 1921
-51.1 1885
-50.9 1821
-50.7 1928
-50.5 1880
-50.3 1890
-50.1 1853
-49.9 1831
-49.7 1875
-49.5 1833
-49.3 1875
-49.1 1841
-48.9 1883
-48.7 1886
-48.5 1961
-48.3 1974
-48.1 1764
-47.9 1821
-47.7 1870
-47.5 1861
-47.3 1878
-47.1 1800
-46.9 1885
-46.7 1922
-46.5 1735
-46.3 1876
-46.1 1828
-45.9 1818
-45.7 1882
-45.5 1900
-45.3 1856
-45.1 1855
-44.9 1857
-44.7 1912
-44.5 1804
-44.3 1835
-44.1 1782
-43.9 1820
-43.7 1808
-43.5 1876
-43.3 1870
-43.1 1902
-42.9 1855
-42.7 1828
-42.5 1861
-42.3 1883
-42.1 1885
-41.9 1830
-41.7 1860
-41.5 1855
-41.3 1850
-41.1 1873
-40.9 1847
-40.7 1860
-40.5 1877
-40.3 1864
-40.1 1879
-39.9 1851
-39.7 1802
-39.5 1867
-39.3 1826
-39.1 1890
-38.9 1889
-38.7 1816
-38.5 1899
-38.3 1891
-38.1 1898
-37.9 1888
-37.7 1923
-37.5 1840
-37.3 1878
-37.1 1830
-36.9 1819
-36.7 1910
-36.5 1843
-36.3 1855
-36.1 1942
-35.9 1818
-35.7 1869
-35.5 1770
-35.3 1837
-35.1 1861
-34.9 1773
-34.7 1793
-34.5 1919
-34.3 1758
-34.1 1790
-33.9 1804
-33.7 1916
-33.5 1904
-33.3 1866
-33.1 1833
-32.9 1877
-32.7 1896
-32.5 1872
-32.3 1833
-32.1 1828
-31.9 1892
-31.7 1892
-31.5 1828
-31.3 1807
-31.1 1855
-30.9 1876
-30.7 1840
-30.5 1800
-30.3 1852
-30.1 1879
-29.9 1859
-29.7 1917
-29.5 1923
-29.3 1866
-29.1 1901
-28.9 1822
-28.7 1867
-28.5 1773
-28.3 1844
-28.1 1867
-27.9 1814
-27.7 1833
-27.5 1936
-27.3 1865
-27.1 1930
-26.9 1895
-26.7 1926
-26.5 1795
-26.3 1817
-26.1 1918
-25.9 1827
-25.7 1767
-25.5 1792
-25.3 1856
-25.1 1876
-24.9 1853
-24.7 1813
-24.5 1865
-24.3 1885
-24.1 1890
-23.9 1925
-23.7 1826
-23.5 1945
-23.3 1861
-23.1 1849
-22.9 1851
-22.7 1857
-22.5 1853
-22.3 1887
-22.1 1863
-21.9 1794
-21.7 1844
-21.5 1847
-21.3 1935
-21.1 1841
-20.9 1816
-20.7 1926
-20.5 1819
-20.3 1808
-20.1 1861
-19.9 1860
-19.7 1876
-19.5 1883
-19.3 1818
-19.1 1880
-18.9 1806
-18.7 1889
-18.5 1888
-18.3 1788
-18.1 1857
-17.9 1855
-17.7 1783
-17.5 1835
-17.3 1884
-17.1 1879
-16.9 1828
-16.7 1949
-16.5 1818
-16.3 1858
-16.1 1823
-15.9 1847
-15.7 1855
-15.5 1757
-15.3 1805
-15.1 1843
-14.9 1820
-14.7 1849
-14.5 1780
-14.3 1817
-14.1 1802
-13.9 1874
-13.7 1793
-13.5 1843
-13.3 1819
-13.1 1852
-12.9 1838
-12.7 1850
-12.5 1820
-12.3 1871
-12.1 1831
-11.9 1827
-11.7 1817
-11.5 1832
-11.3 1767
-11.1 1805
-10.9 1750
-10.7 1761
-10.5 1869
-10.3 1766
-10.1 1875
-9.9 1822
-9.7 1829
-9.5 1875
-9.3 1869
-9.1 1775
-8.9 1793
-8.7 1785
-8.5 1824
-8.3 1838
-8.1 1824
-7.9 1852
-7.7 1796
-7.5 1821
-7.3 1786
-7.1 1782
-6.9 1840
-6.7 1742
-6.5 1819
-6.3 1857
-6.1 1757
-5.9 1831
-5.7 1848
-5.5 1809
-5.3 1851
-5.1 1857
-4.9 1825
-4.7 1850
-4.5 1833
-4.3 1765
-4.1 1772
-3.9 1764
-3.7 1814
-3.5 1815
-3.3 1738
-3.1 1830
-2.9 1861
-2.7 1757
-2.5 1723
-2.3 1802
-2.1 1806
-1.9 1855
-1.7 1835
-1.5 1757
-1.3 1778
-1.1 1807
-0.9 1855
-0.7 1867
-0.5 1867
-0.3 1834
-0.1 1706
0.1 1855
0.3 1866
0.5 1822
0.7 1810
0.9 1812
1.1 1876
1.3 1886
1.5 1820
1.7 1892
1.9 1779
2.1 1786
2.3 1860
2.5 1880
2.7 1839
2.9 1905
3.1 1813
3.3 1798
3.5 1796
3.7 1819
3.9 1830
4.1 1890
4.3 1896
4.5 1848
4.7 1829
4.9 1981
5.1 1919
5.3 1781
5.5 1814
5.7 1886
5.9 1913
6.1 1865
6.3 1851
6.5 1893
6.7 1847
6.9 1909
7.1 1891
7.3 1863
7.5 1874
7.7 1872
7.9 1815
8.1 1922
8.3 1900
8.5 1893
8.7 1852
8.9 1923
9.1 1909
9.3 1798
9.5 1779
9.7 1877
9.9 1862
10.1 1824
10.3 1823
10.5 1905
10.7 1842
10.9 1766
11.1 1749
11.3 1805
11.5 1843
11.7 1726
11.9 1807
12.1 1834
12.3 1912
12.5 1836
12.7 1856
12.9 1768
13.1 1825
13.3 1792
13.5 1793
13.7 1779
13.9 1731
14.1 1716
14.3 1741
14.5 1735
14.7 1749
14.9 1753
15.1 1676
15.3 1756
15.5 1644
15.7 1679
15.9 1697
16.1 1656
16.3 1631
16.5 1673
16.7 1657
16.9 1588
17.1 1648
17.3 1624
17.5 1592
17.7 1605
17.9 1535
18.1 1534
18.3 1450
18.5 1515
18.7 1564
18.9 1456
19.1 1418
19.3 1452
19.5 1462
19.7 1417
19.9 1346
20.1 1418
20.3 1374
20.5 1365
20.7 1365
20.9 1316
21.1 1264
21.3 1310
21.5 1216
21.7 1321
21.9 1283
22.1 1221
22.3 1150
22.5 1225
22.7 1201
22.9 1068
23.1 1127
23.3 1138
23.5 1102
23.7 1054
23.9 1015
24.1 971
24.3 1001
24.5 1027
24.7 997
24.9 863
25.1 884
25.3 905
25.5 949
25.7 872
25.9 831
26.1 835
26.3 799
26.5 820
26.7 783
26.9 783
27.1 762
27.3 707
27.5 687
27.7 718
27.9 649
28.1 625
28.3 588
28.5 615
28.7 563
28.9 538
29.1 554
29.3 556
29.5 527
29.7 514
29.9 508
30.1 467
30.3 470
30.5 406
30.7 435
30.9 429
31.1 440
31.3 394
31.5 402
31.7 344
31.9 343
32.1 381
32.3 307
32.5 344
32.7 300
32.9 283
33.1 261
33.3 283
33.5 263
33.7 261
33.9 249
34.1 238
34.3 207
34.5 174
34.7 207
34.9 188
35.1 171
35.3 188
35.5 171
35.7 134
35.9 152
36.1 157
36.3 134
36.5 105
36.7 126
36.9 115
37.1 94
37.3 109
37.5 100
37.7 83
37.9 85
38.1 69
38.3 83
38.5 74
38.7 58
38.9 64
39.1 62
39.3 71
39.5 50
39.7 51
39.9 49
40.1 50
40.3 38
40.5 49
40.7 31
40.9 25
41.1 35
41.3 29
41.5 35
41.7 32
41.9 32
42.1 20
42.3 21
42.5 20
42.7 16
42.9 10
43.1 25
43.3 16
43.5 16
43.7 9
43.9 19
44.1 12
44.3 10
44.5 6
44.7 16
44.9 10
45.1 9
45.3 10
45.5 5
45.7 11
45.9 7
46.1 8
46.3 6
46.5 6
46.7 4
46.9 7
47.1 5
47.3 7
47.5 3
47.7 1
47.9 5
48.1 1
48.3 2
48.5 4
48.7 4
48.9 2
49.1 1
49.3 2
49.5 4
49.7 1
49.9 2
