1434
-1586.5 1.59304e-05
-1586.3 1.59304e-05
-1586.1 1.59304e-05
-1585.9 1.59304e-05
-1585.7 1.59304e-05
-1585.5 1.59304e-05
-1585.3 1.59304e-05
-1585.1 1.59304e-05
-1584.9 1.59304e-05
-1584.7 1.59304e-05
-1584.5 1.59304e-05
-1584.3 1.59304e-05
-1584.1 1.59304e-05
-1583.9 1.59304e-05
-1583.7 1.59304e-05
-1583.5 1.59304e-05
-1583.3 3.18608e-05
-1583.1 3.18608e-05
-1582.9 3.18608e-05
-1582.7 3.18608e-05
-1582.5 3.18608e-05
-1582.3 3.18608e-05
-1582.1 3.18608e-05
-1581.9 6.37217e-05
-1581.7 6.37217e-05
-1581.5 6.37217e-05
-1581.3 6.37217e-05
-1581.1 6.37217e-05
-1580.9 6.37217e-05
-1580.7 6.37217e-05
-1580.5 7.96521e-05
-1580.3 7.96521e-05
-1580.1 7.96521e-05
-1579.9 7.96521e-05
-1579.7 7.96521e-05
-1579.5 7.96521e-05
-1579.3 7.96521e-05
-1579.1 7.96521e-05
-1578.9 7.96521e-05
-1578.7 7.96521e-05
-1578.5 9.55825e-05
-1578.3 9.55825e-05
-1578.1 9.55825e-05
-1577.9 9.55825e-05
-1577.7 9.55825e-05
-1577.5 9.55825e-05
-1577.3 9.55825e-05
-1577.1 9.55825e-05
-1576.9 9.55825e-05
-1576.7 0.000111513
-1576.5 0.000111513
-1576.3 0.000159304
-1576.1 0.000175235
-1575.9 0.000223026
-1575.7 0.000238956
-1575.5 0.000238956
-1575.3 0.000270817
-1575.1 0.000270817
-1574.9 0.000286747
-1574.7 0.000318608
-1574.5 0.0003664
-1574.3 0.000414191
-1574.1 0.000430121
-1573.9 0.000493843
-1573.7 0.000573495
-1573.5 0.000653147
-1573.3 0.000716869
-1573.1 0.000828382
-1572.9 0.000876173
-1572.7 0.0010992
-1572.5 0.00124257
-1572.3 0.00137002
-1572.1 0.00138595
-1571.9 0.00149746
-1571.7 0.00167269
-1571.5 0.00172048
-1571.3 0.00187979
-1571.1 0.00205502
-1570.9 0.00223026
-1570.7 0.00232584
-1570.5 0.00250108
-1570.3 0.00259666
-1570.1 0.00275596
-1569.9 0.00296306
-1569.7 0.00320201
-1569.5 0.00339318
-1569.3 0.00355248
-1569.1 0.00393481
-1568.9 0.00423749
-1568.7 0.00457203
-1568.5 0.00479506
-1568.3 0.00520925
-1568.1 0.00538448
-1567.9 0.00567123
-1567.7 0.00603763
-1567.5 0.00646775
-1567.3 0.00665891
-1567.1 0.00716869
-1566.9 0.00766253
-1566.7 0.00806079
-1566.5 0.0085387
-1566.3 0.00900069
-1566.1 0.00936708
-1565.9 0.009845
-1565.7 0.010291
-1565.5 0.0108008
-1565.3 0.0113902
-1565.1 0.0119478
-1564.9 0.0125691
-1564.7 0.0132222
-1564.5 0.0137957
-1564.3 0.0143533
-1564.1 0.0150542
-1563.9 0.0156118
-1563.7 0.0161853
-1563.5 0.0166314
-1563.3 0.0173004
-1563.1 0.0179536
-1562.9 0.0186704
-1562.7 0.0194192
-1562.5 0.0201679
-1562.3 0.0207255
-1562.1 0.0214423
-1561.9 0.0221273
-1561.7 0.0227805
-1561.5 0.0235292
-1561.3 0.0242142
-1561.1 0.0249152
-1560.9 0.0257276
-1560.7 0.0265241
-1560.5 0.0271454
-1560.3 0.0279101
-1560.1 0.0286429
-1559.9 0.0295828
-1559.7 0.0302997
-1559.5 0.0309687
-1559.3 0.0317493
-1559.1 0.0326733
-1558.9 0.0337884
-1558.7 0.0346646
-1558.5 0.0355726
-1558.3 0.0367355
-1558.1 0.0375958
-1557.9 0.0383764
-1557.7 0.0391888
-1557.5 0.0400013
-1557.3 0.0410208
-1557.1 0.0420722
-1556.9 0.0430599
-1556.7 0.0439839
-1556.5 0.0451309
-1556.3 0.046246
-1556.1 0.0470266
-1555.9 0.0480939
-1555.7 0.0492887
-1555.5 0.0504357
-1555.3 0.051503
-1555.1 0.0528571
-1554.9 0.0538607
-1554.7 0.0549599
-1554.5 0.0561069
-1554.3 0.0568875
-1554.1 0.0579389
-1553.9 0.0588788
-1553.7 0.0600099
-1553.5 0.0608383
-1553.3 0.0621127
-1553.1 0.0634031
-1552.9 0.064327
-1552.7 0.0651873
-1552.5 0.0662705
-1552.3 0.0672901
-1552.1 0.0684211
-1551.9 0.0696637
-1551.7 0.070731
-1551.5 0.071894
-1551.3 0.073025
-1551.1 0.0742995
-1550.9 0.0752871
-1550.7 0.0763545
-1550.5 0.0774696
-1550.3 0.0785051
-1550.1 0.0796361
-1549.9 0.0807513
-1549.7 0.0815478
-1549.5 0.0827426
-1549.3 0.0839374
-1549.1 0.0848932
-1548.9 0.0857216
-1548.7 0.0870279
-1548.5 0.0881589
-1548.3 0.0891944
-1548.1 0.0904688
-1547.9 0.0914565
-1547.7 0.0923805
-1547.5 0.0934
-1547.3 0.0943559
-1547.1 0.0955347
-1546.9 0.0966817
-1546.7 0.0976853
-1546.5 0.0987208
-1546.3 0.0997563
-1546.1 0.100744
-1545.9 0.101668
-1545.7 0.102672
-1545.5 0.103771
-1545.3 0.105013
-1545.1 0.106033
-1544.9 0.107036
-1544.7 0.108263
-1544.5 0.109155
-1544.3 0.110031
-1544.1 0.111354
-1543.9 0.112501
-1543.7 0.113377
-1543.5 0.114492
-1543.3 0.115257
-1543.1 0.116196
-1542.9 0.117248
-1542.7 0.11849
-1542.5 0.119685
-1542.3 0.1208
-1542.1 0.121724
-1541.9 0.122696
-1541.7 0.123716
-1541.5 0.124847
-1541.3 0.125914
-1541.1 0.126934
-1540.9 0.127698
-1540.7 0.128797
-1540.5 0.129865
-1540.3 0.131028
-1540.1 0.132047
-1539.9 0.132876
-1539.7 0.134118
-1539.5 0.135345
-1539.3 0.136269
-1539.1 0.136922
-1538.9 0.137957
-1538.7 0.139025
-1538.5 0.139996
-1538.3 0.140857
-1538.1 0.14186
-1537.9 0.142784
-1537.7 0.143692
-1537.5 0.144569
-1537.3 0.145429
-1537.1 0.14648
-1536.9 0.147532
-1536.7 0.148328
-1536.5 0.149252
-1536.3 0.150479
-1536.1 0.151546
-1535.9 0.152677
-1535.7 0.153665
-1535.5 0.154652
-1535.3 0.155799
-1535.1 0.156803
-1534.9 0.157775
-1534.7 0.158667
-1534.5 0.15975
-1534.3 0.160849
-1534.1 0.161773
-1533.9 0.162825
-1533.7 0.163924
-1533.5 0.165023
-1533.3 0.165804
-1533.1 0.16676
-1532.9 0.167843
-1532.7 0.169038
-1532.5 0.169882
-1532.3 0.170774
-1532.1 0.171873
-1531.9 0.172781
-1531.7 0.173753
-1531.5 0.174693
-1531.3 0.175553
-1531.1 0.17635
-1530.9 0.177401
-1530.7 0.178453
-1530.5 0.179408
-1530.3 0.180253
-1530.1 0.181113
-1529.9 0.181862
-1529.7 0.183056
-1529.5 0.184044
-1529.3 0.185048
-1529.1 0.186051
-1528.9 0.18688
-1528.7 0.187756
-1528.5 0.188871
-1528.3 0.189811
-1528.1 0.190512
-1527.9 0.19142
-1527.7 0.192089
-1527.5 0.193093
-1527.3 0.194128
-1527.1 0.195195
-1526.9 0.196008
-1526.7 0.197075
-1526.5 0.197904
-1526.3 0.198828
-1526.1 0.199943
-1525.9 0.200835
-1525.7 0.20187
-1525.5 0.202699
-1525.3 0.203639
-1525.1 0.204371
-1524.9 0.205184
-1524.7 0.205964
-1524.5 0.206841
-1524.3 0.207733
-1524.1 0.208577
-1523.9 0.209676
-1523.7 0.210632
-1523.5 0.211381
-1523.3 0.212528
-1523.1 0.213484
-1522.9 0.214296
-1522.7 0.215061
-1522.5 0.215953
-1522.3 0.216686
-1522.1 0.217689
-1521.9 0.218454
-1521.7 0.219441
-1521.5 0.220381
-1521.3 0.221273
-1521.1 0.222054
-1520.9 0.223026
-1520.7 0.223775
-1520.5 0.22481
-1520.3 0.225782
-1520.1 0.226483
-1519.9 0.227327
-1519.7 0.228092
-1519.5 0.229095
-1519.3 0.229987
-1519.1 0.230704
-1518.9 0.231453
-1518.7 0.232234
-1518.5 0.23303
-1518.3 0.233779
-1518.1 0.234735
-1517.9 0.23577
-1517.7 0.236678
-1517.5 0.237459
-1517.3 0.238494
-1517.1 0.23953
-1516.9 0.240422
-1516.7 0.241298
-1516.5 0.242095
-1516.3 0.242811
-1516.1 0.243831
-1515.9 0.244643
-1515.7 0.245472
-1515.5 0.246444
-1515.3 0.247304
-1515.1 0.248291
-1514.9 0.249359
-1514.7 0.25041
-1514.5 0.251478
-1514.3 0.252354
-1514.1 0.253437
-1513.9 0.254441
-1513.7 0.255492
-1513.5 0.256432
-1513.3 0.257515
-1513.1 0.258519
-1512.9 0.259506
-1512.7 0.260446
-1512.5 0.261211
-1512.3 0.262135
-1512.1 0.263123
-1511.9 0.263999
-1511.7 0.264987
-1511.5 0.265863
-1511.3 0.266723
-1511.1 0.267711
-1510.9 0.268714
-1510.7 0.269527
-1510.5 0.270801
-1510.3 0.271614
-1510.1 0.27241
-1509.9 0.273446
-1509.7 0.274481
-1509.5 0.275676
-1509.3 0.276679
-1509.1 0.277428
-1508.9 0.278336
-1508.7 0.27934
-1508.5 0.28028
-1508.3 0.28114
-1508.1 0.282112
-1507.9 0.282924
-1507.7 0.283816
-1507.5 0.284565
-1507.3 0.285282
-1507.1 0.286126
-1506.9 0.287018
-1506.7 0.288006
-1506.5 0.288898
-1506.3 0.289631
-1506.1 0.290603
-1505.9 0.291622
-1505.7 0.292355
-1505.5 0.293136
-1505.3 0.294091
-1505.1 0.294968
-1504.9 0.295828
-1504.7 0.296672
-1504.5 0.297596
-1504.3 0.298711
-1504.1 0.299492
-1503.9 0.300288
-1503.7 0.301165
-1503.5 0.302088
-1503.3 0.302869
-1503.1 0.303618
-1502.9 0.304351
-1502.7 0.305306
-1502.5 0.306342
-1502.3 0.30725
-1502.1 0.308062
-1501.9 0.30897
-1501.7 0.309974
-1501.5 0.310723
-1501.3 0.311599
-1501.1 0.312539
-1500.9 0.313272
-1500.7 0.314323
-1500.5 0.315008
-1500.3 0.315964
-1500.1 0.317095
-1499.9 0.317939
-1499.7 0.318815
-1499.5 0.32001
-1499.3 0.320918
-1499.1 0.321826
-1498.9 0.32291
-1498.7 0.32369
-1498.5 0.324742
-1498.3 0.325809
-1498.1 0.326733
-1497.9 0.327561
-1497.7 0.328517
-1497.5 0.329409
-1497.3 0.330492
-1497.1 0.331496
-1496.9 0.332372
-1496.7 0.333073
-1496.5 0.334013
-1496.3 0.334921
-1496.1 0.335845
-1495.9 0.336817
-1495.7 0.337741
-1495.5 0.338553
-1495.3 0.339413
-1495.1 0.34029
-1494.9 0.341198
-1494.7 0.342217
-1494.5 0.343014
-1494.3 0.343794
-1494.1 0.34467
-1493.9 0.345642
-1493.7 0.346678
-1493.5 0.347634
-1493.3 0.348494
-1493.1 0.349179
-1492.9 0.350039
-1492.7 0.350867
-1492.5 0.351839
-1492.3 0.352747
-1492.1 0.353432
-1491.9 0.354213
-1491.7 0.355216
-1491.5 0.356077
-1491.3 0.35673
-1491.1 0.357494
-1490.9 0.358371
-1490.7 0.359311
-1490.5 0.360075
-1490.3 0.360904
-1490.1 0.361684
-1489.9 0.362465
-1489.7 0.3635
-1489.5 0.364345
-1489.3 0.365237
-1489.1 0.366192
-1488.9 0.367308
-1488.7 0.368295
-1488.5 0.369203
-1488.3 0.370398
-1488.1 0.371242
-1487.9 0.372103
-1487.7 0.372867
-1487.5 0.374014
-1487.3 0.374843
-1487.1 0.375655
-1486.9 0.376531
-1486.7 0.377519
-1486.5 0.378284
-1486.3 0.379303
-1486.1 0.380179
-1485.9 0.381151
-1485.7 0.382075
-1485.5 0.382999
-1485.3 0.383939
-1485.1 0.38464
-1484.9 0.385325
-1484.7 0.386105
-1484.5 0.386759
-1484.3 0.387523
-1484.1 0.388336
-1483.9 0.389069
-1483.7 0.389929
-1483.5 0.390805
-1483.3 0.391777
-1483.1 0.392621
-1482.9 0.393529
-1482.7 0.394421
-1482.5 0.395361
-1482.3 0.396174
-1482.1 0.396938
-1481.9 0.39783
-1481.7 0.398579
-1481.5 0.399567
-1481.3 0.400586
-1481.1 0.401319
-1480.9 0.402116
-1480.7 0.403055
-1480.5 0.403884
-1480.3 0.404824
-1480.1 0.405636
-1479.9 0.40648
-1479.7 0.407277
-1479.5 0.408169
-1479.3 0.409013
-1479.1 0.409953
-1478.9 0.410782
-1478.7 0.411499
-1478.5 0.412375
-1478.3 0.413474
-1478.1 0.414223
-1477.9 0.415179
-1477.7 0.416023
-1477.5 0.417042
-1477.3 0.417855
-1477.1 0.418842
-1476.9 0.419639
-1476.7 0.420547
-1476.5 0.42136
-1476.3 0.422283
-1476.1 0.423255
-1475.9 0.424147
-1475.7 0.425374
-1475.5 0.426282
-1475.3 0.427142
-1475.1 0.427971
-1474.9 0.42864
-1474.7 0.429373
-1474.5 0.430185
-1474.3 0.431061
-1474.1 0.432001
-1473.9 0.433021
-1473.7 0.433976
-1473.5 0.434964
-1473.3 0.436095
-1473.1 0.437115
-1472.9 0.437927
-1472.7 0.438947
-1472.5 0.439791
-1472.3 0.440747
-1472.1 0.441782
-1471.9 0.442674
-1471.7 0.443487
-1471.5 0.444092
-1471.3 0.445112
-1471.1 0.446131
-1470.9 0.447103
-1470.7 0.447931
-1470.5 0.448792
-1470.3 0.449716
-1470.1 0.450624
-1469.9 0.451643
-1469.7 0.452408
-1469.5 0.453157
-1469.3 0.453778
-1469.1 0.454654
-1468.9 0.455562
-1468.7 0.456486
-1468.5 0.457585
-1468.3 0.458669
-1468.1 0.459624
-1467.9 0.460341
-1467.7 0.461265
-1467.5 0.461966
-1467.3 0.463065
-1467.1 0.463878
-1466.9 0.464658
-1466.7 0.465487
-1466.5 0.466474
-1466.3 0.467223
-1466.1 0.468211
-1465.9 0.469151
-1465.7 0.469915
-1465.5 0.470584
-1465.3 0.471572
-1465.1 0.472401
-1464.9 0.473133
-1464.7 0.474041
-1464.5 0.474854
-1464.3 0.475714
-1464.1 0.47675
-1463.9 0.477626
-1463.7 0.478725
-1463.5 0.479553
-1463.3 0.480398
-1463.1 0.481274
-1462.9 0.48215
-1462.7 0.483249
-1462.5 0.484062
-1462.3 0.484954
-1462.1 0.485862
-1461.9 0.486754
-1461.7 0.487614
-1461.5 0.488522
-1461.3 0.489589
-1461.1 0.490418
-1460.9 0.491103
-1460.7 0.492282
-1460.5 0.493365
-1460.3 0.494432
-1460.1 0.495452
-1459.9 0.496328
-1459.7 0.497172
-1459.5 0.497953
-1459.3 0.498893
-1459.1 0.499817
-1458.9 0.500789
-1458.7 0.50192
-1458.5 0.503035
-1458.3 0.503752
-1458.1 0.504644
-1457.9 0.505504
-1457.7 0.506587
-1457.5 0.507416
-1457.3 0.508371
-1457.1 0.509056
-1456.9 0.509901
-1456.7 0.510665
-1456.5 0.511685
-1456.3 0.512497
-1456.1 0.51339
-1455.9 0.514106
-1455.7 0.515014
-1455.5 0.515938
-1455.3 0.51683
-1455.1 0.517754
-1454.9 0.518615
-1454.7 0.51965
-1454.5 0.520463
-1454.3 0.521195
-1454.1 0.522135
-1453.9 0.523027
-1453.7 0.52384
-1453.5 0.524891
-1453.3 0.525799
-1453.1 0.526675
-1452.9 0.527424
-1452.7 0.52838
-1452.5 0.529145
-1452.3 0.530212
-1452.1 0.531232
-1451.9 0.532171
-1451.7 0.533127
-1451.5 0.534003
-1451.3 0.534864
-1451.1 0.535804
-1450.9 0.536712
-1450.7 0.537556
-1450.5 0.538591
-1450.3 0.539611
-1450.1 0.540599
-1449.9 0.541539
-1449.7 0.54259
-1449.5 0.543418
-1449.3 0.544374
-1449.1 0.54541
-1448.9 0.546158
-1448.7 0.547098
-1448.5 0.547959
-1448.3 0.548835
-1448.1 0.549663
-1447.9 0.550667
-1447.7 0.551463
-1447.5 0.552276
-1447.3 0.553136
-1447.1 0.554092
-1446.9 0.55492
-1446.7 0.556035
-1446.5 0.556959
-1446.3 0.558011
-1446.1 0.558855
-1445.9 0.559683
-1445.7 0.560591
-1445.5 0.56142
-1445.3 0.562137
-1445.1 0.563029
-1444.9 0.564128
-1444.7 0.565243
-1444.5 0.566087
-1444.3 0.566995
-1444.1 0.56784
-1443.9 0.568557
-1443.7 0.569672
-1443.5 0.570564
-1443.3 0.571456
-1443.1 0.572364
-1442.9 0.573479
-1442.7 0.574387
-1442.5 0.575375
-1442.3 0.576442
-1442.1 0.577302
-1441.9 0.578131
-1441.7 0.579007
-1441.5 0.579979
-1441.3 0.580807
-1441.1 0.581635
-1440.9 0.582559
-1440.7 0.58342
-1440.5 0.584455
-1440.3 0.585411
-1440.1 0.586271
-1439.9 0.587004
-1439.7 0.588103
-1439.5 0.588995
-1439.3 0.589696
-1439.1 0.590636
-1438.9 0.591496
-1438.7 0.592436
-1438.5 0.593233
-1438.3 0.59422
-1438.1 0.594969
-1437.9 0.596084
-1437.7 0.596785
-1437.5 0.597853
-1437.3 0.598729
-1437.1 0.599525
-1436.9 0.600258
-1436.7 0.60115
-1436.5 0.601915
-1436.3 0.602903
-1436.1 0.603842
-1435.9 0.604798
-1435.7 0.605579
-1435.5 0.606264
-1435.3 0.607124
-1435.1 0.608048
-1434.9 0.608622
-1434.7 0.609498
-1434.5 0.61031
-1434.3 0.611059
-1434.1 0.611951
-1433.9 0.612732
-1433.7 0.613417
-1433.5 0.614548
-1433.3 0.615424
-1433.1 0.616268
-1432.9 0.617081
-1432.7 0.618164
-1432.5 0.619056
-1432.3 0.620155
-1432.1 0.620999
-1431.9 0.621796
-1431.7 0.622816
-1431.5 0.623867
-1431.3 0.624982
-1431.1 0.625779
-1430.9 0.626782
-1430.7 0.627802
-1430.5 0.628662
-1430.3 0.629634
-1430.1 0.630637
-1429.9 0.63137
-1429.7 0.632278
-1429.5 0.632979
-1429.3 0.634158
-1429.1 0.634827
-1428.9 0.635847
-1428.7 0.63685
-1428.5 0.637726
-1428.3 0.638603
-1428.1 0.639495
-1427.9 0.640387
-1427.7 0.641454
-1427.5 0.642378
-1427.3 0.643302
-1427.1 0.644083
-1426.9 0.645118
-1426.7 0.64601
-1426.5 0.646695
-1426.3 0.647763
-1426.1 0.648639
-1425.9 0.649531
-1425.7 0.650519
-1425.5 0.651267
-1425.3 0.652159
-1425.1 0.653354
-1424.9 0.654262
-1424.7 0.655266
-1424.5 0.656301
-1424.3 0.657114
-1424.1 0.658038
-1423.9 0.658866
-1423.7 0.65971
-1423.5 0.660348
-1423.3 0.661144
-1423.1 0.661829
-1422.9 0.662626
-1422.7 0.663518
-1422.5 0.664251
-1422.3 0.664888
-1422.1 0.665828
-1421.9 0.666624
-1421.7 0.667341
-1421.5 0.668345
-1421.3 0.669189
-1421.1 0.670049
-1420.9 0.671132
-1420.7 0.672056
-1420.5 0.673235
-1420.3 0.674032
-1420.1 0.674812
-1419.9 0.675641
-1419.7 0.676565
-1419.5 0.6776
-1419.3 0.678508
-1419.1 0.679544
-1418.9 0.680245
-1418.7 0.681105
-1418.5 0.682093
-1418.3 0.682937
-1418.1 0.683909
-1417.9 0.684912
-1417.7 0.685581
-1417.5 0.686442
-1417.3 0.687397
-1417.1 0.688688
-1416.9 0.6895
-1416.7 0.690217
-1416.5 0.691189
-1416.3 0.692304
-1416.1 0.693244
-1415.9 0.693897
-1415.7 0.69471
-1415.5 0.695586
-1415.3 0.696653
-1415.1 0.697434
-1414.9 0.698453
-1414.7 0.699377
-1414.5 0.700349
-1414.3 0.701209
-1414.1 0.702356
-1413.9 0.703535
-1413.7 0.704618
-1413.5 0.705463
-1413.3 0.706275
-1413.1 0.707135
-1412.9 0.707916
-1412.7 0.708665
-1412.5 0.70962
-1412.3 0.710544
-1412.1 0.711723
-1411.9 0.712727
-1411.7 0.713507
-1411.5 0.71432
-1411.3 0.715148
-1411.1 0.715993
-1410.9 0.716901
-1410.7 0.717681
-1410.5 0.718318
-1410.3 0.719099
-1410.1 0.719895
-1409.9 0.720804
-1409.7 0.721759
-1409.5 0.722683
-1409.3 0.723655
-1409.1 0.724675
-1408.9 0.725407
-1408.7 0.726268
-1408.5 0.727303
-1408.3 0.728147
-1408.1 0.729167
-1407.9 0.730139
-1407.7 0.731349
-1407.5 0.732385
-1407.3 0.733484
-1407.1 0.734328
-1406.9 0.735236
-1406.7 0.736065
-1406.5 0.736909
-1406.3 0.737753
-1406.1 0.738646
-1405.9 0.739442
-1405.7 0.740079
-1405.5 0.741051
-1405.3 0.742087
-1405.1 0.743106
-1404.9 0.744014
-1404.7 0.744906
-1404.5 0.745766
-1404.3 0.746898
-1404.1 0.747965
-1403.9 0.74908
-1403.7 0.749861
-1403.5 0.750609
-1403.3 0.751724
-1403.1 0.752824
-1402.9 0.753604
-1402.7 0.754592
-1402.5 0.755564
-1402.3 0.756408
-1402.1 0.75722
-1401.9 0.758144
-1401.7 0.758941
-1401.5 0.759992
-1401.3 0.761092
-1401.1 0.761904
-1400.9 0.762796
-1400.7 0.76372
-1400.5 0.764469
-1400.3 0.765456
-1400.1 0.766412
-1399.9 0.767161
-1399.7 0.768037
-1399.5 0.768913
-1399.3 0.769678
-1399.1 0.770586
-1398.9 0.771383
-1398.7 0.772068
-1398.5 0.772832
-1398.3 0.773724
-1398.1 0.774648
-1397.9 0.775604
-1397.7 0.776608
-1397.5 0.777548
-1397.3 0.778408
-1397.1 0.77938
-1396.9 0.780399
-1396.7 0.781259
-1396.5 0.782152
-1396.3 0.782996
-1396.1 0.783824
-1395.9 0.7847
-1395.7 0.785465
-1395.5 0.785959
-1395.3 0.786963
-1395.1 0.787966
-1394.9 0.788922
-1394.7 0.789878
-1394.5 0.790834
-1394.3 0.791805
-1394.1 0.792618
-1393.9 0.793319
-1393.7 0.79402
-1393.5 0.794768
-1393.3 0.795581
-1393.1 0.79633
-1392.9 0.797397
-1392.7 0.798273
-1392.5 0.79907
-1392.3 0.800312
-1392.1 0.801396
-1391.9 0.802176
-1391.7 0.80302
-1391.5 0.803817
-1391.3 0.804582
-1391.1 0.805697
-1390.9 0.806541
-1390.7 0.807545
-1390.5 0.808341
-1390.3 0.808947
-1390.1 0.80995
-1389.9 0.810954
-1389.7 0.811766
-1389.5 0.812483
-1389.3 0.813423
-1389.1 0.814347
-1388.9 0.815112
-1388.7 0.815781
-1388.5 0.816705
-1388.3 0.817597
-1388.1 0.818441
-1387.9 0.81919
-1387.7 0.820321
-1387.5 0.821356
-1387.3 0.822201
-1387.1 0.823172
-1386.9 0.823937
-1386.7 0.824765
-1386.5 0.825642
-1386.3 0.826597
-1386.1 0.827426
-1385.9 0.828238
-1385.7 0.828875
-1385.5 0.829672
-1385.3 0.830548
-1385.1 0.831568
-1384.9 0.832492
-1384.7 0.833591
-1384.5 0.834563
-1384.3 0.835327
-1384.1 0.836172
-1383.9 0.837032
-1383.7 0.837844
-1383.5 0.8388
-1383.3 0.83966
-1383.1 0.840537
-1382.9 0.841317
-1382.7 0.842193
-1382.5 0.84299
-1382.3 0.843818
-1382.1 0.844694
-1381.9 0.845539
-1381.7 0.846176
-1381.5 0.846941
-1381.3 0.84804
-1381.1 0.848677
-1380.9 0.849665
-1380.7 0.850429
-1380.5 0.851321
-1380.3 0.852277
-1380.1 0.853137
-1379.9 0.853966
-1379.7 0.854874
-1379.5 0.855591
-1379.3 0.856483
-1379.1 0.857375
-1378.9 0.858395
-1378.7 0.859111
-1378.5 0.860115
-1378.3 0.860848
-1378.1 0.861724
-1377.9 0.862759
-1377.7 0.86397
-1377.5 0.864735
-1377.3 0.865611
-1377.1 0.866567
-1376.9 0.867411
-1376.7 0.868494
-1376.5 0.869418
-1376.3 0.870135
-1376.1 0.871155
-1375.9 0.872111
-1375.7 0.872891
-1375.5 0.873672
-1375.3 0.874468
-1375.1 0.875472
-1374.9 0.876189
-1374.7 0.877161
-1374.5 0.878244
-1374.3 0.87912
-1374.1 0.880219
-1373.9 0.881207
-1373.7 0.882242
-1373.5 0.883182
-1373.3 0.883979
-1373.1 0.884871
-1372.9 0.885699
-1372.7 0.886432
-1372.5 0.887276
-1372.3 0.888184
-1372.1 0.889029
-1371.9 0.889777
-1371.7 0.890606
-1371.5 0.891546
-1371.3 0.892374
-1371.1 0.893234
-1370.9 0.894254
-1370.7 0.895082
-1370.5 0.89607
-1370.3 0.89701
-1370.1 0.897822
-1369.9 0.898858
-1369.7 0.89983
-1369.5 0.900658
-1369.3 0.901646
-1369.1 0.902665
-1368.9 0.903621
-1368.7 0.904529
-1368.5 0.905389
-1368.3 0.90617
-1368.1 0.907189
-1367.9 0.908066
-1367.7 0.908894
-1367.5 0.909882
-1367.3 0.910662
-1367.1 0.911714
-1366.9 0.912606
-1366.7 0.91353
-1366.5 0.914581
-1366.3 0.915282
-1366.1 0.916031
-1365.9 0.916795
-1365.7 0.917767
-1365.5 0.918803
-1365.3 0.919743
-1365.1 0.920778
-1364.9 0.921734
-1364.7 0.92253
-1364.5 0.923582
-1364.3 0.924187
-1364.1 0.924952
-1363.9 0.925796
-1363.7 0.926752
-1363.5 0.927533
-1363.3 0.928297
-1363.1 0.929094
-1362.9 0.929619
-1362.7 0.930496
-1362.5 0.931276
-1362.3 0.932073
-1362.1 0.932806
-1361.9 0.933618
-1361.7 0.934446
-1361.5 0.935068
-1361.3 0.936008
-1361.1 0.9369
-1360.9 0.937601
-1360.7 0.938333
-1360.5 0.939241
-1360.3 0.940054
-1360.1 0.94093
-1359.9 0.941519
-1359.7 0.942427
-1359.5 0.943208
-1359.3 0.944164
-1359.1 0.944881
-1358.9 0.945518
-1358.7 0.946394
-1358.5 0.947111
-1358.3 0.948019
-1358.1 0.948863
-1357.9 0.949644
-1357.7 0.950456
-1357.5 0.951301
-1357.3 0.952049
-1357.1 0.952719
-1356.9 0.953658
-1356.7 0.954407
-1356.5 0.954917
-1356.3 0.955618
-1356.1 0.956319
-1355.9 0.957163
-1355.7 0.957944
-1355.5 0.958772
-1355.3 0.959377
-1355.1 0.960126
-1354.9 0.960859
-1354.7 0.961608
-1354.5 0.962133
-1354.3 0.962914
-1354.1 0.963456
-1353.9 0.964125
-1353.7 0.964937
-1353.5 0.965829
-1353.3 0.966658
-1353.1 0.967263
-1352.9 0.967884
-1352.7 0.968665
-1352.5 0.969318
-1352.3 0.969923
-1352.1 0.970513
-1351.9 0.970991
-1351.7 0.97158
-1351.5 0.972154
-1351.3 0.972679
-1351.1 0.973205
-1350.9 0.973651
-1350.7 0.974161
-1350.5 0.974846
-1350.3 0.975435
-1350.1 0.976296
-1349.9 0.976837
-1349.7 0.977283
-1349.5 0.977761
-1349.3 0.978239
-1349.1 0.978797
-1348.9 0.979322
-1348.7 0.979721
-1348.5 0.98023
-1348.3 0.980597
-1348.1 0.981043
-1347.9 0.981457
-1347.7 0.981855
-1347.5 0.982349
-1347.3 0.983066
-1347.1 0.983512
-1346.9 0.983926
-1346.7 0.984388
-1346.5 0.984771
-1346.3 0.985025
-1346.1 0.98544
-1345.9 0.985902
-1345.7 0.986156
-1345.5 0.986395
-1345.3 0.98681
-1345.1 0.987192
-1344.9 0.987479
-1344.7 0.987877
-1344.5 0.988243
-1344.3 0.988482
-1344.1 0.988881
-1343.9 0.989072
-1343.7 0.98939
-1343.5 0.989725
-1343.3 0.98998
-1343.1 0.990282
-1342.9 0.990569
-1342.7 0.990936
-1342.5 0.991222
-1342.3 0.991445
-1342.1 0.991684
-1341.9 0.991891
-1341.7 0.992162
-1341.5 0.992369
-1341.3 0.992656
-1341.1 0.992831
-1340.9 0.99307
-1340.7 0.993309
-1340.5 0.993469
-1340.3 0.993707
-1340.1 0.993851
-1339.9 0.994058
-1339.7 0.994249
-1339.5 0.994456
-1339.3 0.994616
-1339.1 0.994807
-1338.9 0.995014
-1338.7 0.995189
-1338.5 0.99538
-1338.3 0.995555
-1338.1 0.995667
-1337.9 0.99597
-1337.7 0.996113
-1337.5 0.996224
-1337.3 0.9964
-1337.1 0.996511
-1336.9 0.996607
-1336.7 0.996718
-1336.5 0.996878
-1336.3 0.996894
-1336.1 0.997005
-1335.9 0.997148
-1335.7 0.997228
-1335.5 0.997371
-1335.3 0.997467
-1335.1 0.997547
-1334.9 0.99761
-1334.7 0.997754
-1334.5 0.997786
-1334.3 0.997865
-1334.1 0.997929
-1333.9 0.997993
-1333.7 0.998025
-1333.5 0.998104
-1333.3 0.998168
-1333.1 0.998264
-1332.9 0.998343
-1332.7 0.998375
-1332.5 0.998391
-1332.3 0.998423
-1332.1 0.998471
-1331.9 0.998534
-1331.7 0.998582
-1331.5 0.998598
-1331.3 0.998646
-1331.1 0.998662
-1330.9 0.998662
-1330.7 0.998678
-1330.5 0.998726
-1330.3 0.998773
-1330.1 0.998789
-1329.9 0.998789
-1329.7 0.998789
-1329.5 0.998821
-1329.3 0.998837
-1329.1 0.998853
-1328.9 0.998885
-1328.7 0.998885
-1328.5 0.998885
-1328.3 0.998901
-1328.1 0.998933
-1327.9 0.998949
-1327.7 0.998965
-1327.5 0.99898
-1327.3 0.998996
-1327.1 0.999012
-1326.9 0.999012
-1326.7 0.999012
-1326.5 0.999012
-1326.3 0.999028
-1326.1 0.999028
-1325.9 0.999028
-1325.7 0.999028
-1325.5 0.999028
-1325.3 0.99906
-1325.1 0.999092
-1324.9 0.999092
-1324.7 0.999092
-1324.5 0.999092
-1324.3 0.999092
-1324.1 0.999124
-1323.9 0.999124
-1323.7 0.999124
-1323.5 0.999124
-1323.3 0.999124
-1323.1 0.999124
-1322.9 0.999124
-1322.7 0.99914
-1322.5 0.99914
-1322.3 0.99914
-1322.1 0.99914
-1321.9 0.99914
-1321.7 0.99914
-1321.5 0.99914
-1321.3 0.99914
-1321.1 0.999156
-1320.9 0.999188
-1320.7 0.999219
-1320.5 0.999219
-1320.3 0.999219
-1320.1 0.999235
-1319.9 0.999235
-1319.7 0.999251
-1319.5 0.999251
-1319.3 0.999251
-1319.1 0.999283
-1318.9 0.999283
-1318.7 0.999299
-1318.5 0.999315
-1318.3 0.999315
-1318.1 0.999315
-1317.9 0.999315
-1317.7 0.999315
-1317.5 0.999315
-1317.3 0.999331
-1317.1 0.999331
-1316.9 0.999347
-1316.7 0.999363
-1316.5 0.999363
-1316.3 0.999363
-1316.1 0.999379
-1315.9 0.999379
-1315.7 0.999379
-1315.5 0.999395
-1315.3 0.999427
-1315.1 0.999442
-1314.9 0.999474
-1314.7 0.999474
-1314.5 0.99949
-1314.3 0.999506
-1314.1 0.999506
-1313.9 0.999522
-1313.7 0.999522
-1313.5 0.999522
-1313.3 0.999522
-1313.1 0.999538
-1312.9 0.999538
-1312.7 0.999538
-1312.5 0.999538
-1312.3 0.999554
-1312.1 0.99957
-1311.9 0.99957
-1311.7 0.99957
-1311.5 0.99957
-1311.3 0.999586
-1311.1 0.999602
-1310.9 0.999602
-1310.7 0.999602
-1310.5 0.999602
-1310.3 0.999602
-1310.1 0.999602
-1309.9 0.999634
-1309.7 0.999634
-1309.5 0.999634
-1309.3 0.99965
-1309.1 0.999665
-1308.9 0.999681
-1308.7 0.999697
-1308.5 0.999697
-1308.3 0.999713
-1308.1 0.999729
-1307.9 0.999745
-1307.7 0.999745
-1307.5 0.999745
-1307.3 0.999745
-1307.1 0.999745
-1306.9 0.999761
-1306.7 0.999761
-1306.5 0.999761
-1306.3 0.999761
-1306.1 0.999777
-1305.9 0.999793
-1305.7 0.999825
-1305.5 0.999825
-1305.3 0.999825
-1305.1 0.999841
-1304.9 0.999857
-1304.7 0.999857
-1304.5 0.999857
-1304.3 0.999857
-1304.1 0.999857
-1303.9 0.999857
-1303.7 0.999857
-1303.5 0.999857
-1303.3 0.999873
-1303.1 0.999873
-1302.9 0.999873
-1302.7 0.999888
-1302.5 0.999888
-1302.3 0.999904
-1302.1 0.999904
-1301.9 0.999904
-1301.7 0.99992
-1301.5 0.99992
-1301.3 0.999936
-1301.1 0.999952
-1300.9 0.999968
-1300.7 0.999968
-1300.5 0.999968
-1300.3 0.999984
-1300.1 0.999984
-1299.9 1
