1300
-209.7 4.76373e-07
-209.5 9.52746e-07
-209.3 9.52746e-07
-209.1 9.52746e-07
-208.9 1.42912e-06
-208.7 1.42912e-06
-208.5 1.42912e-06
-208.3 1.42912e-06
-208.1 1.42912e-06
-207.9 1.42912e-06
-207.7 1.42912e-06
-207.5 1.42912e-06
-207.3 1.42912e-06
-207.1 1.42912e-06
-206.9 1.42912e-06
-206.7 1.42912e-06
-206.5 1.90549e-06
-206.3 1.90549e-06
-206.1 1.90549e-06
-205.9 2.38187e-06
-205.7 2.38187e-06
-205.5 3.33461e-06
-205.3 3.81098e-06
-205.1 3.81098e-06
-204.9 3.81098e-06
-204.7 3.81098e-06
-204.5 3.81098e-06
-204.3 3.81098e-06
-204.1 4.28736e-06
-203.9 4.28736e-06
-203.7 4.76373e-06
-203.5 4.76373e-06
-203.3 4.76373e-06
-203.1 4.76373e-06
-202.9 4.76373e-06
-202.7 4.76373e-06
-202.5 4.76373e-06
-202.3 6.19285e-06
-202.1 6.19285e-06
-201.9 6.66922e-06
-201.7 9.05109e-06
-201.5 1.09566e-05
-201.3 1.42912e-05
-201.1 1.71494e-05
-200.9 2.09604e-05
-200.7 2.8106e-05
-200.5 3.62044e-05
-200.3 5.28774e-05
-200.1 7.33615e-05
-199.9 0.000108613
-199.7 0.000149105
-199.5 0.000205793
-199.3 0.000292969
-199.1 0.000404917
-198.9 0.000531156
-198.7 0.000717894
-198.5 0.000947506
-198.3 0.00123762
-198.1 0.0016311
-197.9 0.00209604
-197.7 0.00268579
-197.5 0.00343132
-197.3 0.00435453
-197.1 0.00545971
-196.9 0.00676879
-196.7 0.00821839
-196.5 0.00988188
-196.3 0.0117121
-196.1 0.0136486
-195.9 0.0157656
-195.7 0.0179526
-195.5 0.0202697
-195.3 0.0225777
-195.1 0.0249281
-194.9 0.0272419
-194.7 0.0295413
-194.5 0.0318598
-194.3 0.0342055
-194.1 0.0364506
-193.9 0.0386429
-193.7 0.0408361
-193.5 0.043007
-193.3 0.0451444
-193.1 0.0471662
-192.9 0.0491712
-192.7 0.0511729
-192.5 0.0531551
-192.3 0.055034
-192.1 0.0569695
-191.9 0.0588626
-191.7 0.0607142
-191.5 0.0625564
-191.3 0.0643551
-191.1 0.0661801
-190.9 0.0679065
-190.7 0.0696843
-190.5 0.0714317
-190.3 0.0732243
-190.1 0.0749373
-189.9 0.0766746
-189.7 0.0783519
-189.5 0.0800402
-189.3 0.0817366
-189.1 0.0833691
-188.9 0.085065
-188.7 0.0867094
-188.5 0.0883591
-188.3 0.090025
-188.1 0.0915951
-187.9 0.0932248
-187.7 0.094874
-187.5 0.0965341
-187.3 0.0980933
-187.1 0.0996592
-186.9 0.101265
-186.7 0.102856
-186.5 0.10448
-186.3 0.106076
-186.1 0.10768
-185.9 0.109187
-185.7 0.110752
-185.5 0.112317
-185.3 0.113844
-185.1 0.115329
-184.9 0.116859
-184.7 0.118394
-184.5 0.119884
-184.3 0.1214
-184.1 0.122967
-183.9 0.124393
-183.7 0.12585
-183.5 0.127326
-183.3 0.128749
-183.1 0.130201
-182.9 0.131658
-182.7 0.133051
-182.5 0.134393
-182.3 0.135731
-182.1 0.137099
-181.9 0.138434
-181.7 0.139735
-181.5 0.141035
-181.3 0.1423
-181.1 0.143545
-180.9 0.144789
-180.7 0.146051
-180.5 0.1473
-180.3 0.148501
-180.1 0.149662
-179.9 0.150846
-179.7 0.151999
-179.5 0.153152
-179.3 0.154271
-179.1 0.155425
-178.9 0.156536
-178.7 0.157602
-178.5 0.158716
-178.3 0.15981
-178.1 0.1609
-177.9 0.161997
-177.7 0.163072
-177.5 0.164108
-177.3 0.165172
-177.1 0.166238
-176.9 0.167298
-176.7 0.168307
-176.5 0.169305
-176.3 0.170314
-176.1 0.171326
-175.9 0.172317
-175.7 0.173273
-175.5 0.174259
-175.3 0.175244
-175.1 0.176199
-174.9 0.177142
-174.7 0.178126
-174.5 0.179088
-174.3 0.180029
-174.1 0.181
-173.9 0.181956
-173.7 0.182906
-173.5 0.183833
-173.3 0.184764
-173.1 0.185696
-172.9 0.186668
-172.7 0.187559
-172.5 0.18849
-172.3 0.189438
-172.1 0.190407
-171.9 0.191335
-171.7 0.192242
-171.5 0.193128
-171.3 0.194041
-171.1 0.194946
-170.9 0.195867
-170.7 0.196781
-170.5 0.197704
-170.3 0.198599
-170.1 0.19949
-169.9 0.200388
-169.7 0.20129
-169.5 0.202164
-169.3 0.203063
-169.1 0.203974
-168.9 0.204863
-168.7 0.20573
-168.5 0.20663
-168.3 0.207534
-168.1 0.208399
-167.9 0.209287
-167.7 0.210187
-167.5 0.211083
-167.3 0.211952
-167.1 0.212839
-166.9 0.213726
-166.7 0.214584
-166.5 0.21546
-166.3 0.216357
-166.1 0.217239
-165.9 0.218131
-165.7 0.218975
-165.5 0.21984
-165.3 0.220716
-165.1 0.221593
-164.9 0.222455
-164.7 0.223351
-164.5 0.224178
-164.3 0.225074
-164.1 0.225972
-163.9 0.226855
-163.7 0.227703
-163.5 0.228582
-163.3 0.229432
-163.1 0.230325
-162.9 0.231193
-162.7 0.232076
-162.5 0.232929
-162.3 0.233811
-162.1 0.234678
-161.9 0.235573
-161.7 0.236421
-161.5 0.237275
-161.3 0.23816
-161.1 0.239035
-160.9 0.239912
-160.7 0.240778
-160.5 0.241645
-160.3 0.242482
-160.1 0.243347
-159.9 0.244195
-159.7 0.245039
-159.5 0.245911
-159.3 0.246763
-159.1 0.247637
-158.9 0.248516
-158.7 0.249398
-158.5 0.25024
-158.3 0.251063
-158.1 0.251909
-157.9 0.252766
-157.7 0.253608
-157.5 0.254438
-157.3 0.25525
-157.1 0.256073
-156.9 0.256904
-156.7 0.257767
-156.5 0.25859
-156.3 0.259411
-156.1 0.260237
-155.9 0.26108
-155.7 0.261896
-155.5 0.262684
-155.3 0.263501
-155.1 0.26435
-154.9 0.265172
-154.7 0.265963
-154.5 0.266733
-154.3 0.267515
-154.1 0.268307
-153.9 0.269112
-153.7 0.269883
-153.5 0.270656
-153.3 0.271422
-153.1 0.272262
-152.9 0.273055
-152.7 0.27384
-152.5 0.274611
-152.3 0.275407
-152.1 0.276157
-151.9 0.276932
-151.7 0.277666
-151.5 0.278423
-151.3 0.279158
-151.1 0.279946
-150.9 0.280758
-150.7 0.281521
-150.5 0.282306
-150.3 0.283075
-150.1 0.283815
-149.9 0.284572
-149.7 0.285332
-149.5 0.286088
-149.3 0.286865
-149.1 0.28765
-148.9 0.288412
-148.7 0.289177
-148.5 0.289952
-148.3 0.290723
-148.1 0.291495
-147.9 0.292297
-147.7 0.293084
-147.5 0.293879
-147.3 0.294672
-147.1 0.295458
-146.9 0.296264
-146.7 0.297066
-146.5 0.2979
-146.3 0.298703
-146.1 0.299511
-145.9 0.30034
-145.7 0.301136
-145.5 0.301963
-145.3 0.302774
-145.1 0.303625
-144.9 0.304454
-144.7 0.305279
-144.5 0.306129
-144.3 0.306952
-144.1 0.307813
-143.9 0.308683
-143.7 0.309494
-143.5 0.310334
-143.3 0.311182
-143.1 0.31203
-142.9 0.312857
-142.7 0.313742
-142.5 0.314595
-142.3 0.315478
-142.1 0.316334
-141.9 0.317194
-141.7 0.318093
-141.5 0.318975
-141.3 0.319854
-141.1 0.320718
-140.9 0.321589
-140.7 0.322458
-140.5 0.323345
-140.3 0.324255
-140.1 0.325118
-139.9 0.326002
-139.7 0.326883
-139.5 0.327757
-139.3 0.328626
-139.1 0.329483
-138.9 0.330395
-138.7 0.331272
-138.5 0.332166
-138.3 0.33309
-138.1 0.333974
-137.9 0.33487
-137.7 0.335723
-137.5 0.336603
-137.3 0.337497
-137.1 0.3384
-136.9 0.339304
-136.7 0.340176
-136.5 0.341036
-136.3 0.341925
-136.1 0.342816
-135.9 0.343709
-135.7 0.344595
-135.5 0.345472
-135.3 0.346385
-135.1 0.347263
-134.9 0.34813
-134.7 0.348997
-134.5 0.349882
-134.3 0.350783
-134.1 0.351668
-133.9 0.352566
-133.7 0.353463
-133.5 0.354324
-133.3 0.355199
-133.1 0.356094
-132.9 0.356975
-132.7 0.35787
-132.5 0.358732
-132.3 0.359595
-132.1 0.360477
-131.9 0.361374
-131.7 0.362234
-131.5 0.36313
-131.3 0.364026
-131.1 0.364917
-130.9 0.365784
-130.7 0.366614
-130.5 0.367484
-130.3 0.368343
-130.1 0.369213
-129.9 0.370117
-129.7 0.370976
-129.5 0.371859
-129.3 0.372721
-129.1 0.373582
-128.9 0.374464
-128.7 0.375349
-128.5 0.376216
-128.3 0.377095
-128.1 0.377966
-127.9 0.378815
-127.7 0.37966
-127.5 0.380546
-127.3 0.3814
-127.1 0.382246
-126.9 0.383138
-126.7 0.383998
-126.5 0.384835
-126.3 0.385691
-126.1 0.386578
-125.9 0.387447
-125.7 0.388316
-125.5 0.389181
-125.3 0.390062
-125.1 0.390947
-124.9 0.391775
-124.7 0.39262
-124.5 0.393483
-124.3 0.394353
-124.1 0.395148
-123.9 0.395984
-123.7 0.396846
-123.5 0.397732
-123.3 0.398587
-123.1 0.399429
-122.9 0.400267
-122.7 0.401114
-122.5 0.401951
-122.3 0.402806
-122.1 0.403636
-121.9 0.404507
-121.7 0.405343
-121.5 0.406171
-121.3 0.407001
-121.1 0.40784
-120.9 0.408712
-120.7 0.409555
-120.5 0.410393
-120.3 0.411245
-120.1 0.412114
-119.9 0.412954
-119.7 0.413819
-119.5 0.414653
-119.3 0.415486
-119.1 0.416315
-118.9 0.417152
-118.7 0.417985
-118.5 0.418847
-118.3 0.419707
-118.1 0.42054
-117.9 0.421415
-117.7 0.422247
-117.5 0.423054
-117.3 0.423912
-117.1 0.424733
-116.9 0.425594
-116.7 0.426439
-116.5 0.427268
-116.3 0.428116
-116.1 0.42896
-115.9 0.429781
-115.7 0.430631
-115.5 0.431471
-115.3 0.432282
-115.1 0.433122
-114.9 0.433974
-114.7 0.434806
-114.5 0.435628
-114.3 0.436445
-114.1 0.437264
-113.9 0.438066
-113.7 0.438926
-113.5 0.439734
-113.3 0.440572
-113.1 0.441409
-112.9 0.442214
-112.7 0.443038
-112.5 0.443863
-112.3 0.444704
-112.1 0.445534
-111.9 0.446382
-111.7 0.447233
-111.5 0.448045
-111.3 0.448889
-111.1 0.449735
-110.9 0.450572
-110.7 0.451443
-110.5 0.452281
-110.3 0.453108
-110.1 0.453961
-109.9 0.454761
-109.7 0.455599
-109.5 0.456416
-109.3 0.457268
-109.1 0.458067
-108.9 0.458915
-108.7 0.459713
-108.5 0.460523
-108.3 0.461309
-108.1 0.462171
-107.9 0.462984
-107.7 0.463825
-107.5 0.464654
-107.3 0.465489
-107.1 0.466309
-106.9 0.467107
-106.7 0.467944
-106.5 0.468773
-106.3 0.469612
-106.1 0.470425
-105.9 0.471264
-105.7 0.472096
-105.5 0.472905
-105.3 0.473725
-105.1 0.474572
-104.9 0.47539
-104.7 0.476194
-104.5 0.47698
-104.3 0.477776
-104.1 0.478606
-103.9 0.479403
-103.7 0.480227
-103.5 0.481057
-103.3 0.481877
-103.1 0.482676
-102.9 0.483457
-102.7 0.484234
-102.5 0.485106
-102.3 0.485929
-102.1 0.486765
-101.9 0.48756
-101.7 0.48834
-101.5 0.489131
-101.3 0.48995
-101.1 0.49076
-100.9 0.491557
-100.7 0.492367
-100.5 0.493183
-100.3 0.494007
-100.1 0.494836
-99.9 0.495654
-99.7 0.496415
-99.5 0.497217
-99.3 0.498009
-99.1 0.498835
-98.9 0.499603
-98.7 0.500398
-98.5 0.501212
-98.3 0.502032
-98.1 0.502851
-97.9 0.503641
-97.7 0.504431
-97.5 0.505215
-97.3 0.506033
-97.1 0.506844
-96.9 0.507647
-96.7 0.50848
-96.5 0.50931
-96.3 0.510116
-96.1 0.510913
-95.9 0.511721
-95.7 0.512507
-95.5 0.513312
-95.3 0.514114
-95.1 0.51489
-94.9 0.515682
-94.7 0.516513
-94.5 0.517352
-94.3 0.518161
-94.1 0.518969
-93.9 0.519751
-93.7 0.520558
-93.5 0.521361
-93.3 0.522184
-93.1 0.523012
-92.9 0.523817
-92.7 0.524641
-92.5 0.525443
-92.3 0.52626
-92.1 0.527083
-91.9 0.527876
-91.7 0.528651
-91.5 0.529439
-91.3 0.530235
-91.1 0.531031
-90.9 0.531862
-90.7 0.532667
-90.5 0.533469
-90.3 0.534225
-90.1 0.53504
-89.9 0.535893
-89.7 0.536719
-89.5 0.537504
-89.3 0.538326
-89.1 0.539118
-88.9 0.539937
-88.7 0.540753
-88.5 0.541543
-88.3 0.542354
-88.1 0.543137
-87.9 0.54394
-87.7 0.544724
-87.5 0.545527
-87.3 0.54634
-87.1 0.547159
-86.9 0.547981
-86.7 0.548777
-86.5 0.549536
-86.3 0.550372
-86.1 0.551174
-85.9 0.551984
-85.7 0.552808
-85.5 0.55363
-85.3 0.554433
-85.1 0.555225
-84.9 0.556031
-84.7 0.556823
-84.5 0.557637
-84.3 0.558471
-84.1 0.559281
-83.9 0.560103
-83.7 0.560926
-83.5 0.561737
-83.3 0.562538
-83.1 0.563324
-82.9 0.564165
-82.7 0.56497
-82.5 0.56578
-82.3 0.566605
-82.1 0.567398
-81.9 0.568212
-81.7 0.569041
-81.5 0.569846
-81.3 0.570668
-81.1 0.57151
-80.9 0.572331
-80.7 0.573133
-80.5 0.573976
-80.3 0.574803
-80.1 0.575611
-79.9 0.576432
-79.7 0.577287
-79.5 0.578128
-79.3 0.578938
-79.1 0.579777
-78.9 0.580624
-78.7 0.581466
-78.5 0.582259
-78.3 0.583097
-78.1 0.583919
-77.9 0.584751
-77.7 0.585549
-77.5 0.586356
-77.3 0.587188
-77.1 0.588008
-76.9 0.588817
-76.7 0.589657
-76.5 0.590509
-76.3 0.591344
-76.1 0.592139
-75.9 0.592961
-75.7 0.59377
-75.5 0.594589
-75.3 0.595403
-75.1 0.596228
-74.9 0.597059
-74.7 0.597913
-74.5 0.598758
-74.3 0.599604
-74.1 0.600477
-73.9 0.601291
-73.7 0.602141
-73.5 0.602976
-73.3 0.603822
-73.1 0.604647
-72.9 0.605482
-72.7 0.606301
-72.5 0.607126
-72.3 0.607965
-72.1 0.608812
-71.9 0.60966
-71.7 0.610519
-71.5 0.611349
-71.3 0.61216
-71.1 0.612985
-70.9 0.613805
-70.7 0.614638
-70.5 0.615463
-70.3 0.616259
-70.1 0.617098
-69.9 0.617909
-69.7 0.618786
-69.5 0.619595
-69.3 0.620438
-69.1 0.621303
-68.9 0.622136
-68.7 0.622957
-68.5 0.623741
-68.3 0.624578
-68.1 0.625437
-67.9 0.626268
-67.7 0.627123
-67.5 0.627969
-67.3 0.628845
-67.1 0.629701
-66.9 0.630561
-66.7 0.631402
-66.5 0.632231
-66.3 0.633064
-66.1 0.633899
-65.9 0.634759
-65.7 0.635599
-65.5 0.636412
-65.3 0.637254
-65.1 0.638085
-64.9 0.638921
-64.7 0.639761
-64.5 0.640609
-64.3 0.641453
-64.1 0.642259
-63.9 0.643059
-63.7 0.643895
-63.5 0.644723
-63.3 0.645528
-63.1 0.646343
-62.9 0.647174
-62.7 0.647997
-62.5 0.648808
-62.3 0.649615
-62.1 0.650456
-61.9 0.651293
-61.7 0.652103
-61.5 0.652936
-61.3 0.653769
-61.1 0.654599
-60.9 0.655447
-60.7 0.656286
-60.5 0.65711
-60.3 0.657901
-60.1 0.658716
-59.9 0.659531
-59.7 0.66036
-59.5 0.661218
-59.3 0.662054
-59.1 0.662888
-58.9 0.663734
-58.7 0.664581
-58.5 0.665377
-58.3 0.666226
-58.1 0.667044
-57.9 0.667881
-57.7 0.668673
-57.5 0.669476
-57.3 0.670276
-57.1 0.671109
-56.9 0.671947
-56.7 0.672772
-56.5 0.673573
-56.3 0.674366
-56.1 0.675185
-55.9 0.67602
-55.7 0.676816
-55.5 0.677676
-55.3 0.678444
-55.1 0.679266
-54.9 0.680084
-54.7 0.680897
-54.5 0.681734
-54.3 0.68254
-54.1 0.683369
-53.9 0.684182
-53.7 0.68496
-53.5 0.685784
-53.3 0.686601
-53.1 0.687431
-52.9 0.688235
-52.7 0.689057
-52.5 0.689837
-52.3 0.69065
-52.1 0.691464
-51.9 0.692286
-51.7 0.693083
-51.5 0.693939
-51.3 0.694757
-51.1 0.695571
-50.9 0.696371
-50.7 0.697221
-50.5 0.698076
-50.3 0.698888
-50.1 0.699729
-49.9 0.700532
-49.7 0.701371
-49.5 0.702179
-49.3 0.702977
-49.1 0.703765
-48.9 0.704606
-48.7 0.705427
-48.5 0.706252
-48.3 0.70708
-48.1 0.707867
-47.9 0.708665
-47.7 0.70949
-47.5 0.710307
-47.3 0.711131
-47.1 0.711917
-46.9 0.712749
-46.7 0.713562
-46.5 0.714374
-46.3 0.715212
-46.1 0.716063
-45.9 0.716881
-45.7 0.717702
-45.5 0.718504
-45.3 0.719304
-45.1 0.720137
-44.9 0.720965
-44.7 0.721804
-44.5 0.722639
-44.3 0.723461
-44.1 0.724282
-43.9 0.725095
-43.7 0.725922
-43.5 0.726725
-43.3 0.727504
-43.1 0.728313
-42.9 0.72911
-42.7 0.72992
-42.5 0.730712
-42.3 0.731543
-42.1 0.732318
-41.9 0.733112
-41.7 0.733909
-41.5 0.734697
-41.3 0.735539
-41.1 0.736375
-40.9 0.737207
-40.7 0.737997
-40.5 0.73879
-40.3 0.739625
-40.1 0.74046
-39.9 0.741249
-39.7 0.742054
-39.5 0.742884
-39.3 0.743656
-39.1 0.744505
-38.9 0.745324
-38.7 0.746116
-38.5 0.746946
-38.3 0.747768
-38.1 0.748567
-37.9 0.749374
-37.7 0.750169
-37.5 0.750981
-37.3 0.751782
-37.1 0.752617
-36.9 0.753438
-36.7 0.754224
-36.5 0.755049
-36.3 0.755878
-36.1 0.756682
-35.9 0.757511
-35.7 0.758321
-35.5 0.759151
-35.3 0.759966
-35.1 0.76079
-34.9 0.761628
-34.7 0.76245
-34.5 0.763295
-34.3 0.76415
-34.1 0.764972
-33.9 0.76575
-33.7 0.766534
-33.5 0.767349
-33.3 0.768216
-33.1 0.769043
-32.9 0.769869
-32.7 0.770747
-32.5 0.77157
-32.3 0.77238
-32.1 0.773212
-31.9 0.774047
-31.7 0.774827
-31.5 0.775655
-31.3 0.776445
-31.1 0.777285
-30.9 0.778098
-30.7 0.77892
-30.5 0.779726
-30.3 0.780556
-30.1 0.781404
-29.9 0.782214
-29.7 0.78304
-29.5 0.783852
-29.3 0.784658
-29.1 0.785448
-28.9 0.786255
-28.7 0.787076
-28.5 0.787898
-28.3 0.788726
-28.1 0.789517
-27.9 0.790296
-27.7 0.791087
-27.5 0.791869
-27.3 0.792661
-27.1 0.793457
-26.9 0.794249
-26.7 0.795056
-26.5 0.795877
-26.3 0.796695
-26.1 0.797521
-25.9 0.798315
-25.7 0.799083
-25.5 0.799929
-25.3 0.800732
-25.1 0.801521
-24.9 0.802346
-24.7 0.803165
-24.5 0.803997
-24.3 0.804807
-24.1 0.805629
-23.9 0.806427
-23.7 0.807221
-23.5 0.807989
-23.3 0.808792
-23.1 0.809605
-22.9 0.81041
-22.7 0.811219
-22.5 0.812054
-22.3 0.812848
-22.1 0.813674
-21.9 0.814463
-21.7 0.815258
-21.5 0.816062
-21.3 0.816844
-21.1 0.817675
-20.9 0.818459
-20.7 0.819261
-20.5 0.820019
-20.3 0.820857
-20.1 0.821659
-19.9 0.822435
-19.7 0.823271
-19.5 0.824098
-19.3 0.82491
-19.1 0.825691
-18.9 0.826519
-18.7 0.827343
-18.5 0.828128
-18.3 0.828936
-18.1 0.829741
-17.9 0.830539
-17.7 0.831317
-17.5 0.832136
-17.3 0.832967
-17.1 0.833779
-16.9 0.834556
-16.7 0.835401
-16.5 0.836244
-16.3 0.837055
-16.1 0.837884
-15.9 0.838693
-15.7 0.839482
-15.5 0.840299
-15.3 0.841115
-15.1 0.841909
-14.9 0.842729
-14.7 0.84352
-14.5 0.844313
-14.3 0.845109
-14.1 0.845895
-13.9 0.846686
-13.7 0.847472
-13.5 0.848269
-13.3 0.849118
-13.1 0.849927
-12.9 0.850781
-12.7 0.851557
-12.5 0.852342
-12.3 0.853128
-12.1 0.85397
-11.9 0.854801
-11.7 0.855593
-11.5 0.8564
-11.3 0.857199
-11.1 0.858028
-10.9 0.858838
-10.7 0.859632
-10.5 0.86045
-10.3 0.861255
-10.1 0.862078
-9.9 0.862858
-9.7 0.863678
-9.5 0.864497
-9.3 0.865295
-9.1 0.866127
-8.9 0.866966
-8.7 0.867772
-8.5 0.868559
-8.3 0.869368
-8.1 0.870166
-7.9 0.870949
-7.7 0.87181
-7.5 0.87262
-7.3 0.87344
-7.1 0.874256
-6.9 0.875086
-6.7 0.875907
-6.5 0.876714
-6.3 0.877518
-6.1 0.87833
-5.9 0.879113
-5.7 0.879938
-5.5 0.88074
-5.3 0.881574
-5.1 0.882383
-4.9 0.883217
-4.7 0.884027
-4.5 0.884834
-4.3 0.88566
-4.1 0.886473
-3.9 0.887288
-3.7 0.888118
-3.5 0.888926
-3.3 0.88976
-3.1 0.8906
-2.9 0.891403
-2.7 0.892212
-2.5 0.89301
-2.3 0.893805
-2.1 0.894632
-1.9 0.895447
-1.7 0.896248
-1.5 0.897051
-1.3 0.897903
-1.1 0.898712
-0.899999 0.899511
-0.699999 0.900277
-0.499999 0.901094
-0.299999 0.901904
-0.0999994 0.902717
0.100001 0.903534
0.300001 0.904357
0.500001 0.905161
0.700001 0.905981
0.900001 0.90678
1.1 0.907556
1.3 0.908372
1.5 0.909219
1.7 0.910047
1.9 0.91088
2.1 0.911713
2.3 0.912528
2.5 0.913351
2.7 0.91419
2.9 0.915005
3.1 0.915814
3.3 0.916658
3.5 0.917464
3.7 0.918308
3.9 0.919112
4.1 0.919917
4.3 0.920712
4.5 0.92151
4.7 0.922334
4.9 0.923155
5.1 0.923985
5.3 0.924788
5.5 0.925623
5.7 0.92642
5.9 0.927246
6.1 0.928065
6.3 0.928884
6.5 0.929698
6.7 0.930532
6.9 0.93137
7.1 0.932153
7.3 0.93298
7.5 0.933759
7.7 0.934571
7.9 0.935354
8.1 0.936138
8.3 0.93694
8.5 0.937719
8.7 0.938521
8.9 0.939334
9.1 0.9401
9.3 0.940891
9.5 0.941685
9.7 0.942467
9.9 0.943262
10.1 0.944029
10.3 0.944821
10.5 0.945578
10.7 0.946377
10.9 0.94713
11.1 0.947926
11.3 0.948707
11.5 0.949471
11.7 0.950226
11.9 0.950938
12.1 0.951703
12.3 0.952474
12.5 0.953212
12.7 0.953942
12.9 0.954708
13.1 0.955456
13.3 0.956165
13.5 0.956899
13.7 0.957666
13.9 0.958408
14.1 0.959129
14.3 0.959842
14.5 0.960543
14.7 0.961298
14.9 0.962031
15.1 0.962739
15.3 0.963428
15.5 0.964114
15.7 0.964788
15.9 0.965477
16.1 0.966147
16.3 0.966831
16.5 0.967515
16.7 0.968195
16.9 0.968852
17.1 0.969517
17.3 0.970194
17.5 0.970876
17.7 0.971519
17.9 0.972154
18.1 0.972761
18.3 0.973415
18.5 0.974011
18.7 0.974619
18.9 0.97519
19.1 0.975797
19.3 0.976384
19.5 0.976962
19.7 0.977528
19.9 0.978089
20.1 0.978658
20.3 0.979227
20.5 0.979752
20.7 0.980272
20.9 0.980806
21.1 0.98134
21.3 0.981898
21.5 0.982382
21.7 0.982906
21.9 0.983398
22.1 0.983878
22.3 0.984372
22.5 0.984847
22.7 0.985293
22.9 0.985745
23.1 0.98618
23.3 0.986645
23.5 0.987086
23.7 0.987488
23.9 0.987902
24.1 0.988316
24.3 0.988722
24.5 0.989136
24.7 0.989519
24.9 0.989901
25.1 0.990273
25.3 0.990637
25.5 0.991
25.7 0.991365
25.9 0.991703
26.1 0.992028
26.3 0.992337
26.5 0.992631
26.7 0.992924
26.9 0.993223
27.1 0.993489
27.3 0.993754
27.5 0.994034
27.7 0.994294
27.9 0.994522
28.1 0.994752
28.3 0.99501
28.5 0.99524
28.7 0.995459
28.9 0.995665
29.1 0.995861
29.3 0.996067
29.5 0.996254
29.7 0.996437
29.9 0.9966
30.1 0.996761
30.3 0.996925
30.5 0.997081
30.7 0.997219
30.9 0.997367
31.1 0.997508
31.3 0.997641
31.5 0.997759
31.7 0.997874
31.9 0.997994
32.1 0.998115
32.3 0.998218
32.5 0.998312
32.7 0.998416
32.9 0.998517
33.1 0.998599
33.3 0.998682
33.5 0.99875
33.7 0.998818
33.9 0.998889
34.1 0.99896
34.3 0.999024
34.5 0.999081
34.7 0.999136
34.9 0.999191
35.1 0.999238
35.3 0.999283
35.5 0.999327
35.7 0.999379
35.9 0.99942
36.1 0.999461
36.3 0.999495
36.5 0.999526
36.7 0.999554
36.9 0.999588
37.1 0.999619
37.3 0.999645
37.5 0.999669
37.7 0.999689
37.9 0.999708
38.1 0.999725
38.3 0.999742
38.5 0.999757
38.7 0.999773
38.9 0.999789
39.1 0.999803
39.3 0.999816
39.5 0.999829
39.7 0.999844
39.9 0.999851
40.1 0.999859
40.3 0.999868
40.5 0.999879
40.7 0.99989
40.9 0.999894
41.1 0.999899
41.3 0.999906
41.5 0.999909
41.7 0.999913
41.9 0.99992
42.1 0.999924
42.3 0.999926
42.5 0.99993
42.7 0.999933
42.9 0.999937
43.1 0.999942
43.3 0.999944
43.5 0.999945
43.7 0.99995
43.9 0.999952
44.1 0.999954
44.3 0.999956
44.5 0.999957
44.7 0.99996
44.9 0.999963
45.1 0.999965
45.3 0.999966
45.5 0.999968
45.7 0.99997
45.9 0.999971
46.1 0.999973
46.3 0.999975
46.5 0.999976
46.7 0.999979
46.9 0.99998
47.1 0.999982
47.3 0.999983
47.5 0.999984
47.7 0.999985
47.9 0.999986
48.1 0.999989
48.3 0.99999
48.5 0.99999
48.7 0.999994
48.9 0.999994
49.1 0.999995
49.3 0.999996
49.5 0.999997
49.7 0.999998
49.9 0.999999
50.1 1
