1300
-209.7 4.81016e-07
-209.5 4.81016e-07
-209.3 4.81016e-07
-209.1 4.81016e-07
-208.9 4.81016e-07
-208.7 4.81016e-07
-208.5 4.81016e-07
-208.3 4.81016e-07
-208.1 4.81016e-07
-207.9 4.81016e-07
-207.7 9.62033e-07
-207.5 9.62033e-07
-207.3 9.62033e-07
-207.1 9.62033e-07
-206.9 9.62033e-07
-206.7 9.62033e-07
-206.5 1.44305e-06
-206.3 1.44305e-06
-206.1 1.44305e-06
-205.9 1.92407e-06
-205.7 1.92407e-06
-205.5 1.92407e-06
-205.3 1.92407e-06
-205.1 2.40508e-06
-204.9 2.40508e-06
-204.7 2.40508e-06
-204.5 2.40508e-06
-204.3 2.40508e-06
-204.1 2.8861e-06
-203.9 2.8861e-06
-203.7 2.8861e-06
-203.5 3.36712e-06
-203.3 3.84813e-06
-203.1 3.84813e-06
-202.9 4.32915e-06
-202.7 4.81016e-06
-202.5 4.81016e-06
-202.3 4.81016e-06
-202.1 4.81016e-06
-201.9 4.81016e-06
-201.7 4.81016e-06
-201.5 4.81016e-06
-201.3 4.81016e-06
-201.1 4.81016e-06
-200.9 4.81016e-06
-200.7 4.81016e-06
-200.5 4.81016e-06
-200.3 4.81016e-06
-200.1 4.81016e-06
-199.9 4.81016e-06
-199.7 4.81016e-06
-199.5 4.81016e-06
-199.3 5.7722e-06
-199.1 5.7722e-06
-198.9 5.7722e-06
-198.7 5.7722e-06
-198.5 6.25321e-06
-198.3 8.17728e-06
-198.1 1.20254e-05
-197.9 1.63546e-05
-197.7 2.54939e-05
-197.5 3.84813e-05
-197.3 6.34942e-05
-197.1 0.000105824
-196.9 0.00017028
-196.7 0.000279471
-196.5 0.000413674
-196.3 0.0006056
-196.1 0.000867754
-195.9 0.00119677
-195.7 0.00165951
-195.5 0.00227232
-195.3 0.0030203
-195.1 0.0040035
-194.9 0.00515024
-194.7 0.00649613
-194.5 0.00804452
-194.3 0.00981418
-194.1 0.0116646
-193.9 0.0136791
-193.7 0.0158375
-193.5 0.0180545
-193.3 0.0202854
-193.1 0.0225337
-192.9 0.0247964
-192.7 0.0270629
-192.5 0.0293584
-192.3 0.0316802
-192.1 0.0339237
-191.9 0.036096
-191.7 0.0382076
-191.5 0.0402861
-191.3 0.0423487
-191.1 0.0443483
-190.9 0.0464094
-190.7 0.0483763
-190.5 0.0503273
-190.3 0.0522841
-190.1 0.0541759
-189.9 0.0561519
-189.7 0.057999
-189.5 0.0598596
-189.3 0.0617413
-189.1 0.0635682
-188.9 0.0653774
-188.7 0.0671999
-188.5 0.0690109
-188.3 0.0707532
-188.1 0.0725253
-187.9 0.0742329
-187.7 0.0759482
-187.5 0.0776534
-187.3 0.0793259
-187.1 0.0810426
-186.9 0.0827546
-186.7 0.0844501
-186.5 0.0861039
-186.3 0.0877807
-186.1 0.0894388
-185.9 0.0910805
-185.7 0.0927299
-185.5 0.094323
-185.3 0.0959055
-185.1 0.0974756
-184.9 0.0990778
-184.7 0.100715
-184.5 0.102358
-184.3 0.10392
-184.1 0.105484
-183.9 0.107077
-183.7 0.108612
-183.5 0.110164
-183.3 0.111691
-183.1 0.113205
-182.9 0.114808
-182.7 0.11636
-182.5 0.117864
-182.3 0.119357
-182.1 0.120863
-181.9 0.122389
-181.7 0.123902
-181.5 0.125374
-181.3 0.126843
-181.1 0.128314
-180.9 0.12973
-180.7 0.131185
-180.5 0.132579
-180.3 0.133954
-180.1 0.135373
-179.9 0.136765
-179.7 0.138125
-179.5 0.139458
-179.3 0.140788
-179.1 0.142089
-178.9 0.143366
-178.7 0.144666
-178.5 0.14594
-178.3 0.147162
-178.1 0.148407
-177.9 0.149628
-177.7 0.150832
-177.5 0.152046
-177.3 0.15321
-177.1 0.154396
-176.9 0.155537
-176.7 0.156676
-176.5 0.157809
-176.3 0.158936
-176.1 0.160048
-175.9 0.161145
-175.7 0.162251
-175.5 0.163381
-175.3 0.164438
-175.1 0.165536
-174.9 0.166635
-174.7 0.16764
-174.5 0.168657
-174.3 0.16966
-174.1 0.170684
-173.9 0.171695
-173.7 0.172729
-173.5 0.17373
-173.3 0.174737
-173.1 0.175758
-172.9 0.176751
-172.7 0.177775
-172.5 0.178815
-172.3 0.179825
-172.1 0.180829
-171.9 0.1818
-171.7 0.182767
-171.5 0.183701
-171.3 0.184653
-171.1 0.185599
-170.9 0.186525
-170.7 0.187487
-170.5 0.188404
-170.3 0.189403
-170.1 0.190355
-169.9 0.191304
-169.7 0.192273
-169.5 0.193228
-169.3 0.194128
-169.1 0.195058
-168.9 0.195977
-168.7 0.196903
-168.5 0.197812
-168.3 0.198737
-168.1 0.199693
-167.9 0.200588
-167.7 0.201532
-167.5 0.202435
-167.3 0.203339
-167.1 0.204242
-166.9 0.205149
-166.7 0.206068
-166.5 0.206995
-166.3 0.207876
-166.1 0.208742
-165.9 0.209658
-165.7 0.210588
-165.5 0.211481
-165.3 0.212388
-165.1 0.213248
-164.9 0.214185
-164.7 0.215066
-164.5 0.215949
-164.3 0.216846
-164.1 0.217732
-163.9 0.218659
-163.7 0.219511
-163.5 0.220363
-163.3 0.221243
-163.1 0.222152
-162.9 0.223033
-162.7 0.223892
-162.5 0.224783
-162.3 0.225677
-162.1 0.22654
-161.9 0.227452
-161.7 0.228353
-161.5 0.229258
-161.3 0.230147
-161.1 0.230981
-160.9 0.231867
-160.7 0.232739
-160.5 0.233618
-160.3 0.234467
-160.1 0.23531
-159.9 0.23613
-159.7 0.236999
-159.5 0.237874
-159.3 0.238752
-159.1 0.239635
-158.9 0.240506
-158.7 0.241366
-158.5 0.242239
-158.3 0.243089
-158.1 0.243951
-157.9 0.244803
-157.7 0.24569
-157.5 0.246573
-157.3 0.247453
-157.1 0.248293
-156.9 0.249169
-156.7 0.250079
-156.5 0.250907
-156.3 0.251762
-156.1 0.252608
-155.9 0.253441
-155.7 0.254281
-155.5 0.255131
-155.3 0.255978
-155.1 0.256827
-154.9 0.257695
-154.7 0.25853
-154.5 0.259358
-154.3 0.260175
-154.1 0.260984
-153.9 0.261788
-153.7 0.262648
-153.5 0.263456
-153.3 0.264296
-153.1 0.265099
-152.9 0.265909
-152.7 0.266711
-152.5 0.267511
-152.3 0.268326
-152.1 0.269152
-151.9 0.269948
-151.7 0.270753
-151.5 0.27152
-151.3 0.272296
-151.1 0.273103
-150.9 0.273869
-150.7 0.27465
-150.5 0.275445
-150.3 0.27622
-150.1 0.276991
-149.9 0.277753
-149.7 0.278509
-149.5 0.279304
-149.3 0.280094
-149.1 0.280873
-148.9 0.281627
-148.7 0.282396
-148.5 0.283154
-148.3 0.283922
-148.1 0.284713
-147.9 0.285519
-147.7 0.286272
-147.5 0.287068
-147.3 0.287838
-147.1 0.288668
-146.9 0.289455
-146.7 0.29025
-146.5 0.291056
-146.3 0.291826
-146.1 0.292609
-145.9 0.293423
-145.7 0.294223
-145.5 0.29503
-145.3 0.295855
-145.1 0.29664
-144.9 0.297466
-144.7 0.298296
-144.5 0.299103
-144.3 0.299927
-144.1 0.300756
-143.9 0.30158
-143.7 0.302374
-143.5 0.303193
-143.3 0.304026
-143.1 0.304888
-142.9 0.305748
-142.7 0.306623
-142.5 0.307465
-142.3 0.308296
-142.1 0.309157
-141.9 0.309995
-141.7 0.310847
-141.5 0.311716
-141.3 0.312564
-141.1 0.313387
-140.9 0.314249
-140.7 0.315073
-140.5 0.315919
-140.3 0.316769
-140.1 0.31762
-139.9 0.318504
-139.7 0.319371
-139.5 0.320236
-139.3 0.321112
-139.1 0.321964
-138.9 0.322832
-138.7 0.323721
-138.5 0.324613
-138.3 0.325446
-138.1 0.326305
-137.9 0.327168
-137.7 0.328063
-137.5 0.328935
-137.3 0.329804
-137.1 0.330705
-136.9 0.331587
-136.7 0.332471
-136.5 0.333359
-136.3 0.334231
-136.1 0.335044
-135.9 0.335926
-135.7 0.336818
-135.5 0.337727
-135.3 0.338599
-135.1 0.339461
-134.9 0.340345
-134.7 0.341227
-134.5 0.342125
-134.3 0.343037
-134.1 0.343909
-133.9 0.344811
-133.7 0.345728
-133.5 0.346636
-133.3 0.34753
-133.1 0.348404
-132.9 0.34932
-132.7 0.350177
-132.5 0.351067
-132.3 0.351933
-132.1 0.352841
-131.9 0.35372
-131.7 0.354614
-131.5 0.355508
-131.3 0.356357
-131.1 0.357261
-130.9 0.358162
-130.7 0.359039
-130.5 0.359932
-130.3 0.360807
-130.1 0.36171
-129.9 0.362587
-129.7 0.363513
-129.5 0.364392
-129.3 0.365232
-129.1 0.366121
-128.9 0.367018
-128.7 0.367906
-128.5 0.368789
-128.3 0.369656
-128.1 0.370536
-127.9 0.371422
-127.7 0.37232
-127.5 0.373195
-127.3 0.374045
-127.1 0.37491
-126.9 0.375785
-126.7 0.376663
-126.5 0.377548
-126.3 0.378418
-126.1 0.379255
-125.9 0.380111
-125.7 0.380988
-125.5 0.381877
-125.3 0.382729
-125.1 0.383607
-124.9 0.384482
-124.7 0.385375
-124.5 0.386233
-124.3 0.387081
-124.1 0.387926
-123.9 0.38878
-123.7 0.389629
-123.5 0.390512
-123.3 0.391419
-123.1 0.392274
-122.9 0.393178
-122.7 0.394044
-122.5 0.394895
-122.3 0.395762
-122.1 0.39665
-121.9 0.39748
-121.7 0.398361
-121.5 0.399246
-121.3 0.4001
-121.1 0.400969
-120.9 0.401835
-120.7 0.4027
-120.5 0.403542
-120.3 0.404371
-120.1 0.405265
-119.9 0.406127
-119.7 0.406953
-119.5 0.407793
-119.3 0.40865
-119.1 0.409497
-118.9 0.410346
-118.7 0.411223
-118.5 0.412077
-118.3 0.412912
-118.1 0.413786
-117.9 0.414606
-117.7 0.415446
-117.5 0.416318
-117.3 0.417126
-117.1 0.417918
-116.9 0.418781
-116.7 0.419634
-116.5 0.420482
-116.3 0.421307
-116.1 0.422159
-115.9 0.422988
-115.7 0.423803
-115.5 0.424635
-115.3 0.425533
-115.1 0.426378
-114.9 0.427232
-114.7 0.428082
-114.5 0.428932
-114.3 0.429776
-114.1 0.430633
-113.9 0.431491
-113.7 0.432326
-113.5 0.433158
-113.3 0.434002
-113.1 0.434811
-112.9 0.435654
-112.7 0.436496
-112.5 0.43734
-112.3 0.438201
-112.1 0.439019
-111.9 0.439871
-111.7 0.440726
-111.5 0.441588
-111.3 0.442419
-111.1 0.443271
-110.9 0.444121
-110.7 0.444994
-110.5 0.445841
-110.3 0.446683
-110.1 0.447547
-109.9 0.448402
-109.7 0.44928
-109.5 0.450109
-109.3 0.450979
-109.1 0.451825
-108.9 0.452684
-108.7 0.453561
-108.5 0.454416
-108.3 0.455256
-108.1 0.456146
-107.9 0.456994
-107.7 0.457826
-107.5 0.458665
-107.3 0.459494
-107.1 0.460299
-106.9 0.461116
-106.7 0.461942
-106.5 0.462794
-106.3 0.463647
-106.1 0.464444
-105.9 0.465241
-105.7 0.466052
-105.5 0.466867
-105.3 0.467649
-105.1 0.468492
-104.9 0.46931
-104.7 0.470149
-104.5 0.470955
-104.3 0.471771
-104.1 0.4726
-103.9 0.473453
-103.7 0.47431
-103.5 0.475125
-103.3 0.475948
-103.1 0.476751
-102.9 0.477558
-102.7 0.478358
-102.5 0.479159
-102.3 0.479985
-102.1 0.480831
-101.9 0.481648
-101.7 0.482513
-101.5 0.48332
-101.3 0.484141
-101.1 0.484954
-100.9 0.485776
-100.7 0.48662
-100.5 0.487436
-100.3 0.488259
-100.1 0.489074
-99.9 0.489926
-99.7 0.49074
-99.5 0.491536
-99.3 0.492379
-99.1 0.493168
-98.9 0.494012
-98.7 0.49485
-98.5 0.495664
-98.3 0.496529
-98.1 0.497362
-97.9 0.498194
-97.7 0.49904
-97.5 0.499865
-97.3 0.500697
-97.1 0.501551
-96.9 0.502393
-96.7 0.503217
-96.5 0.504044
-96.3 0.504896
-96.1 0.505698
-95.9 0.506543
-95.7 0.507371
-95.5 0.508226
-95.3 0.509017
-95.1 0.509832
-94.9 0.510623
-94.7 0.511447
-94.5 0.512255
-94.3 0.513043
-94.1 0.513838
-93.9 0.514615
-93.7 0.515416
-93.5 0.516245
-93.3 0.517056
-93.1 0.517863
-92.9 0.518689
-92.7 0.519506
-92.5 0.520333
-92.3 0.521136
-92.1 0.521907
-91.9 0.522682
-91.7 0.523483
-91.5 0.524267
-91.3 0.525041
-91.1 0.525861
-90.9 0.526682
-90.7 0.527468
-90.5 0.528265
-90.3 0.529086
-90.1 0.529892
-89.9 0.530695
-89.7 0.531512
-89.5 0.532314
-89.3 0.533122
-89.1 0.53393
-88.9 0.534728
-88.7 0.535525
-88.5 0.53634
-88.3 0.537165
-88.1 0.537959
-87.9 0.538742
-87.7 0.53956
-87.5 0.540384
-87.3 0.541159
-87.1 0.541933
-86.9 0.542743
-86.7 0.543573
-86.5 0.544411
-86.3 0.545228
-86.1 0.546037
-85.9 0.546847
-85.7 0.547646
-85.5 0.548448
-85.3 0.54929
-85.1 0.550122
-84.9 0.550927
-84.7 0.551699
-84.5 0.5525
-84.3 0.553326
-84.1 0.554116
-83.9 0.554904
-83.7 0.555694
-83.5 0.556495
-83.3 0.557301
-83.1 0.558097
-82.9 0.558949
-82.7 0.559771
-82.5 0.560585
-82.3 0.561411
-82.1 0.562205
-81.9 0.563005
-81.7 0.563813
-81.5 0.564619
-81.3 0.565456
-81.1 0.566291
-80.9 0.567108
-80.7 0.567945
-80.5 0.568779
-80.3 0.569569
-80.1 0.57038
-79.9 0.571165
-79.7 0.571986
-79.5 0.572786
-79.3 0.5736
-79.1 0.574406
-78.9 0.575175
-78.7 0.57596
-78.5 0.576772
-78.3 0.577582
-78.1 0.578373
-77.9 0.579221
-77.7 0.580057
-77.5 0.580876
-77.3 0.581634
-77.1 0.582448
-76.9 0.583242
-76.7 0.584049
-76.5 0.584831
-76.3 0.585632
-76.1 0.586428
-75.9 0.587259
-75.7 0.588081
-75.5 0.588901
-75.3 0.589674
-75.1 0.590489
-74.9 0.591328
-74.7 0.592098
-74.5 0.592901
-74.3 0.593737
-74.1 0.594557
-73.9 0.595384
-73.7 0.596192
-73.5 0.597023
-73.3 0.59784
-73.1 0.598657
-72.9 0.599477
-72.7 0.600284
-72.5 0.601099
-72.3 0.60193
-72.1 0.602757
-71.9 0.603579
-71.7 0.604406
-71.5 0.605233
-71.3 0.606072
-71.1 0.606864
-70.9 0.607716
-70.7 0.608525
-70.5 0.609324
-70.3 0.610142
-70.1 0.610996
-69.9 0.611835
-69.7 0.612651
-69.5 0.613472
-69.3 0.614325
-69.1 0.615167
-68.9 0.616003
-68.7 0.616858
-68.5 0.617678
-68.3 0.618492
-68.1 0.619338
-67.9 0.620205
-67.7 0.621037
-67.5 0.621868
-67.3 0.6227
-67.1 0.623572
-66.9 0.624373
-66.7 0.625208
-66.5 0.626047
-66.3 0.62689
-66.1 0.62773
-65.9 0.628566
-65.7 0.629415
-65.5 0.630248
-65.3 0.631088
-65.1 0.631942
-64.9 0.632801
-64.7 0.633641
-64.5 0.634513
-64.3 0.635376
-64.1 0.636226
-63.9 0.637076
-63.7 0.637935
-63.5 0.638786
-63.3 0.63965
-63.1 0.640537
-62.9 0.641368
-62.7 0.642236
-62.5 0.643093
-62.3 0.64392
-62.1 0.644761
-61.9 0.645605
-61.7 0.646442
-61.5 0.647263
-61.3 0.648145
-61.1 0.649003
-60.9 0.649874
-60.7 0.650727
-60.5 0.651561
-60.3 0.652382
-60.1 0.653188
-59.9 0.654043
-59.7 0.654876
-59.5 0.655706
-59.3 0.65653
-59.1 0.657386
-58.9 0.658232
-58.7 0.659093
-58.5 0.659901
-58.3 0.660754
-58.1 0.661578
-57.9 0.662425
-57.7 0.663257
-57.5 0.664046
-57.3 0.664888
-57.1 0.665716
-56.9 0.666526
-56.7 0.667353
-56.5 0.668199
-56.3 0.669023
-56.1 0.669801
-55.9 0.670631
-55.7 0.671465
-55.5 0.672283
-55.3 0.673115
-55.1 0.673912
-54.9 0.674752
-54.7 0.675604
-54.5 0.676404
-54.3 0.677228
-54.1 0.678081
-53.9 0.678915
-53.7 0.679763
-53.5 0.680548
-53.3 0.681371
-53.1 0.682171
-52.9 0.682993
-52.7 0.683833
-52.5 0.684668
-52.3 0.685477
-52.1 0.686309
-51.9 0.687144
-51.7 0.687936
-51.5 0.688771
-51.3 0.689571
-51.1 0.690398
-50.9 0.691211
-50.7 0.691985
-50.5 0.692812
-50.3 0.693614
-50.1 0.694445
-49.9 0.695268
-49.7 0.696087
-49.5 0.696921
-49.3 0.697737
-49.1 0.698571
-48.9 0.699412
-48.7 0.700228
-48.5 0.701024
-48.3 0.701842
-48.1 0.702653
-47.9 0.703485
-47.7 0.704297
-47.5 0.70511
-47.3 0.705885
-47.1 0.706724
-46.9 0.707574
-46.7 0.708435
-46.5 0.709246
-46.3 0.710054
-46.1 0.710861
-45.9 0.711684
-45.7 0.71247
-45.5 0.713244
-45.3 0.714068
-45.1 0.714872
-44.9 0.715707
-44.7 0.716556
-44.5 0.717349
-44.3 0.718181
-44.1 0.71902
-43.9 0.719841
-43.7 0.720646
-43.5 0.721437
-43.3 0.722257
-43.1 0.723059
-42.9 0.723887
-42.7 0.724669
-42.5 0.725488
-42.3 0.726285
-42.1 0.727077
-41.9 0.727876
-41.7 0.728679
-41.5 0.729511
-41.3 0.730317
-41.1 0.731129
-40.9 0.731944
-40.7 0.732743
-40.5 0.733552
-40.3 0.734379
-40.1 0.735216
-39.9 0.736022
-39.7 0.736834
-39.5 0.737682
-39.3 0.738504
-39.1 0.739321
-38.9 0.740165
-38.7 0.740974
-38.5 0.741756
-38.3 0.742563
-38.1 0.743388
-37.9 0.744191
-37.7 0.74501
-37.5 0.745816
-37.3 0.746644
-37.1 0.747454
-36.9 0.748258
-36.7 0.749059
-36.5 0.749867
-36.3 0.750696
-36.1 0.751473
-35.9 0.752278
-35.7 0.753079
-35.5 0.753893
-35.3 0.754713
-35.1 0.755504
-34.9 0.756309
-34.7 0.757113
-34.5 0.757869
-34.3 0.758655
-34.1 0.759445
-33.9 0.760305
-33.7 0.761132
-33.5 0.761941
-33.3 0.762742
-33.1 0.763557
-32.9 0.764348
-32.7 0.765168
-32.5 0.765976
-32.3 0.766816
-32.1 0.767623
-31.9 0.768419
-31.7 0.76924
-31.5 0.770048
-31.3 0.770853
-31.1 0.771661
-30.9 0.772456
-30.7 0.77328
-30.5 0.774097
-30.3 0.774924
-30.1 0.775751
-29.9 0.776557
-29.7 0.777371
-29.5 0.778193
-29.3 0.779025
-29.1 0.77987
-28.9 0.78072
-28.7 0.781509
-28.5 0.782363
-28.3 0.783195
-28.1 0.784004
-27.9 0.784809
-27.7 0.785646
-27.5 0.786436
-27.3 0.787248
-27.1 0.788031
-26.9 0.788856
-26.7 0.789696
-26.5 0.790511
-26.3 0.791308
-26.1 0.792103
-25.9 0.792923
-25.7 0.793755
-25.5 0.794563
-25.3 0.795426
-25.1 0.79622
-24.9 0.797064
-24.7 0.797905
-24.5 0.798749
-24.3 0.799559
-24.1 0.800387
-23.9 0.801246
-23.7 0.802066
-23.5 0.802898
-23.3 0.803724
-23.1 0.804543
-22.9 0.805386
-22.7 0.806184
-22.5 0.807019
-22.3 0.807823
-22.1 0.808616
-21.9 0.809431
-21.7 0.81029
-21.5 0.811095
-21.3 0.811874
-21.1 0.812693
-20.9 0.813555
-20.7 0.814413
-20.5 0.81526
-20.3 0.816074
-20.1 0.81692
-19.9 0.817758
-19.7 0.818582
-19.5 0.819404
-19.3 0.82021
-19.1 0.821003
-18.9 0.821819
-18.7 0.822631
-18.5 0.82347
-18.3 0.824263
-18.1 0.825089
-17.9 0.825911
-17.7 0.826716
-17.5 0.827523
-17.3 0.828301
-17.1 0.829108
-16.9 0.829947
-16.7 0.830759
-16.5 0.831567
-16.3 0.83238
-16.1 0.833186
-15.9 0.833991
-15.7 0.834791
-15.5 0.835607
-15.3 0.836417
-15.1 0.8372
-14.9 0.837984
-14.7 0.838748
-14.5 0.839556
-14.3 0.840366
-14.1 0.841139
-13.9 0.841955
-13.7 0.842802
-13.5 0.843606
-13.3 0.844406
-13.1 0.845211
-12.9 0.846004
-12.7 0.846811
-12.5 0.84764
-12.3 0.848477
-12.1 0.849287
-11.9 0.850071
-11.7 0.850893
-11.5 0.851709
-11.3 0.852537
-11.1 0.853332
-10.9 0.854106
-10.7 0.854882
-10.5 0.855703
-10.3 0.85652
-10.1 0.857311
-9.9 0.858137
-9.7 0.858949
-9.5 0.859719
-9.3 0.86052
-9.1 0.861312
-8.9 0.862142
-8.7 0.86296
-8.5 0.863754
-8.3 0.864553
-8.1 0.86536
-7.9 0.866157
-7.7 0.866957
-7.5 0.867745
-7.3 0.868527
-7.1 0.869288
-6.9 0.870098
-6.7 0.870913
-6.5 0.871725
-6.3 0.872569
-6.1 0.873368
-5.9 0.874173
-5.7 0.874975
-5.5 0.875761
-5.3 0.876587
-5.1 0.877394
-4.9 0.878186
-4.7 0.879008
-4.5 0.879822
-4.3 0.880602
-4.1 0.88138
-3.9 0.882186
-3.7 0.883008
-3.5 0.883802
-3.3 0.884565
-3.1 0.885396
-2.9 0.886222
-2.7 0.887024
-2.5 0.887832
-2.3 0.888613
-2.1 0.889416
-1.9 0.890216
-1.7 0.891029
-1.5 0.891864
-1.3 0.892666
-1.1 0.8935
-0.899999 0.894286
-0.699999 0.895089
-0.499999 0.895884
-0.299999 0.896696
-0.0999994 0.897495
0.100001 0.898305
0.300001 0.899085
0.500001 0.899906
0.700001 0.900715
0.900001 0.901529
1.1 0.902324
1.3 0.903169
1.5 0.903967
1.7 0.904806
1.9 0.905611
2.1 0.906408
2.3 0.907208
2.5 0.908034
2.7 0.908821
2.9 0.909678
3.1 0.910496
3.3 0.911349
3.5 0.912172
3.7 0.912999
3.9 0.913849
4.1 0.914683
4.3 0.915477
4.5 0.916279
4.7 0.917064
4.9 0.917889
5.1 0.918683
5.3 0.919483
5.5 0.920307
5.7 0.921076
5.9 0.921853
6.1 0.922658
6.3 0.92348
6.5 0.924285
6.7 0.925113
6.9 0.92592
7.1 0.926752
7.3 0.927574
7.5 0.928389
7.7 0.929221
7.9 0.930013
8.1 0.930856
8.3 0.931655
8.5 0.932468
8.7 0.933269
8.9 0.934062
9.1 0.934855
9.3 0.935673
9.5 0.936507
9.7 0.937354
9.9 0.938219
10.1 0.939033
10.3 0.939839
10.5 0.940584
10.7 0.941395
10.9 0.942178
11.1 0.94298
11.3 0.943745
11.5 0.944563
11.7 0.94538
11.9 0.946149
12.1 0.946958
12.3 0.947748
12.5 0.948527
12.7 0.949314
12.9 0.950094
13.1 0.950874
13.3 0.951643
13.5 0.952397
13.7 0.953166
13.9 0.953943
14.1 0.9547
14.3 0.955469
14.5 0.956217
14.7 0.956992
14.9 0.957715
15.1 0.958476
15.3 0.959232
15.5 0.959982
15.7 0.960688
15.9 0.961422
16.1 0.962136
16.3 0.962841
16.5 0.963547
16.7 0.964266
16.9 0.96499
17.1 0.965705
17.3 0.966386
17.5 0.967087
17.7 0.967786
17.9 0.968474
18.1 0.969157
18.3 0.969811
18.5 0.970465
18.7 0.971121
18.9 0.971796
19.1 0.972422
19.3 0.973037
19.5 0.973661
19.7 0.974326
19.9 0.97497
20.1 0.975568
20.3 0.976142
20.5 0.976715
20.7 0.977276
20.9 0.977855
21.1 0.97841
21.3 0.978982
21.5 0.979512
21.7 0.98006
21.9 0.980624
22.1 0.98116
22.3 0.981688
22.5 0.982186
22.7 0.982675
22.9 0.983159
23.1 0.983645
23.3 0.984117
23.5 0.984631
23.7 0.985088
23.9 0.985536
24.1 0.98597
24.3 0.986393
24.5 0.986834
24.7 0.987255
24.9 0.987654
25.1 0.988078
25.3 0.988458
25.5 0.988833
25.7 0.989193
25.9 0.989563
26.1 0.989928
26.3 0.990268
26.5 0.990607
26.7 0.990941
26.9 0.991262
27.1 0.991591
27.3 0.99191
27.5 0.992217
27.7 0.992511
27.9 0.992792
28.1 0.993062
28.3 0.993315
28.5 0.993595
28.7 0.993871
28.9 0.994125
29.1 0.994372
29.3 0.994609
29.5 0.99482
29.7 0.995034
29.9 0.995246
30.1 0.99545
30.3 0.995661
30.5 0.995859
30.7 0.996044
30.9 0.99623
31.1 0.996403
31.3 0.996556
31.5 0.996727
31.7 0.996885
31.9 0.997026
32.1 0.997179
32.3 0.99731
32.5 0.997439
32.7 0.99758
32.9 0.997709
33.1 0.997819
33.3 0.997932
33.5 0.99804
33.7 0.998151
33.9 0.998243
34.1 0.998346
34.3 0.99843
34.5 0.998522
34.7 0.998604
34.9 0.998681
35.1 0.99876
35.3 0.998829
35.5 0.998894
35.7 0.998956
35.9 0.999012
36.1 0.999064
36.3 0.999115
36.5 0.999163
36.7 0.99921
36.9 0.999253
37.1 0.999296
37.3 0.999337
37.5 0.999378
37.7 0.999413
37.9 0.999453
38.1 0.999487
38.3 0.999514
38.5 0.999544
38.7 0.999574
38.9 0.999604
39.1 0.999626
39.3 0.999646
39.5 0.999672
39.7 0.999692
39.9 0.999711
40.1 0.999727
40.3 0.999744
40.5 0.999759
40.7 0.999775
40.9 0.999788
41.1 0.9998
41.3 0.999811
41.5 0.999822
41.7 0.99983
41.9 0.999843
42.1 0.999852
42.3 0.999859
42.5 0.999869
42.7 0.999879
42.9 0.999886
43.1 0.999892
43.3 0.999902
43.5 0.999911
43.7 0.999914
43.9 0.999922
44.1 0.999925
44.3 0.999928
44.5 0.999933
44.7 0.999937
44.9 0.999941
45.1 0.999943
45.3 0.999947
45.5 0.999948
45.7 0.999952
45.9 0.999954
46.1 0.999957
46.3 0.99996
46.5 0.999964
46.7 0.999968
46.9 0.999973
47.1 0.999975
47.3 0.999977
47.5 0.999979
47.7 0.999982
47.9 0.999983
48.1 0.999984
48.3 0.999985
48.5 0.999987
48.7 0.99999
48.9 0.999992
49.1 0.999995
49.3 0.999995
49.5 0.999995
49.7 0.999996
49.9 0.999997
50.1 1
