1289
-207.5 5.12143e-07
-207.3 5.12143e-07
-207.1 1.02429e-06
-206.9 1.02429e-06
-206.7 1.02429e-06
-206.5 1.53643e-06
-206.3 1.53643e-06
-206.1 2.56071e-06
-205.9 3.07286e-06
-205.7 3.585e-06
-205.5 3.585e-06
-205.3 4.09714e-06
-205.1 4.09714e-06
-204.9 4.09714e-06
-204.7 5.12143e-06
-204.5 5.12143e-06
-204.3 5.12143e-06
-204.1 5.12143e-06
-203.9 6.14571e-06
-203.7 6.14571e-06
-203.5 6.14571e-06
-203.3 6.14571e-06
-203.1 6.65785e-06
-202.9 7.68214e-06
-202.7 8.19428e-06
-202.5 8.70642e-06
-202.3 8.70642e-06
-202.1 8.70642e-06
-201.9 9.21857e-06
-201.7 9.21857e-06
-201.5 9.21857e-06
-201.3 9.21857e-06
-201.1 9.73071e-06
-200.9 9.73071e-06
-200.7 1.12671e-05
-200.5 1.22914e-05
-200.3 1.28036e-05
-200.1 1.434e-05
-199.9 1.84371e-05
-199.7 2.61193e-05
-199.5 3.99471e-05
-199.3 6.24814e-05
-199.1 9.321e-05
-198.9 0.000136742
-198.7 0.000209978
-198.5 0.000296018
-198.3 0.000409202
-198.1 0.000551065
-197.9 0.000752338
-197.7 0.00100482
-197.5 0.00131211
-197.3 0.00170697
-197.1 0.00221758
-196.9 0.00279323
-196.7 0.00349179
-196.5 0.00429278
-196.3 0.00521617
-196.1 0.00628041
-195.9 0.00739534
-195.7 0.00865265
-195.5 0.0100124
-195.3 0.0113875
-195.1 0.012886
-194.9 0.0144542
-194.7 0.0160377
-194.5 0.017673
-194.3 0.019442
-194.1 0.0212165
-193.9 0.0229501
-193.7 0.0246945
-193.5 0.0264307
-193.3 0.0281218
-193.1 0.0298195
-192.9 0.0316033
-192.7 0.0333528
-192.5 0.0350685
-192.3 0.0367416
-192.1 0.0384373
-191.9 0.0400875
-191.7 0.0417391
-191.5 0.0433826
-191.3 0.0449369
-191.1 0.0465707
-190.9 0.048124
-190.7 0.0496635
-190.5 0.0512337
-190.3 0.0527963
-190.1 0.0543501
-189.9 0.0558773
-189.7 0.057381
-189.5 0.0588754
-189.3 0.0603284
-189.1 0.0618458
-188.9 0.0632916
-188.7 0.0647471
-188.5 0.0661929
-188.3 0.0676597
-188.1 0.0690676
-187.9 0.0704698
-187.7 0.0718818
-187.5 0.0732769
-187.3 0.0746832
-187.1 0.076046
-186.9 0.0774401
-186.7 0.0787476
-186.5 0.0801319
-186.3 0.0814332
-186.1 0.0828386
-185.9 0.084207
-185.7 0.0855555
-185.5 0.086887
-185.3 0.0882263
-185.1 0.0895446
-184.9 0.09087
-184.7 0.0921565
-184.5 0.0934599
-184.3 0.094749
-184.1 0.0960252
-183.9 0.0972349
-183.7 0.0984231
-183.5 0.0997101
-183.3 0.100884
-183.1 0.102119
-182.9 0.103359
-182.7 0.104545
-182.5 0.105801
-182.3 0.10701
-182.1 0.108224
-181.9 0.109457
-181.7 0.110639
-181.5 0.111805
-181.3 0.11293
-181.1 0.114079
-180.9 0.115266
-180.7 0.116426
-180.5 0.117533
-180.3 0.118622
-180.1 0.119724
-179.9 0.120866
-179.7 0.122001
-179.5 0.1231
-179.3 0.124155
-179.1 0.125269
-178.9 0.126357
-178.7 0.127441
-178.5 0.128472
-178.3 0.129486
-178.1 0.130557
-177.9 0.131591
-177.7 0.132618
-177.5 0.133614
-177.3 0.134635
-177.1 0.135671
-176.9 0.136722
-176.7 0.137745
-176.5 0.138743
-176.3 0.139768
-176.1 0.140788
-175.9 0.141744
-175.7 0.142703
-175.5 0.143693
-175.3 0.144664
-175.1 0.145594
-174.9 0.146572
-174.7 0.147514
-174.5 0.148485
-174.3 0.149455
-174.1 0.150446
-173.9 0.151375
-173.7 0.152348
-173.5 0.153326
-173.3 0.154261
-173.1 0.155228
-172.9 0.156193
-172.7 0.157101
-172.5 0.158043
-172.3 0.159007
-172.1 0.159939
-171.9 0.160854
-171.7 0.161779
-171.5 0.162712
-171.3 0.163646
-171.1 0.164564
-170.9 0.165487
-170.7 0.166461
-170.5 0.167358
-170.3 0.168264
-170.1 0.16921
-169.9 0.17015
-169.7 0.17106
-169.5 0.171986
-169.3 0.172915
-169.1 0.173846
-168.9 0.174752
-168.7 0.175675
-168.5 0.176584
-168.3 0.177486
-168.1 0.178389
-167.9 0.179315
-167.7 0.180185
-167.5 0.181113
-167.3 0.182042
-167.1 0.182947
-166.9 0.183834
-166.7 0.184742
-166.5 0.185649
-166.3 0.186561
-166.1 0.187467
-165.9 0.188337
-165.7 0.18923
-165.5 0.19014
-165.3 0.191035
-165.1 0.191931
-164.9 0.192844
-164.7 0.193768
-164.5 0.194718
-164.3 0.195595
-164.1 0.196515
-163.9 0.197404
-163.7 0.198316
-163.5 0.199238
-163.3 0.200139
-163.1 0.200999
-162.9 0.201898
-162.7 0.202785
-162.5 0.203684
-162.3 0.204565
-162.1 0.20545
-161.9 0.206335
-161.7 0.207205
-161.5 0.208096
-161.3 0.208974
-161.1 0.209855
-160.9 0.210758
-160.7 0.211689
-160.5 0.212572
-160.3 0.213483
-160.1 0.214379
-159.9 0.215249
-159.7 0.216126
-159.5 0.217008
-159.3 0.217858
-159.1 0.218727
-158.9 0.219631
-158.7 0.220501
-158.5 0.221416
-158.3 0.222288
-158.1 0.223165
-157.9 0.224079
-157.7 0.224968
-157.5 0.225861
-157.3 0.226744
-157.1 0.227632
-156.9 0.228543
-156.7 0.229403
-156.5 0.230252
-156.3 0.231138
-156.1 0.232013
-155.9 0.232907
-155.7 0.233802
-155.5 0.234682
-155.3 0.235551
-155.1 0.236425
-154.9 0.23729
-154.7 0.23815
-154.5 0.239045
-154.3 0.239885
-154.1 0.24074
-153.9 0.241659
-153.7 0.242579
-153.5 0.243423
-153.3 0.244292
-153.1 0.245112
-152.9 0.245953
-152.7 0.246826
-152.5 0.247691
-152.3 0.248599
-152.1 0.249438
-151.9 0.25031
-151.7 0.251141
-151.5 0.252041
-151.3 0.25287
-151.1 0.253728
-150.9 0.254572
-150.7 0.255461
-150.5 0.256263
-150.3 0.257139
-150.1 0.25801
-149.9 0.258864
-149.7 0.259708
-149.5 0.260581
-149.3 0.261448
-149.1 0.262273
-148.9 0.263121
-148.7 0.263986
-148.5 0.26484
-148.3 0.265668
-148.1 0.266572
-147.9 0.267402
-147.7 0.26827
-147.5 0.269097
-147.3 0.26994
-147.1 0.270787
-146.9 0.271606
-146.7 0.272459
-146.5 0.273285
-146.3 0.274133
-146.1 0.274975
-145.9 0.275817
-145.7 0.27666
-145.5 0.277509
-145.3 0.278357
-145.1 0.279221
-144.9 0.280055
-144.7 0.280907
-144.5 0.281769
-144.3 0.28258
-144.1 0.283406
-143.9 0.284244
-143.7 0.285101
-143.5 0.285941
-143.3 0.286765
-143.1 0.287605
-142.9 0.288438
-142.7 0.289333
-142.5 0.290166
-142.3 0.290991
-142.1 0.291815
-141.9 0.29268
-141.7 0.293505
-141.5 0.294335
-141.3 0.295173
-141.1 0.29603
-140.9 0.296825
-140.7 0.297611
-140.5 0.298475
-140.3 0.299299
-140.1 0.300109
-139.9 0.300959
-139.7 0.301801
-139.5 0.302648
-139.3 0.303484
-139.1 0.304334
-138.9 0.305186
-138.7 0.306021
-138.5 0.306897
-138.3 0.307754
-138.1 0.308595
-137.9 0.309449
-137.7 0.310306
-137.5 0.311113
-137.3 0.311947
-137.1 0.312784
-136.9 0.313644
-136.7 0.3145
-136.5 0.315333
-136.3 0.316199
-136.1 0.317026
-135.9 0.317885
-135.7 0.318737
-135.5 0.319628
-135.3 0.320525
-135.1 0.321421
-134.9 0.322286
-134.7 0.323118
-134.5 0.324004
-134.3 0.324896
-134.1 0.325748
-133.9 0.326639
-133.7 0.327504
-133.5 0.328408
-133.3 0.329282
-133.1 0.330174
-132.9 0.331085
-132.7 0.33199
-132.5 0.332893
-132.3 0.33377
-132.1 0.334674
-131.9 0.335545
-131.7 0.336433
-131.5 0.337325
-131.3 0.338231
-131.1 0.339149
-130.9 0.340012
-130.7 0.340878
-130.5 0.341752
-130.3 0.342669
-130.1 0.343549
-129.9 0.344437
-129.7 0.345377
-129.5 0.346246
-129.3 0.347152
-129.1 0.348044
-128.9 0.348946
-128.7 0.349826
-128.5 0.350733
-128.3 0.351615
-128.1 0.352503
-127.9 0.353376
-127.7 0.354275
-127.5 0.355146
-127.3 0.356008
-127.1 0.356936
-126.9 0.357788
-126.7 0.358674
-126.5 0.359567
-126.3 0.360429
-126.1 0.361307
-125.9 0.362184
-125.7 0.363047
-125.5 0.363934
-125.3 0.364815
-125.1 0.365706
-124.9 0.366608
-124.7 0.367527
-124.5 0.368401
-124.3 0.36926
-124.1 0.37012
-123.9 0.371014
-123.7 0.371875
-123.5 0.372764
-123.3 0.373644
-123.1 0.3745
-122.9 0.375372
-122.7 0.376248
-122.5 0.377123
-122.3 0.377998
-122.1 0.378866
-121.9 0.379743
-121.7 0.380614
-121.5 0.3815
-121.3 0.382359
-121.1 0.383241
-120.9 0.384121
-120.7 0.385048
-120.5 0.385908
-120.3 0.386749
-120.1 0.387586
-119.9 0.388475
-119.7 0.389323
-119.5 0.390201
-119.3 0.391059
-119.1 0.391928
-118.9 0.392785
-118.7 0.39362
-118.5 0.394499
-118.3 0.39535
-118.1 0.396237
-117.9 0.397092
-117.7 0.397944
-117.5 0.398812
-117.3 0.399634
-117.1 0.400488
-116.9 0.40134
-116.7 0.402231
-116.5 0.403091
-116.3 0.403967
-116.1 0.404787
-115.9 0.405661
-115.7 0.4065
-115.5 0.407377
-115.3 0.408227
-115.1 0.409091
-114.9 0.409952
-114.7 0.410827
-114.5 0.411676
-114.3 0.412517
-114.1 0.413387
-113.9 0.414231
-113.7 0.4151
-113.5 0.415951
-113.3 0.416838
-113.1 0.417667
-112.9 0.418512
-112.7 0.419399
-112.5 0.420255
-112.3 0.421133
-112.1 0.421971
-111.9 0.422822
-111.7 0.423653
-111.5 0.424545
-111.3 0.425383
-111.1 0.426282
-110.9 0.427164
-110.7 0.427987
-110.5 0.428835
-110.3 0.429709
-110.1 0.43055
-109.9 0.431422
-109.7 0.432279
-109.5 0.433141
-109.3 0.433979
-109.1 0.434816
-108.9 0.435647
-108.7 0.436491
-108.5 0.437346
-108.3 0.438224
-108.1 0.439072
-107.9 0.439948
-107.7 0.440812
-107.5 0.441696
-107.3 0.44254
-107.1 0.443353
-106.9 0.444208
-106.7 0.445082
-106.5 0.44592
-106.3 0.446766
-106.1 0.447624
-105.9 0.448498
-105.7 0.449321
-105.5 0.450158
-105.3 0.451021
-105.1 0.451854
-104.9 0.452731
-104.7 0.453582
-104.5 0.454446
-104.3 0.4553
-104.1 0.456123
-103.9 0.456937
-103.7 0.457807
-103.5 0.458674
-103.3 0.459514
-103.1 0.460362
-102.9 0.461215
-102.7 0.462117
-102.5 0.462965
-102.3 0.463821
-102.1 0.464674
-101.9 0.46551
-101.7 0.46635
-101.5 0.467185
-101.3 0.468042
-101.1 0.468899
-100.9 0.469771
-100.7 0.470627
-100.5 0.471477
-100.3 0.472361
-100.1 0.473216
-99.9 0.474044
-99.7 0.474897
-99.5 0.475766
-99.3 0.476608
-99.1 0.477447
-98.9 0.478311
-98.7 0.479187
-98.5 0.480046
-98.3 0.480878
-98.1 0.481733
-97.9 0.482584
-97.7 0.483428
-97.5 0.484276
-97.3 0.485075
-97.1 0.485903
-96.9 0.486776
-96.7 0.48763
-96.5 0.488484
-96.3 0.489309
-96.1 0.490177
-95.9 0.491029
-95.7 0.491868
-95.5 0.49271
-95.3 0.49356
-95.1 0.494408
-94.9 0.495263
-94.7 0.496111
-94.5 0.496947
-94.3 0.497807
-94.1 0.498686
-93.9 0.499566
-93.7 0.500413
-93.5 0.501275
-93.3 0.502108
-93.1 0.502975
-92.9 0.503794
-92.7 0.504634
-92.5 0.505476
-92.3 0.506306
-92.1 0.507174
-91.9 0.508031
-91.7 0.508914
-91.5 0.509762
-91.3 0.510619
-91.1 0.511476
-90.9 0.512307
-90.7 0.513151
-90.5 0.513988
-90.3 0.514846
-90.1 0.515661
-89.9 0.516492
-89.7 0.517302
-89.5 0.518129
-89.3 0.519003
-89.1 0.519843
-88.9 0.520694
-88.7 0.52155
-88.5 0.522399
-88.3 0.523249
-88.1 0.524091
-87.9 0.524922
-87.7 0.52583
-87.5 0.526666
-87.3 0.527514
-87.1 0.528353
-86.9 0.529167
-86.7 0.530042
-86.5 0.53095
-86.3 0.531769
-86.1 0.53262
-85.9 0.53348
-85.7 0.534333
-85.5 0.535167
-85.3 0.536011
-85.1 0.536854
-84.9 0.537691
-84.7 0.53857
-84.5 0.539407
-84.3 0.540249
-84.1 0.541106
-83.9 0.541943
-83.7 0.542813
-83.5 0.54365
-83.3 0.54443
-83.1 0.545274
-82.9 0.546149
-82.7 0.547046
-82.5 0.547861
-82.3 0.548705
-82.1 0.549524
-81.9 0.550331
-81.7 0.551197
-81.5 0.552039
-81.3 0.552865
-81.1 0.553727
-80.9 0.554569
-80.7 0.555425
-80.5 0.556249
-80.3 0.557125
-80.1 0.557977
-79.9 0.558803
-79.7 0.559689
-79.5 0.560544
-79.3 0.561394
-79.1 0.562231
-78.9 0.563066
-78.7 0.56392
-78.5 0.564805
-78.3 0.565663
-78.1 0.566513
-77.9 0.567381
-77.7 0.568254
-77.5 0.569091
-77.3 0.569953
-77.1 0.570816
-76.9 0.571665
-76.7 0.572488
-76.5 0.573343
-76.3 0.574202
-76.1 0.575059
-75.9 0.575952
-75.7 0.576821
-75.5 0.577707
-75.3 0.578516
-75.1 0.579354
-74.9 0.580185
-74.7 0.581009
-74.5 0.581886
-74.3 0.582689
-74.1 0.583537
-73.9 0.58437
-73.7 0.585255
-73.5 0.586091
-73.3 0.586967
-73.1 0.587821
-72.9 0.588647
-72.7 0.589494
-72.5 0.590363
-72.3 0.591233
-72.1 0.59208
-71.9 0.592907
-71.7 0.593771
-71.5 0.594615
-71.3 0.595453
-71.1 0.596268
-70.9 0.597116
-70.7 0.59796
-70.5 0.598795
-70.3 0.599634
-70.1 0.60048
-69.9 0.601376
-69.7 0.602229
-69.5 0.603097
-69.3 0.603955
-69.1 0.604849
-68.9 0.605708
-68.7 0.606547
-68.5 0.607434
-68.3 0.608283
-68.1 0.609146
-67.9 0.609976
-67.7 0.610823
-67.5 0.611681
-67.3 0.612575
-67.1 0.613428
-66.9 0.614279
-66.7 0.615108
-66.5 0.615934
-66.3 0.616759
-66.1 0.61757
-65.9 0.618424
-65.7 0.61926
-65.5 0.620142
-65.3 0.62099
-65.1 0.621859
-64.9 0.622719
-64.7 0.623597
-64.5 0.624439
-64.3 0.625282
-64.1 0.626124
-63.9 0.627007
-63.7 0.627879
-63.5 0.62874
-63.3 0.62963
-63.1 0.630469
-62.9 0.631334
-62.7 0.632184
-62.5 0.632982
-62.3 0.633822
-62.1 0.634706
-61.9 0.635551
-61.7 0.636379
-61.5 0.637224
-61.3 0.63811
-61.1 0.638989
-60.9 0.639846
-60.7 0.640678
-60.5 0.641558
-60.3 0.642443
-60.1 0.643289
-59.9 0.644169
-59.7 0.645054
-59.5 0.645914
-59.3 0.646794
-59.1 0.64766
-58.9 0.64851
-58.7 0.649346
-58.5 0.65022
-58.3 0.651093
-58.1 0.651947
-57.9 0.652827
-57.7 0.653716
-57.5 0.654534
-57.3 0.655393
-57.1 0.656251
-56.9 0.657068
-56.7 0.657905
-56.5 0.658741
-56.3 0.659597
-56.1 0.660421
-55.9 0.661259
-55.7 0.662111
-55.5 0.662952
-55.3 0.663818
-55.1 0.664659
-54.9 0.665499
-54.7 0.666362
-54.5 0.667175
-54.3 0.668043
-54.1 0.66889
-53.9 0.669746
-53.7 0.670609
-53.5 0.671427
-53.3 0.672297
-53.1 0.673154
-52.9 0.673975
-52.7 0.674857
-52.5 0.675701
-52.3 0.676568
-52.1 0.677414
-51.9 0.678247
-51.7 0.679119
-51.5 0.679998
-51.3 0.680827
-51.1 0.681707
-50.9 0.682557
-50.7 0.683423
-50.5 0.684288
-50.3 0.685136
-50.1 0.685978
-49.9 0.686854
-49.7 0.687764
-49.5 0.688614
-49.3 0.689464
-49.1 0.690363
-48.9 0.691226
-48.7 0.69212
-48.5 0.692949
-48.3 0.693809
-48.1 0.694683
-47.9 0.695553
-47.7 0.696412
-47.5 0.697281
-47.3 0.698166
-47.1 0.699035
-46.9 0.699895
-46.7 0.700765
-46.5 0.70161
-46.3 0.702457
-46.1 0.703273
-45.9 0.704134
-45.7 0.704982
-45.5 0.705862
-45.3 0.706708
-45.1 0.707591
-44.9 0.708453
-44.7 0.70934
-44.5 0.710205
-44.3 0.711067
-44.1 0.711921
-43.9 0.712781
-43.7 0.713633
-43.5 0.714491
-43.3 0.715331
-43.1 0.716176
-42.9 0.716999
-42.7 0.717886
-42.5 0.718758
-42.3 0.719631
-42.1 0.720463
-41.9 0.721305
-41.7 0.722159
-41.5 0.723022
-41.3 0.72388
-41.1 0.724753
-40.9 0.725573
-40.7 0.726452
-40.5 0.727334
-40.3 0.728183
-40.1 0.729014
-39.9 0.729874
-39.7 0.730712
-39.5 0.731545
-39.3 0.732383
-39.1 0.733211
-38.9 0.734035
-38.7 0.734871
-38.5 0.735748
-38.3 0.736604
-38.1 0.737448
-37.9 0.738297
-37.7 0.739131
-37.5 0.740002
-37.3 0.740852
-37.1 0.741695
-36.9 0.742561
-36.7 0.743456
-36.5 0.744331
-36.3 0.745195
-36.1 0.746002
-35.9 0.74682
-35.7 0.747604
-35.5 0.748414
-35.3 0.749308
-35.1 0.750162
-34.9 0.751024
-34.7 0.7519
-34.5 0.752758
-34.3 0.753634
-34.1 0.754468
-33.9 0.755299
-33.7 0.75618
-33.5 0.757039
-33.3 0.757903
-33.1 0.758729
-32.9 0.759582
-32.7 0.760418
-32.5 0.761268
-32.3 0.762099
-32.1 0.762947
-31.9 0.763813
-31.7 0.764648
-31.5 0.765504
-31.3 0.766355
-31.1 0.767198
-30.9 0.76804
-30.7 0.768868
-30.5 0.769727
-30.3 0.770583
-30.1 0.771447
-29.9 0.772279
-29.7 0.773119
-29.5 0.773953
-29.3 0.774825
-29.1 0.775669
-28.9 0.776491
-28.7 0.777324
-28.5 0.778166
-28.3 0.779013
-28.1 0.779869
-27.9 0.780703
-27.7 0.781558
-27.5 0.782446
-27.3 0.783254
-27.1 0.784111
-26.9 0.784965
-26.7 0.785812
-26.5 0.786658
-26.3 0.78748
-26.1 0.788342
-25.9 0.789208
-25.7 0.790037
-25.5 0.790876
-25.3 0.791713
-25.1 0.792554
-24.9 0.793364
-24.7 0.794216
-24.5 0.795082
-24.3 0.795918
-24.1 0.796757
-23.9 0.797596
-23.7 0.798439
-23.5 0.799313
-23.3 0.80015
-23.1 0.800963
-22.9 0.801794
-22.7 0.802634
-22.5 0.803451
-22.3 0.804304
-22.1 0.805135
-21.9 0.805979
-21.7 0.80682
-21.5 0.807668
-21.3 0.808515
-21.1 0.8094
-20.9 0.810225
-20.7 0.811072
-20.5 0.811981
-20.3 0.812854
-20.1 0.813697
-19.9 0.81451
-19.7 0.815314
-19.5 0.816163
-19.3 0.817003
-19.1 0.817865
-18.9 0.81867
-18.7 0.819486
-18.5 0.82031
-18.3 0.821131
-18.1 0.821979
-17.9 0.82288
-17.7 0.823698
-17.5 0.824527
-17.3 0.825392
-17.1 0.826203
-16.9 0.827053
-16.7 0.827862
-16.5 0.828703
-16.3 0.829532
-16.1 0.830355
-15.9 0.83119
-15.7 0.832037
-15.5 0.832931
-15.3 0.833745
-15.1 0.834602
-14.9 0.835424
-14.7 0.836234
-14.5 0.837076
-14.3 0.837942
-14.1 0.838775
-13.9 0.839669
-13.7 0.840513
-13.5 0.841344
-13.3 0.842174
-13.1 0.843028
-12.9 0.843883
-12.7 0.844756
-12.5 0.845581
-12.3 0.846392
-12.1 0.847238
-11.9 0.848089
-11.7 0.848924
-11.5 0.849722
-11.3 0.850554
-11.1 0.851416
-10.9 0.852277
-10.7 0.853131
-10.5 0.853963
-10.3 0.854792
-10.1 0.855649
-9.9 0.856507
-9.7 0.857341
-9.5 0.858193
-9.3 0.859061
-9.1 0.859931
-8.9 0.860776
-8.7 0.861595
-8.5 0.862445
-8.3 0.86329
-8.1 0.864151
-7.9 0.864998
-7.7 0.865812
-7.5 0.866672
-7.3 0.86753
-7.1 0.868434
-6.9 0.869291
-6.7 0.870147
-6.5 0.870973
-6.3 0.87184
-6.1 0.872692
-5.9 0.873554
-5.7 0.874438
-5.5 0.875283
-5.3 0.876133
-5.1 0.87697
-4.9 0.877844
-4.7 0.878685
-4.5 0.879524
-4.3 0.880368
-4.1 0.88125
-3.9 0.882091
-3.7 0.882946
-3.5 0.883812
-3.3 0.884676
-3.1 0.885485
-2.9 0.886343
-2.7 0.887207
-2.5 0.888073
-2.3 0.888902
-2.1 0.88972
-1.9 0.890585
-1.7 0.8914
-1.5 0.892234
-1.3 0.893106
-1.1 0.893968
-0.899999 0.894812
-0.699999 0.895634
-0.499999 0.896484
-0.299999 0.897334
-0.0999994 0.898214
0.100001 0.899071
0.300001 0.899908
0.500001 0.900743
0.700001 0.901577
0.900001 0.902433
1.1 0.903258
1.3 0.904108
1.5 0.904975
1.7 0.905869
1.9 0.906717
2.1 0.907516
2.3 0.908332
2.5 0.909138
2.7 0.909949
2.9 0.910764
3.1 0.911588
3.3 0.91245
3.5 0.913299
3.7 0.914132
3.9 0.914973
4.1 0.915778
4.3 0.916565
4.5 0.917399
4.7 0.918215
4.9 0.919022
5.1 0.919845
5.3 0.920672
5.5 0.921537
5.7 0.922342
5.9 0.923168
6.1 0.924046
6.3 0.924883
6.5 0.925718
6.7 0.926535
6.9 0.927393
7.1 0.928234
7.3 0.92908
7.5 0.929898
7.7 0.930746
7.9 0.931601
8.1 0.932429
8.3 0.933299
8.5 0.934161
8.7 0.935004
8.9 0.935833
9.1 0.936677
9.3 0.937521
9.5 0.938383
9.7 0.939239
9.9 0.940072
10.1 0.940896
10.3 0.941737
10.5 0.942623
10.7 0.94344
10.9 0.944309
11.1 0.945139
11.3 0.94596
11.5 0.946788
11.7 0.947623
11.9 0.948414
12.1 0.949241
12.3 0.950071
12.5 0.950872
12.7 0.951684
12.9 0.952506
13.1 0.953302
13.3 0.954108
13.5 0.954924
13.7 0.955676
13.9 0.956451
14.1 0.957256
14.3 0.958046
14.5 0.958829
14.7 0.959656
14.9 0.960437
15.1 0.961173
15.3 0.961922
15.5 0.962734
15.7 0.963523
15.9 0.964261
16.1 0.965009
16.3 0.965742
16.5 0.966463
16.7 0.967202
16.9 0.967932
17.1 0.96865
17.3 0.96934
17.5 0.97001
17.7 0.970689
17.9 0.971352
18.1 0.972041
18.3 0.972683
18.5 0.973319
18.7 0.973994
18.9 0.97461
19.1 0.975233
19.3 0.975857
19.5 0.976483
19.7 0.977083
19.9 0.977668
20.1 0.978251
20.3 0.978849
20.5 0.979428
20.7 0.979992
20.9 0.980512
21.1 0.981069
21.3 0.981638
21.5 0.98217
21.7 0.982697
21.9 0.983224
22.1 0.983728
22.3 0.984228
22.5 0.984707
22.7 0.985166
22.9 0.985633
23.1 0.986075
23.3 0.986529
23.5 0.986968
23.7 0.987409
23.9 0.987857
24.1 0.988246
24.3 0.988637
24.5 0.989043
24.7 0.98942
24.9 0.989778
25.1 0.990143
25.3 0.990504
25.5 0.990847
25.7 0.991213
25.9 0.991547
26.1 0.991859
26.3 0.992187
26.5 0.992507
26.7 0.992794
26.9 0.993089
27.1 0.99336
27.3 0.993634
27.5 0.993893
27.7 0.994153
27.9 0.994386
28.1 0.994632
28.3 0.994865
28.5 0.995094
28.7 0.995303
28.9 0.99552
29.1 0.995716
29.3 0.995916
29.5 0.996102
29.7 0.996295
29.9 0.99646
30.1 0.996636
30.3 0.996811
30.5 0.996974
30.7 0.997125
30.9 0.997278
31.1 0.997415
31.3 0.997557
31.5 0.997693
31.7 0.997822
31.9 0.997951
32.1 0.998059
32.3 0.99816
32.5 0.998263
32.7 0.998367
32.9 0.998458
33.1 0.998552
33.3 0.998644
33.5 0.998725
33.7 0.998803
33.9 0.998872
34.1 0.998947
34.3 0.99901
34.5 0.999065
34.7 0.999113
34.9 0.999168
35.1 0.999218
35.3 0.999273
35.5 0.999321
35.7 0.999363
35.9 0.999407
36.1 0.999446
36.3 0.999491
36.5 0.999527
36.7 0.999557
36.9 0.999587
37.1 0.99961
37.3 0.999638
37.5 0.999657
37.7 0.999681
37.9 0.999705
38.1 0.99973
38.3 0.999746
38.5 0.999762
38.7 0.999778
38.9 0.999794
39.1 0.999807
39.3 0.999819
39.5 0.999828
39.7 0.999837
39.9 0.999848
40.1 0.999857
40.3 0.999862
40.5 0.999872
40.7 0.999879
40.9 0.999888
41.1 0.999896
41.3 0.999902
41.5 0.999908
41.7 0.999912
41.9 0.99992
42.1 0.999925
42.3 0.999928
42.5 0.999932
42.7 0.999935
42.9 0.999938
43.1 0.999942
43.3 0.999946
43.5 0.999949
43.7 0.999951
43.9 0.999953
44.1 0.999956
44.3 0.999959
44.5 0.999961
44.7 0.999964
44.9 0.999965
45.1 0.999967
45.3 0.999968
45.5 0.999968
45.7 0.999968
45.9 0.999971
46.1 0.999974
46.3 0.999976
46.5 0.999977
46.7 0.999977
46.9 0.999979
47.1 0.99998
47.3 0.999983
47.5 0.999983
47.7 0.999985
47.9 0.999985
48.1 0.999986
48.3 0.999987
48.5 0.999989
48.7 0.99999
48.9 0.99999
49.1 0.999992
49.3 0.999993
49.5 0.999994
49.7 0.999995
49.9 0.999998
50.1 1
