-1589.9 0
-1589.7 1
-1589.5 0
-1589.3 0
-1589.1 0
-1588.9 0
-1588.7 1
-1588.5 0
-1588.3 0
-1588.1 0
-1587.9 0
-1587.7 0
-1587.5 0
-1587.3 0
-1587.1 0
-1586.9 0
-1586.7 0
-1586.5 2
-1586.3 0
-1586.1 1
-1585.9 0
-1585.7 1
-1585.5 1
-1585.3 0
-1585.1 0
-1584.9 0
-1584.7 0
-1584.5 0
-1584.3 0
-1584.1 0
-1583.9 0
-1583.7 0
-1583.5 0
-1583.3 0
-1583.1 2
-1582.9 0
-1582.7 1
-1582.5 0
-1582.3 0
-1582.1 0
-1581.9 0
-1581.7 0
-1581.5 0
-1581.3 1
-1581.1 0
-1580.9 0
-1580.7 0
-1580.5 0
-1580.3 0
-1580.1 1
-1579.9 0
-1579.7 0
-1579.5 1
-1579.3 1
-1579.1 1
-1578.9 0
-1578.7 0
-1578.5 0
-1578.3 0
-1578.1 0
-1577.9 0
-1577.7 0
-1577.5 0
-1577.3 0
-1577.1 0
-1576.9 0
-1576.7 0
-1576.5 1
-1576.3 0
-1576.1 0
-1575.9 1
-1575.7 0
-1575.5 0
-1575.3 0
-1575.1 0
-1574.9 0
-1574.7 2
-1574.5 3
-1574.3 2
-1574.1 2
-1573.9 2
-1573.7 2
-1573.5 1
-1573.3 6
-1573.1 1
-1572.9 2
-1572.7 5
-1572.5 3
-1572.3 2
-1572.1 7
-1571.9 6
-1571.7 9
-1571.5 9
-1571.3 7
-1571.1 7
-1570.9 10
-1570.7 14
-1570.5 15
-1570.3 13
-1570.1 20
-1569.9 10
-1569.7 18
-1569.5 19
-1569.3 20
-1569.1 17
-1568.9 16
-1568.7 31
-1568.5 23
-1568.3 19
-1568.1 32
-1567.9 16
-1567.7 39
-1567.5 25
-1567.3 34
-1567.1 34
-1566.9 34
-1566.7 31
-1566.5 49
-1566.3 35
-1566.1 36
-1565.9 51
-1565.7 33
-1565.5 35
-1565.3 52
-1565.1 41
-1564.9 38
-1564.7 40
-1564.5 41
-1564.3 42
-1564.1 39
-1563.9 43
-1563.7 35
-1563.5 33
-1563.3 46
-1563.1 42
-1562.9 39
-1562.7 38
-1562.5 60
-1562.3 43
-1562.1 51
-1561.9 46
-1561.7 55
-1561.5 54
-1561.3 39
-1561.1 48
-1560.9 43
-1560.7 51
-1560.5 55
-1560.3 56
-1560.1 49
-1559.9 38
-1559.7 38
-1559.5 42
-1559.3 37
-1559.1 39
-1558.9 40
-1558.7 40
-1558.5 31
-1558.3 41
-1558.1 45
-1557.9 42
-1557.7 31
-1557.5 30
-1557.3 44
-1557.1 48
-1556.9 33
-1556.7 56
-1556.5 37
-1556.3 36
-1556.1 45
-1555.9 32
-1555.7 34
-1555.5 44
-1555.3 59
-1555.1 35
-1554.9 35
-1554.7 31
-1554.5 36
-1554.3 31
-1554.1 46
-1553.9 28
-1553.7 37
-1553.5 32
-1553.3 32
-1553.1 23
-1552.9 28
-1552.7 32
-1552.5 47
-1552.3 43
-1552.1 32
-1551.9 37
-1551.7 34
-1551.5 21
-1551.3 26
-1551.1 39
-1550.9 37
-1550.7 42
-1550.5 32
-1550.3 30
-1550.1 30
-1549.9 31
-1549.7 24
-1549.5 42
-1549.3 51
-1549.1 26
-1548.9 42
-1548.7 38
-1548.5 29
-1548.3 24
-1548.1 30
-1547.9 40
-1547.7 36
-1547.5 30
-1547.3 38
-1547.1 31
-1546.9 39
-1546.7 28
-1546.5 42
-1546.3 38
-1546.1 34
-1545.9 24
-1545.7 34
-1545.5 31
-1545.3 35
-1545.1 19
-1544.9 25
-1544.7 28
-1544.5 32
-1544.3 26
-1544.1 30
-1543.9 27
-1543.7 33
-1543.5 46
-1543.3 38
-1543.1 20
-1542.9 29
-1542.7 34
-1542.5 24
-1542.3 25
-1542.1 24
-1541.9 28
-1541.7 23
-1541.5 24
-1541.3 27
-1541.1 34
-1540.9 35
-1540.7 23
-1540.5 27
-1540.3 28
-1540.1 24
-1539.9 26
-1539.7 39
-1539.5 34
-1539.3 30
-1539.1 34
-1538.9 24
-1538.7 35
-1538.5 28
-1538.3 36
-1538.1 29
-1537.9 40
-1537.7 35
-1537.5 31
-1537.3 24
-1537.1 26
-1536.9 30
-1536.7 18
-1536.5 30
-1536.3 28
-1536.1 27
-1535.9 32
-1535.7 36
-1535.5 25
-1535.3 25
-1535.1 24
-1534.9 32
-1534.7 34
-1534.5 32
-1534.3 32
-1534.1 31
-1533.9 28
-1533.7 20
-1533.5 29
-1533.3 38
-1533.1 27
-1532.9 39
-1532.7 42
-1532.5 26
-1532.3 33
-1532.1 34
-1531.9 43
-1531.7 34
-1531.5 35
-1531.3 33
-1531.1 25
-1530.9 23
-1530.7 25
-1530.5 27
-1530.3 26
-1530.1 33
-1529.9 35
-1529.7 28
-1529.5 26
-1529.3 36
-1529.1 29
-1528.9 21
-1528.7 35
-1528.5 32
-1528.3 30
-1528.1 30
-1527.9 31
-1527.7 22
-1527.5 30
-1527.3 36
-1527.1 20
-1526.9 31
-1526.7 28
-1526.5 33
-1526.3 30
-1526.1 28
-1525.9 30
-1525.7 23
-1525.5 29
-1525.3 31
-1525.1 35
-1524.9 33
-1524.7 26
-1524.5 30
-1524.3 31
-1524.1 33
-1523.9 23
-1523.7 26
-1523.5 27
-1523.3 23
-1523.1 26
-1522.9 22
-1522.7 19
-1522.5 32
-1522.3 26
-1522.1 30
-1521.9 20
-1521.7 22
-1521.5 16
-1521.3 27
-1521.1 30
-1520.9 23
-1520.7 26
-1520.5 28
-1520.3 16
-1520.1 19
-1519.9 27
-1519.7 31
-1519.5 26
-1519.3 22
-1519.1 22
-1518.9 35
-1518.7 19
-1518.5 25
-1518.3 32
-1518.1 26
-1517.9 28
-1517.7 30
-1517.5 32
-1517.3 28
-1517.1 26
-1516.9 31
-1516.7 22
-1516.5 29
-1516.3 21
-1516.1 26
-1515.9 23
-1515.7 29
-1515.5 25
-1515.3 32
-1515.1 25
-1514.9 31
-1514.7 22
-1514.5 20
-1514.3 36
-1514.1 32
-1513.9 26
-1513.7 35
-1513.5 21
-1513.3 26
-1513.1 29
-1512.9 28
-1512.7 28
-1512.5 30
-1512.3 29
-1512.1 31
-1511.9 29
-1511.7 30
-1511.5 27
-1511.3 39
-1511.1 41
-1510.9 30
-1510.7 23
-1510.5 26
-1510.3 28
-1510.1 30
-1509.9 34
-1509.7 34
-1509.5 33
-1509.3 40
-1509.1 33
-1508.9 23
-1508.7 23
-1508.5 27
-1508.3 43
-1508.1 22
-1507.9 26
-1507.7 25
-1507.5 20
-1507.3 26
-1507.1 27
-1506.9 16
-1506.7 23
-1506.5 26
-1506.3 24
-1506.1 30
-1505.9 29
-1505.7 28
-1505.5 34
-1505.3 21
-1505.1 25
-1504.9 28
-1504.7 18
-1504.5 31
-1504.3 25
-1504.1 27
-1503.9 19
-1503.7 25
-1503.5 22
-1503.3 22
-1503.1 20
-1502.9 38
-1502.7 29
-1502.5 28
-1502.3 26
-1502.1 19
-1501.9 39
-1501.7 29
-1501.5 27
-1501.3 18
-1501.1 37
-1500.9 35
-1500.7 30
-1500.5 27
-1500.3 27
-1500.1 26
-1499.9 34
-1499.7 24
-1499.5 34
-1499.3 26
-1499.1 34
-1498.9 31
-1498.7 38
-1498.5 26
-1498.3 26
-1498.1 25
-1497.9 32
-1497.7 28
-1497.5 26
-1497.3 29
-1497.1 27
-1496.9 31
-1496.7 33
-1496.5 33
-1496.3 35
-1496.1 27
-1495.9 32
-1495.7 31
-1495.5 22
-1495.3 32
-1495.1 33
-1494.9 23
-1494.7 39
-1494.5 40
-1494.3 32
-1494.1 32
-1493.9 25
-1493.7 27
-1493.5 42
-1493.3 29
-1493.1 25
-1492.9 29
-1492.7 30
-1492.5 19
-1492.3 27
-1492.1 30
-1491.9 26
-1491.7 29
-1491.5 24
-1491.3 31
-1491.1 32
-1490.9 27
-1490.7 29
-1490.5 28
-1490.3 22
-1490.1 25
-1489.9 23
-1489.7 21
-1489.5 19
-1489.3 29
-1489.1 18
-1488.9 22
-1488.7 26
-1488.5 28
-1488.3 28
-1488.1 30
-1487.9 26
-1487.7 26
-1487.5 26
-1487.3 21
-1487.1 21
-1486.9 31
-1486.7 20
-1486.5 25
-1486.3 29
-1486.1 23
-1485.9 40
-1485.7 30
-1485.5 17
-1485.3 24
-1485.1 25
-1484.9 28
-1484.7 22
-1484.5 32
-1484.3 37
-1484.1 23
-1483.9 33
-1483.7 25
-1483.5 38
-1483.3 30
-1483.1 19
-1482.9 26
-1482.7 31
-1482.5 32
-1482.3 23
-1482.1 29
-1481.9 32
-1481.7 29
-1481.5 36
-1481.3 41
-1481.1 30
-1480.9 20
-1480.7 26
-1480.5 22
-1480.3 32
-1480.1 28
-1479.9 25
-1479.7 38
-1479.5 24
-1479.3 23
-1479.1 40
-1478.9 29
-1478.7 28
-1478.5 34
-1478.3 29
-1478.1 31
-1477.9 26
-1477.7 24
-1477.5 36
-1477.3 34
-1477.1 40
-1476.9 33
-1476.7 31
-1476.5 25
-1476.3 26
-1476.1 28
-1475.9 30
-1475.7 36
-1475.5 34
-1475.3 14
-1475.1 29
-1474.9 26
-1474.7 31
-1474.5 30
-1474.3 26
-1474.1 32
-1473.9 36
-1473.7 42
-1473.5 32
-1473.3 25
-1473.1 30
-1472.9 21
-1472.7 27
-1472.5 32
-1472.3 26
-1472.1 33
-1471.9 30
-1471.7 25
-1471.5 23
-1471.3 33
-1471.1 28
-1470.9 32
-1470.7 23
-1470.5 32
-1470.3 24
-1470.1 23
-1469.9 22
-1469.7 22
-1469.5 27
-1469.3 32
-1469.1 31
-1468.9 21
-1468.7 30
-1468.5 24
-1468.3 24
-1468.1 17
-1467.9 26
-1467.7 19
-1467.5 25
-1467.3 24
-1467.1 31
-1466.9 17
-1466.7 30
-1466.5 25
-1466.3 22
-1466.1 32
-1465.9 29
-1465.7 19
-1465.5 30
-1465.3 32
-1465.1 27
-1464.9 33
-1464.7 35
-1464.5 27
-1464.3 24
-1464.1 33
-1463.9 27
-1463.7 33
-1463.5 33
-1463.3 24
-1463.1 37
-1462.9 40
-1462.7 36
-1462.5 27
-1462.3 32
-1462.1 20
-1461.9 27
-1461.7 25
-1461.5 28
-1461.3 24
-1461.1 32
-1460.9 27
-1460.7 28
-1460.5 30
-1460.3 38
-1460.1 23
-1459.9 25
-1459.7 29
-1459.5 33
-1459.3 33
-1459.1 26
-1458.9 35
-1458.7 26
-1458.5 26
-1458.3 28
-1458.1 30
-1457.9 27
-1457.7 19
-1457.5 33
-1457.3 27
-1457.1 24
-1456.9 33
-1456.7 31
-1456.5 19
-1456.3 25
-1456.1 34
-1455.9 31
-1455.7 28
-1455.5 20
-1455.3 38
-1455.1 28
-1454.9 25
-1454.7 24
-1454.5 28
-1454.3 28
-1454.1 29
-1453.9 26
-1453.7 28
-1453.5 30
-1453.3 23
-1453.1 26
-1452.9 25
-1452.7 26
-1452.5 23
-1452.3 23
-1452.1 27
-1451.9 22
-1451.7 33
-1451.5 25
-1451.3 34
-1451.1 29
-1450.9 34
-1450.7 30
-1450.5 12
-1450.3 20
-1450.1 29
-1449.9 28
-1449.7 25
-1449.5 30
-1449.3 24
-1449.1 32
-1448.9 30
-1448.7 32
-1448.5 25
-1448.3 33
-1448.1 25
-1447.9 25
-1447.7 35
-1447.5 26
-1447.3 21
-1447.1 28
-1446.9 30
-1446.7 29
-1446.5 43
-1446.3 33
-1446.1 29
-1445.9 28
-1445.7 26
-1445.5 35
-1445.3 36
-1445.1 29
-1444.9 29
-1444.7 27
-1444.5 25
-1444.3 32
-1444.1 22
-1443.9 24
-1443.7 18
-1443.5 33
-1443.3 27
-1443.1 33
-1442.9 34
-1442.7 26
-1442.5 33
-1442.3 27
-1442.1 27
-1441.9 32
-1441.7 37
-1441.5 24
-1441.3 26
-1441.1 18
-1440.9 29
-1440.7 19
-1440.5 17
-1440.3 25
-1440.1 25
-1439.9 29
-1439.7 28
-1439.5 28
-1439.3 33
-1439.1 34
-1438.9 17
-1438.7 25
-1438.5 31
-1438.3 22
-1438.1 29
-1437.9 27
-1437.7 29
-1437.5 33
-1437.3 35
-1437.1 29
-1436.9 28
-1436.7 28
-1436.5 34
-1436.3 23
-1436.1 20
-1435.9 36
-1435.7 33
-1435.5 30
-1435.3 31
-1435.1 32
-1434.9 33
-1434.7 26
-1434.5 28
-1434.3 20
-1434.1 31
-1433.9 34
-1433.7 23
-1433.5 21
-1433.3 15
-1433.1 26
-1432.9 28
-1432.7 25
-1432.5 29
-1432.3 36
-1432.1 18
-1431.9 34
-1431.7 29
-1431.5 26
-1431.3 26
-1431.1 27
-1430.9 21
-1430.7 25
-1430.5 34
-1430.3 35
-1430.1 28
-1429.9 29
-1429.7 31
-1429.5 21
-1429.3 27
-1429.1 29
-1428.9 32
-1428.7 34
-1428.5 38
-1428.3 37
-1428.1 26
-1427.9 29
-1427.7 32
-1427.5 37
-1427.3 30
-1427.1 32
-1426.9 26
-1426.7 27
-1426.5 27
-1426.3 26
-1426.1 19
-1425.9 33
-1425.7 24
-1425.5 31
-1425.3 35
-1425.1 31
-1424.9 37
-1424.7 29
-1424.5 29
-1424.3 29
-1424.1 24
-1423.9 28
-1423.7 34
-1423.5 22
-1423.3 23
-1423.1 24
-1422.9 24
-1422.7 41
-1422.5 32
-1422.3 25
-1422.1 25
-1421.9 37
-1421.7 25
-1421.5 21
-1421.3 26
-1421.1 27
-1420.9 30
-1420.7 33
-1420.5 33
-1420.3 26
-1420.1 27
-1419.9 26
-1419.7 35
-1419.5 18
-1419.3 24
-1419.1 23
-1418.9 30
-1418.7 32
-1418.5 25
-1418.3 24
-1418.1 33
-1417.9 27
-1417.7 32
-1417.5 25
-1417.3 31
-1417.1 27
-1416.9 33
-1416.7 32
-1416.5 32
-1416.3 26
-1416.1 30
-1415.9 28
-1415.7 34
-1415.5 31
-1415.3 30
-1415.1 31
-1414.9 32
-1414.7 26
-1414.5 34
-1414.3 24
-1414.1 24
-1413.9 31
-1413.7 24
-1413.5 20
-1413.3 34
-1413.1 22
-1412.9 25
-1412.7 22
-1412.5 27
-1412.3 27
-1412.1 37
-1411.9 25
-1411.7 32
-1411.5 33
-1411.3 21
-1411.1 24
-1410.9 18
-1410.7 32
-1410.5 26
-1410.3 31
-1410.1 31
-1409.9 26
-1409.7 18
-1409.5 36
-1409.3 15
-1409.1 33
-1408.9 28
-1408.7 24
-1408.5 17
-1408.3 21
-1408.1 28
-1407.9 28
-1407.7 19
-1407.5 16
-1407.3 32
-1407.1 28
-1406.9 26
-1406.7 29
-1406.5 35
-1406.3 30
-1406.1 32
-1405.9 21
-1405.7 29
-1405.5 30
-1405.3 30
-1405.1 21
-1404.9 24
-1404.7 25
-1404.5 24
-1404.3 32
-1404.1 18
-1403.9 30
-1403.7 31
-1403.5 29
-1403.3 26
-1403.1 25
-1402.9 25
-1402.7 24
-1402.5 22
-1402.3 33
-1402.1 30
-1401.9 31
-1401.7 27
-1401.5 31
-1401.3 33
-1401.1 29
-1400.9 26
-1400.7 20
-1400.5 27
-1400.3 31
-1400.1 24
-1399.9 34
-1399.7 34
-1399.5 41
-1399.3 35
-1399.1 25
-1398.9 24
-1398.7 15
-1398.5 38
-1398.3 41
-1398.1 29
-1397.9 24
-1397.7 17
-1397.5 35
-1397.3 23
-1397.1 21
-1396.9 32
-1396.7 33
-1396.5 27
-1396.3 31
-1396.1 26
-1395.9 32
-1395.7 17
-1395.5 24
-1395.3 26
-1395.1 17
-1394.9 22
-1394.7 29
-1394.5 23
-1394.3 30
-1394.1 33
-1393.9 30
-1393.7 23
-1393.5 29
-1393.3 36
-1393.1 20
-1392.9 27
-1392.7 32
-1392.5 26
-1392.3 28
-1392.1 39
-1391.9 20
-1391.7 30
-1391.5 33
-1391.3 25
-1391.1 32
-1390.9 25
-1390.7 31
-1390.5 26
-1390.3 17
-1390.1 27
-1389.9 19
-1389.7 26
-1389.5 33
-1389.3 21
-1389.1 22
-1388.9 37
-1388.7 28
-1388.5 31
-1388.3 35
-1388.1 26
-1387.9 34
-1387.7 22
-1387.5 34
-1387.3 18
-1387.1 23
-1386.9 26
-1386.7 28
-1386.5 40
-1386.3 27
-1386.1 30
-1385.9 22
-1385.7 35
-1385.5 30
-1385.3 31
-1385.1 28
-1384.9 26
-1384.7 25
-1384.5 35
-1384.3 33
-1384.1 25
-1383.9 18
-1383.7 22
-1383.5 28
-1383.3 29
-1383.1 27
-1382.9 20
-1382.7 19
-1382.5 28
-1382.3 42
-1382.1 22
-1381.9 25
-1381.7 21
-1381.5 20
-1381.3 40
-1381.1 33
-1380.9 39
-1380.7 21
-1380.5 29
-1380.3 24
-1380.1 27
-1379.9 16
-1379.7 24
-1379.5 38
-1379.3 34
-1379.1 32
-1378.9 37
-1378.7 25
-1378.5 26
-1378.3 35
-1378.1 26
-1377.9 28
-1377.7 27
-1377.5 17
-1377.3 28
-1377.1 30
-1376.9 25
-1376.7 28
-1376.5 25
-1376.3 23
-1376.1 34
-1375.9 25
-1375.7 32
-1375.5 28
-1375.3 27
-1375.1 29
-1374.9 29
-1374.7 24
-1374.5 34
-1374.3 26
-1374.1 28
-1373.9 28
-1373.7 27
-1373.5 30
-1373.3 33
-1373.1 27
-1372.9 29
-1372.7 37
-1372.5 39
-1372.3 30
-1372.1 27
-1371.9 26
-1371.7 28
-1371.5 29
-1371.3 31
-1371.1 32
-1370.9 32
-1370.7 27
-1370.5 25
-1370.3 37
-1370.1 30
-1369.9 22
-1369.7 32
-1369.5 28
-1369.3 27
-1369.1 20
-1368.9 27
-1368.7 26
-1368.5 22
-1368.3 21
-1368.1 26
-1367.9 36
-1367.7 24
-1367.5 27
-1367.3 27
-1367.1 23
-1366.9 22
-1366.7 29
-1366.5 23
-1366.3 21
-1366.1 24
-1365.9 26
-1365.7 17
-1365.5 25
-1365.3 28
-1365.1 29
-1364.9 19
-1364.7 26
-1364.5 26
-1364.3 21
-1364.1 29
-1363.9 30
-1363.7 34
-1363.5 27
-1363.3 31
-1363.1 14
-1362.9 28
-1362.7 27
-1362.5 25
-1362.3 27
-1362.1 28
-1361.9 18
-1361.7 33
-1361.5 30
-1361.3 22
-1361.1 21
-1360.9 23
-1360.7 23
-1360.5 23
-1360.3 18
-1360.1 24
-1359.9 27
-1359.7 19
-1359.5 15
-1359.3 16
-1359.1 16
-1358.9 29
-1358.7 33
-1358.5 20
-1358.3 18
-1358.1 31
-1357.9 26
-1357.7 18
-1357.5 20
-1357.3 16
-1357.1 12
-1356.9 22
-1356.7 16
-1356.5 29
-1356.3 17
-1356.1 13
-1355.9 15
-1355.7 18
-1355.5 20
-1355.3 10
-1355.1 17
-1354.9 22
-1354.7 17
-1354.5 11
-1354.3 12
-1354.1 19
-1353.9 20
-1353.7 18
-1353.5 8
-1353.3 24
-1353.1 13
-1352.9 5
-1352.7 8
-1352.5 13
-1352.3 15
-1352.1 11
-1351.9 11
-1351.7 10
-1351.5 16
-1351.3 13
-1351.1 16
-1350.9 13
-1350.7 9
-1350.5 14
-1350.3 5
-1350.1 10
-1349.9 15
-1349.7 10
-1349.5 10
-1349.3 18
-1349.1 6
-1348.9 14
-1348.7 15
-1348.5 7
-1348.3 8
-1348.1 14
-1347.9 9
-1347.7 7
-1347.5 3
-1347.3 7
-1347.1 10
-1346.9 10
-1346.7 8
-1346.5 11
-1346.3 8
-1346.1 11
-1345.9 10
-1345.7 4
-1345.5 6
-1345.3 7
-1345.1 13
-1344.9 9
-1344.7 5
-1344.5 8
-1344.3 4
-1344.1 10
-1343.9 6
-1343.7 5
-1343.5 7
-1343.3 5
-1343.1 3
-1342.9 5
-1342.7 2
-1342.5 5
-1342.3 6
-1342.1 5
-1341.9 2
-1341.7 6
-1341.5 2
-1341.3 9
-1341.1 8
-1340.9 2
-1340.7 3
-1340.5 3
-1340.3 3
-1340.1 3
-1339.9 3
-1339.7 4
-1339.5 6
-1339.3 7
-1339.1 5
-1338.9 2
-1338.7 5
-1338.5 5
-1338.3 1
-1338.1 5
-1337.9 2
-1337.7 4
-1337.5 3
-1337.3 1
-1337.1 4
-1336.9 3
-1336.7 3
-1336.5 2
-1336.3 3
-1336.1 2
-1335.9 1
-1335.7 0
-1335.5 1
-1335.3 2
-1335.1 0
-1334.9 4
-1334.7 2
-1334.5 1
-1334.3 2
-1334.1 3
-1333.9 1
-1333.7 0
-1333.5 2
-1333.3 0
-1333.1 1
-1332.9 0
-1332.7 0
-1332.5 0
-1332.3 1
-1332.1 1
-1331.9 0
-1331.7 0
-1331.5 3
-1331.3 0
-1331.1 0
-1330.9 0
-1330.7 2
-1330.5 0
-1330.3 0
-1330.1 1
-1329.9 0
-1329.7 0
-1329.5 0
-1329.3 0
-1329.1 1
-1328.9 0
-1328.7 0
-1328.5 0
-1328.3 1
-1328.1 0
-1327.9 0
-1327.7 2
-1327.5 1
-1327.3 0
-1327.1 0
-1326.9 0
-1326.7 0
-1326.5 0
-1326.3 0
-1326.1 1
-1325.9 0
-1325.7 0
-1325.5 0
-1325.3 1
-1325.1 3
-1324.9 0
-1324.7 0
-1324.5 1
-1324.3 0
-1324.1 0
-1323.9 1
-1323.7 0
-1323.5 1
-1323.3 0
-1323.1 0
-1322.9 1
-1322.7 0
-1322.5 0
-1322.3 0
-1322.1 0
-1321.9 0
-1321.7 0
-1321.5 0
-1321.3 1
-1321.1 0
-1320.9 0
-1320.7 1
-1320.5 0
-1320.3 0
-1320.1 0
-1319.9 0
-1319.7 1
-1319.5 1
-1319.3 0
-1319.1 0
-1318.9 0
-1318.7 2
-1318.5 0
-1318.3 2
-1318.1 0
-1317.9 0
-1317.7 0
-1317.5 1
-1317.3 0
-1317.1 1
-1316.9 0
-1316.7 0
-1316.5 0
-1316.3 2
-1316.1 2
-1315.9 0
-1315.7 0
-1315.5 1
-1315.3 0
-1315.1 1
-1314.9 0
-1314.7 0
-1314.5 1
-1314.3 0
-1314.1 0
-1313.9 0
-1313.7 0
-1313.5 1
-1313.3 0
-1313.1 2
-1312.9 1
-1312.7 0
-1312.5 0
-1312.3 1
-1312.1 0
-1311.9 0
-1311.7 0
-1311.5 0
-1311.3 0
-1311.1 0
-1310.9 0
-1310.7 0
-1310.5 1
-1310.3 0
-1310.1 0
-1309.9 0
-1309.7 0
-1309.5 0
-1309.3 0
-1309.1 0
-1308.9 0
-1308.7 1
-1308.5 0
-1308.3 0
-1308.1 0
-1307.9 0
-1307.7 1
-1307.5 0
-1307.3 0
-1307.1 1
-1306.9 0
-1306.7 0
-1306.5 0
-1306.3 0
-1306.1 0
-1305.9 0
-1305.7 1
-1305.5 0
-1305.3 0
-1305.1 0
-1304.9 0
-1304.7 0
-1304.5 0
-1304.3 0
-1304.1 0
-1303.9 0
-1303.7 0
-1303.5 0
-1303.3 0
-1303.1 0
-1302.9 0
-1302.7 0
-1302.5 0
-1302.3 0
-1302.1 0
-1301.9 0
-1301.7 0
-1301.5 1
-1301.3 0
-1301.1 0
-1300.9 1
-1300.7 0
-1300.5 0
-1300.3 0
-1300.1 0
