1402
-1581.1 2.53286e-05
-1580.9 2.53286e-05
-1580.7 2.53286e-05
-1580.5 2.53286e-05
-1580.3 2.53286e-05
-1580.1 2.53286e-05
-1579.9 2.53286e-05
-1579.7 2.53286e-05
-1579.5 2.53286e-05
-1579.3 2.53286e-05
-1579.1 2.53286e-05
-1578.9 2.53286e-05
-1578.7 2.53286e-05
-1578.5 2.53286e-05
-1578.3 5.06573e-05
-1578.1 7.59859e-05
-1577.9 0.000101315
-1577.7 0.000101315
-1577.5 0.000126643
-1577.3 0.000151972
-1577.1 0.000151972
-1576.9 0.000227958
-1576.7 0.000253286
-1576.5 0.000253286
-1576.3 0.000278615
-1576.1 0.000329272
-1575.9 0.000329272
-1575.7 0.000354601
-1575.5 0.000430587
-1575.3 0.000531901
-1575.1 0.000582559
-1574.9 0.000734531
-1574.7 0.000785188
-1574.5 0.000886502
-1574.3 0.000911831
-1574.1 0.00103847
-1573.9 0.00113979
-1573.7 0.00146906
-1573.5 0.00169702
-1573.3 0.00174768
-1573.1 0.00195031
-1572.9 0.00215293
-1572.7 0.00238089
-1572.5 0.00255819
-1572.3 0.00288746
-1572.1 0.00311542
-1571.9 0.00352068
-1571.7 0.00402725
-1571.5 0.00430587
-1571.3 0.00473646
-1571.1 0.00519237
-1570.9 0.00572427
-1570.7 0.00618019
-1570.5 0.00683873
-1570.3 0.00726932
-1570.1 0.00787721
-1569.9 0.00848509
-1569.7 0.00924495
-1569.5 0.0101315
-1569.3 0.0111446
-1569.1 0.0118538
-1568.9 0.0124364
-1568.7 0.0132975
-1568.5 0.0141334
-1568.3 0.0149186
-1568.1 0.0158051
-1567.9 0.0167422
-1567.7 0.0175781
-1567.5 0.0185406
-1567.3 0.0196044
-1567.1 0.0210228
-1566.9 0.0225172
-1566.7 0.0235556
-1566.5 0.0250247
-1566.3 0.0264431
-1566.1 0.0282161
-1565.9 0.0296598
-1565.7 0.0307996
-1565.5 0.03237
-1565.3 0.0341937
-1565.1 0.0354854
-1564.9 0.0368025
-1564.7 0.0383729
-1564.5 0.0398673
-1564.3 0.0414377
-1564.1 0.0433373
-1563.9 0.0446291
-1563.7 0.0461741
-1563.5 0.0477192
-1563.3 0.0494415
-1563.1 0.0509359
-1562.9 0.0528102
-1562.7 0.0543046
-1562.5 0.0563562
-1562.3 0.0576733
-1562.1 0.0595476
-1561.9 0.0608647
-1561.7 0.0620552
-1561.5 0.0634482
-1561.3 0.0644614
-1561.1 0.0658545
-1560.9 0.0673489
-1560.7 0.0689446
-1560.5 0.070135
-1560.3 0.0717054
-1560.1 0.0733517
-1559.9 0.0749221
-1559.7 0.0764418
-1559.5 0.0778856
-1559.3 0.0788987
-1559.1 0.0803424
-1558.9 0.0816342
-1558.7 0.0827993
-1558.5 0.0839644
-1558.3 0.0851296
-1558.1 0.0864213
-1557.9 0.087941
-1557.7 0.0891062
-1557.5 0.090094
-1557.3 0.091563
-1557.1 0.0929308
-1556.9 0.0940452
-1556.7 0.0950837
-1556.5 0.0965528
-1556.3 0.0976419
-1556.1 0.0987817
-1555.9 0.0999468
-1555.7 0.101264
-1555.5 0.102429
-1555.3 0.103873
-1555.1 0.105089
-1554.9 0.106152
-1554.7 0.107191
-1554.5 0.108179
-1554.3 0.109394
-1554.1 0.11056
-1553.9 0.11175
-1553.7 0.112763
-1553.5 0.113726
-1553.3 0.114891
-1553.1 0.115676
-1552.9 0.116714
-1552.7 0.117702
-1552.5 0.118665
-1552.3 0.120007
-1552.1 0.120944
-1551.9 0.122059
-1551.7 0.123123
-1551.5 0.124414
-1551.3 0.125351
-1551.1 0.126314
-1550.9 0.127631
-1550.7 0.128669
-1550.5 0.129708
-1550.3 0.130873
-1550.1 0.131582
-1549.9 0.132443
-1549.7 0.133659
-1549.5 0.134799
-1549.3 0.135635
-1549.1 0.136597
-1548.9 0.13756
-1548.7 0.138776
-1548.5 0.139637
-1548.3 0.140371
-1548.1 0.141207
-1547.9 0.142271
-1547.7 0.143208
-1547.5 0.144297
-1547.3 0.145184
-1547.1 0.146273
-1546.9 0.147058
-1546.7 0.14835
-1546.5 0.149312
-1546.3 0.1503
-1546.1 0.151339
-1545.9 0.152124
-1545.7 0.15296
-1545.5 0.154023
-1545.3 0.154682
-1545.1 0.155594
-1544.9 0.156506
-1544.7 0.157493
-1544.5 0.158203
-1544.3 0.159216
-1544.1 0.160457
-1543.9 0.161191
-1543.7 0.162129
-1543.5 0.16304
-1543.3 0.163826
-1543.1 0.164661
-1542.9 0.165852
-1542.7 0.166764
-1542.5 0.167625
-1542.3 0.168562
-1542.1 0.169474
-1541.9 0.170436
-1541.7 0.171652
-1541.5 0.172311
-1541.3 0.173248
-1541.1 0.174058
-1540.9 0.174768
-1540.7 0.175502
-1540.5 0.176186
-1540.3 0.176769
-1540.1 0.177427
-1539.9 0.178542
-1539.7 0.179276
-1539.5 0.180315
-1539.3 0.181277
-1539.1 0.182214
-1538.9 0.183075
-1538.7 0.183937
-1538.5 0.18495
-1538.3 0.185684
-1538.1 0.18652
-1537.9 0.187432
-1537.7 0.188496
-1537.5 0.189509
-1537.3 0.19037
-1537.1 0.191307
-1536.9 0.192346
-1536.7 0.193131
-1536.5 0.194296
-1536.3 0.195258
-1536.1 0.196373
-1535.9 0.197082
-1535.7 0.197715
-1535.5 0.198602
-1535.3 0.199488
-1535.1 0.200375
-1534.9 0.201287
-1534.7 0.202224
-1534.5 0.203161
-1534.3 0.204048
-1534.1 0.205061
-1533.9 0.205669
-1533.7 0.206352
-1533.5 0.207214
-1533.3 0.207948
-1533.1 0.208759
-1532.9 0.209594
-1532.7 0.210228
-1532.5 0.211317
-1532.3 0.212001
-1532.1 0.212887
-1531.9 0.213596
-1531.7 0.21428
-1531.5 0.215091
-1531.3 0.215901
-1531.1 0.216737
-1530.9 0.217573
-1530.7 0.218384
-1530.5 0.219447
-1530.3 0.220612
-1530.1 0.221499
-1529.9 0.222132
-1529.7 0.223095
-1529.5 0.224589
-1529.3 0.225349
-1529.1 0.226337
-1528.9 0.227223
-1528.7 0.228135
-1528.5 0.229072
-1528.3 0.229908
-1528.1 0.230921
-1527.9 0.231858
-1527.7 0.232644
-1527.5 0.233403
-1527.3 0.234087
-1527.1 0.234999
-1526.9 0.235759
-1526.7 0.236443
-1526.5 0.237456
-1526.3 0.238393
-1526.1 0.239305
-1525.9 0.239989
-1525.7 0.240926
-1525.5 0.241711
-1525.3 0.242522
-1525.1 0.243763
-1524.9 0.244421
-1524.7 0.245207
-1524.5 0.246093
-1524.3 0.246853
-1524.1 0.247562
-1523.9 0.248601
-1523.7 0.249512
-1523.5 0.250348
-1523.3 0.251159
-1523.1 0.252273
-1522.9 0.253058
-1522.7 0.254021
-1522.5 0.255034
-1522.3 0.255997
-1522.1 0.25706
-1521.9 0.258149
-1521.7 0.259112
-1521.5 0.259872
-1521.3 0.260834
-1521.1 0.261721
-1520.9 0.262582
-1520.7 0.263671
-1520.5 0.264228
-1520.3 0.265267
-1520.1 0.265773
-1519.9 0.266508
-1519.7 0.266989
-1519.5 0.267825
-1519.3 0.268864
-1519.1 0.269598
-1518.9 0.270383
-1518.7 0.270991
-1518.5 0.271954
-1518.3 0.272739
-1518.1 0.273651
-1517.9 0.274714
-1517.7 0.275677
-1517.5 0.276741
-1517.3 0.27745
-1517.1 0.277982
-1516.9 0.278919
-1516.7 0.279755
-1516.5 0.280667
-1516.3 0.281604
-1516.1 0.282414
-1515.9 0.283174
-1515.7 0.284035
-1515.5 0.284897
-1515.3 0.285656
-1515.1 0.286518
-1514.9 0.287581
-1514.7 0.288316
-1514.5 0.289
-1514.3 0.28976
-1514.1 0.290545
-1513.9 0.291406
-1513.7 0.292343
-1513.5 0.293179
-1513.3 0.293914
-1513.1 0.294901
-1512.9 0.295864
-1512.7 0.296978
-1512.5 0.297814
-1512.3 0.298726
-1512.1 0.299385
-1511.9 0.300195
-1511.7 0.301056
-1511.5 0.301993
-1511.3 0.303057
-1511.1 0.303918
-1510.9 0.304653
-1510.7 0.305615
-1510.5 0.306173
-1510.3 0.307059
-1510.1 0.307895
-1509.9 0.308807
-1509.7 0.309795
-1509.5 0.310782
-1509.3 0.311745
-1509.1 0.312606
-1508.9 0.313391
-1508.7 0.314278
-1508.5 0.315342
-1508.3 0.316279
-1508.1 0.317089
-1507.9 0.317849
-1507.7 0.318533
-1507.5 0.319495
-1507.3 0.320407
-1507.1 0.321294
-1506.9 0.322104
-1506.7 0.322864
-1506.5 0.323675
-1506.3 0.324435
-1506.1 0.325068
-1505.9 0.325752
-1505.7 0.326587
-1505.5 0.327474
-1505.3 0.32836
-1505.1 0.32945
-1504.9 0.330412
-1504.7 0.331375
-1504.5 0.332008
-1504.3 0.33297
-1504.1 0.334085
-1503.9 0.334921
-1503.7 0.33606
-1503.5 0.337074
-1503.3 0.337783
-1503.1 0.338619
-1502.9 0.339429
-1502.7 0.340366
-1502.5 0.341151
-1502.3 0.342266
-1502.1 0.342899
-1501.9 0.344064
-1501.7 0.345204
-1501.5 0.34604
-1501.3 0.34723
-1501.1 0.348167
-1500.9 0.349054
-1500.7 0.349839
-1500.5 0.35065
-1500.3 0.351359
-1500.1 0.352397
-1499.9 0.353233
-1499.7 0.3545
-1499.5 0.355335
-1499.3 0.356273
-1499.1 0.35721
-1498.9 0.358071
-1498.7 0.358831
-1498.5 0.359717
-1498.3 0.360604
-1498.1 0.361338
-1497.9 0.362276
-1497.7 0.363289
-1497.5 0.364302
-1497.3 0.36534
-1497.1 0.366328
-1496.9 0.367417
-1496.7 0.368405
-1496.5 0.36919
-1496.3 0.369975
-1496.1 0.370761
-1495.9 0.371546
-1495.7 0.372331
-1495.5 0.373015
-1495.3 0.373876
-1495.1 0.374433
-1494.9 0.375421
-1494.7 0.376384
-1494.5 0.377371
-1494.3 0.378309
-1494.1 0.379119
-1493.9 0.380234
-1493.7 0.380968
-1493.5 0.381753
-1493.3 0.382842
-1493.1 0.383678
-1492.9 0.384489
-1492.7 0.385451
-1492.5 0.386439
-1492.3 0.387326
-1492.1 0.388187
-1491.9 0.389023
-1491.7 0.389808
-1491.5 0.390745
-1491.3 0.39153
-1491.1 0.392594
-1490.9 0.393734
-1490.7 0.394519
-1490.5 0.395228
-1490.3 0.395988
-1490.1 0.396798
-1489.9 0.397786
-1489.7 0.398419
-1489.5 0.399686
-1489.3 0.400522
-1489.1 0.401434
-1488.9 0.402041
-1488.7 0.403232
-1488.5 0.404118
-1488.3 0.40498
-1488.1 0.406018
-1487.9 0.406778
-1487.7 0.407411
-1487.5 0.408247
-1487.3 0.409007
-1487.1 0.41002
-1486.9 0.411109
-1486.7 0.411996
-1486.5 0.413135
-1486.3 0.414098
-1486.1 0.414858
-1485.9 0.415567
-1485.7 0.416251
-1485.5 0.416909
-1485.3 0.417771
-1485.1 0.418758
-1484.9 0.419544
-1484.7 0.42043
-1484.5 0.422026
-1484.3 0.423014
-1484.1 0.423697
-1483.9 0.424736
-1483.7 0.425521
-1483.5 0.426256
-1483.3 0.427117
-1483.1 0.427902
-1482.9 0.428662
-1482.7 0.42965
-1482.5 0.430384
-1482.3 0.431321
-1482.1 0.432056
-1481.9 0.432892
-1481.7 0.433778
-1481.5 0.434665
-1481.3 0.435779
-1481.1 0.43659
-1480.9 0.4374
-1480.7 0.438565
-1480.5 0.4393
-1480.3 0.439908
-1480.1 0.440566
-1479.9 0.441579
-1479.7 0.442694
-1479.5 0.44358
-1479.3 0.444518
-1479.1 0.445328
-1478.9 0.446088
-1478.7 0.447101
-1478.5 0.447861
-1478.3 0.448722
-1478.1 0.449507
-1477.9 0.450419
-1477.7 0.451483
-1477.5 0.452445
-1477.3 0.453459
-1477.1 0.454168
-1476.9 0.455232
-1476.7 0.455991
-1476.5 0.456751
-1476.3 0.457486
-1476.1 0.45817
-1475.9 0.45893
-1475.7 0.459892
-1475.5 0.460829
-1475.3 0.461513
-1475.1 0.462273
-1474.9 0.463134
-1474.7 0.463818
-1474.5 0.46473
-1474.3 0.46554
-1474.1 0.46625
-1473.9 0.467085
-1473.7 0.467921
-1473.5 0.468833
-1473.3 0.469846
-1473.1 0.470479
-1472.9 0.471189
-1472.7 0.471721
-1472.5 0.472708
-1472.3 0.473595
-1472.1 0.474355
-1471.9 0.475393
-1471.7 0.476432
-1471.5 0.477268
-1471.3 0.478281
-1471.1 0.479395
-1470.9 0.480079
-1470.7 0.481117
-1470.5 0.482004
-1470.3 0.482916
-1470.1 0.483802
-1469.9 0.484588
-1469.7 0.485905
-1469.5 0.487044
-1469.3 0.488032
-1469.1 0.488665
-1468.9 0.489704
-1468.7 0.490666
-1468.5 0.491553
-1468.3 0.492591
-1468.1 0.493402
-1467.9 0.494542
-1467.7 0.495352
-1467.5 0.496264
-1467.3 0.497125
-1467.1 0.497784
-1466.9 0.498417
-1466.7 0.499253
-1466.5 0.500215
-1466.3 0.500874
-1466.1 0.501836
-1465.9 0.502596
-1465.7 0.503381
-1465.5 0.503964
-1465.3 0.504901
-1465.1 0.505686
-1464.9 0.506547
-1464.7 0.507257
-1464.5 0.508042
-1464.3 0.508776
-1464.1 0.509638
-1463.9 0.510473
-1463.7 0.511309
-1463.5 0.51212
-1463.3 0.513133
-1463.1 0.513893
-1462.9 0.514779
-1462.7 0.51564
-1462.5 0.516451
-1462.3 0.517388
-1462.1 0.518047
-1461.9 0.518908
-1461.7 0.519465
-1461.5 0.520428
-1461.3 0.521213
-1461.1 0.521998
-1460.9 0.522631
-1460.7 0.523619
-1460.5 0.524303
-1460.3 0.525215
-1460.1 0.525949
-1459.9 0.526709
-1459.7 0.527545
-1459.5 0.528558
-1459.3 0.529622
-1459.1 0.530584
-1458.9 0.531699
-1458.7 0.532813
-1458.5 0.533725
-1458.3 0.534738
-1458.1 0.535549
-1457.9 0.536562
-1457.7 0.537448
-1457.5 0.538284
-1457.3 0.53912
-1457.1 0.539905
-1456.9 0.540994
-1456.7 0.54178
-1456.5 0.542666
-1456.3 0.543629
-1456.1 0.544211
-1455.9 0.545148
-1455.7 0.546009
-1455.5 0.546693
-1455.3 0.547453
-1455.1 0.548188
-1454.9 0.548922
-1454.7 0.549657
-1454.5 0.55067
-1454.3 0.551582
-1454.1 0.552392
-1453.9 0.553304
-1453.7 0.554317
-1453.5 0.555102
-1453.3 0.555913
-1453.1 0.556926
-1452.9 0.557965
-1452.7 0.558648
-1452.5 0.559408
-1452.3 0.560219
-1452.1 0.56108
-1451.9 0.562043
-1451.7 0.562828
-1451.5 0.56379
-1451.3 0.564829
-1451.1 0.565513
-1450.9 0.566424
-1450.7 0.567362
-1450.5 0.568121
-1450.3 0.568881
-1450.1 0.569768
-1449.9 0.570629
-1449.7 0.571693
-1449.5 0.572301
-1449.3 0.57301
-1449.1 0.5742
-1448.9 0.574884
-1448.7 0.575745
-1448.5 0.576733
-1448.3 0.577721
-1448.1 0.578582
-1447.9 0.579443
-1447.7 0.580026
-1447.5 0.580836
-1447.3 0.581748
-1447.1 0.582863
-1446.9 0.583724
-1446.7 0.584509
-1446.5 0.585877
-1446.3 0.586687
-1446.1 0.587624
-1445.9 0.58841
-1445.7 0.589093
-1445.5 0.590031
-1445.3 0.590689
-1445.1 0.591576
-1444.9 0.59269
-1444.7 0.593577
-1444.5 0.594539
-1444.3 0.595274
-1444.1 0.596261
-1443.9 0.597047
-1443.7 0.597781
-1443.5 0.598693
-1443.3 0.599504
-1443.1 0.600314
-1442.9 0.601099
-1442.7 0.602188
-1442.5 0.603176
-1442.3 0.604012
-1442.1 0.604848
-1441.9 0.605456
-1441.7 0.606342
-1441.5 0.607355
-1441.3 0.608267
-1441.1 0.608926
-1440.9 0.61004
-1440.7 0.610901
-1440.5 0.611915
-1440.3 0.612598
-1440.1 0.613536
-1439.9 0.614523
-1439.7 0.615309
-1439.5 0.616119
-1439.3 0.616854
-1439.1 0.617639
-1438.9 0.618551
-1438.7 0.619564
-1438.5 0.620298
-1438.3 0.620856
-1438.1 0.621717
-1437.9 0.622527
-1437.7 0.623363
-1437.5 0.624098
-1437.3 0.624756
-1437.1 0.625339
-1436.9 0.626225
-1436.7 0.627264
-1436.5 0.628176
-1436.3 0.62891
-1436.1 0.629797
-1435.9 0.630582
-1435.7 0.631443
-1435.5 0.632355
-1435.3 0.633292
-1435.1 0.63428
-1434.9 0.635268
-1434.7 0.635875
-1434.5 0.636458
-1434.3 0.637471
-1434.1 0.638282
-1433.9 0.639194
-1433.7 0.64008
-1433.5 0.640891
-1433.3 0.641625
-1433.1 0.64241
-1432.9 0.643195
-1432.7 0.644107
-1432.5 0.644943
-1432.3 0.645602
-1432.1 0.646589
-1431.9 0.647248
-1431.7 0.648261
-1431.5 0.649173
-1431.3 0.650313
-1431.1 0.651022
-1430.9 0.651655
-1430.7 0.652212
-1430.5 0.652795
-1430.3 0.653783
-1430.1 0.654644
-1429.9 0.655606
-1429.7 0.656341
-1429.5 0.657304
-1429.3 0.658139
-1429.1 0.659102
-1428.9 0.659659
-1428.7 0.660444
-1428.5 0.661331
-1428.3 0.662141
-1428.1 0.66318
-1427.9 0.664117
-1427.7 0.665257
-1427.5 0.666017
-1427.3 0.666954
-1427.1 0.667739
-1426.9 0.668651
-1426.7 0.669487
-1426.5 0.670424
-1426.3 0.671184
-1426.1 0.672197
-1425.9 0.673438
-1425.7 0.674147
-1425.5 0.67516
-1425.3 0.676097
-1425.1 0.677035
-1424.9 0.67782
-1424.7 0.678605
-1424.5 0.679618
-1424.3 0.680581
-1424.1 0.681796
-1423.9 0.682784
-1423.7 0.683797
-1423.5 0.684734
-1423.3 0.685697
-1423.1 0.686457
-1422.9 0.687343
-1422.7 0.68823
-1422.5 0.68904
-1422.3 0.690053
-1422.1 0.690889
-1421.9 0.691978
-1421.7 0.692916
-1421.5 0.693574
-1421.3 0.694663
-1421.1 0.695448
-1420.9 0.696158
-1420.7 0.697323
-1420.5 0.698159
-1420.3 0.69907
-1420.1 0.699932
-1419.9 0.700489
-1419.7 0.70097
-1419.5 0.702085
-1419.3 0.703224
-1419.1 0.70401
-1418.9 0.705327
-1418.7 0.705935
-1418.5 0.70672
-1418.3 0.707505
-1418.1 0.708315
-1417.9 0.708923
-1417.7 0.709784
-1417.5 0.710671
-1417.3 0.711431
-1417.1 0.712317
-1416.9 0.713609
-1416.7 0.714192
-1416.5 0.714926
-1416.3 0.715863
-1416.1 0.716623
-1415.9 0.71751
-1415.7 0.718472
-1415.5 0.719485
-1415.3 0.720448
-1415.1 0.721664
-1414.9 0.722677
-1414.7 0.723386
-1414.5 0.724196
-1414.3 0.724956
-1414.1 0.725843
-1413.9 0.726577
-1413.7 0.727413
-1413.5 0.728148
-1413.3 0.728984
-1413.1 0.729769
-1412.9 0.730782
-1412.7 0.731491
-1412.5 0.732631
-1412.3 0.733391
-1412.1 0.734353
-1411.9 0.735316
-1411.7 0.736228
-1411.5 0.73719
-1411.3 0.738153
-1411.1 0.738963
-1410.9 0.739596
-1410.7 0.740533
-1410.5 0.741319
-1410.3 0.742104
-1410.1 0.742864
-1409.9 0.743953
-1409.7 0.744789
-1409.5 0.745397
-1409.3 0.746232
-1409.1 0.747068
-1408.9 0.7476
-1408.7 0.748563
-1408.5 0.749601
-1408.3 0.750564
-1408.1 0.751298
-1407.9 0.752109
-1407.7 0.753223
-1407.5 0.754059
-1407.3 0.75492
-1407.1 0.755857
-1406.9 0.756769
-1406.7 0.757656
-1406.5 0.758339
-1406.3 0.759251
-1406.1 0.760036
-1405.9 0.760872
-1405.7 0.761658
-1405.5 0.762569
-1405.3 0.763431
-1405.1 0.764038
-1404.9 0.765077
-1404.7 0.766191
-1404.5 0.766825
-1404.3 0.767939
-1404.1 0.769104
-1403.9 0.770219
-1403.7 0.771206
-1403.5 0.771992
-1403.3 0.772777
-1403.1 0.77341
-1402.9 0.774119
-1402.7 0.775031
-1402.5 0.775816
-1402.3 0.776601
-1402.1 0.777361
-1401.9 0.778146
-1401.7 0.778957
-1401.5 0.779565
-1401.3 0.780325
-1401.1 0.781338
-1400.9 0.782376
-1400.7 0.782908
-1400.5 0.783643
-1400.3 0.784403
-1400.1 0.784909
-1399.9 0.78572
-1399.7 0.786657
-1399.5 0.787695
-1399.3 0.788557
-1399.1 0.789342
-1398.9 0.790406
-1398.7 0.791064
-1398.5 0.791925
-1398.3 0.792761
-1398.1 0.793521
-1397.9 0.794281
-1397.7 0.795167
-1397.5 0.795851
-1397.3 0.796864
-1397.1 0.797827
-1396.9 0.79884
-1396.7 0.799473
-1396.5 0.800334
-1396.3 0.800892
-1396.1 0.801626
-1395.9 0.802614
-1395.7 0.803652
-1395.5 0.804615
-1395.3 0.805501
-1395.1 0.806211
-1394.9 0.807097
-1394.7 0.807781
-1394.5 0.808642
-1394.3 0.809377
-1394.1 0.809985
-1393.9 0.810491
-1393.7 0.811428
-1393.5 0.812416
-1393.3 0.813429
-1393.1 0.814189
-1392.9 0.814822
-1392.7 0.815911
-1392.5 0.816646
-1392.3 0.81733
-1392.1 0.818242
-1391.9 0.819255
-1391.7 0.820217
-1391.5 0.821104
-1391.3 0.822269
-1391.1 0.823333
-1390.9 0.824169
-1390.7 0.82503
-1390.5 0.826119
-1390.3 0.827056
-1390.1 0.828044
-1389.9 0.82888
-1389.7 0.829868
-1389.5 0.830703
-1389.3 0.831463
-1389.1 0.832299
-1388.9 0.833135
-1388.7 0.83392
-1388.5 0.834503
-1388.3 0.835339
-1388.1 0.836554
-1387.9 0.837441
-1387.7 0.838201
-1387.5 0.838961
-1387.3 0.83972
-1387.1 0.84048
-1386.9 0.841645
-1386.7 0.842355
-1386.5 0.843165
-1386.3 0.843824
-1386.1 0.844609
-1385.9 0.845495
-1385.7 0.84628
-1385.5 0.847142
-1385.3 0.847978
-1385.1 0.848661
-1384.9 0.849649
-1384.7 0.85051
-1384.5 0.85127
-1384.3 0.851979
-1384.1 0.852942
-1383.9 0.853904
-1383.7 0.854664
-1383.5 0.855677
-1383.3 0.856539
-1383.1 0.857552
-1382.9 0.858312
-1382.7 0.859173
-1382.5 0.859831
-1382.3 0.860718
-1382.1 0.86125
-1381.9 0.862238
-1381.7 0.862795
-1381.5 0.863757
-1381.3 0.864745
-1381.1 0.865632
-1380.9 0.866594
-1380.7 0.86743
-1380.5 0.868316
-1380.3 0.869076
-1380.1 0.870013
-1379.9 0.870875
-1379.7 0.871533
-1379.5 0.872242
-1379.3 0.873002
-1379.1 0.873813
-1378.9 0.874877
-1378.7 0.875788
-1378.5 0.876523
-1378.3 0.877232
-1378.1 0.878169
-1377.9 0.878929
-1377.7 0.87974
-1377.5 0.880272
-1377.3 0.881234
-1377.1 0.882171
-1376.9 0.882956
-1376.7 0.883919
-1376.5 0.884856
-1376.3 0.885565
-1376.1 0.886477
-1375.9 0.887389
-1375.7 0.888199
-1375.5 0.889035
-1375.3 0.889896
-1375.1 0.890859
-1374.9 0.891796
-1374.7 0.892556
-1374.5 0.893366
-1374.3 0.894608
-1374.1 0.895393
-1373.9 0.896102
-1373.7 0.897014
-1373.5 0.898179
-1373.3 0.899192
-1373.1 0.900256
-1372.9 0.901244
-1372.7 0.901902
-1372.5 0.902814
-1372.3 0.903447
-1372.1 0.904308
-1371.9 0.90522
-1371.7 0.905929
-1371.5 0.906689
-1371.3 0.907474
-1371.1 0.908158
-1370.9 0.909045
-1370.7 0.909653
-1370.5 0.910666
-1370.3 0.91178
-1370.1 0.912566
-1369.9 0.913528
-1369.7 0.914465
-1369.5 0.915301
-1369.3 0.916061
-1369.1 0.917074
-1368.9 0.917961
-1368.7 0.918999
-1368.5 0.919911
-1368.3 0.920645
-1368.1 0.921304
-1367.9 0.922216
-1367.7 0.923001
-1367.5 0.923811
-1367.3 0.924521
-1367.1 0.925382
-1366.9 0.926572
-1366.7 0.927408
-1366.5 0.928117
-1366.3 0.928903
-1366.1 0.929536
-1365.9 0.930498
-1365.7 0.931131
-1365.5 0.931841
-1365.3 0.932752
-1365.1 0.933614
-1364.9 0.934348
-1364.7 0.935032
-1364.5 0.935919
-1364.3 0.936602
-1364.1 0.937793
-1363.9 0.938325
-1363.7 0.939237
-1363.5 0.940072
-1363.3 0.94106
-1363.1 0.941972
-1362.9 0.942656
-1362.7 0.943542
-1362.5 0.944176
-1362.3 0.944986
-1362.1 0.945923
-1361.9 0.946658
-1361.7 0.94724
-1361.5 0.94795
-1361.3 0.948963
-1361.1 0.949773
-1360.9 0.950508
-1360.7 0.951065
-1360.5 0.951825
-1360.3 0.952686
-1360.1 0.953547
-1359.9 0.954054
-1359.7 0.954662
-1359.5 0.95532
-1359.3 0.955928
-1359.1 0.956688
-1358.9 0.957068
-1358.7 0.957777
-1358.5 0.958309
-1358.3 0.958993
-1358.1 0.959575
-1357.9 0.960057
-1357.7 0.960487
-1357.5 0.961171
-1357.3 0.961551
-1357.1 0.961931
-1356.9 0.962564
-1356.7 0.963248
-1356.5 0.963907
-1356.3 0.964489
-1356.1 0.965173
-1355.9 0.96606
-1355.7 0.966566
-1355.5 0.967022
-1355.3 0.967605
-1355.1 0.968035
-1354.9 0.968517
-1354.7 0.969175
-1354.5 0.96991
-1354.3 0.970416
-1354.1 0.971049
-1353.9 0.971657
-1353.7 0.97229
-1353.5 0.97305
-1353.3 0.973354
-1353.1 0.973785
-1352.9 0.974165
-1352.7 0.974418
-1352.5 0.974975
-1352.3 0.975457
-1352.1 0.975685
-1351.9 0.975938
-1351.7 0.976444
-1351.5 0.976723
-1351.3 0.977128
-1351.1 0.977533
-1350.9 0.977888
-1350.7 0.978319
-1350.5 0.978876
-1350.3 0.979281
-1350.1 0.979661
-1349.9 0.980142
-1349.7 0.980548
-1349.5 0.980877
-1349.3 0.981307
-1349.1 0.981611
-1348.9 0.981865
-1348.7 0.982219
-1348.5 0.982625
-1348.3 0.982853
-1348.1 0.983182
-1347.9 0.983536
-1347.7 0.98379
-1347.5 0.98417
-1347.3 0.984423
-1347.1 0.984853
-1346.9 0.985208
-1346.7 0.985537
-1346.5 0.985841
-1346.3 0.986044
-1346.1 0.9865
-1345.9 0.986778
-1345.7 0.987057
-1345.5 0.987285
-1345.3 0.987538
-1345.1 0.987766
-1344.9 0.988121
-1344.7 0.988526
-1344.5 0.988703
-1344.3 0.989007
-1344.1 0.989261
-1343.9 0.989413
-1343.7 0.989666
-1343.5 0.989945
-1343.3 0.990198
-1343.1 0.9904
-1342.9 0.990755
-1342.7 0.991034
-1342.5 0.991186
-1342.3 0.991515
-1342.1 0.991794
-1341.9 0.991971
-1341.7 0.992173
-1341.5 0.992275
-1341.3 0.992503
-1341.1 0.992731
-1340.9 0.992883
-1340.7 0.993035
-1340.5 0.993212
-1340.3 0.993465
-1340.1 0.993744
-1339.9 0.993921
-1339.7 0.994073
-1339.5 0.99425
-1339.3 0.994377
-1339.1 0.99463
-1338.9 0.994782
-1338.7 0.994909
-1338.5 0.99496
-1338.3 0.995112
-1338.1 0.995264
-1337.9 0.995365
-1337.7 0.995492
-1337.5 0.995593
-1337.3 0.995643
-1337.1 0.995694
-1336.9 0.995821
-1336.7 0.996049
-1336.5 0.996201
-1336.3 0.996429
-1336.1 0.996479
-1335.9 0.996555
-1335.7 0.996682
-1335.5 0.996733
-1335.3 0.996859
-1335.1 0.996986
-1334.9 0.997011
-1334.7 0.997138
-1334.5 0.997138
-1334.3 0.997265
-1334.1 0.997366
-1333.9 0.997467
-1333.7 0.997467
-1333.5 0.997518
-1333.3 0.997619
-1333.1 0.997695
-1332.9 0.997746
-1332.7 0.997847
-1332.5 0.997923
-1332.3 0.997999
-1332.1 0.997999
-1331.9 0.998151
-1331.7 0.998227
-1331.5 0.998278
-1331.3 0.998303
-1331.1 0.998328
-1330.9 0.998354
-1330.7 0.998354
-1330.5 0.998404
-1330.3 0.998404
-1330.1 0.998455
-1329.9 0.998506
-1329.7 0.998506
-1329.5 0.998556
-1329.3 0.998556
-1329.1 0.998632
-1328.9 0.998658
-1328.7 0.998658
-1328.5 0.998734
-1328.3 0.998784
-1328.1 0.998835
-1327.9 0.99886
-1327.7 0.998911
-1327.5 0.998936
-1327.3 0.998936
-1327.1 0.998987
-1326.9 0.999038
-1326.7 0.999063
-1326.5 0.999063
-1326.3 0.999063
-1326.1 0.999088
-1325.9 0.999113
-1325.7 0.999139
-1325.5 0.999139
-1325.3 0.999139
-1325.1 0.999139
-1324.9 0.999139
-1324.7 0.999164
-1324.5 0.999164
-1324.3 0.999189
-1324.1 0.999189
-1323.9 0.999189
-1323.7 0.999215
-1323.5 0.999215
-1323.3 0.999215
-1323.1 0.99924
-1322.9 0.999265
-1322.7 0.999265
-1322.5 0.999291
-1322.3 0.999291
-1322.1 0.999291
-1321.9 0.999291
-1321.7 0.999316
-1321.5 0.999341
-1321.3 0.999341
-1321.1 0.999341
-1320.9 0.999341
-1320.7 0.999392
-1320.5 0.999417
-1320.3 0.999443
-1320.1 0.999443
-1319.9 0.999443
-1319.7 0.999443
-1319.5 0.999443
-1319.3 0.999468
-1319.1 0.999468
-1318.9 0.999468
-1318.7 0.999468
-1318.5 0.999468
-1318.3 0.999468
-1318.1 0.999493
-1317.9 0.999493
-1317.7 0.999493
-1317.5 0.999493
-1317.3 0.999493
-1317.1 0.999493
-1316.9 0.999493
-1316.7 0.999493
-1316.5 0.999519
-1316.3 0.999519
-1316.1 0.999519
-1315.9 0.999519
-1315.7 0.999519
-1315.5 0.999519
-1315.3 0.999519
-1315.1 0.999519
-1314.9 0.999519
-1314.7 0.999519
-1314.5 0.999519
-1314.3 0.999544
-1314.1 0.999595
-1313.9 0.999595
-1313.7 0.999595
-1313.5 0.999595
-1313.3 0.999595
-1313.1 0.999595
-1312.9 0.999595
-1312.7 0.999595
-1312.5 0.999595
-1312.3 0.999595
-1312.1 0.99962
-1311.9 0.99962
-1311.7 0.99962
-1311.5 0.99962
-1311.3 0.99962
-1311.1 0.999645
-1310.9 0.999645
-1310.7 0.999671
-1310.5 0.999696
-1310.3 0.999696
-1310.1 0.999696
-1309.9 0.999696
-1309.7 0.999696
-1309.5 0.999696
-1309.3 0.999696
-1309.1 0.999696
-1308.9 0.999696
-1308.7 0.999721
-1308.5 0.999721
-1308.3 0.999747
-1308.1 0.999772
-1307.9 0.999772
-1307.7 0.999772
-1307.5 0.999772
-1307.3 0.999772
-1307.1 0.999772
-1306.9 0.999772
-1306.7 0.999772
-1306.5 0.999772
-1306.3 0.999772
-1306.1 0.999772
-1305.9 0.999772
-1305.7 0.999772
-1305.5 0.999772
-1305.3 0.999772
-1305.1 0.999772
-1304.9 0.999797
-1304.7 0.999797
-1304.5 0.999823
-1304.3 0.999823
-1304.1 0.999823
-1303.9 0.999848
-1303.7 0.999848
-1303.5 0.999899
-1303.3 0.999899
-1303.1 0.999924
-1302.9 0.999924
-1302.7 0.999924
-1302.5 0.999949
-1302.3 0.999949
-1302.1 0.999949
-1301.9 0.999949
-1301.7 0.999949
-1301.5 0.999949
-1301.3 0.999975
-1301.1 0.999975
-1300.9 1
