-1589.9 0
-1589.7 7
-1589.5 6
-1589.3 8
-1589.1 10
-1588.9 2
-1588.7 5
-1588.5 4
-1588.3 7
-1588.1 10
-1587.9 8
-1587.7 10
-1587.5 5
-1587.3 7
-1587.1 8
-1586.9 7
-1586.7 5
-1586.5 5
-1586.3 4
-1586.1 8
-1585.9 13
-1585.7 12
-1585.5 7
-1585.3 5
-1585.1 9
-1584.9 13
-1584.7 16
-1584.5 9
-1584.3 7
-1584.1 12
-1583.9 9
-1583.7 10
-1583.5 5
-1583.3 10
-1583.1 13
-1582.9 12
-1582.7 15
-1582.5 13
-1582.3 7
-1582.1 9
-1581.9 8
-1581.7 8
-1581.5 16
-1581.3 8
-1581.1 13
-1580.9 17
-1580.7 10
-1580.5 14
-1580.3 14
-1580.1 12
-1579.9 18
-1579.7 13
-1579.5 18
-1579.3 12
-1579.1 18
-1578.9 14
-1578.7 30
-1578.5 20
-1578.3 22
-1578.1 17
-1577.9 25
-1577.7 27
-1577.5 20
-1577.3 13
-1577.1 18
-1576.9 25
-1576.7 33
-1576.5 33
-1576.3 26
-1576.1 33
-1575.9 42
-1575.7 38
-1575.5 39
-1575.3 44
-1575.1 47
-1574.9 47
-1574.7 52
-1574.5 46
-1574.3 62
-1574.1 70
-1573.9 60
-1573.7 69
-1573.5 75
-1573.3 68
-1573.1 85
-1572.9 88
-1572.7 104
-1572.5 118
-1572.3 127
-1572.1 131
-1571.9 134
-1571.7 152
-1571.5 154
-1571.3 148
-1571.1 172
-1570.9 211
-1570.7 206
-1570.5 216
-1570.3 208
-1570.1 256
-1569.9 254
-1569.7 273
-1569.5 281
-1569.3 310
-1569.1 328
-1568.9 335
-1568.7 354
-1568.5 373
-1568.3 381
-1568.1 424
-1567.9 443
-1567.7 451
-1567.5 441
-1567.3 477
-1567.1 488
-1566.9 512
-1566.7 548
-1566.5 529
-1566.3 537
-1566.1 551
-1565.9 592
-1565.7 604
-1565.5 586
-1565.3 602
-1565.1 636
-1564.9 678
-1564.7 685
-1564.5 677
-1564.3 722
-1564.1 710
-1563.9 769
-1563.7 711
-1563.5 776
-1563.3 818
-1563.1 824
-1562.9 898
-1562.7 909
-1562.5 859
-1562.3 843
-1562.1 913
-1561.9 917
-1561.7 906
-1561.5 944
-1561.3 991
-1561.1 974
-1560.9 985
-1560.7 1011
-1560.5 1010
-1560.3 1015
-1560.1 1062
-1559.9 1088
-1559.7 1073
-1559.5 1073
-1559.3 1139
-1559.1 1074
-1558.9 1120
-1558.7 1166
-1558.5 1191
-1558.3 1186
-1558.1 1139
-1557.9 1217
-1557.7 1192
-1557.5 1258
-1557.3 1238
-1557.1 1285
-1556.9 1260
-1556.7 1251
-1556.5 1301
-1556.3 1317
-1556.1 1322
-1555.9 1294
-1555.7 1359
-1555.5 1389
-1555.3 1337
-1555.1 1397
-1554.9 1463
-1554.7 1419
-1554.5 1408
-1554.3 1409
-1554.1 1456
-1553.9 1382
-1553.7 1425
-1553.5 1416
-1553.3 1489
-1553.1 1428
-1552.9 1487
-1552.7 1504
-1552.5 1534
-1552.3 1501
-1552.1 1490
-1551.9 1544
-1551.7 1497
-1551.5 1572
-1551.3 1501
-1551.1 1518
-1550.9 1474
-1550.7 1518
-1550.5 1556
-1550.3 1582
-1550.1 1517
-1549.9 1573
-1549.7 1571
-1549.5 1574
-1549.3 1570
-1549.1 1596
-1548.9 1603
-1548.7 1567
-1548.5 1583
-1548.3 1609
-1548.1 1573
-1547.9 1590
-1547.7 1555
-1547.5 1610
-1547.3 1680
-1547.1 1636
-1546.9 1660
-1546.7 1601
-1546.5 1604
-1546.3 1629
-1546.1 1592
-1545.9 1643
-1545.7 1590
-1545.5 1671
-1545.3 1651
-1545.1 1636
-1544.9 1702
-1544.7 1587
-1544.5 1627
-1544.3 1622
-1544.1 1663
-1543.9 1652
-1543.7 1606
-1543.5 1623
-1543.3 1625
-1543.1 1605
-1542.9 1673
-1542.7 1612
-1542.5 1650
-1542.3 1593
-1542.1 1590
-1541.9 1599
-1541.7 1615
-1541.5 1614
-1541.3 1610
-1541.1 1582
-1540.9 1574
-1540.7 1689
-1540.5 1609
-1540.3 1688
-1540.1 1602
-1539.9 1563
-1539.7 1684
-1539.5 1636
-1539.3 1591
-1539.1 1585
-1538.9 1644
-1538.7 1569
-1538.5 1627
-1538.3 1549
-1538.1 1634
-1537.9 1533
-1537.7 1586
-1537.5 1618
-1537.3 1569
-1537.1 1545
-1536.9 1538
-1536.7 1482
-1536.5 1462
-1536.3 1532
-1536.1 1541
-1535.9 1560
-1535.7 1569
-1535.5 1546
-1535.3 1528
-1535.1 1516
-1534.9 1526
-1534.7 1519
-1534.5 1562
-1534.3 1544
-1534.1 1464
-1533.9 1447
-1533.7 1544
-1533.5 1483
-1533.3 1465
-1533.1 1452
-1532.9 1437
-1532.7 1441
-1532.5 1543
-1532.3 1492
-1532.1 1479
-1531.9 1439
-1531.7 1492
-1531.5 1501
-1531.3 1479
-1531.1 1398
-1530.9 1425
-1530.7 1432
-1530.5 1433
-1530.3 1459
-1530.1 1428
-1529.9 1432
-1529.7 1413
-1529.5 1454
-1529.3 1397
-1529.1 1427
-1528.9 1435
-1528.7 1412
-1528.5 1434
-1528.3 1397
-1528.1 1378
-1527.9 1381
-1527.7 1367
-1527.5 1359
-1527.3 1448
-1527.1 1470
-1526.9 1392
-1526.7 1378
-1526.5 1435
-1526.3 1388
-1526.1 1457
-1525.9 1410
-1525.7 1399
-1525.5 1354
-1525.3 1375
-1525.1 1374
-1524.9 1414
-1524.7 1468
-1524.5 1449
-1524.3 1372
-1524.1 1423
-1523.9 1405
-1523.7 1382
-1523.5 1403
-1523.3 1383
-1523.1 1427
-1522.9 1445
-1522.7 1481
-1522.5 1449
-1522.3 1418
-1522.1 1397
-1521.9 1437
-1521.7 1418
-1521.5 1424
-1521.3 1427
-1521.1 1376
-1520.9 1420
-1520.7 1383
-1520.5 1445
-1520.3 1431
-1520.1 1420
-1519.9 1378
-1519.7 1466
-1519.5 1352
-1519.3 1387
-1519.1 1352
-1518.9 1373
-1518.7 1402
-1518.5 1361
-1518.3 1377
-1518.1 1336
-1517.9 1381
-1517.7 1335
-1517.5 1352
-1517.3 1360
-1517.1 1335
-1516.9 1304
-1516.7 1391
-1516.5 1362
-1516.3 1287
-1516.1 1320
-1515.9 1330
-1515.7 1309
-1515.5 1294
-1515.3 1276
-1515.1 1277
-1514.9 1298
-1514.7 1301
-1514.5 1302
-1514.3 1272
-1514.1 1306
-1513.9 1254
-1513.7 1283
-1513.5 1272
-1513.3 1252
-1513.1 1287
-1512.9 1244
-1512.7 1272
-1512.5 1277
-1512.3 1256
-1512.1 1249
-1511.9 1203
-1511.7 1245
-1511.5 1272
-1511.3 1193
-1511.1 1215
-1510.9 1238
-1510.7 1229
-1510.5 1242
-1510.3 1258
-1510.1 1300
-1509.9 1270
-1509.7 1271
-1509.5 1266
-1509.3 1351
-1509.1 1343
-1508.9 1372
-1508.7 1288
-1508.5 1273
-1508.3 1315
-1508.1 1357
-1507.9 1354
-1507.7 1438
-1507.5 1385
-1507.3 1326
-1507.1 1458
-1506.9 1281
-1506.7 1335
-1506.5 1332
-1506.3 1444
-1506.1 1376
-1505.9 1392
-1505.7 1421
-1505.5 1436
-1505.3 1404
-1505.1 1342
-1504.9 1314
-1504.7 1394
-1504.5 1379
-1504.3 1377
-1504.1 1350
-1503.9 1401
-1503.7 1301
-1503.5 1391
-1503.3 1386
-1503.1 1323
-1502.9 1350
-1502.7 1286
-1502.5 1319
-1502.3 1301
-1502.1 1251
-1501.9 1240
-1501.7 1302
-1501.5 1330
-1501.3 1288
-1501.1 1303
-1500.9 1262
-1500.7 1297
-1500.5 1248
-1500.3 1277
-1500.1 1289
-1499.9 1256
-1499.7 1283
-1499.5 1255
-1499.3 1236
-1499.1 1234
-1498.9 1223
-1498.7 1199
-1498.5 1190
-1498.3 1184
-1498.1 1169
-1497.9 1265
-1497.7 1250
-1497.5 1166
-1497.3 1169
-1497.1 1256
-1496.9 1167
-1496.7 1212
-1496.5 1160
-1496.3 1192
-1496.1 1220
-1495.9 1154
-1495.7 1202
-1495.5 1206
-1495.3 1166
-1495.1 1282
-1494.9 1164
-1494.7 1254
-1494.5 1258
-1494.3 1183
-1494.1 1296
-1493.9 1303
-1493.7 1308
-1493.5 1248
-1493.3 1263
-1493.1 1235
-1492.9 1248
-1492.7 1290
-1492.5 1278
-1492.3 1290
-1492.1 1269
-1491.9 1218
-1491.7 1307
-1491.5 1325
-1491.3 1406
-1491.1 1357
-1490.9 1314
-1490.7 1321
-1490.5 1340
-1490.3 1350
-1490.1 1383
-1489.9 1331
-1489.7 1363
-1489.5 1337
-1489.3 1359
-1489.1 1354
-1488.9 1372
-1488.7 1392
-1488.5 1338
-1488.3 1361
-1488.1 1367
-1487.9 1314
-1487.7 1360
-1487.5 1362
-1487.3 1336
-1487.1 1324
-1486.9 1288
-1486.7 1335
-1486.5 1333
-1486.3 1369
-1486.1 1381
-1485.9 1269
-1485.7 1304
-1485.5 1254
-1485.3 1256
-1485.1 1197
-1484.9 1260
-1484.7 1277
-1484.5 1295
-1484.3 1315
-1484.1 1261
-1483.9 1196
-1483.7 1237
-1483.5 1242
-1483.3 1235
-1483.1 1221
-1482.9 1285
-1482.7 1234
-1482.5 1203
-1482.3 1212
-1482.1 1197
-1481.9 1200
-1481.7 1220
-1481.5 1313
-1481.3 1201
-1481.1 1223
-1480.9 1228
-1480.7 1185
-1480.5 1149
-1480.3 1173
-1480.1 1200
-1479.9 1202
-1479.7 1187
-1479.5 1141
-1479.3 1193
-1479.1 1161
-1478.9 1229
-1478.7 1182
-1478.5 1222
-1478.3 1232
-1478.1 1224
-1477.9 1209
-1477.7 1203
-1477.5 1238
-1477.3 1221
-1477.1 1245
-1476.9 1182
-1476.7 1268
-1476.5 1268
-1476.3 1247
-1476.1 1303
-1475.9 1236
-1475.7 1303
-1475.5 1286
-1475.3 1243
-1475.1 1284
-1474.9 1337
-1474.7 1299
-1474.5 1303
-1474.3 1318
-1474.1 1375
-1473.9 1302
-1473.7 1350
-1473.5 1368
-1473.3 1278
-1473.1 1388
-1472.9 1388
-1472.7 1335
-1472.5 1365
-1472.3 1319
-1472.1 1354
-1471.9 1405
-1471.7 1287
-1471.5 1263
-1471.3 1316
-1471.1 1348
-1470.9 1371
-1470.7 1285
-1470.5 1320
-1470.3 1319
-1470.1 1310
-1469.9 1370
-1469.7 1308
-1469.5 1339
-1469.3 1363
-1469.1 1281
-1468.9 1323
-1468.7 1271
-1468.5 1292
-1468.3 1252
-1468.1 1227
-1467.9 1278
-1467.7 1293
-1467.5 1260
-1467.3 1290
-1467.1 1316
-1466.9 1263
-1466.7 1239
-1466.5 1283
-1466.3 1293
-1466.1 1242
-1465.9 1252
-1465.7 1189
-1465.5 1195
-1465.3 1275
-1465.1 1270
-1464.9 1253
-1464.7 1225
-1464.5 1236
-1464.3 1155
-1464.1 1198
-1463.9 1141
-1463.7 1217
-1463.5 1217
-1463.3 1201
-1463.1 1255
-1462.9 1159
-1462.7 1167
-1462.5 1180
-1462.3 1209
-1462.1 1197
-1461.9 1171
-1461.7 1173
-1461.5 1208
-1461.3 1214
-1461.1 1141
-1460.9 1240
-1460.7 1216
-1460.5 1200
-1460.3 1136
-1460.1 1280
-1459.9 1241
-1459.7 1267
-1459.5 1264
-1459.3 1269
-1459.1 1264
-1458.9 1153
-1458.7 1285
-1458.5 1250
-1458.3 1276
-1458.1 1254
-1457.9 1287
-1457.7 1294
-1457.5 1269
-1457.3 1237
-1457.1 1284
-1456.9 1355
-1456.7 1303
-1456.5 1251
-1456.3 1272
-1456.1 1285
-1455.9 1240
-1455.7 1287
-1455.5 1318
-1455.3 1290
-1455.1 1332
-1454.9 1288
-1454.7 1227
-1454.5 1382
-1454.3 1319
-1454.1 1294
-1453.9 1363
-1453.7 1259
-1453.5 1271
-1453.3 1268
-1453.1 1254
-1452.9 1329
-1452.7 1221
-1452.5 1254
-1452.3 1273
-1452.1 1269
-1451.9 1310
-1451.7 1266
-1451.5 1293
-1451.3 1241
-1451.1 1311
-1450.9 1320
-1450.7 1262
-1450.5 1246
-1450.3 1288
-1450.1 1242
-1449.9 1230
-1449.7 1215
-1449.5 1286
-1449.3 1266
-1449.1 1307
-1448.9 1216
-1448.7 1207
-1448.5 1231
-1448.3 1271
-1448.1 1198
-1447.9 1200
-1447.7 1238
-1447.5 1213
-1447.3 1185
-1447.1 1257
-1446.9 1258
-1446.7 1240
-1446.5 1236
-1446.3 1196
-1446.1 1201
-1445.9 1217
-1445.7 1220
-1445.5 1159
-1445.3 1235
-1445.1 1137
-1444.9 1208
-1444.7 1291
-1444.5 1128
-1444.3 1242
-1444.1 1203
-1443.9 1198
-1443.7 1232
-1443.5 1268
-1443.3 1211
-1443.1 1203
-1442.9 1197
-1442.7 1257
-1442.5 1218
-1442.3 1296
-1442.1 1270
-1441.9 1267
-1441.7 1209
-1441.5 1213
-1441.3 1195
-1441.1 1222
-1440.9 1264
-1440.7 1179
-1440.5 1240
-1440.3 1188
-1440.1 1198
-1439.9 1217
-1439.7 1202
-1439.5 1274
-1439.3 1226
-1439.1 1288
-1438.9 1269
-1438.7 1224
-1438.5 1306
-1438.3 1255
-1438.1 1218
-1437.9 1322
-1437.7 1275
-1437.5 1279
-1437.3 1283
-1437.1 1281
-1436.9 1219
-1436.7 1255
-1436.5 1299
-1436.3 1302
-1436.1 1245
-1435.9 1258
-1435.7 1252
-1435.5 1301
-1435.3 1230
-1435.1 1264
-1434.9 1285
-1434.7 1277
-1434.5 1265
-1434.3 1258
-1434.1 1285
-1433.9 1275
-1433.7 1271
-1433.5 1248
-1433.3 1234
-1433.1 1294
-1432.9 1255
-1432.7 1286
-1432.5 1232
-1432.3 1287
-1432.1 1280
-1431.9 1237
-1431.7 1307
-1431.5 1247
-1431.3 1258
-1431.1 1269
-1430.9 1316
-1430.7 1283
-1430.5 1190
-1430.3 1266
-1430.1 1240
-1429.9 1288
-1429.7 1260
-1429.5 1260
-1429.3 1306
-1429.1 1205
-1428.9 1246
-1428.7 1255
-1428.5 1190
-1428.3 1259
-1428.1 1203
-1427.9 1286
-1427.7 1267
-1427.5 1243
-1427.3 1225
-1427.1 1223
-1426.9 1228
-1426.7 1248
-1426.5 1230
-1426.3 1179
-1426.1 1227
-1425.9 1217
-1425.7 1207
-1425.5 1275
-1425.3 1166
-1425.1 1209
-1424.9 1205
-1424.7 1191
-1424.5 1257
-1424.3 1259
-1424.1 1229
-1423.9 1256
-1423.7 1197
-1423.5 1221
-1423.3 1216
-1423.1 1186
-1422.9 1176
-1422.7 1241
-1422.5 1211
-1422.3 1175
-1422.1 1253
-1421.9 1232
-1421.7 1251
-1421.5 1168
-1421.3 1242
-1421.1 1190
-1420.9 1184
-1420.7 1228
-1420.5 1241
-1420.3 1203
-1420.1 1344
-1419.9 1216
-1419.7 1228
-1419.5 1301
-1419.3 1183
-1419.1 1267
-1418.9 1270
-1418.7 1240
-1418.5 1266
-1418.3 1222
-1418.1 1256
-1417.9 1281
-1417.7 1294
-1417.5 1214
-1417.3 1289
-1417.1 1283
-1416.9 1198
-1416.7 1282
-1416.5 1300
-1416.3 1345
-1416.1 1221
-1415.9 1336
-1415.7 1313
-1415.5 1312
-1415.3 1282
-1415.1 1267
-1414.9 1257
-1414.7 1260
-1414.5 1159
-1414.3 1307
-1414.1 1182
-1413.9 1283
-1413.7 1275
-1413.5 1286
-1413.3 1249
-1413.1 1236
-1412.9 1274
-1412.7 1262
-1412.5 1269
-1412.3 1183
-1412.1 1241
-1411.9 1260
-1411.7 1265
-1411.5 1207
-1411.3 1172
-1411.1 1184
-1410.9 1231
-1410.7 1220
-1410.5 1160
-1410.3 1225
-1410.1 1230
-1409.9 1273
-1409.7 1200
-1409.5 1203
-1409.3 1286
-1409.1 1229
-1408.9 1215
-1408.7 1222
-1408.5 1231
-1408.3 1223
-1408.1 1222
-1407.9 1194
-1407.7 1200
-1407.5 1204
-1407.3 1189
-1407.1 1218
-1406.9 1206
-1406.7 1142
-1406.5 1168
-1406.3 1207
-1406.1 1136
-1405.9 1172
-1405.7 1168
-1405.5 1242
-1405.3 1190
-1405.1 1265
-1404.9 1207
-1404.7 1225
-1404.5 1256
-1404.3 1221
-1404.1 1247
-1403.9 1213
-1403.7 1222
-1403.5 1275
-1403.3 1240
-1403.1 1260
-1402.9 1273
-1402.7 1212
-1402.5 1178
-1402.3 1245
-1402.1 1252
-1401.9 1293
-1401.7 1197
-1401.5 1134
-1401.3 1204
-1401.1 1242
-1400.9 1155
-1400.7 1212
-1400.5 1328
-1400.3 1264
-1400.1 1240
-1399.9 1259
-1399.7 1218
-1399.5 1252
-1399.3 1207
-1399.1 1212
-1398.9 1247
-1398.7 1245
-1398.5 1225
-1398.3 1249
-1398.1 1260
-1397.9 1269
-1397.7 1342
-1397.5 1250
-1397.3 1273
-1397.1 1230
-1396.9 1199
-1396.7 1189
-1396.5 1280
-1396.3 1268
-1396.1 1250
-1395.9 1287
-1395.7 1199
-1395.5 1185
-1395.3 1232
-1395.1 1233
-1394.9 1267
-1394.7 1276
-1394.5 1205
-1394.3 1290
-1394.1 1330
-1393.9 1220
-1393.7 1269
-1393.5 1231
-1393.3 1276
-1393.1 1254
-1392.9 1214
-1392.7 1228
-1392.5 1203
-1392.3 1284
-1392.1 1203
-1391.9 1207
-1391.7 1191
-1391.5 1227
-1391.3 1253
-1391.1 1235
-1390.9 1209
-1390.7 1187
-1390.5 1175
-1390.3 1219
-1390.1 1259
-1389.9 1235
-1389.7 1241
-1389.5 1227
-1389.3 1265
-1389.1 1189
-1388.9 1164
-1388.7 1201
-1388.5 1230
-1388.3 1220
-1388.1 1235
-1387.9 1200
-1387.7 1210
-1387.5 1176
-1387.3 1188
-1387.1 1192
-1386.9 1202
-1386.7 1187
-1386.5 1290
-1386.3 1221
-1386.1 1127
-1385.9 1182
-1385.7 1199
-1385.5 1185
-1385.3 1205
-1385.1 1284
-1384.9 1181
-1384.7 1141
-1384.5 1189
-1384.3 1177
-1384.1 1244
-1383.9 1242
-1383.7 1191
-1383.5 1213
-1383.3 1271
-1383.1 1234
-1382.9 1243
-1382.7 1246
-1382.5 1192
-1382.3 1173
-1382.1 1231
-1381.9 1240
-1381.7 1234
-1381.5 1262
-1381.3 1265
-1381.1 1297
-1380.9 1194
-1380.7 1241
-1380.5 1298
-1380.3 1297
-1380.1 1270
-1379.9 1275
-1379.7 1239
-1379.5 1278
-1379.3 1258
-1379.1 1236
-1378.9 1314
-1378.7 1278
-1378.5 1297
-1378.3 1235
-1378.1 1202
-1377.9 1235
-1377.7 1277
-1377.5 1317
-1377.3 1206
-1377.1 1218
-1376.9 1243
-1376.7 1278
-1376.5 1264
-1376.3 1262
-1376.1 1295
-1375.9 1271
-1375.7 1264
-1375.5 1243
-1375.3 1256
-1375.1 1214
-1374.9 1216
-1374.7 1139
-1374.5 1197
-1374.3 1247
-1374.1 1190
-1373.9 1262
-1373.7 1242
-1373.5 1279
-1373.3 1192
-1373.1 1237
-1372.9 1211
-1372.7 1137
-1372.5 1217
-1372.3 1263
-1372.1 1185
-1371.9 1143
-1371.7 1202
-1371.5 1261
-1371.3 1288
-1371.1 1144
-1370.9 1240
-1370.7 1179
-1370.5 1206
-1370.3 1255
-1370.1 1190
-1369.9 1168
-1369.7 1197
-1369.5 1199
-1369.3 1151
-1369.1 1216
-1368.9 1203
-1368.7 1144
-1368.5 1250
-1368.3 1217
-1368.1 1199
-1367.9 1179
-1367.7 1308
-1367.5 1194
-1367.3 1249
-1367.1 1220
-1366.9 1179
-1366.7 1200
-1366.5 1161
-1366.3 1224
-1366.1 1250
-1365.9 1230
-1365.7 1166
-1365.5 1173
-1365.3 1238
-1365.1 1157
-1364.9 1174
-1364.7 1231
-1364.5 1262
-1364.3 1214
-1364.1 1245
-1363.9 1241
-1363.7 1205
-1363.5 1225
-1363.3 1219
-1363.1 1199
-1362.9 1218
-1362.7 1227
-1362.5 1174
-1362.3 1156
-1362.1 1224
-1361.9 1255
-1361.7 1216
-1361.5 1184
-1361.3 1233
-1361.1 1222
-1360.9 1203
-1360.7 1191
-1360.5 1238
-1360.3 1183
-1360.1 1298
-1359.9 1202
-1359.7 1208
-1359.5 1271
-1359.3 1204
-1359.1 1200
-1358.9 1222
-1358.7 1211
-1358.5 1152
-1358.3 1196
-1358.1 1158
-1357.9 1178
-1357.7 1217
-1357.5 1120
-1357.3 1191
-1357.1 1205
-1356.9 1166
-1356.7 1197
-1356.5 1156
-1356.3 1178
-1356.1 1231
-1355.9 1180
-1355.7 1205
-1355.5 1210
-1355.3 1138
-1355.1 1151
-1354.9 1098
-1354.7 1169
-1354.5 1119
-1354.3 1103
-1354.1 1195
-1353.9 1102
-1353.7 1121
-1353.5 1084
-1353.3 1050
-1353.1 1070
-1352.9 1076
-1352.7 1079
-1352.5 1022
-1352.3 1082
-1352.1 1077
-1351.9 1052
-1351.7 1061
-1351.5 1056
-1351.3 1003
-1351.1 1037
-1350.9 977
-1350.7 1001
-1350.5 1048
-1350.3 972
-1350.1 1002
-1349.9 970
-1349.7 951
-1349.5 1004
-1349.3 948
-1349.1 924
-1348.9 1005
-1348.7 943
-1348.5 867
-1348.3 893
-1348.1 857
-1347.9 930
-1347.7 841
-1347.5 886
-1347.3 899
-1347.1 863
-1346.9 873
-1346.7 844
-1346.5 861
-1346.3 826
-1346.1 851
-1345.9 857
-1345.7 816
-1345.5 829
-1345.3 802
-1345.1 805
-1344.9 753
-1344.7 722
-1344.5 723
-1344.3 754
-1344.1 780
-1343.9 695
-1343.7 695
-1343.5 695
-1343.3 728
-1343.1 693
-1342.9 672
-1342.7 682
-1342.5 638
-1342.3 632
-1342.1 671
-1341.9 569
-1341.7 600
-1341.5 598
-1341.3 585
-1341.1 556
-1340.9 555
-1340.7 514
-1340.5 557
-1340.3 549
-1340.1 535
-1339.9 471
-1339.7 501
-1339.5 484
-1339.3 465
-1339.1 472
-1338.9 482
-1338.7 448
-1338.5 440
-1338.3 427
-1338.1 403
-1337.9 382
-1337.7 417
-1337.5 376
-1337.3 389
-1337.1 372
-1336.9 357
-1336.7 373
-1336.5 337
-1336.3 314
-1336.1 338
-1335.9 312
-1335.7 309
-1335.5 306
-1335.3 281
-1335.1 294
-1334.9 297
-1334.7 299
-1334.5 221
-1334.3 243
-1334.1 261
-1333.9 263
-1333.7 263
-1333.5 223
-1333.3 251
-1333.1 226
-1332.9 238
-1332.7 218
-1332.5 208
-1332.3 196
-1332.1 191
-1331.9 188
-1331.7 193
-1331.5 179
-1331.3 176
-1331.1 184
-1330.9 175
-1330.7 171
-1330.5 184
-1330.3 120
-1330.1 163
-1329.9 129
-1329.7 139
-1329.5 141
-1329.3 123
-1329.1 108
-1328.9 105
-1328.7 124
-1328.5 130
-1328.3 117
-1328.1 106
-1327.9 115
-1327.7 102
-1327.5 97
-1327.3 80
-1327.1 89
-1326.9 91
-1326.7 79
-1326.5 102
-1326.3 84
-1326.1 88
-1325.9 79
-1325.7 81
-1325.5 67
-1325.3 53
-1325.1 78
-1324.9 52
-1324.7 76
-1324.5 72
-1324.3 65
-1324.1 64
-1323.9 51
-1323.7 58
-1323.5 54
-1323.3 42
-1323.1 47
-1322.9 38
-1322.7 35
-1322.5 36
-1322.3 33
-1322.1 31
-1321.9 33
-1321.7 47
-1321.5 40
-1321.3 29
-1321.1 32
-1320.9 35
-1320.7 22
-1320.5 32
-1320.3 26
-1320.1 33
-1319.9 32
-1319.7 31
-1319.5 27
-1319.3 30
-1319.1 24
-1318.9 26
-1318.7 19
-1318.5 27
-1318.3 6
-1318.1 21
-1317.9 16
-1317.7 30
-1317.5 19
-1317.3 20
-1317.1 17
-1316.9 25
-1316.7 17
-1316.5 19
-1316.3 22
-1316.1 17
-1315.9 29
-1315.7 15
-1315.5 14
-1315.3 19
-1315.1 20
-1314.9 19
-1314.7 24
-1314.5 13
-1314.3 15
-1314.1 16
-1313.9 14
-1313.7 8
-1313.5 14
-1313.3 12
-1313.1 9
-1312.9 9
-1312.7 17
-1312.5 15
-1312.3 19
-1312.1 9
-1311.9 9
-1311.7 19
-1311.5 11
-1311.3 7
-1311.1 9
-1310.9 16
-1310.7 11
-1310.5 6
-1310.3 7
-1310.1 17
-1309.9 11
-1309.7 23
-1309.5 14
-1309.3 13
-1309.1 12
-1308.9 14
-1308.7 12
-1308.5 14
-1308.3 17
-1308.1 14
-1307.9 19
-1307.7 15
-1307.5 19
-1307.3 11
-1307.1 14
-1306.9 16
-1306.7 7
-1306.5 14
-1306.3 15
-1306.1 18
-1305.9 13
-1305.7 15
-1305.5 16
-1305.3 16
-1305.1 24
-1304.9 15
-1304.7 21
-1304.5 14
-1304.3 15
-1304.1 12
-1303.9 13
-1303.7 4
-1303.5 13
-1303.3 9
-1303.1 17
-1302.9 13
-1302.7 14
-1302.5 18
-1302.3 15
-1302.1 14
-1301.9 21
-1301.7 12
-1301.5 8
-1301.3 11
-1301.1 9
-1300.9 15
-1300.7 17
-1300.5 10
-1300.3 8
-1300.1 16
