-1589.9 0
-1589.7 8
-1589.5 2
-1589.3 5
-1589.1 3
-1588.9 3
-1588.7 4
-1588.5 4
-1588.3 6
-1588.1 1
-1587.9 4
-1587.7 2
-1587.5 4
-1587.3 5
-1587.1 2
-1586.9 3
-1586.7 4
-1586.5 4
-1586.3 6
-1586.1 4
-1585.9 2
-1585.7 5
-1585.5 5
-1585.3 6
-1585.1 6
-1584.9 4
-1584.7 5
-1584.5 5
-1584.3 5
-1584.1 1
-1583.9 4
-1583.7 2
-1583.5 3
-1583.3 2
-1583.1 5
-1582.9 0
-1582.7 7
-1582.5 4
-1582.3 5
-1582.1 1
-1581.9 4
-1581.7 2
-1581.5 7
-1581.3 3
-1581.1 8
-1580.9 5
-1580.7 4
-1580.5 5
-1580.3 9
-1580.1 2
-1579.9 4
-1579.7 2
-1579.5 2
-1579.3 4
-1579.1 4
-1578.9 3
-1578.7 4
-1578.5 5
-1578.3 4
-1578.1 3
-1577.9 2
-1577.7 6
-1577.5 5
-1577.3 6
-1577.1 4
-1576.9 4
-1576.7 6
-1576.5 3
-1576.3 7
-1576.1 8
-1575.9 4
-1575.7 5
-1575.5 7
-1575.3 8
-1575.1 4
-1574.9 9
-1574.7 9
-1574.5 5
-1574.3 10
-1574.1 8
-1573.9 5
-1573.7 9
-1573.5 8
-1573.3 7
-1573.1 8
-1572.9 4
-1572.7 4
-1572.5 3
-1572.3 13
-1572.1 10
-1571.9 6
-1571.7 8
-1571.5 6
-1571.3 10
-1571.1 10
-1570.9 7
-1570.7 11
-1570.5 12
-1570.3 13
-1570.1 10
-1569.9 11
-1569.7 12
-1569.5 18
-1569.3 11
-1569.1 15
-1568.9 16
-1568.7 15
-1568.5 20
-1568.3 19
-1568.1 16
-1567.9 18
-1567.7 27
-1567.5 23
-1567.3 31
-1567.1 16
-1566.9 27
-1566.7 36
-1566.5 33
-1566.3 38
-1566.1 26
-1565.9 51
-1565.7 39
-1565.5 54
-1565.3 44
-1565.1 52
-1564.9 61
-1564.7 90
-1564.5 83
-1564.3 102
-1564.1 109
-1563.9 104
-1563.7 124
-1563.5 114
-1563.3 159
-1563.1 159
-1562.9 164
-1562.7 203
-1562.5 228
-1562.3 231
-1562.1 246
-1561.9 261
-1561.7 274
-1561.5 272
-1561.3 343
-1561.1 281
-1560.9 381
-1560.7 362
-1560.5 376
-1560.3 399
-1560.1 420
-1559.9 432
-1559.7 476
-1559.5 456
-1559.3 493
-1559.1 492
-1558.9 472
-1558.7 532
-1558.5 540
-1558.3 616
-1558.1 601
-1557.9 637
-1557.7 622
-1557.5 692
-1557.3 668
-1557.1 706
-1556.9 731
-1556.7 717
-1556.5 810
-1556.3 781
-1556.1 790
-1555.9 796
-1555.7 855
-1555.5 885
-1555.3 895
-1555.1 851
-1554.9 909
-1554.7 918
-1554.5 889
-1554.3 940
-1554.1 956
-1553.9 1013
-1553.7 960
-1553.5 1087
-1553.3 1050
-1553.1 1055
-1552.9 1115
-1552.7 1121
-1552.5 1050
-1552.3 1157
-1552.1 1139
-1551.9 1205
-1551.7 1141
-1551.5 1227
-1551.3 1275
-1551.1 1223
-1550.9 1303
-1550.7 1277
-1550.5 1250
-1550.3 1348
-1550.1 1363
-1549.9 1371
-1549.7 1326
-1549.5 1417
-1549.3 1480
-1549.1 1441
-1548.9 1457
-1548.7 1466
-1548.5 1453
-1548.3 1514
-1548.1 1506
-1547.9 1555
-1547.7 1512
-1547.5 1556
-1547.3 1607
-1547.1 1635
-1546.9 1540
-1546.7 1583
-1546.5 1555
-1546.3 1631
-1546.1 1685
-1545.9 1639
-1545.7 1699
-1545.5 1673
-1545.3 1728
-1545.1 1649
-1544.9 1711
-1544.7 1721
-1544.5 1651
-1544.3 1770
-1544.1 1810
-1543.9 1803
-1543.7 1738
-1543.5 1840
-1543.3 1718
-1543.1 1794
-1542.9 1876
-1542.7 1779
-1542.5 1852
-1542.3 1823
-1542.1 1810
-1541.9 1849
-1541.7 1855
-1541.5 1823
-1541.3 1829
-1541.1 1920
-1540.9 1867
-1540.7 1886
-1540.5 1791
-1540.3 1889
-1540.1 1832
-1539.9 1890
-1539.7 1916
-1539.5 1903
-1539.3 1885
-1539.1 1926
-1538.9 1946
-1538.7 1998
-1538.5 1929
-1538.3 1949
-1538.1 1984
-1537.9 1944
-1537.7 1985
-1537.5 1937
-1537.3 1930
-1537.1 1940
-1536.9 1881
-1536.7 1924
-1536.5 1815
-1536.3 1909
-1536.1 1891
-1535.9 1950
-1535.7 1971
-1535.5 1880
-1535.3 1884
-1535.1 1898
-1534.9 1890
-1534.7 1861
-1534.5 1892
-1534.3 1970
-1534.1 1866
-1533.9 1918
-1533.7 1856
-1533.5 1888
-1533.3 1959
-1533.1 1959
-1532.9 1942
-1532.7 1929
-1532.5 1907
-1532.3 1950
-1532.1 1886
-1531.9 1882
-1531.7 1869
-1531.5 1901
-1531.3 2010
-1531.1 1891
-1530.9 1830
-1530.7 1876
-1530.5 1898
-1530.3 1931
-1530.1 1924
-1529.9 1897
-1529.7 1930
-1529.5 1818
-1529.3 1759
-1529.1 1889
-1528.9 1841
-1528.7 1799
-1528.5 1810
-1528.3 1816
-1528.1 1758
-1527.9 1776
-1527.7 1866
-1527.5 1749
-1527.3 1871
-1527.1 1835
-1526.9 1751
-1526.7 1826
-1526.5 1803
-1526.3 1744
-1526.1 1800
-1525.9 1700
-1525.7 1770
-1525.5 1639
-1525.3 1691
-1525.1 1660
-1524.9 1687
-1524.7 1666
-1524.5 1625
-1524.3 1662
-1524.1 1670
-1523.9 1667
-1523.7 1728
-1523.5 1766
-1523.3 1656
-1523.1 1699
-1522.9 1696
-1522.7 1692
-1522.5 1707
-1522.3 1698
-1522.1 1722
-1521.9 1792
-1521.7 1672
-1521.5 1735
-1521.3 1738
-1521.1 1730
-1520.9 1727
-1520.7 1704
-1520.5 1828
-1520.3 1758
-1520.1 1898
-1519.9 1722
-1519.7 1834
-1519.5 1863
-1519.3 1804
-1519.1 1881
-1518.9 1807
-1518.7 1861
-1518.5 1846
-1518.3 1858
-1518.1 1869
-1517.9 1809
-1517.7 1823
-1517.5 1890
-1517.3 1858
-1517.1 1867
-1516.9 1839
-1516.7 1826
-1516.5 1895
-1516.3 1797
-1516.1 1779
-1515.9 1791
-1515.7 1881
-1515.5 1914
-1515.3 1745
-1515.1 1721
-1514.9 1715
-1514.7 1788
-1514.5 1754
-1514.3 1720
-1514.1 1730
-1513.9 1639
-1513.7 1679
-1513.5 1686
-1513.3 1711
-1513.1 1673
-1512.9 1576
-1512.7 1615
-1512.5 1686
-1512.3 1637
-1512.1 1530
-1511.9 1550
-1511.7 1633
-1511.5 1582
-1511.3 1616
-1511.1 1563
-1510.9 1514
-1510.7 1540
-1510.5 1505
-1510.3 1535
-1510.1 1472
-1509.9 1597
-1509.7 1489
-1509.5 1535
-1509.3 1495
-1509.1 1435
-1508.9 1437
-1508.7 1489
-1508.5 1503
-1508.3 1441
-1508.1 1473
-1507.9 1464
-1507.7 1480
-1507.5 1441
-1507.3 1430
-1507.1 1431
-1506.9 1513
-1506.7 1473
-1506.5 1468
-1506.3 1497
-1506.1 1478
-1505.9 1459
-1505.7 1557
-1505.5 1518
-1505.3 1523
-1505.1 1515
-1504.9 1558
-1504.7 1589
-1504.5 1622
-1504.3 1571
-1504.1 1642
-1503.9 1656
-1503.7 1618
-1503.5 1626
-1503.3 1681
-1503.1 1577
-1502.9 1750
-1502.7 1655
-1502.5 1752
-1502.3 1789
-1502.1 1674
-1501.9 1766
-1501.7 1808
-1501.5 1794
-1501.3 1774
-1501.1 1827
-1500.9 1797
-1500.7 1781
-1500.5 1833
-1500.3 1909
-1500.1 1829
-1499.9 1806
-1499.7 1859
-1499.5 1877
-1499.3 1841
-1499.1 1769
-1498.9 1807
-1498.7 1790
-1498.5 1762
-1498.3 1839
-1498.1 1797
-1497.9 1814
-1497.7 1778
-1497.5 1670
-1497.3 1705
-1497.1 1630
-1496.9 1675
-1496.7 1639
-1496.5 1649
-1496.3 1632
-1496.1 1630
-1495.9 1578
-1495.7 1579
-1495.5 1565
-1495.3 1560
-1495.1 1540
-1494.9 1519
-1494.7 1519
-1494.5 1465
-1494.3 1479
-1494.1 1454
-1493.9 1516
-1493.7 1474
-1493.5 1501
-1493.3 1461
-1493.1 1356
-1492.9 1435
-1492.7 1405
-1492.5 1465
-1492.3 1374
-1492.1 1413
-1491.9 1379
-1491.7 1288
-1491.5 1337
-1491.3 1347
-1491.1 1429
-1490.9 1413
-1490.7 1402
-1490.5 1386
-1490.3 1397
-1490.1 1382
-1489.9 1412
-1489.7 1342
-1489.5 1402
-1489.3 1469
-1489.1 1381
-1488.9 1406
-1488.7 1362
-1488.5 1422
-1488.3 1501
-1488.1 1461
-1487.9 1443
-1487.7 1441
-1487.5 1447
-1487.3 1491
-1487.1 1517
-1486.9 1518
-1486.7 1523
-1486.5 1538
-1486.3 1575
-1486.1 1545
-1485.9 1572
-1485.7 1694
-1485.5 1573
-1485.3 1644
-1485.1 1689
-1484.9 1683
-1484.7 1709
-1484.5 1843
-1484.3 1818
-1484.1 1964
-1483.9 1855
-1483.7 2012
-1483.5 1972
-1483.3 2030
-1483.1 2015
-1482.9 2006
-1482.7 2043
-1482.5 2075
-1482.3 2104
-1482.1 2011
-1481.9 1963
-1481.7 2164
-1481.5 2089
-1481.3 2056
-1481.1 2053
-1480.9 2051
-1480.7 1952
-1480.5 1988
-1480.3 1868
-1480.1 1977
-1479.9 1813
-1479.7 1819
-1479.5 1848
-1479.3 1754
-1479.1 1712
-1478.9 1648
-1478.7 1630
-1478.5 1618
-1478.3 1644
-1478.1 1557
-1477.9 1552
-1477.7 1556
-1477.5 1451
-1477.3 1408
-1477.1 1420
-1476.9 1423
-1476.7 1418
-1476.5 1361
-1476.3 1403
-1476.1 1371
-1475.9 1390
-1475.7 1374
-1475.5 1268
-1475.3 1353
-1475.1 1346
-1474.9 1320
-1474.7 1390
-1474.5 1306
-1474.3 1323
-1474.1 1312
-1473.9 1261
-1473.7 1341
-1473.5 1282
-1473.3 1379
-1473.1 1352
-1472.9 1346
-1472.7 1363
-1472.5 1431
-1472.3 1323
-1472.1 1393
-1471.9 1425
-1471.7 1375
-1471.5 1363
-1471.3 1382
-1471.1 1406
-1470.9 1395
-1470.7 1438
-1470.5 1458
-1470.3 1491
-1470.1 1462
-1469.9 1462
-1469.7 1518
-1469.5 1484
-1469.3 1532
-1469.1 1494
-1468.9 1510
-1468.7 1609
-1468.5 1510
-1468.3 1651
-1468.1 1673
-1467.9 1665
-1467.7 1714
-1467.5 1786
-1467.3 1789
-1467.1 1887
-1466.9 1821
-1466.7 1836
-1466.5 1957
-1466.3 1977
-1466.1 1988
-1465.9 2021
-1465.7 2079
-1465.5 2111
-1465.3 2123
-1465.1 2161
-1464.9 2102
-1464.7 2128
-1464.5 2104
-1464.3 2070
-1464.1 2130
-1463.9 2051
-1463.7 2046
-1463.5 2055
-1463.3 1987
-1463.1 2005
-1462.9 1964
-1462.7 1977
-1462.5 1875
-1462.3 1887
-1462.1 1799
-1461.9 1718
-1461.7 1686
-1461.5 1672
-1461.3 1591
-1461.1 1600
-1460.9 1500
-1460.7 1539
-1460.5 1444
-1460.3 1471
-1460.1 1442
-1459.9 1436
-1459.7 1450
-1459.5 1463
-1459.3 1363
-1459.1 1373
-1458.9 1359
-1458.7 1351
-1458.5 1327
-1458.3 1334
-1458.1 1396
-1457.9 1354
-1457.7 1291
-1457.5 1385
-1457.3 1311
-1457.1 1290
-1456.9 1365
-1456.7 1244
-1456.5 1446
-1456.3 1351
-1456.1 1368
-1455.9 1365
-1455.7 1397
-1455.5 1393
-1455.3 1472
-1455.1 1392
-1454.9 1354
-1454.7 1485
-1454.5 1438
-1454.3 1399
-1454.1 1389
-1453.9 1473
-1453.7 1466
-1453.5 1420
-1453.3 1439
-1453.1 1427
-1452.9 1465
-1452.7 1490
-1452.5 1519
-1452.3 1514
-1452.1 1487
-1451.9 1497
-1451.7 1466
-1451.5 1532
-1451.3 1543
-1451.1 1487
-1450.9 1551
-1450.7 1626
-1450.5 1552
-1450.3 1561
-1450.1 1675
-1449.9 1547
-1449.7 1608
-1449.5 1654
-1449.3 1747
-1449.1 1668
-1448.9 1750
-1448.7 1823
-1448.5 1826
-1448.3 1859
-1448.1 1809
-1447.9 1860
-1447.7 1845
-1447.5 1883
-1447.3 1935
-1447.1 1899
-1446.9 1932
-1446.7 1890
-1446.5 1878
-1446.3 1847
-1446.1 1933
-1445.9 1936
-1445.7 1932
-1445.5 1853
-1445.3 1771
-1445.1 1787
-1444.9 1734
-1444.7 1695
-1444.5 1791
-1444.3 1695
-1444.1 1720
-1443.9 1698
-1443.7 1656
-1443.5 1641
-1443.3 1597
-1443.1 1593
-1442.9 1484
-1442.7 1517
-1442.5 1480
-1442.3 1450
-1442.1 1457
-1441.9 1507
-1441.7 1428
-1441.5 1416
-1441.3 1453
-1441.1 1342
-1440.9 1415
-1440.7 1370
-1440.5 1352
-1440.3 1374
-1440.1 1394
-1439.9 1416
-1439.7 1393
-1439.5 1372
-1439.3 1372
-1439.1 1392
-1438.9 1388
-1438.7 1388
-1438.5 1340
-1438.3 1403
-1438.1 1350
-1437.9 1448
-1437.7 1366
-1437.5 1459
-1437.3 1449
-1437.1 1370
-1436.9 1459
-1436.7 1408
-1436.5 1451
-1436.3 1381
-1436.1 1458
-1435.9 1404
-1435.7 1432
-1435.5 1410
-1435.3 1492
-1435.1 1474
-1434.9 1410
-1434.7 1504
-1434.5 1463
-1434.3 1493
-1434.1 1472
-1433.9 1507
-1433.7 1521
-1433.5 1495
-1433.3 1563
-1433.1 1480
-1432.9 1489
-1432.7 1526
-1432.5 1503
-1432.3 1563
-1432.1 1552
-1431.9 1589
-1431.7 1531
-1431.5 1597
-1431.3 1562
-1431.1 1579
-1430.9 1633
-1430.7 1647
-1430.5 1585
-1430.3 1620
-1430.1 1630
-1429.9 1708
-1429.7 1708
-1429.5 1717
-1429.3 1642
-1429.1 1736
-1428.9 1659
-1428.7 1730
-1428.5 1721
-1428.3 1760
-1428.1 1740
-1427.9 1791
-1427.7 1726
-1427.5 1662
-1427.3 1747
-1427.1 1677
-1426.9 1707
-1426.7 1634
-1426.5 1655
-1426.3 1580
-1426.1 1686
-1425.9 1699
-1425.7 1620
-1425.5 1564
-1425.3 1621
-1425.1 1602
-1424.9 1564
-1424.7 1534
-1424.5 1589
-1424.3 1529
-1424.1 1445
-1423.9 1485
-1423.7 1515
-1423.5 1519
-1423.3 1518
-1423.1 1474
-1422.9 1418
-1422.7 1516
-1422.5 1456
-1422.3 1414
-1422.1 1336
-1421.9 1375
-1421.7 1427
-1421.5 1393
-1421.3 1437
-1421.1 1507
-1420.9 1315
-1420.7 1417
-1420.5 1355
-1420.3 1380
-1420.1 1447
-1419.9 1356
-1419.7 1349
-1419.5 1417
-1419.3 1444
-1419.1 1409
-1418.9 1397
-1418.7 1422
-1418.5 1438
-1418.3 1398
-1418.1 1456
-1417.9 1424
-1417.7 1361
-1417.5 1459
-1417.3 1396
-1417.1 1368
-1416.9 1388
-1416.7 1426
-1416.5 1441
-1416.3 1406
-1416.1 1393
-1415.9 1530
-1415.7 1452
-1415.5 1444
-1415.3 1484
-1415.1 1459
-1414.9 1426
-1414.7 1494
-1414.5 1459
-1414.3 1466
-1414.1 1493
-1413.9 1410
-1413.7 1494
-1413.5 1526
-1413.3 1500
-1413.1 1572
-1412.9 1531
-1412.7 1553
-1412.5 1532
-1412.3 1589
-1412.1 1565
-1411.9 1600
-1411.7 1565
-1411.5 1576
-1411.3 1594
-1411.1 1669
-1410.9 1607
-1410.7 1653
-1410.5 1652
-1410.3 1693
-1410.1 1664
-1409.9 1635
-1409.7 1668
-1409.5 1675
-1409.3 1607
-1409.1 1675
-1408.9 1651
-1408.7 1697
-1408.5 1585
-1408.3 1589
-1408.1 1637
-1407.9 1548
-1407.7 1680
-1407.5 1596
-1407.3 1559
-1407.1 1623
-1406.9 1594
-1406.7 1594
-1406.5 1548
-1406.3 1448
-1406.1 1515
-1405.9 1548
-1405.7 1530
-1405.5 1501
-1405.3 1436
-1405.1 1507
-1404.9 1391
-1404.7 1455
-1404.5 1419
-1404.3 1477
-1404.1 1361
-1403.9 1418
-1403.7 1482
-1403.5 1436
-1403.3 1380
-1403.1 1395
-1402.9 1363
-1402.7 1338
-1402.5 1442
-1402.3 1479
-1402.1 1384
-1401.9 1419
-1401.7 1428
-1401.5 1377
-1401.3 1390
-1401.1 1360
-1400.9 1469
-1400.7 1328
-1400.5 1428
-1400.3 1391
-1400.1 1421
-1399.9 1363
-1399.7 1396
-1399.5 1335
-1399.3 1355
-1399.1 1516
-1398.9 1396
-1398.7 1362
-1398.5 1395
-1398.3 1473
-1398.1 1389
-1397.9 1402
-1397.7 1450
-1397.5 1413
-1397.3 1424
-1397.1 1430
-1396.9 1435
-1396.7 1469
-1396.5 1434
-1396.3 1419
-1396.1 1412
-1395.9 1413
-1395.7 1422
-1395.5 1417
-1395.3 1432
-1395.1 1438
-1394.9 1450
-1394.7 1514
-1394.5 1509
-1394.3 1496
-1394.1 1488
-1393.9 1463
-1393.7 1479
-1393.5 1564
-1393.3 1558
-1393.1 1605
-1392.9 1546
-1392.7 1567
-1392.5 1532
-1392.3 1536
-1392.1 1558
-1391.9 1627
-1391.7 1553
-1391.5 1631
-1391.3 1657
-1391.1 1626
-1390.9 1607
-1390.7 1621
-1390.5 1599
-1390.3 1602
-1390.1 1605
-1389.9 1602
-1389.7 1582
-1389.5 1542
-1389.3 1575
-1389.1 1508
-1388.9 1529
-1388.7 1553
-1388.5 1519
-1388.3 1581
-1388.1 1550
-1387.9 1523
-1387.7 1522
-1387.5 1546
-1387.3 1503
-1387.1 1569
-1386.9 1526
-1386.7 1440
-1386.5 1495
-1386.3 1521
-1386.1 1574
-1385.9 1450
-1385.7 1501
-1385.5 1518
-1385.3 1501
-1385.1 1538
-1384.9 1505
-1384.7 1431
-1384.5 1469
-1384.3 1410
-1384.1 1445
-1383.9 1467
-1383.7 1430
-1383.5 1431
-1383.3 1339
-1383.1 1460
-1382.9 1403
-1382.7 1443
-1382.5 1390
-1382.3 1478
-1382.1 1375
-1381.9 1327
-1381.7 1380
-1381.5 1392
-1381.3 1393
-1381.1 1393
-1380.9 1350
-1380.7 1423
-1380.5 1399
-1380.3 1399
-1380.1 1405
-1379.9 1368
-1379.7 1358
-1379.5 1451
-1379.3 1391
-1379.1 1395
-1378.9 1395
-1378.7 1381
-1378.5 1407
-1378.3 1472
-1378.1 1462
-1377.9 1406
-1377.7 1378
-1377.5 1502
-1377.3 1464
-1377.1 1424
-1376.9 1514
-1376.7 1506
-1376.5 1470
-1376.3 1491
-1376.1 1444
-1375.9 1425
-1375.7 1493
-1375.5 1464
-1375.3 1489
-1375.1 1553
-1374.9 1479
-1374.7 1535
-1374.5 1492
-1374.3 1433
-1374.1 1537
-1373.9 1568
-1373.7 1518
-1373.5 1579
-1373.3 1563
-1373.1 1488
-1372.9 1513
-1372.7 1512
-1372.5 1583
-1372.3 1561
-1372.1 1532
-1371.9 1521
-1371.7 1493
-1371.5 1626
-1371.3 1474
-1371.1 1490
-1370.9 1517
-1370.7 1542
-1370.5 1546
-1370.3 1510
-1370.1 1568
-1369.9 1442
-1369.7 1563
-1369.5 1465
-1369.3 1563
-1369.1 1496
-1368.9 1482
-1368.7 1485
-1368.5 1514
-1368.3 1459
-1368.1 1413
-1367.9 1450
-1367.7 1414
-1367.5 1480
-1367.3 1396
-1367.1 1448
-1366.9 1433
-1366.7 1421
-1366.5 1403
-1366.3 1363
-1366.1 1371
-1365.9 1351
-1365.7 1403
-1365.5 1427
-1365.3 1417
-1365.1 1355
-1364.9 1328
-1364.7 1359
-1364.5 1336
-1364.3 1414
-1364.1 1350
-1363.9 1387
-1363.7 1411
-1363.5 1389
-1363.3 1364
-1363.1 1369
-1362.9 1433
-1362.7 1404
-1362.5 1350
-1362.3 1395
-1362.1 1403
-1361.9 1378
-1361.7 1380
-1361.5 1413
-1361.3 1413
-1361.1 1367
-1360.9 1413
-1360.7 1378
-1360.5 1428
-1360.3 1388
-1360.1 1430
-1359.9 1417
-1359.7 1432
-1359.5 1437
-1359.3 1420
-1359.1 1502
-1358.9 1517
-1358.7 1461
-1358.5 1484
-1358.3 1423
-1358.1 1424
-1357.9 1447
-1357.7 1455
-1357.5 1491
-1357.3 1508
-1357.1 1545
-1356.9 1428
-1356.7 1461
-1356.5 1454
-1356.3 1454
-1356.1 1490
-1355.9 1548
-1355.7 1577
-1355.5 1484
-1355.3 1505
-1355.1 1519
-1354.9 1485
-1354.7 1542
-1354.5 1445
-1354.3 1530
-1354.1 1565
-1353.9 1477
-1353.7 1451
-1353.5 1547
-1353.3 1522
-1353.1 1512
-1352.9 1515
-1352.7 1495
-1352.5 1467
-1352.3 1484
-1352.1 1520
-1351.9 1470
-1351.7 1524
-1351.5 1438
-1351.3 1470
-1351.1 1478
-1350.9 1390
-1350.7 1446
-1350.5 1419
-1350.3 1471
-1350.1 1478
-1349.9 1437
-1349.7 1342
-1349.5 1417
-1349.3 1459
-1349.1 1400
-1348.9 1409
-1348.7 1387
-1348.5 1505
-1348.3 1451
-1348.1 1317
-1347.9 1302
-1347.7 1388
-1347.5 1412
-1347.3 1381
-1347.1 1372
-1346.9 1404
-1346.7 1377
-1346.5 1364
-1346.3 1348
-1346.1 1396
-1345.9 1399
-1345.7 1388
-1345.5 1356
-1345.3 1375
-1345.1 1398
-1344.9 1348
-1344.7 1308
-1344.5 1290
-1344.3 1306
-1344.1 1336
-1343.9 1306
-1343.7 1354
-1343.5 1320
-1343.3 1356
-1343.1 1336
-1342.9 1321
-1342.7 1343
-1342.5 1351
-1342.3 1225
-1342.1 1240
-1341.9 1330
-1341.7 1284
-1341.5 1202
-1341.3 1258
-1341.1 1301
-1340.9 1260
-1340.7 1277
-1340.5 1177
-1340.3 1241
-1340.1 1203
-1339.9 1196
-1339.7 1200
-1339.5 1214
-1339.3 1140
-1339.1 1219
-1338.9 1160
-1338.7 1170
-1338.5 1170
-1338.3 1115
-1338.1 1137
-1337.9 1101
-1337.7 1119
-1337.5 1098
-1337.3 1118
-1337.1 1069
-1336.9 988
-1336.7 1027
-1336.5 1088
-1336.3 1007
-1336.1 1076
-1335.9 1005
-1335.7 1033
-1335.5 1007
-1335.3 956
-1335.1 979
-1334.9 994
-1334.7 932
-1334.5 952
-1334.3 943
-1334.1 970
-1333.9 878
-1333.7 841
-1333.5 903
-1333.3 849
-1333.1 821
-1332.9 884
-1332.7 782
-1332.5 754
-1332.3 773
-1332.1 802
-1331.9 767
-1331.7 749
-1331.5 744
-1331.3 727
-1331.1 694
-1330.9 700
-1330.7 684
-1330.5 651
-1330.3 667
-1330.1 638
-1329.9 633
-1329.7 580
-1329.5 629
-1329.3 616
-1329.1 562
-1328.9 560
-1328.7 533
-1328.5 576
-1328.3 547
-1328.1 489
-1327.9 488
-1327.7 511
-1327.5 497
-1327.3 467
-1327.1 452
-1326.9 429
-1326.7 478
-1326.5 420
-1326.3 443
-1326.1 419
-1325.9 395
-1325.7 383
-1325.5 364
-1325.3 375
-1325.1 366
-1324.9 347
-1324.7 333
-1324.5 322
-1324.3 335
-1324.1 313
-1323.9 311
-1323.7 309
-1323.5 284
-1323.3 265
-1323.1 287
-1322.9 275
-1322.7 248
-1322.5 253
-1322.3 228
-1322.1 245
-1321.9 215
-1321.7 185
-1321.5 212
-1321.3 226
-1321.1 211
-1320.9 189
-1320.7 212
-1320.5 188
-1320.3 176
-1320.1 187
-1319.9 178
-1319.7 171
-1319.5 162
-1319.3 158
-1319.1 171
-1318.9 138
-1318.7 142
-1318.5 139
-1318.3 127
-1318.1 153
-1317.9 130
-1317.7 108
-1317.5 118
-1317.3 113
-1317.1 106
-1316.9 124
-1316.7 101
-1316.5 87
-1316.3 88
-1316.1 89
-1315.9 78
-1315.7 103
-1315.5 69
-1315.3 73
-1315.1 75
-1314.9 71
-1314.7 79
-1314.5 61
-1314.3 64
-1314.1 54
-1313.9 63
-1313.7 55
-1313.5 49
-1313.3 53
-1313.1 42
-1312.9 56
-1312.7 31
-1312.5 42
-1312.3 58
-1312.1 51
-1311.9 39
-1311.7 27
-1311.5 41
-1311.3 36
-1311.1 36
-1310.9 35
-1310.7 29
-1310.5 33
-1310.3 27
-1310.1 44
-1309.9 28
-1309.7 24
-1309.5 26
-1309.3 32
-1309.1 26
-1308.9 30
-1308.7 28
-1308.5 21
-1308.3 18
-1308.1 20
-1307.9 17
-1307.7 17
-1307.5 17
-1307.3 17
-1307.1 21
-1306.9 17
-1306.7 15
-1306.5 13
-1306.3 14
-1306.1 13
-1305.9 17
-1305.7 13
-1305.5 20
-1305.3 18
-1305.1 14
-1304.9 17
-1304.7 13
-1304.5 14
-1304.3 21
-1304.1 18
-1303.9 12
-1303.7 12
-1303.5 18
-1303.3 10
-1303.1 7
-1302.9 11
-1302.7 9
-1302.5 17
-1302.3 10
-1302.1 15
-1301.9 12
-1301.7 12
-1301.5 17
-1301.3 16
-1301.1 20
-1300.9 18
-1300.7 16
-1300.5 6
-1300.3 14
-1300.1 14
