-1589.9 0
-1589.7 5
-1589.5 5
-1589.3 8
-1589.1 5
-1588.9 2
-1588.7 4
-1588.5 6
-1588.3 1
-1588.1 5
-1587.9 7
-1587.7 6
-1587.5 8
-1587.3 6
-1587.1 5
-1586.9 5
-1586.7 5
-1586.5 5
-1586.3 7
-1586.1 3
-1585.9 9
-1585.7 3
-1585.5 5
-1585.3 6
-1585.1 6
-1584.9 15
-1584.7 3
-1584.5 11
-1584.3 5
-1584.1 7
-1583.9 11
-1583.7 11
-1583.5 10
-1583.3 16
-1583.1 11
-1582.9 9
-1582.7 10
-1582.5 7
-1582.3 12
-1582.1 7
-1581.9 12
-1581.7 10
-1581.5 11
-1581.3 9
-1581.1 13
-1580.9 14
-1580.7 10
-1580.5 8
-1580.3 12
-1580.1 9
-1579.9 10
-1579.7 10
-1579.5 20
-1579.3 18
-1579.1 11
-1578.9 17
-1578.7 20
-1578.5 15
-1578.3 15
-1578.1 11
-1577.9 10
-1577.7 14
-1577.5 13
-1577.3 17
-1577.1 27
-1576.9 25
-1576.7 27
-1576.5 31
-1576.3 24
-1576.1 34
-1575.9 40
-1575.7 27
-1575.5 38
-1575.3 35
-1575.1 37
-1574.9 42
-1574.7 39
-1574.5 52
-1574.3 74
-1574.1 57
-1573.9 51
-1573.7 67
-1573.5 78
-1573.3 86
-1573.1 84
-1572.9 96
-1572.7 126
-1572.5 128
-1572.3 114
-1572.1 141
-1571.9 168
-1571.7 159
-1571.5 169
-1571.3 188
-1571.1 176
-1570.9 227
-1570.7 229
-1570.5 246
-1570.3 273
-1570.1 226
-1569.9 300
-1569.7 316
-1569.5 309
-1569.3 359
-1569.1 359
-1568.9 389
-1568.7 385
-1568.5 412
-1568.3 433
-1568.1 441
-1567.9 442
-1567.7 443
-1567.5 494
-1567.3 530
-1567.1 502
-1566.9 559
-1566.7 588
-1566.5 572
-1566.3 603
-1566.1 625
-1565.9 618
-1565.7 649
-1565.5 633
-1565.3 649
-1565.1 742
-1564.9 747
-1564.7 735
-1564.5 723
-1564.3 730
-1564.1 782
-1563.9 775
-1563.7 835
-1563.5 833
-1563.3 885
-1563.1 880
-1562.9 857
-1562.7 941
-1562.5 901
-1562.3 939
-1562.1 958
-1561.9 982
-1561.7 1020
-1561.5 1017
-1561.3 1050
-1561.1 1082
-1560.9 1064
-1560.7 1041
-1560.5 1162
-1560.3 1069
-1560.1 1160
-1559.9 1152
-1559.7 1139
-1559.5 1107
-1559.3 1222
-1559.1 1299
-1558.9 1219
-1558.7 1258
-1558.5 1255
-1558.3 1372
-1558.1 1295
-1557.9 1279
-1557.7 1335
-1557.5 1314
-1557.3 1329
-1557.1 1359
-1556.9 1450
-1556.7 1347
-1556.5 1384
-1556.3 1453
-1556.1 1448
-1555.9 1379
-1555.7 1448
-1555.5 1487
-1555.3 1459
-1555.1 1477
-1554.9 1548
-1554.7 1561
-1554.5 1504
-1554.3 1443
-1554.1 1620
-1553.9 1608
-1553.7 1552
-1553.5 1543
-1553.3 1577
-1553.1 1517
-1552.9 1603
-1552.7 1563
-1552.5 1639
-1552.3 1612
-1552.1 1631
-1551.9 1617
-1551.7 1673
-1551.5 1677
-1551.3 1662
-1551.1 1674
-1550.9 1754
-1550.7 1703
-1550.5 1632
-1550.3 1732
-1550.1 1753
-1549.9 1723
-1549.7 1704
-1549.5 1683
-1549.3 1735
-1549.1 1674
-1548.9 1759
-1548.7 1722
-1548.5 1739
-1548.3 1768
-1548.1 1770
-1547.9 1800
-1547.7 1727
-1547.5 1799
-1547.3 1802
-1547.1 1836
-1546.9 1809
-1546.7 1797
-1546.5 1798
-1546.3 1813
-1546.1 1764
-1545.9 1795
-1545.7 1724
-1545.5 1816
-1545.3 1777
-1545.1 1753
-1544.9 1766
-1544.7 1790
-1544.5 1778
-1544.3 1798
-1544.1 1796
-1543.9 1787
-1543.7 1791
-1543.5 1741
-1543.3 1899
-1543.1 1723
-1542.9 1748
-1542.7 1773
-1542.5 1816
-1542.3 1727
-1542.1 1803
-1541.9 1816
-1541.7 1767
-1541.5 1776
-1541.3 1705
-1541.1 1766
-1540.9 1823
-1540.7 1746
-1540.5 1768
-1540.3 1810
-1540.1 1710
-1539.9 1733
-1539.7 1739
-1539.5 1738
-1539.3 1796
-1539.1 1754
-1538.9 1848
-1538.7 1771
-1538.5 1723
-1538.3 1739
-1538.1 1667
-1537.9 1757
-1537.7 1682
-1537.5 1678
-1537.3 1712
-1537.1 1711
-1536.9 1758
-1536.7 1726
-1536.5 1743
-1536.3 1572
-1536.1 1764
-1535.9 1625
-1535.7 1705
-1535.5 1694
-1535.3 1746
-1535.1 1738
-1534.9 1704
-1534.7 1657
-1534.5 1625
-1534.3 1739
-1534.1 1730
-1533.9 1718
-1533.7 1646
-1533.5 1819
-1533.3 1669
-1533.1 1712
-1532.9 1699
-1532.7 1587
-1532.5 1678
-1532.3 1681
-1532.1 1637
-1531.9 1697
-1531.7 1705
-1531.5 1664
-1531.3 1642
-1531.1 1643
-1530.9 1595
-1530.7 1678
-1530.5 1619
-1530.3 1621
-1530.1 1626
-1529.9 1661
-1529.7 1591
-1529.5 1577
-1529.3 1621
-1529.1 1644
-1528.9 1615
-1528.7 1581
-1528.5 1489
-1528.3 1533
-1528.1 1538
-1527.9 1569
-1527.7 1571
-1527.5 1585
-1527.3 1626
-1527.1 1470
-1526.9 1538
-1526.7 1477
-1526.5 1535
-1526.3 1513
-1526.1 1482
-1525.9 1547
-1525.7 1475
-1525.5 1510
-1525.3 1481
-1525.1 1565
-1524.9 1477
-1524.7 1455
-1524.5 1471
-1524.3 1455
-1524.1 1538
-1523.9 1568
-1523.7 1466
-1523.5 1477
-1523.3 1445
-1523.1 1517
-1522.9 1434
-1522.7 1498
-1522.5 1470
-1522.3 1417
-1522.1 1452
-1521.9 1473
-1521.7 1486
-1521.5 1490
-1521.3 1437
-1521.1 1455
-1520.9 1521
-1520.7 1478
-1520.5 1527
-1520.3 1512
-1520.1 1500
-1519.9 1431
-1519.7 1537
-1519.5 1506
-1519.3 1505
-1519.1 1501
-1518.9 1476
-1518.7 1490
-1518.5 1556
-1518.3 1474
-1518.1 1565
-1517.9 1414
-1517.7 1484
-1517.5 1455
-1517.3 1476
-1517.1 1523
-1516.9 1561
-1516.7 1536
-1516.5 1580
-1516.3 1560
-1516.1 1503
-1515.9 1505
-1515.7 1531
-1515.5 1426
-1515.3 1547
-1515.1 1502
-1514.9 1598
-1514.7 1560
-1514.5 1430
-1514.3 1501
-1514.1 1495
-1513.9 1476
-1513.7 1555
-1513.5 1467
-1513.3 1507
-1513.1 1493
-1512.9 1507
-1512.7 1571
-1512.5 1445
-1512.3 1533
-1512.1 1413
-1511.9 1420
-1511.7 1499
-1511.5 1495
-1511.3 1531
-1511.1 1499
-1510.9 1431
-1510.7 1449
-1510.5 1440
-1510.3 1415
-1510.1 1436
-1509.9 1437
-1509.7 1479
-1509.5 1454
-1509.3 1404
-1509.1 1402
-1508.9 1359
-1508.7 1435
-1508.5 1415
-1508.3 1330
-1508.1 1371
-1507.9 1391
-1507.7 1378
-1507.5 1412
-1507.3 1382
-1507.1 1413
-1506.9 1358
-1506.7 1401
-1506.5 1412
-1506.3 1405
-1506.1 1504
-1505.9 1429
-1505.7 1437
-1505.5 1330
-1505.3 1409
-1505.1 1329
-1504.9 1378
-1504.7 1385
-1504.5 1370
-1504.3 1447
-1504.1 1468
-1503.9 1476
-1503.7 1431
-1503.5 1387
-1503.3 1433
-1503.1 1392
-1502.9 1429
-1502.7 1415
-1502.5 1393
-1502.3 1440
-1502.1 1460
-1501.9 1388
-1501.7 1497
-1501.5 1464
-1501.3 1390
-1501.1 1358
-1500.9 1424
-1500.7 1461
-1500.5 1410
-1500.3 1405
-1500.1 1449
-1499.9 1457
-1499.7 1518
-1499.5 1438
-1499.3 1430
-1499.1 1419
-1498.9 1443
-1498.7 1509
-1498.5 1476
-1498.3 1494
-1498.1 1515
-1497.9 1469
-1497.7 1453
-1497.5 1515
-1497.3 1465
-1497.1 1490
-1496.9 1507
-1496.7 1465
-1496.5 1467
-1496.3 1385
-1496.1 1457
-1495.9 1447
-1495.7 1361
-1495.5 1492
-1495.3 1486
-1495.1 1448
-1494.9 1542
-1494.7 1479
-1494.5 1455
-1494.3 1414
-1494.1 1402
-1493.9 1416
-1493.7 1440
-1493.5 1400
-1493.3 1498
-1493.1 1442
-1492.9 1414
-1492.7 1422
-1492.5 1394
-1492.3 1330
-1492.1 1344
-1491.9 1415
-1491.7 1332
-1491.5 1379
-1491.3 1331
-1491.1 1368
-1490.9 1408
-1490.7 1345
-1490.5 1366
-1490.3 1302
-1490.1 1368
-1489.9 1445
-1489.7 1321
-1489.5 1377
-1489.3 1323
-1489.1 1393
-1488.9 1350
-1488.7 1380
-1488.5 1403
-1488.3 1359
-1488.1 1383
-1487.9 1298
-1487.7 1366
-1487.5 1327
-1487.3 1329
-1487.1 1336
-1486.9 1379
-1486.7 1352
-1486.5 1459
-1486.3 1355
-1486.1 1317
-1485.9 1441
-1485.7 1355
-1485.5 1387
-1485.3 1394
-1485.1 1405
-1484.9 1401
-1484.7 1382
-1484.5 1410
-1484.3 1441
-1484.1 1372
-1483.9 1446
-1483.7 1373
-1483.5 1461
-1483.3 1411
-1483.1 1429
-1482.9 1464
-1482.7 1431
-1482.5 1403
-1482.3 1388
-1482.1 1438
-1481.9 1355
-1481.7 1469
-1481.5 1426
-1481.3 1450
-1481.1 1450
-1480.9 1408
-1480.7 1440
-1480.5 1400
-1480.3 1386
-1480.1 1423
-1479.9 1456
-1479.7 1386
-1479.5 1437
-1479.3 1467
-1479.1 1450
-1478.9 1529
-1478.7 1402
-1478.5 1429
-1478.3 1422
-1478.1 1441
-1477.9 1468
-1477.7 1440
-1477.5 1443
-1477.3 1457
-1477.1 1492
-1476.9 1477
-1476.7 1349
-1476.5 1384
-1476.3 1375
-1476.1 1386
-1475.9 1427
-1475.7 1371
-1475.5 1360
-1475.3 1327
-1475.1 1363
-1474.9 1363
-1474.7 1371
-1474.5 1378
-1474.3 1419
-1474.1 1372
-1473.9 1341
-1473.7 1359
-1473.5 1415
-1473.3 1388
-1473.1 1323
-1472.9 1356
-1472.7 1406
-1472.5 1401
-1472.3 1361
-1472.1 1410
-1471.9 1303
-1471.7 1416
-1471.5 1322
-1471.3 1413
-1471.1 1318
-1470.9 1378
-1470.7 1361
-1470.5 1391
-1470.3 1375
-1470.1 1353
-1469.9 1462
-1469.7 1355
-1469.5 1424
-1469.3 1358
-1469.1 1397
-1468.9 1424
-1468.7 1412
-1468.5 1341
-1468.3 1364
-1468.1 1347
-1467.9 1394
-1467.7 1420
-1467.5 1342
-1467.3 1357
-1467.1 1333
-1466.9 1379
-1466.7 1355
-1466.5 1393
-1466.3 1389
-1466.1 1405
-1465.9 1364
-1465.7 1429
-1465.5 1390
-1465.3 1417
-1465.1 1300
-1464.9 1424
-1464.7 1349
-1464.5 1459
-1464.3 1350
-1464.1 1417
-1463.9 1410
-1463.7 1420
-1463.5 1403
-1463.3 1391
-1463.1 1353
-1462.9 1470
-1462.7 1406
-1462.5 1392
-1462.3 1400
-1462.1 1504
-1461.9 1336
-1461.7 1437
-1461.5 1417
-1461.3 1420
-1461.1 1381
-1460.9 1403
-1460.7 1410
-1460.5 1394
-1460.3 1358
-1460.1 1330
-1459.9 1347
-1459.7 1368
-1459.5 1360
-1459.3 1427
-1459.1 1351
-1458.9 1403
-1458.7 1358
-1458.5 1335
-1458.3 1388
-1458.1 1389
-1457.9 1336
-1457.7 1367
-1457.5 1277
-1457.3 1325
-1457.1 1414
-1456.9 1306
-1456.7 1327
-1456.5 1364
-1456.3 1327
-1456.1 1402
-1455.9 1385
-1455.7 1363
-1455.5 1366
-1455.3 1325
-1455.1 1380
-1454.9 1328
-1454.7 1381
-1454.5 1364
-1454.3 1408
-1454.1 1410
-1453.9 1399
-1453.7 1402
-1453.5 1431
-1453.3 1369
-1453.1 1393
-1452.9 1384
-1452.7 1462
-1452.5 1372
-1452.3 1386
-1452.1 1336
-1451.9 1432
-1451.7 1410
-1451.5 1378
-1451.3 1426
-1451.1 1396
-1450.9 1394
-1450.7 1445
-1450.5 1375
-1450.3 1461
-1450.1 1425
-1449.9 1319
-1449.7 1475
-1449.5 1437
-1449.3 1440
-1449.1 1337
-1448.9 1347
-1448.7 1458
-1448.5 1432
-1448.3 1434
-1448.1 1377
-1447.9 1341
-1447.7 1353
-1447.5 1443
-1447.3 1379
-1447.1 1420
-1446.9 1419
-1446.7 1371
-1446.5 1317
-1446.3 1337
-1446.1 1363
-1445.9 1369
-1445.7 1349
-1445.5 1413
-1445.3 1366
-1445.1 1348
-1444.9 1335
-1444.7 1371
-1444.5 1371
-1444.3 1337
-1444.1 1342
-1443.9 1374
-1443.7 1489
-1443.5 1384
-1443.3 1402
-1443.1 1426
-1442.9 1405
-1442.7 1330
-1442.5 1352
-1442.3 1376
-1442.1 1322
-1441.9 1376
-1441.7 1381
-1441.5 1298
-1441.3 1435
-1441.1 1368
-1440.9 1381
-1440.7 1397
-1440.5 1375
-1440.3 1372
-1440.1 1368
-1439.9 1455
-1439.7 1409
-1439.5 1317
-1439.3 1348
-1439.1 1434
-1438.9 1361
-1438.7 1356
-1438.5 1429
-1438.3 1367
-1438.1 1390
-1437.9 1411
-1437.7 1345
-1437.5 1407
-1437.3 1373
-1437.1 1410
-1436.9 1398
-1436.7 1388
-1436.5 1456
-1436.3 1348
-1436.1 1377
-1435.9 1423
-1435.7 1412
-1435.5 1385
-1435.3 1421
-1435.1 1411
-1434.9 1328
-1434.7 1410
-1434.5 1382
-1434.3 1384
-1434.1 1379
-1433.9 1410
-1433.7 1386
-1433.5 1358
-1433.3 1363
-1433.1 1440
-1432.9 1450
-1432.7 1378
-1432.5 1335
-1432.3 1448
-1432.1 1421
-1431.9 1442
-1431.7 1397
-1431.5 1411
-1431.3 1407
-1431.1 1426
-1430.9 1422
-1430.7 1401
-1430.5 1371
-1430.3 1348
-1430.1 1318
-1429.9 1360
-1429.7 1409
-1429.5 1331
-1429.3 1360
-1429.1 1467
-1428.9 1368
-1428.7 1412
-1428.5 1414
-1428.3 1348
-1428.1 1439
-1427.9 1414
-1427.7 1361
-1427.5 1373
-1427.3 1398
-1427.1 1365
-1426.9 1385
-1426.7 1323
-1426.5 1354
-1426.3 1474
-1426.1 1335
-1425.9 1344
-1425.7 1368
-1425.5 1361
-1425.3 1454
-1425.1 1380
-1424.9 1316
-1424.7 1393
-1424.5 1394
-1424.3 1343
-1424.1 1365
-1423.9 1349
-1423.7 1376
-1423.5 1365
-1423.3 1335
-1423.1 1446
-1422.9 1358
-1422.7 1366
-1422.5 1359
-1422.3 1362
-1422.1 1351
-1421.9 1395
-1421.7 1381
-1421.5 1339
-1421.3 1317
-1421.1 1396
-1420.9 1394
-1420.7 1367
-1420.5 1398
-1420.3 1353
-1420.1 1380
-1419.9 1333
-1419.7 1413
-1419.5 1441
-1419.3 1373
-1419.1 1350
-1418.9 1323
-1418.7 1382
-1418.5 1380
-1418.3 1400
-1418.1 1361
-1417.9 1403
-1417.7 1414
-1417.5 1388
-1417.3 1380
-1417.1 1348
-1416.9 1358
-1416.7 1334
-1416.5 1390
-1416.3 1434
-1416.1 1386
-1415.9 1354
-1415.7 1358
-1415.5 1340
-1415.3 1360
-1415.1 1440
-1414.9 1335
-1414.7 1392
-1414.5 1345
-1414.3 1409
-1414.1 1322
-1413.9 1424
-1413.7 1376
-1413.5 1383
-1413.3 1378
-1413.1 1288
-1412.9 1360
-1412.7 1359
-1412.5 1404
-1412.3 1376
-1412.1 1327
-1411.9 1349
-1411.7 1403
-1411.5 1374
-1411.3 1371
-1411.1 1360
-1410.9 1330
-1410.7 1359
-1410.5 1317
-1410.3 1375
-1410.1 1369
-1409.9 1381
-1409.7 1381
-1409.5 1358
-1409.3 1399
-1409.1 1398
-1408.9 1288
-1408.7 1361
-1408.5 1350
-1408.3 1421
-1408.1 1391
-1407.9 1343
-1407.7 1372
-1407.5 1456
-1407.3 1348
-1407.1 1370
-1406.9 1296
-1406.7 1348
-1406.5 1390
-1406.3 1380
-1406.1 1354
-1405.9 1372
-1405.7 1291
-1405.5 1341
-1405.3 1302
-1405.1 1436
-1404.9 1350
-1404.7 1427
-1404.5 1424
-1404.3 1336
-1404.1 1317
-1403.9 1338
-1403.7 1310
-1403.5 1369
-1403.3 1266
-1403.1 1325
-1402.9 1271
-1402.7 1370
-1402.5 1382
-1402.3 1360
-1402.1 1430
-1401.9 1403
-1401.7 1358
-1401.5 1332
-1401.3 1357
-1401.1 1397
-1400.9 1348
-1400.7 1351
-1400.5 1396
-1400.3 1386
-1400.1 1313
-1399.9 1393
-1399.7 1342
-1399.5 1355
-1399.3 1350
-1399.1 1369
-1398.9 1393
-1398.7 1374
-1398.5 1374
-1398.3 1360
-1398.1 1356
-1397.9 1349
-1397.7 1402
-1397.5 1364
-1397.3 1334
-1397.1 1354
-1396.9 1377
-1396.7 1396
-1396.5 1331
-1396.3 1376
-1396.1 1369
-1395.9 1349
-1395.7 1386
-1395.5 1414
-1395.3 1370
-1395.1 1303
-1394.9 1365
-1394.7 1342
-1394.5 1436
-1394.3 1282
-1394.1 1353
-1393.9 1300
-1393.7 1397
-1393.5 1312
-1393.3 1371
-1393.1 1355
-1392.9 1444
-1392.7 1382
-1392.5 1421
-1392.3 1404
-1392.1 1382
-1391.9 1222
-1391.7 1357
-1391.5 1359
-1391.3 1383
-1391.1 1348
-1390.9 1312
-1390.7 1386
-1390.5 1374
-1390.3 1454
-1390.1 1289
-1389.9 1351
-1389.7 1421
-1389.5 1380
-1389.3 1355
-1389.1 1384
-1388.9 1390
-1388.7 1331
-1388.5 1338
-1388.3 1335
-1388.1 1288
-1387.9 1300
-1387.7 1262
-1387.5 1377
-1387.3 1322
-1387.1 1300
-1386.9 1346
-1386.7 1341
-1386.5 1368
-1386.3 1279
-1386.1 1305
-1385.9 1321
-1385.7 1358
-1385.5 1352
-1385.3 1328
-1385.1 1352
-1384.9 1369
-1384.7 1327
-1384.5 1281
-1384.3 1340
-1384.1 1339
-1383.9 1374
-1383.7 1305
-1383.5 1309
-1383.3 1383
-1383.1 1316
-1382.9 1284
-1382.7 1308
-1382.5 1342
-1382.3 1268
-1382.1 1385
-1381.9 1334
-1381.7 1345
-1381.5 1418
-1381.3 1368
-1381.1 1328
-1380.9 1390
-1380.7 1329
-1380.5 1360
-1380.3 1421
-1380.1 1347
-1379.9 1333
-1379.7 1463
-1379.5 1371
-1379.3 1457
-1379.1 1329
-1378.9 1373
-1378.7 1330
-1378.5 1340
-1378.3 1363
-1378.1 1344
-1377.9 1345
-1377.7 1415
-1377.5 1415
-1377.3 1369
-1377.1 1362
-1376.9 1417
-1376.7 1437
-1376.5 1361
-1376.3 1344
-1376.1 1401
-1375.9 1359
-1375.7 1304
-1375.5 1354
-1375.3 1319
-1375.1 1388
-1374.9 1396
-1374.7 1395
-1374.5 1322
-1374.3 1318
-1374.1 1428
-1373.9 1356
-1373.7 1352
-1373.5 1343
-1373.3 1414
-1373.1 1404
-1372.9 1379
-1372.7 1358
-1372.5 1279
-1372.3 1342
-1372.1 1367
-1371.9 1312
-1371.7 1387
-1371.5 1286
-1371.3 1382
-1371.1 1377
-1370.9 1328
-1370.7 1320
-1370.5 1305
-1370.3 1350
-1370.1 1308
-1369.9 1301
-1369.7 1386
-1369.5 1314
-1369.3 1400
-1369.1 1336
-1368.9 1343
-1368.7 1333
-1368.5 1395
-1368.3 1387
-1368.1 1222
-1367.9 1315
-1367.7 1348
-1367.5 1298
-1367.3 1364
-1367.1 1333
-1366.9 1362
-1366.7 1298
-1366.5 1304
-1366.3 1287
-1366.1 1290
-1365.9 1362
-1365.7 1306
-1365.5 1333
-1365.3 1298
-1365.1 1287
-1364.9 1394
-1364.7 1320
-1364.5 1376
-1364.3 1352
-1364.1 1384
-1363.9 1337
-1363.7 1338
-1363.5 1341
-1363.3 1410
-1363.1 1325
-1362.9 1350
-1362.7 1313
-1362.5 1297
-1362.3 1337
-1362.1 1277
-1361.9 1303
-1361.7 1313
-1361.5 1290
-1361.3 1329
-1361.1 1264
-1360.9 1384
-1360.7 1321
-1360.5 1332
-1360.3 1337
-1360.1 1304
-1359.9 1355
-1359.7 1313
-1359.5 1292
-1359.3 1374
-1359.1 1351
-1358.9 1330
-1358.7 1359
-1358.5 1331
-1358.3 1354
-1358.1 1330
-1357.9 1282
-1357.7 1310
-1357.5 1241
-1357.3 1293
-1357.1 1324
-1356.9 1274
-1356.7 1326
-1356.5 1375
-1356.3 1265
-1356.1 1356
-1355.9 1249
-1355.7 1235
-1355.5 1303
-1355.3 1278
-1355.1 1231
-1354.9 1285
-1354.7 1257
-1354.5 1230
-1354.3 1256
-1354.1 1262
-1353.9 1253
-1353.7 1221
-1353.5 1223
-1353.3 1286
-1353.1 1237
-1352.9 1165
-1352.7 1212
-1352.5 1222
-1352.3 1271
-1352.1 1176
-1351.9 1206
-1351.7 1136
-1351.5 1196
-1351.3 1186
-1351.1 1152
-1350.9 1113
-1350.7 1109
-1350.5 1108
-1350.3 1111
-1350.1 1122
-1349.9 1100
-1349.7 1121
-1349.5 1151
-1349.3 1041
-1349.1 1077
-1348.9 1107
-1348.7 995
-1348.5 1034
-1348.3 959
-1348.1 1022
-1347.9 968
-1347.7 1012
-1347.5 929
-1347.3 976
-1347.1 990
-1346.9 979
-1346.7 891
-1346.5 951
-1346.3 876
-1346.1 902
-1345.9 899
-1345.7 876
-1345.5 899
-1345.3 844
-1345.1 785
-1344.9 795
-1344.7 793
-1344.5 805
-1344.3 798
-1344.1 776
-1343.9 769
-1343.7 753
-1343.5 734
-1343.3 714
-1343.1 697
-1342.9 740
-1342.7 678
-1342.5 719
-1342.3 658
-1342.1 677
-1341.9 678
-1341.7 658
-1341.5 623
-1341.3 595
-1341.1 583
-1340.9 592
-1340.7 548
-1340.5 571
-1340.3 569
-1340.1 536
-1339.9 558
-1339.7 581
-1339.5 557
-1339.3 495
-1339.1 499
-1338.9 473
-1338.7 480
-1338.5 468
-1338.3 454
-1338.1 454
-1337.9 470
-1337.7 425
-1337.5 456
-1337.3 406
-1337.1 383
-1336.9 404
-1336.7 378
-1336.5 361
-1336.3 370
-1336.1 363
-1335.9 325
-1335.7 325
-1335.5 316
-1335.3 333
-1335.1 365
-1334.9 308
-1334.7 304
-1334.5 266
-1334.3 284
-1334.1 290
-1333.9 295
-1333.7 243
-1333.5 279
-1333.3 254
-1333.1 225
-1332.9 231
-1332.7 236
-1332.5 227
-1332.3 226
-1332.1 233
-1331.9 197
-1331.7 198
-1331.5 203
-1331.3 180
-1331.1 186
-1330.9 193
-1330.7 165
-1330.5 173
-1330.3 168
-1330.1 148
-1329.9 152
-1329.7 151
-1329.5 132
-1329.3 152
-1329.1 122
-1328.9 138
-1328.7 121
-1328.5 115
-1328.3 123
-1328.1 115
-1327.9 110
-1327.7 122
-1327.5 103
-1327.3 80
-1327.1 86
-1326.9 78
-1326.7 76
-1326.5 84
-1326.3 86
-1326.1 78
-1325.9 83
-1325.7 76
-1325.5 75
-1325.3 62
-1325.1 58
-1324.9 66
-1324.7 63
-1324.5 55
-1324.3 55
-1324.1 59
-1323.9 58
-1323.7 50
-1323.5 60
-1323.3 52
-1323.1 46
-1322.9 55
-1322.7 47
-1322.5 31
-1322.3 52
-1322.1 46
-1321.9 38
-1321.7 44
-1321.5 32
-1321.3 34
-1321.1 31
-1320.9 38
-1320.7 35
-1320.5 26
-1320.3 29
-1320.1 34
-1319.9 35
-1319.7 26
-1319.5 33
-1319.3 21
-1319.1 22
-1318.9 27
-1318.7 17
-1318.5 28
-1318.3 28
-1318.1 27
-1317.9 23
-1317.7 22
-1317.5 25
-1317.3 21
-1317.1 30
-1316.9 25
-1316.7 15
-1316.5 21
-1316.3 17
-1316.1 22
-1315.9 17
-1315.7 15
-1315.5 24
-1315.3 19
-1315.1 29
-1314.9 16
-1314.7 19
-1314.5 32
-1314.3 13
-1314.1 11
-1313.9 10
-1313.7 18
-1313.5 15
-1313.3 15
-1313.1 13
-1312.9 13
-1312.7 10
-1312.5 15
-1312.3 20
-1312.1 17
-1311.9 10
-1311.7 12
-1311.5 9
-1311.3 14
-1311.1 12
-1310.9 8
-1310.7 10
-1310.5 15
-1310.3 13
-1310.1 13
-1309.9 11
-1309.7 18
-1309.5 16
-1309.3 17
-1309.1 26
-1308.9 12
-1308.7 14
-1308.5 9
-1308.3 11
-1308.1 7
-1307.9 13
-1307.7 20
-1307.5 9
-1307.3 8
-1307.1 15
-1306.9 15
-1306.7 14
-1306.5 16
-1306.3 14
-1306.1 6
-1305.9 10
-1305.7 13
-1305.5 12
-1305.3 12
-1305.1 15
-1304.9 14
-1304.7 13
-1304.5 15
-1304.3 8
-1304.1 8
-1303.9 11
-1303.7 10
-1303.5 9
-1303.3 20
-1303.1 17
-1302.9 9
-1302.7 15
-1302.5 11
-1302.3 16
-1302.1 12
-1301.9 11
-1301.7 12
-1301.5 12
-1301.3 10
-1301.1 11
-1300.9 15
-1300.7 16
-1300.5 11
-1300.3 16
-1300.1 12
