-1589.9 0
-1589.7 3
-1589.5 5
-1589.3 5
-1589.1 3
-1588.9 3
-1588.7 2
-1588.5 3
-1588.3 1
-1588.1 4
-1587.9 4
-1587.7 3
-1587.5 7
-1587.3 2
-1587.1 5
-1586.9 3
-1586.7 1
-1586.5 2
-1586.3 6
-1586.1 4
-1585.9 3
-1585.7 6
-1585.5 4
-1585.3 6
-1585.1 2
-1584.9 4
-1584.7 3
-1584.5 3
-1584.3 5
-1584.1 7
-1583.9 5
-1583.7 4
-1583.5 1
-1583.3 6
-1583.1 5
-1582.9 4
-1582.7 5
-1582.5 5
-1582.3 3
-1582.1 1
-1581.9 2
-1581.7 3
-1581.5 5
-1581.3 3
-1581.1 3
-1580.9 2
-1580.7 4
-1580.5 3
-1580.3 4
-1580.1 5
-1579.9 0
-1579.7 3
-1579.5 6
-1579.3 2
-1579.1 0
-1578.9 2
-1578.7 2
-1578.5 3
-1578.3 2
-1578.1 7
-1577.9 8
-1577.7 4
-1577.5 8
-1577.3 4
-1577.1 7
-1576.9 8
-1576.7 3
-1576.5 4
-1576.3 7
-1576.1 9
-1575.9 4
-1575.7 10
-1575.5 5
-1575.3 5
-1575.1 10
-1574.9 8
-1574.7 8
-1574.5 11
-1574.3 6
-1574.1 3
-1573.9 6
-1573.7 2
-1573.5 8
-1573.3 6
-1573.1 3
-1572.9 10
-1572.7 4
-1572.5 8
-1572.3 7
-1572.1 7
-1571.9 11
-1571.7 6
-1571.5 11
-1571.3 12
-1571.1 6
-1570.9 12
-1570.7 7
-1570.5 5
-1570.3 6
-1570.1 5
-1569.9 9
-1569.7 12
-1569.5 11
-1569.3 11
-1569.1 12
-1568.9 19
-1568.7 11
-1568.5 10
-1568.3 11
-1568.1 10
-1567.9 13
-1567.7 22
-1567.5 21
-1567.3 23
-1567.1 20
-1566.9 29
-1566.7 29
-1566.5 24
-1566.3 26
-1566.1 31
-1565.9 32
-1565.7 31
-1565.5 47
-1565.3 45
-1565.1 41
-1564.9 58
-1564.7 54
-1564.5 67
-1564.3 68
-1564.1 73
-1563.9 80
-1563.7 116
-1563.5 124
-1563.3 115
-1563.1 144
-1562.9 144
-1562.7 170
-1562.5 153
-1562.3 182
-1562.1 180
-1561.9 191
-1561.7 233
-1561.5 249
-1561.3 261
-1561.1 299
-1560.9 313
-1560.7 337
-1560.5 356
-1560.3 380
-1560.1 391
-1559.9 376
-1559.7 417
-1559.5 434
-1559.3 467
-1559.1 500
-1558.9 515
-1558.7 563
-1558.5 517
-1558.3 567
-1558.1 576
-1557.9 601
-1557.7 619
-1557.5 641
-1557.3 693
-1557.1 624
-1556.9 675
-1556.7 729
-1556.5 750
-1556.3 745
-1556.1 781
-1555.9 779
-1555.7 803
-1555.5 896
-1555.3 845
-1555.1 805
-1554.9 856
-1554.7 932
-1554.5 897
-1554.3 927
-1554.1 963
-1553.9 972
-1553.7 970
-1553.5 1083
-1553.3 1067
-1553.1 1115
-1552.9 1035
-1552.7 1113
-1552.5 1184
-1552.3 1119
-1552.1 1110
-1551.9 1218
-1551.7 1178
-1551.5 1211
-1551.3 1247
-1551.1 1270
-1550.9 1292
-1550.7 1371
-1550.5 1298
-1550.3 1385
-1550.1 1364
-1549.9 1389
-1549.7 1362
-1549.5 1428
-1549.3 1409
-1549.1 1462
-1548.9 1475
-1548.7 1528
-1548.5 1576
-1548.3 1469
-1548.1 1532
-1547.9 1597
-1547.7 1649
-1547.5 1606
-1547.3 1614
-1547.1 1666
-1546.9 1755
-1546.7 1755
-1546.5 1711
-1546.3 1710
-1546.1 1735
-1545.9 1787
-1545.7 1765
-1545.5 1848
-1545.3 1832
-1545.1 1771
-1544.9 1869
-1544.7 1811
-1544.5 1890
-1544.3 1883
-1544.1 1837
-1543.9 1848
-1543.7 1899
-1543.5 1922
-1543.3 1932
-1543.1 1925
-1542.9 1969
-1542.7 1904
-1542.5 2014
-1542.3 1920
-1542.1 1963
-1541.9 2011
-1541.7 2002
-1541.5 1929
-1541.3 2006
-1541.1 2067
-1540.9 2099
-1540.7 2035
-1540.5 2009
-1540.3 1989
-1540.1 2111
-1539.9 2091
-1539.7 2054
-1539.5 2163
-1539.3 2071
-1539.1 2078
-1538.9 2085
-1538.7 2137
-1538.5 2073
-1538.3 2095
-1538.1 2146
-1537.9 2101
-1537.7 2019
-1537.5 2066
-1537.3 2158
-1537.1 2147
-1536.9 2136
-1536.7 2074
-1536.5 2143
-1536.3 2124
-1536.1 2090
-1535.9 2028
-1535.7 2080
-1535.5 2130
-1535.3 2088
-1535.1 2072
-1534.9 2173
-1534.7 2125
-1534.5 2050
-1534.3 2120
-1534.1 2126
-1533.9 2159
-1533.7 2075
-1533.5 2082
-1533.3 2031
-1533.1 2126
-1532.9 2141
-1532.7 2187
-1532.5 2024
-1532.3 2075
-1532.1 2107
-1531.9 2034
-1531.7 2029
-1531.5 2016
-1531.3 2046
-1531.1 1934
-1530.9 1981
-1530.7 2052
-1530.5 2034
-1530.3 2045
-1530.1 2030
-1529.9 1971
-1529.7 2018
-1529.5 2033
-1529.3 2141
-1529.1 2014
-1528.9 2070
-1528.7 2015
-1528.5 2092
-1528.3 2073
-1528.1 2088
-1527.9 2071
-1527.7 2145
-1527.5 2112
-1527.3 2073
-1527.1 2100
-1526.9 2080
-1526.7 2139
-1526.5 2085
-1526.3 2201
-1526.1 2192
-1525.9 2215
-1525.7 2157
-1525.5 2119
-1525.3 2148
-1525.1 2237
-1524.9 2225
-1524.7 2125
-1524.5 2253
-1524.3 2189
-1524.1 2207
-1523.9 2119
-1523.7 2215
-1523.5 2230
-1523.3 2226
-1523.1 2303
-1522.9 2192
-1522.7 2131
-1522.5 2110
-1522.3 2133
-1522.1 2075
-1521.9 2206
-1521.7 2129
-1521.5 2015
-1521.3 2091
-1521.1 1980
-1520.9 2052
-1520.7 2044
-1520.5 1989
-1520.3 2009
-1520.1 1946
-1519.9 1929
-1519.7 1972
-1519.5 1821
-1519.3 1908
-1519.1 1874
-1518.9 1916
-1518.7 1868
-1518.5 1736
-1518.3 1838
-1518.1 1770
-1517.9 1731
-1517.7 1809
-1517.5 1801
-1517.3 1747
-1517.1 1711
-1516.9 1714
-1516.7 1646
-1516.5 1729
-1516.3 1656
-1516.1 1588
-1515.9 1654
-1515.7 1627
-1515.5 1610
-1515.3 1609
-1515.1 1672
-1514.9 1594
-1514.7 1644
-1514.5 1553
-1514.3 1626
-1514.1 1496
-1513.9 1504
-1513.7 1616
-1513.5 1633
-1513.3 1580
-1513.1 1504
-1512.9 1591
-1512.7 1590
-1512.5 1551
-1512.3 1577
-1512.1 1613
-1511.9 1606
-1511.7 1701
-1511.5 1583
-1511.3 1643
-1511.1 1712
-1510.9 1742
-1510.7 1732
-1510.5 1794
-1510.3 1828
-1510.1 1826
-1509.9 1863
-1509.7 1920
-1509.5 1933
-1509.3 1979
-1509.1 1898
-1508.9 1945
-1508.7 2013
-1508.5 2056
-1508.3 2038
-1508.1 2047
-1507.9 2106
-1507.7 2126
-1507.5 2205
-1507.3 2244
-1507.1 2162
-1506.9 2088
-1506.7 2184
-1506.5 2256
-1506.3 2188
-1506.1 2066
-1505.9 2118
-1505.7 2075
-1505.5 2159
-1505.3 2218
-1505.1 2090
-1504.9 2093
-1504.7 2180
-1504.5 2081
-1504.3 2132
-1504.1 2081
-1503.9 2115
-1503.7 2056
-1503.5 1999
-1503.3 1983
-1503.1 1946
-1502.9 1885
-1502.7 1827
-1502.5 1897
-1502.3 1849
-1502.1 1811
-1501.9 1827
-1501.7 1796
-1501.5 1823
-1501.3 1731
-1501.1 1743
-1500.9 1702
-1500.7 1724
-1500.5 1609
-1500.3 1602
-1500.1 1637
-1499.9 1557
-1499.7 1561
-1499.5 1508
-1499.3 1508
-1499.1 1630
-1498.9 1478
-1498.7 1541
-1498.5 1567
-1498.3 1537
-1498.1 1575
-1497.9 1571
-1497.7 1586
-1497.5 1499
-1497.3 1539
-1497.1 1547
-1496.9 1634
-1496.7 1652
-1496.5 1716
-1496.3 1657
-1496.1 1780
-1495.9 1694
-1495.7 1785
-1495.5 1779
-1495.3 1799
-1495.1 1844
-1494.9 1764
-1494.7 1709
-1494.5 1722
-1494.3 1647
-1494.1 1694
-1493.9 1681
-1493.7 1623
-1493.5 1668
-1493.3 1739
-1493.1 1786
-1492.9 1719
-1492.7 1664
-1492.5 1785
-1492.3 1730
-1492.1 1859
-1491.9 1808
-1491.7 1889
-1491.5 1802
-1491.3 1827
-1491.1 1884
-1490.9 1937
-1490.7 1934
-1490.5 1908
-1490.3 2043
-1490.1 2015
-1489.9 2003
-1489.7 2001
-1489.5 1937
-1489.3 1983
-1489.1 2071
-1488.9 2101
-1488.7 2128
-1488.5 2036
-1488.3 2157
-1488.1 2165
-1487.9 2207
-1487.7 2111
-1487.5 2194
-1487.3 2217
-1487.1 2171
-1486.9 2172
-1486.7 2068
-1486.5 2135
-1486.3 2187
-1486.1 2125
-1485.9 2140
-1485.7 2024
-1485.5 2035
-1485.3 1951
-1485.1 2015
-1484.9 1959
-1484.7 1847
-1484.5 1779
-1484.3 1820
-1484.1 1731
-1483.9 1812
-1483.7 1699
-1483.5 1673
-1483.3 1661
-1483.1 1620
-1482.9 1597
-1482.7 1567
-1482.5 1559
-1482.3 1515
-1482.1 1518
-1481.9 1417
-1481.7 1495
-1481.5 1417
-1481.3 1551
-1481.1 1558
-1480.9 1475
-1480.7 1351
-1480.5 1431
-1480.3 1508
-1480.1 1465
-1479.9 1519
-1479.7 1481
-1479.5 1498
-1479.3 1471
-1479.1 1454
-1478.9 1478
-1478.7 1484
-1478.5 1544
-1478.3 1551
-1478.1 1523
-1477.9 1512
-1477.7 1546
-1477.5 1525
-1477.3 1577
-1477.1 1535
-1476.9 1541
-1476.7 1529
-1476.5 1594
-1476.3 1599
-1476.1 1603
-1475.9 1584
-1475.7 1668
-1475.5 1759
-1475.3 1739
-1475.1 1751
-1474.9 1695
-1474.7 1764
-1474.5 1715
-1474.3 1804
-1474.1 1752
-1473.9 1789
-1473.7 1851
-1473.5 1808
-1473.3 1874
-1473.1 2016
-1472.9 1929
-1472.7 1947
-1472.5 2004
-1472.3 2096
-1472.1 2006
-1471.9 2139
-1471.7 2154
-1471.5 2225
-1471.3 2254
-1471.1 2202
-1470.9 2180
-1470.7 2201
-1470.5 2214
-1470.3 2215
-1470.1 2303
-1469.9 2216
-1469.7 2321
-1469.5 2239
-1469.3 2045
-1469.1 2041
-1468.9 2099
-1468.7 2020
-1468.5 1954
-1468.3 1951
-1468.1 1866
-1467.9 1872
-1467.7 1781
-1467.5 1861
-1467.3 1792
-1467.1 1713
-1466.9 1659
-1466.7 1710
-1466.5 1629
-1466.3 1647
-1466.1 1594
-1465.9 1619
-1465.7 1581
-1465.5 1569
-1465.3 1585
-1465.1 1607
-1464.9 1577
-1464.7 1617
-1464.5 1554
-1464.3 1564
-1464.1 1596
-1463.9 1518
-1463.7 1506
-1463.5 1545
-1463.3 1562
-1463.1 1537
-1462.9 1550
-1462.7 1538
-1462.5 1563
-1462.3 1537
-1462.1 1595
-1461.9 1484
-1461.7 1567
-1461.5 1539
-1461.3 1547
-1461.1 1580
-1460.9 1588
-1460.7 1573
-1460.5 1525
-1460.3 1570
-1460.1 1594
-1459.9 1584
-1459.7 1567
-1459.5 1598
-1459.3 1575
-1459.1 1590
-1458.9 1641
-1458.7 1621
-1458.5 1573
-1458.3 1628
-1458.1 1650
-1457.9 1614
-1457.7 1575
-1457.5 1620
-1457.3 1545
-1457.1 1646
-1456.9 1746
-1456.7 1725
-1456.5 1709
-1456.3 1724
-1456.1 1676
-1455.9 1788
-1455.7 1843
-1455.5 1829
-1455.3 1857
-1455.1 1905
-1454.9 1940
-1454.7 1876
-1454.5 1853
-1454.3 1919
-1454.1 1928
-1453.9 1857
-1453.7 1871
-1453.5 2034
-1453.3 2026
-1453.1 1957
-1452.9 1887
-1452.7 1963
-1452.5 1914
-1452.3 1909
-1452.1 1860
-1451.9 1991
-1451.7 1917
-1451.5 1855
-1451.3 1893
-1451.1 1842
-1450.9 1888
-1450.7 1854
-1450.5 1837
-1450.3 1765
-1450.1 1751
-1449.9 1772
-1449.7 1817
-1449.5 1711
-1449.3 1729
-1449.1 1723
-1448.9 1689
-1448.7 1678
-1448.5 1726
-1448.3 1700
-1448.1 1671
-1447.9 1641
-1447.7 1697
-1447.5 1653
-1447.3 1683
-1447.1 1605
-1446.9 1595
-1446.7 1590
-1446.5 1649
-1446.3 1657
-1446.1 1623
-1445.9 1599
-1445.7 1517
-1445.5 1608
-1445.3 1544
-1445.1 1618
-1444.9 1503
-1444.7 1562
-1444.5 1574
-1444.3 1554
-1444.1 1596
-1443.9 1581
-1443.7 1532
-1443.5 1532
-1443.3 1492
-1443.1 1591
-1442.9 1569
-1442.7 1585
-1442.5 1540
-1442.3 1557
-1442.1 1533
-1441.9 1573
-1441.7 1571
-1441.5 1538
-1441.3 1597
-1441.1 1560
-1440.9 1524
-1440.7 1577
-1440.5 1587
-1440.3 1614
-1440.1 1563
-1439.9 1641
-1439.7 1570
-1439.5 1587
-1439.3 1583
-1439.1 1701
-1438.9 1656
-1438.7 1669
-1438.5 1665
-1438.3 1650
-1438.1 1646
-1437.9 1647
-1437.7 1667
-1437.5 1821
-1437.3 1744
-1437.1 1679
-1436.9 1813
-1436.7 1690
-1436.5 1704
-1436.3 1758
-1436.1 1807
-1435.9 1822
-1435.7 1731
-1435.5 1778
-1435.3 1765
-1435.1 1829
-1434.9 1764
-1434.7 1805
-1434.5 1799
-1434.3 1768
-1434.1 1794
-1433.9 1753
-1433.7 1782
-1433.5 1783
-1433.3 1819
-1433.1 1751
-1432.9 1789
-1432.7 1759
-1432.5 1624
-1432.3 1805
-1432.1 1795
-1431.9 1735
-1431.7 1790
-1431.5 1724
-1431.3 1753
-1431.1 1745
-1430.9 1759
-1430.7 1698
-1430.5 1676
-1430.3 1709
-1430.1 1644
-1429.9 1705
-1429.7 1622
-1429.5 1685
-1429.3 1595
-1429.1 1690
-1428.9 1604
-1428.7 1705
-1428.5 1624
-1428.3 1632
-1428.1 1671
-1427.9 1618
-1427.7 1562
-1427.5 1598
-1427.3 1564
-1427.1 1574
-1426.9 1583
-1426.7 1631
-1426.5 1549
-1426.3 1621
-1426.1 1572
-1425.9 1581
-1425.7 1587
-1425.5 1537
-1425.3 1601
-1425.1 1585
-1424.9 1534
-1424.7 1519
-1424.5 1524
-1424.3 1619
-1424.1 1533
-1423.9 1594
-1423.7 1578
-1423.5 1581
-1423.3 1647
-1423.1 1624
-1422.9 1550
-1422.7 1598
-1422.5 1630
-1422.3 1573
-1422.1 1551
-1421.9 1599
-1421.7 1676
-1421.5 1645
-1421.3 1591
-1421.1 1602
-1420.9 1524
-1420.7 1666
-1420.5 1677
-1420.3 1663
-1420.1 1629
-1419.9 1616
-1419.7 1689
-1419.5 1731
-1419.3 1730
-1419.1 1675
-1418.9 1659
-1418.7 1714
-1418.5 1752
-1418.3 1588
-1418.1 1694
-1417.9 1737
-1417.7 1683
-1417.5 1737
-1417.3 1724
-1417.1 1745
-1416.9 1711
-1416.7 1750
-1416.5 1703
-1416.3 1732
-1416.1 1732
-1415.9 1705
-1415.7 1720
-1415.5 1741
-1415.3 1709
-1415.1 1672
-1414.9 1735
-1414.7 1721
-1414.5 1653
-1414.3 1710
-1414.1 1668
-1413.9 1654
-1413.7 1712
-1413.5 1693
-1413.3 1692
-1413.1 1602
-1412.9 1611
-1412.7 1676
-1412.5 1689
-1412.3 1662
-1412.1 1564
-1411.9 1731
-1411.7 1649
-1411.5 1649
-1411.3 1612
-1411.1 1549
-1410.9 1648
-1410.7 1600
-1410.5 1572
-1410.3 1605
-1410.1 1600
-1409.9 1581
-1409.7 1536
-1409.5 1576
-1409.3 1540
-1409.1 1573
-1408.9 1587
-1408.7 1558
-1408.5 1562
-1408.3 1533
-1408.1 1596
-1407.9 1668
-1407.7 1507
-1407.5 1567
-1407.3 1564
-1407.1 1590
-1406.9 1493
-1406.7 1570
-1406.5 1520
-1406.3 1481
-1406.1 1571
-1405.9 1582
-1405.7 1546
-1405.5 1572
-1405.3 1580
-1405.1 1606
-1404.9 1598
-1404.7 1652
-1404.5 1584
-1404.3 1592
-1404.1 1664
-1403.9 1642
-1403.7 1621
-1403.5 1679
-1403.3 1686
-1403.1 1673
-1402.9 1589
-1402.7 1587
-1402.5 1682
-1402.3 1671
-1402.1 1625
-1401.9 1659
-1401.7 1616
-1401.5 1673
-1401.3 1609
-1401.1 1657
-1400.9 1662
-1400.7 1694
-1400.5 1690
-1400.3 1734
-1400.1 1692
-1399.9 1628
-1399.7 1734
-1399.5 1722
-1399.3 1759
-1399.1 1752
-1398.9 1708
-1398.7 1746
-1398.5 1741
-1398.3 1691
-1398.1 1733
-1397.9 1735
-1397.7 1738
-1397.5 1762
-1397.3 1754
-1397.1 1720
-1396.9 1680
-1396.7 1792
-1396.5 1773
-1396.3 1774
-1396.1 1694
-1395.9 1730
-1395.7 1694
-1395.5 1737
-1395.3 1640
-1395.1 1761
-1394.9 1675
-1394.7 1674
-1394.5 1655
-1394.3 1704
-1394.1 1715
-1393.9 1664
-1393.7 1587
-1393.5 1613
-1393.3 1557
-1393.1 1550
-1392.9 1659
-1392.7 1607
-1392.5 1626
-1392.3 1585
-1392.1 1592
-1391.9 1654
-1391.7 1720
-1391.5 1602
-1391.3 1580
-1391.1 1584
-1390.9 1495
-1390.7 1548
-1390.5 1497
-1390.3 1536
-1390.1 1545
-1389.9 1467
-1389.7 1508
-1389.5 1591
-1389.3 1536
-1389.1 1502
-1388.9 1572
-1388.7 1524
-1388.5 1531
-1388.3 1585
-1388.1 1483
-1387.9 1524
-1387.7 1516
-1387.5 1556
-1387.3 1524
-1387.1 1489
-1386.9 1572
-1386.7 1588
-1386.5 1579
-1386.3 1561
-1386.1 1531
-1385.9 1554
-1385.7 1536
-1385.5 1581
-1385.3 1535
-1385.1 1579
-1384.9 1554
-1384.7 1528
-1384.5 1589
-1384.3 1565
-1384.1 1498
-1383.9 1670
-1383.7 1607
-1383.5 1596
-1383.3 1563
-1383.1 1698
-1382.9 1578
-1382.7 1608
-1382.5 1698
-1382.3 1610
-1382.1 1701
-1381.9 1678
-1381.7 1668
-1381.5 1709
-1381.3 1698
-1381.1 1658
-1380.9 1677
-1380.7 1675
-1380.5 1714
-1380.3 1677
-1380.1 1727
-1379.9 1703
-1379.7 1668
-1379.5 1717
-1379.3 1663
-1379.1 1686
-1378.9 1677
-1378.7 1722
-1378.5 1690
-1378.3 1696
-1378.1 1703
-1377.9 1637
-1377.7 1598
-1377.5 1667
-1377.3 1589
-1377.1 1549
-1376.9 1687
-1376.7 1588
-1376.5 1686
-1376.3 1610
-1376.1 1677
-1375.9 1602
-1375.7 1606
-1375.5 1646
-1375.3 1637
-1375.1 1664
-1374.9 1626
-1374.7 1647
-1374.5 1600
-1374.3 1595
-1374.1 1516
-1373.9 1636
-1373.7 1584
-1373.5 1590
-1373.3 1607
-1373.1 1601
-1372.9 1601
-1372.7 1571
-1372.5 1567
-1372.3 1610
-1372.1 1554
-1371.9 1610
-1371.7 1491
-1371.5 1563
-1371.3 1531
-1371.1 1472
-1370.9 1593
-1370.7 1552
-1370.5 1531
-1370.3 1598
-1370.1 1586
-1369.9 1554
-1369.7 1593
-1369.5 1509
-1369.3 1583
-1369.1 1524
-1368.9 1556
-1368.7 1613
-1368.5 1512
-1368.3 1587
-1368.1 1638
-1367.9 1653
-1367.7 1566
-1367.5 1578
-1367.3 1574
-1367.1 1651
-1366.9 1703
-1366.7 1619
-1366.5 1599
-1366.3 1666
-1366.1 1671
-1365.9 1668
-1365.7 1649
-1365.5 1635
-1365.3 1661
-1365.1 1616
-1364.9 1698
-1364.7 1701
-1364.5 1692
-1364.3 1712
-1364.1 1652
-1363.9 1615
-1363.7 1725
-1363.5 1637
-1363.3 1679
-1363.1 1756
-1362.9 1626
-1362.7 1728
-1362.5 1697
-1362.3 1679
-1362.1 1699
-1361.9 1677
-1361.7 1719
-1361.5 1664
-1361.3 1673
-1361.1 1629
-1360.9 1711
-1360.7 1617
-1360.5 1712
-1360.3 1651
-1360.1 1559
-1359.9 1627
-1359.7 1651
-1359.5 1740
-1359.3 1716
-1359.1 1615
-1358.9 1644
-1358.7 1662
-1358.5 1606
-1358.3 1637
-1358.1 1592
-1357.9 1614
-1357.7 1567
-1357.5 1582
-1357.3 1663
-1357.1 1578
-1356.9 1550
-1356.7 1605
-1356.5 1589
-1356.3 1604
-1356.1 1530
-1355.9 1564
-1355.7 1534
-1355.5 1560
-1355.3 1540
-1355.1 1530
-1354.9 1600
-1354.7 1483
-1354.5 1529
-1354.3 1476
-1354.1 1509
-1353.9 1543
-1353.7 1526
-1353.5 1559
-1353.3 1617
-1353.1 1531
-1352.9 1597
-1352.7 1608
-1352.5 1649
-1352.3 1669
-1352.1 1514
-1351.9 1600
-1351.7 1629
-1351.5 1561
-1351.3 1541
-1351.1 1638
-1350.9 1581
-1350.7 1559
-1350.5 1671
-1350.3 1574
-1350.1 1581
-1349.9 1622
-1349.7 1632
-1349.5 1622
-1349.3 1565
-1349.1 1578
-1348.9 1632
-1348.7 1591
-1348.5 1548
-1348.3 1582
-1348.1 1604
-1347.9 1544
-1347.7 1567
-1347.5 1610
-1347.3 1556
-1347.1 1610
-1346.9 1647
-1346.7 1600
-1346.5 1543
-1346.3 1614
-1346.1 1566
-1345.9 1559
-1345.7 1557
-1345.5 1538
-1345.3 1597
-1345.1 1545
-1344.9 1555
-1344.7 1508
-1344.5 1539
-1344.3 1547
-1344.1 1470
-1343.9 1526
-1343.7 1500
-1343.5 1539
-1343.3 1566
-1343.1 1514
-1342.9 1460
-1342.7 1470
-1342.5 1480
-1342.3 1498
-1342.1 1451
-1341.9 1425
-1341.7 1408
-1341.5 1367
-1341.3 1415
-1341.1 1389
-1340.9 1315
-1340.7 1428
-1340.5 1338
-1340.3 1351
-1340.1 1364
-1339.9 1319
-1339.7 1286
-1339.5 1310
-1339.3 1312
-1339.1 1316
-1338.9 1205
-1338.7 1188
-1338.5 1222
-1338.3 1274
-1338.1 1195
-1337.9 1233
-1337.7 1169
-1337.5 1204
-1337.3 1222
-1337.1 1201
-1336.9 1136
-1336.7 1107
-1336.5 1148
-1336.3 1138
-1336.1 1089
-1335.9 1084
-1335.7 1072
-1335.5 1048
-1335.3 1111
-1335.1 1122
-1334.9 1016
-1334.7 1025
-1334.5 1044
-1334.3 1047
-1334.1 1000
-1333.9 932
-1333.7 973
-1333.5 968
-1333.3 942
-1333.1 955
-1332.9 923
-1332.7 888
-1332.5 911
-1332.3 908
-1332.1 870
-1331.9 860
-1331.7 857
-1331.5 847
-1331.3 773
-1331.1 787
-1330.9 777
-1330.7 702
-1330.5 801
-1330.3 715
-1330.1 753
-1329.9 768
-1329.7 705
-1329.5 748
-1329.3 643
-1329.1 667
-1328.9 677
-1328.7 653
-1328.5 646
-1328.3 606
-1328.1 560
-1327.9 570
-1327.7 590
-1327.5 578
-1327.3 543
-1327.1 542
-1326.9 582
-1326.7 542
-1326.5 551
-1326.3 497
-1326.1 504
-1325.9 504
-1325.7 482
-1325.5 483
-1325.3 417
-1325.1 444
-1324.9 392
-1324.7 435
-1324.5 397
-1324.3 381
-1324.1 366
-1323.9 396
-1323.7 392
-1323.5 355
-1323.3 351
-1323.1 330
-1322.9 341
-1322.7 343
-1322.5 303
-1322.3 298
-1322.1 298
-1321.9 308
-1321.7 273
-1321.5 275
-1321.3 235
-1321.1 268
-1320.9 246
-1320.7 226
-1320.5 226
-1320.3 223
-1320.1 216
-1319.9 197
-1319.7 215
-1319.5 186
-1319.3 193
-1319.1 186
-1318.9 180
-1318.7 131
-1318.5 155
-1318.3 150
-1318.1 154
-1317.9 149
-1317.7 132
-1317.5 129
-1317.3 140
-1317.1 119
-1316.9 116
-1316.7 112
-1316.5 92
-1316.3 109
-1316.1 112
-1315.9 108
-1315.7 107
-1315.5 78
-1315.3 93
-1315.1 104
-1314.9 73
-1314.7 88
-1314.5 73
-1314.3 80
-1314.1 69
-1313.9 65
-1313.7 68
-1313.5 74
-1313.3 69
-1313.1 57
-1312.9 60
-1312.7 54
-1312.5 58
-1312.3 65
-1312.1 58
-1311.9 42
-1311.7 43
-1311.5 47
-1311.3 51
-1311.1 47
-1310.9 49
-1310.7 48
-1310.5 45
-1310.3 46
-1310.1 52
-1309.9 52
-1309.7 30
-1309.5 34
-1309.3 36
-1309.1 33
-1308.9 23
-1308.7 24
-1308.5 30
-1308.3 23
-1308.1 32
-1307.9 30
-1307.7 32
-1307.5 41
-1307.3 26
-1307.1 35
-1306.9 16
-1306.7 20
-1306.5 23
-1306.3 28
-1306.1 22
-1305.9 20
-1305.7 14
-1305.5 23
-1305.3 28
-1305.1 16
-1304.9 17
-1304.7 13
-1304.5 20
-1304.3 10
-1304.1 26
-1303.9 22
-1303.7 15
-1303.5 21
-1303.3 20
-1303.1 24
-1302.9 23
-1302.7 12
-1302.5 16
-1302.3 18
-1302.1 22
-1301.9 13
-1301.7 26
-1301.5 12
-1301.3 17
-1301.1 17
-1300.9 10
-1300.7 15
-1300.5 14
-1300.3 24
-1300.1 10
