-1589.9 0
-1589.7 3
-1589.5 5
-1589.3 4
-1589.1 10
-1588.9 6
-1588.7 3
-1588.5 3
-1588.3 6
-1588.1 6
-1587.9 10
-1587.7 2
-1587.5 6
-1587.3 3
-1587.1 4
-1586.9 6
-1586.7 10
-1586.5 5
-1586.3 11
-1586.1 14
-1585.9 5
-1585.7 8
-1585.5 7
-1585.3 6
-1585.1 7
-1584.9 5
-1584.7 13
-1584.5 14
-1584.3 7
-1584.1 8
-1583.9 6
-1583.7 13
-1583.5 12
-1583.3 10
-1583.1 13
-1582.9 8
-1582.7 8
-1582.5 13
-1582.3 6
-1582.1 9
-1581.9 16
-1581.7 7
-1581.5 11
-1581.3 8
-1581.1 10
-1580.9 7
-1580.7 11
-1580.5 12
-1580.3 12
-1580.1 12
-1579.9 17
-1579.7 19
-1579.5 18
-1579.3 19
-1579.1 15
-1578.9 28
-1578.7 14
-1578.5 27
-1578.3 20
-1578.1 26
-1577.9 25
-1577.7 22
-1577.5 32
-1577.3 36
-1577.1 25
-1576.9 39
-1576.7 24
-1576.5 32
-1576.3 47
-1576.1 46
-1575.9 52
-1575.7 52
-1575.5 55
-1575.3 55
-1575.1 50
-1574.9 67
-1574.7 64
-1574.5 76
-1574.3 79
-1574.1 92
-1573.9 89
-1573.7 84
-1573.5 115
-1573.3 131
-1573.1 133
-1572.9 137
-1572.7 174
-1572.5 146
-1572.3 162
-1572.1 186
-1571.9 198
-1571.7 201
-1571.5 219
-1571.3 224
-1571.1 254
-1570.9 280
-1570.7 237
-1570.5 334
-1570.3 344
-1570.1 286
-1569.9 353
-1569.7 362
-1569.5 383
-1569.3 383
-1569.1 424
-1568.9 427
-1568.7 462
-1568.5 445
-1568.3 449
-1568.1 523
-1567.9 509
-1567.7 542
-1567.5 603
-1567.3 522
-1567.1 572
-1566.9 543
-1566.7 623
-1566.5 657
-1566.3 648
-1566.1 678
-1565.9 701
-1565.7 688
-1565.5 721
-1565.3 747
-1565.1 783
-1564.9 752
-1564.7 796
-1564.5 805
-1564.3 787
-1564.1 841
-1563.9 817
-1563.7 869
-1563.5 838
-1563.3 944
-1563.1 941
-1562.9 889
-1562.7 968
-1562.5 930
-1562.3 906
-1562.1 1031
-1561.9 925
-1561.7 1069
-1561.5 999
-1561.3 1051
-1561.1 1091
-1560.9 1094
-1560.7 1139
-1560.5 1087
-1560.3 1157
-1560.1 1108
-1559.9 1169
-1559.7 1189
-1559.5 1180
-1559.3 1304
-1559.1 1236
-1558.9 1252
-1558.7 1217
-1558.5 1279
-1558.3 1219
-1558.1 1287
-1557.9 1277
-1557.7 1368
-1557.5 1344
-1557.3 1418
-1557.1 1371
-1556.9 1368
-1556.7 1436
-1556.5 1426
-1556.3 1385
-1556.1 1419
-1555.9 1448
-1555.7 1422
-1555.5 1453
-1555.3 1442
-1555.1 1480
-1554.9 1467
-1554.7 1459
-1554.5 1489
-1554.3 1499
-1554.1 1502
-1553.9 1554
-1553.7 1424
-1553.5 1551
-1553.3 1542
-1553.1 1554
-1552.9 1601
-1552.7 1533
-1552.5 1659
-1552.3 1593
-1552.1 1663
-1551.9 1593
-1551.7 1575
-1551.5 1630
-1551.3 1571
-1551.1 1632
-1550.9 1665
-1550.7 1598
-1550.5 1697
-1550.3 1607
-1550.1 1653
-1549.9 1625
-1549.7 1580
-1549.5 1746
-1549.3 1656
-1549.1 1660
-1548.9 1631
-1548.7 1621
-1548.5 1677
-1548.3 1665
-1548.1 1715
-1547.9 1669
-1547.7 1622
-1547.5 1733
-1547.3 1712
-1547.1 1678
-1546.9 1666
-1546.7 1701
-1546.5 1724
-1546.3 1718
-1546.1 1650
-1545.9 1774
-1545.7 1731
-1545.5 1689
-1545.3 1765
-1545.1 1705
-1544.9 1710
-1544.7 1686
-1544.5 1658
-1544.3 1676
-1544.1 1703
-1543.9 1629
-1543.7 1678
-1543.5 1712
-1543.3 1715
-1543.1 1684
-1542.9 1624
-1542.7 1705
-1542.5 1710
-1542.3 1669
-1542.1 1733
-1541.9 1714
-1541.7 1720
-1541.5 1625
-1541.3 1619
-1541.1 1695
-1540.9 1625
-1540.7 1538
-1540.5 1640
-1540.3 1715
-1540.1 1667
-1539.9 1693
-1539.7 1609
-1539.5 1669
-1539.3 1647
-1539.1 1632
-1538.9 1633
-1538.7 1611
-1538.5 1695
-1538.3 1598
-1538.1 1663
-1537.9 1604
-1537.7 1670
-1537.5 1586
-1537.3 1640
-1537.1 1558
-1536.9 1665
-1536.7 1598
-1536.5 1617
-1536.3 1594
-1536.1 1580
-1535.9 1564
-1535.7 1533
-1535.5 1651
-1535.3 1641
-1535.1 1574
-1534.9 1584
-1534.7 1623
-1534.5 1572
-1534.3 1676
-1534.1 1528
-1533.9 1501
-1533.7 1574
-1533.5 1561
-1533.3 1605
-1533.1 1560
-1532.9 1558
-1532.7 1558
-1532.5 1550
-1532.3 1522
-1532.1 1487
-1531.9 1577
-1531.7 1471
-1531.5 1638
-1531.3 1550
-1531.1 1509
-1530.9 1570
-1530.7 1542
-1530.5 1497
-1530.3 1544
-1530.1 1572
-1529.9 1570
-1529.7 1519
-1529.5 1519
-1529.3 1462
-1529.1 1486
-1528.9 1536
-1528.7 1537
-1528.5 1470
-1528.3 1506
-1528.1 1461
-1527.9 1598
-1527.7 1440
-1527.5 1482
-1527.3 1541
-1527.1 1451
-1526.9 1518
-1526.7 1490
-1526.5 1533
-1526.3 1472
-1526.1 1459
-1525.9 1448
-1525.7 1515
-1525.5 1398
-1525.3 1505
-1525.1 1450
-1524.9 1386
-1524.7 1526
-1524.5 1402
-1524.3 1445
-1524.1 1464
-1523.9 1441
-1523.7 1483
-1523.5 1436
-1523.3 1476
-1523.1 1446
-1522.9 1416
-1522.7 1413
-1522.5 1409
-1522.3 1505
-1522.1 1422
-1521.9 1338
-1521.7 1388
-1521.5 1413
-1521.3 1479
-1521.1 1416
-1520.9 1396
-1520.7 1429
-1520.5 1389
-1520.3 1346
-1520.1 1309
-1519.9 1450
-1519.7 1371
-1519.5 1357
-1519.3 1424
-1519.1 1430
-1518.9 1395
-1518.7 1391
-1518.5 1403
-1518.3 1389
-1518.1 1432
-1517.9 1343
-1517.7 1391
-1517.5 1403
-1517.3 1417
-1517.1 1443
-1516.9 1329
-1516.7 1424
-1516.5 1415
-1516.3 1421
-1516.1 1392
-1515.9 1363
-1515.7 1374
-1515.5 1400
-1515.3 1405
-1515.1 1414
-1514.9 1424
-1514.7 1421
-1514.5 1395
-1514.3 1489
-1514.1 1469
-1513.9 1470
-1513.7 1439
-1513.5 1428
-1513.3 1427
-1513.1 1425
-1512.9 1423
-1512.7 1398
-1512.5 1453
-1512.3 1464
-1512.1 1426
-1511.9 1484
-1511.7 1424
-1511.5 1445
-1511.3 1401
-1511.1 1454
-1510.9 1391
-1510.7 1401
-1510.5 1352
-1510.3 1415
-1510.1 1465
-1509.9 1449
-1509.7 1429
-1509.5 1406
-1509.3 1387
-1509.1 1363
-1508.9 1410
-1508.7 1366
-1508.5 1388
-1508.3 1382
-1508.1 1405
-1507.9 1329
-1507.7 1449
-1507.5 1435
-1507.3 1363
-1507.1 1343
-1506.9 1314
-1506.7 1301
-1506.5 1334
-1506.3 1314
-1506.1 1379
-1505.9 1383
-1505.7 1292
-1505.5 1287
-1505.3 1341
-1505.1 1352
-1504.9 1270
-1504.7 1362
-1504.5 1277
-1504.3 1326
-1504.1 1319
-1503.9 1278
-1503.7 1339
-1503.5 1335
-1503.3 1309
-1503.1 1392
-1502.9 1355
-1502.7 1322
-1502.5 1338
-1502.3 1357
-1502.1 1305
-1501.9 1362
-1501.7 1344
-1501.5 1223
-1501.3 1272
-1501.1 1278
-1500.9 1304
-1500.7 1341
-1500.5 1356
-1500.3 1302
-1500.1 1343
-1499.9 1320
-1499.7 1366
-1499.5 1348
-1499.3 1335
-1499.1 1401
-1498.9 1382
-1498.7 1365
-1498.5 1321
-1498.3 1394
-1498.1 1402
-1497.9 1368
-1497.7 1423
-1497.5 1346
-1497.3 1387
-1497.1 1365
-1496.9 1352
-1496.7 1316
-1496.5 1359
-1496.3 1448
-1496.1 1414
-1495.9 1376
-1495.7 1347
-1495.5 1362
-1495.3 1307
-1495.1 1367
-1494.9 1365
-1494.7 1345
-1494.5 1434
-1494.3 1308
-1494.1 1357
-1493.9 1333
-1493.7 1336
-1493.5 1397
-1493.3 1313
-1493.1 1354
-1492.9 1320
-1492.7 1401
-1492.5 1437
-1492.3 1324
-1492.1 1380
-1491.9 1375
-1491.7 1360
-1491.5 1334
-1491.3 1352
-1491.1 1321
-1490.9 1354
-1490.7 1335
-1490.5 1381
-1490.3 1331
-1490.1 1387
-1489.9 1298
-1489.7 1265
-1489.5 1329
-1489.3 1334
-1489.1 1257
-1488.9 1371
-1488.7 1312
-1488.5 1321
-1488.3 1389
-1488.1 1351
-1487.9 1324
-1487.7 1344
-1487.5 1349
-1487.3 1404
-1487.1 1346
-1486.9 1319
-1486.7 1339
-1486.5 1315
-1486.3 1376
-1486.1 1254
-1485.9 1299
-1485.7 1304
-1485.5 1278
-1485.3 1280
-1485.1 1342
-1484.9 1290
-1484.7 1297
-1484.5 1267
-1484.3 1338
-1484.1 1311
-1483.9 1229
-1483.7 1307
-1483.5 1329
-1483.3 1330
-1483.1 1271
-1482.9 1295
-1482.7 1365
-1482.5 1329
-1482.3 1295
-1482.1 1320
-1481.9 1291
-1481.7 1331
-1481.5 1326
-1481.3 1284
-1481.1 1287
-1480.9 1274
-1480.7 1307
-1480.5 1251
-1480.3 1305
-1480.1 1363
-1479.9 1368
-1479.7 1330
-1479.5 1362
-1479.3 1346
-1479.1 1396
-1478.9 1313
-1478.7 1399
-1478.5 1318
-1478.3 1280
-1478.1 1334
-1477.9 1310
-1477.7 1367
-1477.5 1313
-1477.3 1303
-1477.1 1359
-1476.9 1368
-1476.7 1309
-1476.5 1347
-1476.3 1381
-1476.1 1272
-1475.9 1310
-1475.7 1355
-1475.5 1413
-1475.3 1299
-1475.1 1374
-1474.9 1320
-1474.7 1384
-1474.5 1367
-1474.3 1308
-1474.1 1299
-1473.9 1330
-1473.7 1336
-1473.5 1339
-1473.3 1390
-1473.1 1344
-1472.9 1365
-1472.7 1282
-1472.5 1315
-1472.3 1402
-1472.1 1321
-1471.9 1381
-1471.7 1367
-1471.5 1346
-1471.3 1355
-1471.1 1375
-1470.9 1325
-1470.7 1310
-1470.5 1310
-1470.3 1338
-1470.1 1353
-1469.9 1365
-1469.7 1351
-1469.5 1281
-1469.3 1369
-1469.1 1255
-1468.9 1388
-1468.7 1339
-1468.5 1261
-1468.3 1345
-1468.1 1395
-1467.9 1271
-1467.7 1358
-1467.5 1348
-1467.3 1282
-1467.1 1321
-1466.9 1302
-1466.7 1311
-1466.5 1290
-1466.3 1321
-1466.1 1338
-1465.9 1346
-1465.7 1370
-1465.5 1340
-1465.3 1280
-1465.1 1300
-1464.9 1298
-1464.7 1307
-1464.5 1307
-1464.3 1332
-1464.1 1301
-1463.9 1315
-1463.7 1315
-1463.5 1318
-1463.3 1347
-1463.1 1295
-1462.9 1374
-1462.7 1300
-1462.5 1306
-1462.3 1300
-1462.1 1299
-1461.9 1348
-1461.7 1311
-1461.5 1382
-1461.3 1285
-1461.1 1331
-1460.9 1326
-1460.7 1430
-1460.5 1307
-1460.3 1320
-1460.1 1347
-1459.9 1334
-1459.7 1298
-1459.5 1323
-1459.3 1298
-1459.1 1319
-1458.9 1293
-1458.7 1357
-1458.5 1359
-1458.3 1318
-1458.1 1254
-1457.9 1274
-1457.7 1310
-1457.5 1317
-1457.3 1233
-1457.1 1296
-1456.9 1360
-1456.7 1318
-1456.5 1318
-1456.3 1338
-1456.1 1328
-1455.9 1357
-1455.7 1270
-1455.5 1332
-1455.3 1322
-1455.1 1275
-1454.9 1294
-1454.7 1276
-1454.5 1326
-1454.3 1284
-1454.1 1329
-1453.9 1321
-1453.7 1354
-1453.5 1267
-1453.3 1278
-1453.1 1335
-1452.9 1345
-1452.7 1292
-1452.5 1254
-1452.3 1304
-1452.1 1321
-1451.9 1319
-1451.7 1371
-1451.5 1346
-1451.3 1342
-1451.1 1291
-1450.9 1420
-1450.7 1346
-1450.5 1319
-1450.3 1328
-1450.1 1378
-1449.9 1238
-1449.7 1273
-1449.5 1270
-1449.3 1320
-1449.1 1321
-1448.9 1331
-1448.7 1284
-1448.5 1340
-1448.3 1300
-1448.1 1305
-1447.9 1367
-1447.7 1344
-1447.5 1362
-1447.3 1260
-1447.1 1315
-1446.9 1310
-1446.7 1368
-1446.5 1342
-1446.3 1342
-1446.1 1313
-1445.9 1346
-1445.7 1361
-1445.5 1351
-1445.3 1333
-1445.1 1288
-1444.9 1276
-1444.7 1328
-1444.5 1302
-1444.3 1347
-1444.1 1288
-1443.9 1293
-1443.7 1392
-1443.5 1344
-1443.3 1263
-1443.1 1325
-1442.9 1261
-1442.7 1244
-1442.5 1305
-1442.3 1293
-1442.1 1268
-1441.9 1277
-1441.7 1310
-1441.5 1292
-1441.3 1335
-1441.1 1311
-1440.9 1283
-1440.7 1300
-1440.5 1321
-1440.3 1282
-1440.1 1249
-1439.9 1322
-1439.7 1297
-1439.5 1303
-1439.3 1324
-1439.1 1288
-1438.9 1278
-1438.7 1275
-1438.5 1323
-1438.3 1328
-1438.1 1278
-1437.9 1265
-1437.7 1242
-1437.5 1255
-1437.3 1286
-1437.1 1352
-1436.9 1297
-1436.7 1275
-1436.5 1240
-1436.3 1331
-1436.1 1276
-1435.9 1274
-1435.7 1291
-1435.5 1270
-1435.3 1350
-1435.1 1320
-1434.9 1306
-1434.7 1279
-1434.5 1364
-1434.3 1283
-1434.1 1261
-1433.9 1334
-1433.7 1327
-1433.5 1354
-1433.3 1300
-1433.1 1328
-1432.9 1287
-1432.7 1286
-1432.5 1369
-1432.3 1359
-1432.1 1355
-1431.9 1308
-1431.7 1398
-1431.5 1334
-1431.3 1386
-1431.1 1374
-1430.9 1315
-1430.7 1343
-1430.5 1358
-1430.3 1270
-1430.1 1326
-1429.9 1338
-1429.7 1370
-1429.5 1248
-1429.3 1324
-1429.1 1363
-1428.9 1381
-1428.7 1351
-1428.5 1311
-1428.3 1297
-1428.1 1340
-1427.9 1288
-1427.7 1365
-1427.5 1352
-1427.3 1311
-1427.1 1264
-1426.9 1360
-1426.7 1295
-1426.5 1282
-1426.3 1310
-1426.1 1254
-1425.9 1297
-1425.7 1309
-1425.5 1264
-1425.3 1299
-1425.1 1277
-1424.9 1313
-1424.7 1267
-1424.5 1360
-1424.3 1322
-1424.1 1337
-1423.9 1310
-1423.7 1304
-1423.5 1320
-1423.3 1357
-1423.1 1305
-1422.9 1333
-1422.7 1341
-1422.5 1223
-1422.3 1306
-1422.1 1280
-1421.9 1272
-1421.7 1300
-1421.5 1299
-1421.3 1289
-1421.1 1253
-1420.9 1319
-1420.7 1293
-1420.5 1286
-1420.3 1301
-1420.1 1301
-1419.9 1307
-1419.7 1322
-1419.5 1220
-1419.3 1287
-1419.1 1315
-1418.9 1314
-1418.7 1294
-1418.5 1287
-1418.3 1263
-1418.1 1274
-1417.9 1269
-1417.7 1340
-1417.5 1315
-1417.3 1378
-1417.1 1311
-1416.9 1306
-1416.7 1177
-1416.5 1301
-1416.3 1336
-1416.1 1339
-1415.9 1247
-1415.7 1275
-1415.5 1220
-1415.3 1316
-1415.1 1314
-1414.9 1306
-1414.7 1337
-1414.5 1305
-1414.3 1314
-1414.1 1219
-1413.9 1329
-1413.7 1355
-1413.5 1312
-1413.3 1250
-1413.1 1309
-1412.9 1337
-1412.7 1306
-1412.5 1361
-1412.3 1274
-1412.1 1272
-1411.9 1348
-1411.7 1315
-1411.5 1353
-1411.3 1284
-1411.1 1334
-1410.9 1262
-1410.7 1250
-1410.5 1305
-1410.3 1334
-1410.1 1359
-1409.9 1329
-1409.7 1290
-1409.5 1298
-1409.3 1367
-1409.1 1291
-1408.9 1278
-1408.7 1306
-1408.5 1296
-1408.3 1315
-1408.1 1275
-1407.9 1299
-1407.7 1279
-1407.5 1294
-1407.3 1315
-1407.1 1300
-1406.9 1267
-1406.7 1244
-1406.5 1257
-1406.3 1253
-1406.1 1251
-1405.9 1339
-1405.7 1237
-1405.5 1237
-1405.3 1288
-1405.1 1227
-1404.9 1295
-1404.7 1235
-1404.5 1294
-1404.3 1279
-1404.1 1289
-1403.9 1277
-1403.7 1328
-1403.5 1327
-1403.3 1239
-1403.1 1238
-1402.9 1294
-1402.7 1288
-1402.5 1293
-1402.3 1276
-1402.1 1253
-1401.9 1298
-1401.7 1273
-1401.5 1276
-1401.3 1355
-1401.1 1263
-1400.9 1319
-1400.7 1264
-1400.5 1311
-1400.3 1325
-1400.1 1318
-1399.9 1264
-1399.7 1300
-1399.5 1299
-1399.3 1300
-1399.1 1341
-1398.9 1357
-1398.7 1303
-1398.5 1284
-1398.3 1343
-1398.1 1270
-1397.9 1299
-1397.7 1368
-1397.5 1309
-1397.3 1292
-1397.1 1311
-1396.9 1329
-1396.7 1302
-1396.5 1306
-1396.3 1273
-1396.1 1345
-1395.9 1373
-1395.7 1324
-1395.5 1370
-1395.3 1319
-1395.1 1291
-1394.9 1278
-1394.7 1254
-1394.5 1331
-1394.3 1265
-1394.1 1307
-1393.9 1256
-1393.7 1325
-1393.5 1281
-1393.3 1218
-1393.1 1246
-1392.9 1353
-1392.7 1320
-1392.5 1319
-1392.3 1238
-1392.1 1254
-1391.9 1334
-1391.7 1284
-1391.5 1269
-1391.3 1333
-1391.1 1262
-1390.9 1273
-1390.7 1243
-1390.5 1272
-1390.3 1260
-1390.1 1250
-1389.9 1284
-1389.7 1307
-1389.5 1268
-1389.3 1301
-1389.1 1268
-1388.9 1363
-1388.7 1243
-1388.5 1244
-1388.3 1306
-1388.1 1254
-1387.9 1331
-1387.7 1228
-1387.5 1245
-1387.3 1375
-1387.1 1226
-1386.9 1243
-1386.7 1286
-1386.5 1268
-1386.3 1327
-1386.1 1253
-1385.9 1300
-1385.7 1322
-1385.5 1225
-1385.3 1283
-1385.1 1275
-1384.9 1267
-1384.7 1253
-1384.5 1332
-1384.3 1315
-1384.1 1280
-1383.9 1242
-1383.7 1268
-1383.5 1337
-1383.3 1262
-1383.1 1320
-1382.9 1292
-1382.7 1323
-1382.5 1296
-1382.3 1221
-1382.1 1259
-1381.9 1342
-1381.7 1300
-1381.5 1369
-1381.3 1336
-1381.1 1280
-1380.9 1216
-1380.7 1374
-1380.5 1282
-1380.3 1287
-1380.1 1258
-1379.9 1270
-1379.7 1321
-1379.5 1255
-1379.3 1223
-1379.1 1288
-1378.9 1246
-1378.7 1300
-1378.5 1273
-1378.3 1289
-1378.1 1320
-1377.9 1303
-1377.7 1338
-1377.5 1291
-1377.3 1276
-1377.1 1295
-1376.9 1303
-1376.7 1267
-1376.5 1231
-1376.3 1246
-1376.1 1313
-1375.9 1274
-1375.7 1256
-1375.5 1344
-1375.3 1327
-1375.1 1263
-1374.9 1241
-1374.7 1276
-1374.5 1304
-1374.3 1320
-1374.1 1281
-1373.9 1303
-1373.7 1296
-1373.5 1199
-1373.3 1224
-1373.1 1264
-1372.9 1252
-1372.7 1314
-1372.5 1287
-1372.3 1338
-1372.1 1358
-1371.9 1345
-1371.7 1321
-1371.5 1268
-1371.3 1265
-1371.1 1268
-1370.9 1273
-1370.7 1256
-1370.5 1292
-1370.3 1281
-1370.1 1295
-1369.9 1259
-1369.7 1270
-1369.5 1255
-1369.3 1294
-1369.1 1264
-1368.9 1308
-1368.7 1302
-1368.5 1218
-1368.3 1281
-1368.1 1273
-1367.9 1287
-1367.7 1282
-1367.5 1303
-1367.3 1292
-1367.1 1271
-1366.9 1303
-1366.7 1291
-1366.5 1215
-1366.3 1296
-1366.1 1342
-1365.9 1272
-1365.7 1344
-1365.5 1239
-1365.3 1239
-1365.1 1293
-1364.9 1286
-1364.7 1310
-1364.5 1281
-1364.3 1269
-1364.1 1319
-1363.9 1286
-1363.7 1276
-1363.5 1349
-1363.3 1281
-1363.1 1208
-1362.9 1263
-1362.7 1309
-1362.5 1248
-1362.3 1314
-1362.1 1273
-1361.9 1224
-1361.7 1249
-1361.5 1254
-1361.3 1260
-1361.1 1294
-1360.9 1258
-1360.7 1217
-1360.5 1258
-1360.3 1240
-1360.1 1281
-1359.9 1292
-1359.7 1255
-1359.5 1289
-1359.3 1282
-1359.1 1288
-1358.9 1233
-1358.7 1308
-1358.5 1187
-1358.3 1195
-1358.1 1226
-1357.9 1270
-1357.7 1244
-1357.5 1247
-1357.3 1283
-1357.1 1251
-1356.9 1252
-1356.7 1159
-1356.5 1271
-1356.3 1228
-1356.1 1215
-1355.9 1229
-1355.7 1202
-1355.5 1179
-1355.3 1168
-1355.1 1171
-1354.9 1207
-1354.7 1201
-1354.5 1154
-1354.3 1095
-1354.1 1127
-1353.9 1217
-1353.7 1196
-1353.5 1120
-1353.3 1108
-1353.1 1134
-1352.9 1212
-1352.7 1160
-1352.5 1105
-1352.3 1091
-1352.1 1063
-1351.9 1128
-1351.7 1092
-1351.5 1135
-1351.3 1079
-1351.1 1058
-1350.9 1039
-1350.7 1025
-1350.5 947
-1350.3 986
-1350.1 990
-1349.9 1021
-1349.7 1008
-1349.5 953
-1349.3 957
-1349.1 964
-1348.9 974
-1348.7 942
-1348.5 957
-1348.3 914
-1348.1 902
-1347.9 889
-1347.7 861
-1347.5 832
-1347.3 861
-1347.1 857
-1346.9 812
-1346.7 814
-1346.5 789
-1346.3 798
-1346.1 788
-1345.9 750
-1345.7 753
-1345.5 754
-1345.3 751
-1345.1 743
-1344.9 712
-1344.7 727
-1344.5 696
-1344.3 697
-1344.1 681
-1343.9 700
-1343.7 626
-1343.5 621
-1343.3 618
-1343.1 613
-1342.9 637
-1342.7 601
-1342.5 600
-1342.3 598
-1342.1 594
-1341.9 575
-1341.7 607
-1341.5 529
-1341.3 542
-1341.1 546
-1340.9 504
-1340.7 473
-1340.5 499
-1340.3 461
-1340.1 449
-1339.9 463
-1339.7 447
-1339.5 472
-1339.3 444
-1339.1 432
-1338.9 408
-1338.7 405
-1338.5 371
-1338.3 392
-1338.1 394
-1337.9 380
-1337.7 381
-1337.5 391
-1337.3 323
-1337.1 323
-1336.9 381
-1336.7 310
-1336.5 317
-1336.3 299
-1336.1 320
-1335.9 272
-1335.7 267
-1335.5 252
-1335.3 239
-1335.1 295
-1334.9 250
-1334.7 234
-1334.5 236
-1334.3 249
-1334.1 229
-1333.9 239
-1333.7 212
-1333.5 205
-1333.3 193
-1333.1 194
-1332.9 177
-1332.7 166
-1332.5 158
-1332.3 161
-1332.1 169
-1331.9 166
-1331.7 138
-1331.5 143
-1331.3 138
-1331.1 137
-1330.9 137
-1330.7 130
-1330.5 114
-1330.3 122
-1330.1 102
-1329.9 122
-1329.7 122
-1329.5 128
-1329.3 82
-1329.1 84
-1328.9 70
-1328.7 90
-1328.5 90
-1328.3 88
-1328.1 82
-1327.9 85
-1327.7 83
-1327.5 67
-1327.3 60
-1327.1 67
-1326.9 64
-1326.7 63
-1326.5 69
-1326.3 58
-1326.1 46
-1325.9 60
-1325.7 60
-1325.5 43
-1325.3 39
-1325.1 42
-1324.9 52
-1324.7 38
-1324.5 38
-1324.3 37
-1324.1 45
-1323.9 37
-1323.7 31
-1323.5 34
-1323.3 36
-1323.1 19
-1322.9 41
-1322.7 33
-1322.5 34
-1322.3 25
-1322.1 28
-1321.9 27
-1321.7 20
-1321.5 22
-1321.3 35
-1321.1 29
-1320.9 17
-1320.7 28
-1320.5 26
-1320.3 25
-1320.1 18
-1319.9 25
-1319.7 29
-1319.5 12
-1319.3 23
-1319.1 23
-1318.9 19
-1318.7 22
-1318.5 20
-1318.3 19
-1318.1 16
-1317.9 18
-1317.7 16
-1317.5 15
-1317.3 12
-1317.1 23
-1316.9 21
-1316.7 21
-1316.5 15
-1316.3 10
-1316.1 16
-1315.9 18
-1315.7 25
-1315.5 9
-1315.3 11
-1315.1 17
-1314.9 15
-1314.7 24
-1314.5 12
-1314.3 8
-1314.1 17
-1313.9 14
-1313.7 14
-1313.5 14
-1313.3 9
-1313.1 8
-1312.9 15
-1312.7 9
-1312.5 12
-1312.3 12
-1312.1 13
-1311.9 10
-1311.7 17
-1311.5 13
-1311.3 8
-1311.1 15
-1310.9 8
-1310.7 19
-1310.5 7
-1310.3 14
-1310.1 17
-1309.9 14
-1309.7 13
-1309.5 11
-1309.3 15
-1309.1 12
-1308.9 8
-1308.7 10
-1308.5 22
-1308.3 7
-1308.1 11
-1307.9 18
-1307.7 10
-1307.5 7
-1307.3 14
-1307.1 11
-1306.9 19
-1306.7 10
-1306.5 12
-1306.3 16
-1306.1 8
-1305.9 14
-1305.7 11
-1305.5 14
-1305.3 17
-1305.1 5
-1304.9 10
-1304.7 14
-1304.5 19
-1304.3 10
-1304.1 5
-1303.9 8
-1303.7 12
-1303.5 16
-1303.3 12
-1303.1 5
-1302.9 7
-1302.7 13
-1302.5 10
-1302.3 16
-1302.1 10
-1301.9 8
-1301.7 8
-1301.5 7
-1301.3 15
-1301.1 10
-1300.9 12
-1300.7 12
-1300.5 11
-1300.3 11
-1300.1 17
