-1589.9 0
-1589.7 4
-1589.5 7
-1589.3 6
-1589.1 4
-1588.9 9
-1588.7 4
-1588.5 2
-1588.3 5
-1588.1 10
-1587.9 7
-1587.7 9
-1587.5 7
-1587.3 10
-1587.1 9
-1586.9 15
-1586.7 11
-1586.5 10
-1586.3 10
-1586.1 9
-1585.9 9
-1585.7 7
-1585.5 12
-1585.3 8
-1585.1 13
-1584.9 12
-1584.7 16
-1584.5 7
-1584.3 8
-1584.1 13
-1583.9 11
-1583.7 5
-1583.5 12
-1583.3 6
-1583.1 22
-1582.9 20
-1582.7 22
-1582.5 12
-1582.3 16
-1582.1 17
-1581.9 20
-1581.7 19
-1581.5 27
-1581.3 26
-1581.1 29
-1580.9 29
-1580.7 38
-1580.5 35
-1580.3 49
-1580.1 36
-1579.9 51
-1579.7 70
-1579.5 55
-1579.3 57
-1579.1 87
-1578.9 92
-1578.7 96
-1578.5 90
-1578.3 108
-1578.1 133
-1577.9 131
-1577.7 153
-1577.5 157
-1577.3 175
-1577.1 174
-1576.9 193
-1576.7 212
-1576.5 200
-1576.3 282
-1576.1 264
-1575.9 296
-1575.7 287
-1575.5 325
-1575.3 317
-1575.1 363
-1574.9 356
-1574.7 403
-1574.5 409
-1574.3 422
-1574.1 446
-1573.9 459
-1573.7 447
-1573.5 498
-1573.3 513
-1573.1 518
-1572.9 510
-1572.7 542
-1572.5 562
-1572.3 574
-1572.1 649
-1571.9 572
-1571.7 637
-1571.5 718
-1571.3 673
-1571.1 682
-1570.9 736
-1570.7 709
-1570.5 747
-1570.3 736
-1570.1 815
-1569.9 824
-1569.7 794
-1569.5 845
-1569.3 893
-1569.1 837
-1568.9 913
-1568.7 897
-1568.5 861
-1568.3 924
-1568.1 972
-1567.9 1003
-1567.7 1028
-1567.5 1084
-1567.3 1086
-1567.1 1067
-1566.9 1061
-1566.7 1104
-1566.5 1127
-1566.3 1205
-1566.1 1117
-1565.9 1187
-1565.7 1183
-1565.5 1170
-1565.3 1233
-1565.1 1214
-1564.9 1229
-1564.7 1228
-1564.5 1292
-1564.3 1314
-1564.1 1284
-1563.9 1393
-1563.7 1323
-1563.5 1377
-1563.3 1396
-1563.1 1394
-1562.9 1415
-1562.7 1461
-1562.5 1391
-1562.3 1501
-1562.1 1554
-1561.9 1521
-1561.7 1516
-1561.5 1495
-1561.3 1536
-1561.1 1654
-1560.9 1619
-1560.7 1631
-1560.5 1537
-1560.3 1553
-1560.1 1665
-1559.9 1681
-1559.7 1686
-1559.5 1711
-1559.3 1634
-1559.1 1646
-1558.9 1672
-1558.7 1805
-1558.5 1753
-1558.3 1728
-1558.1 1744
-1557.9 1755
-1557.7 1760
-1557.5 1739
-1557.3 1654
-1557.1 1796
-1556.9 1732
-1556.7 1816
-1556.5 1790
-1556.3 1856
-1556.1 1766
-1555.9 1852
-1555.7 1815
-1555.5 1827
-1555.3 1828
-1555.1 1822
-1554.9 1837
-1554.7 1763
-1554.5 1846
-1554.3 1897
-1554.1 1904
-1553.9 1894
-1553.7 1833
-1553.5 1840
-1553.3 1887
-1553.1 1898
-1552.9 1959
-1552.7 1867
-1552.5 1861
-1552.3 1743
-1552.1 1866
-1551.9 1938
-1551.7 1963
-1551.5 1877
-1551.3 1925
-1551.1 1890
-1550.9 1928
-1550.7 1908
-1550.5 1871
-1550.3 1878
-1550.1 1884
-1549.9 1793
-1549.7 1879
-1549.5 1907
-1549.3 1888
-1549.1 1920
-1548.9 1926
-1548.7 1860
-1548.5 1879
-1548.3 1931
-1548.1 1775
-1547.9 1810
-1547.7 1875
-1547.5 1860
-1547.3 1959
-1547.1 1767
-1546.9 1817
-1546.7 1905
-1546.5 1821
-1546.3 1911
-1546.1 1813
-1545.9 1891
-1545.7 1819
-1545.5 1857
-1545.3 1879
-1545.1 1832
-1544.9 1864
-1544.7 1887
-1544.5 1880
-1544.3 1699
-1544.1 1826
-1543.9 1852
-1543.7 1790
-1543.5 1705
-1543.3 1756
-1543.1 1814
-1542.9 1792
-1542.7 1819
-1542.5 1770
-1542.3 1865
-1542.1 1797
-1541.9 1758
-1541.7 1777
-1541.5 1793
-1541.3 1795
-1541.1 1781
-1540.9 1754
-1540.7 1742
-1540.5 1816
-1540.3 1667
-1540.1 1702
-1539.9 1690
-1539.7 1734
-1539.5 1781
-1539.3 1738
-1539.1 1801
-1538.9 1838
-1538.7 1765
-1538.5 1657
-1538.3 1677
-1538.1 1684
-1537.9 1679
-1537.7 1716
-1537.5 1684
-1537.3 1742
-1537.1 1739
-1536.9 1681
-1536.7 1662
-1536.5 1795
-1536.3 1826
-1536.1 1768
-1535.9 1718
-1535.7 1741
-1535.5 1761
-1535.3 1806
-1535.1 1753
-1534.9 1755
-1534.7 1843
-1534.5 1811
-1534.3 1746
-1534.1 1760
-1533.9 1788
-1533.7 1762
-1533.5 1828
-1533.3 1760
-1533.1 1763
-1532.9 1817
-1532.7 1797
-1532.5 1824
-1532.3 1745
-1532.1 1750
-1531.9 1753
-1531.7 1747
-1531.5 1716
-1531.3 1735
-1531.1 1668
-1530.9 1694
-1530.7 1699
-1530.5 1659
-1530.3 1699
-1530.1 1622
-1529.9 1634
-1529.7 1604
-1529.5 1583
-1529.3 1629
-1529.1 1605
-1528.9 1627
-1528.7 1592
-1528.5 1597
-1528.3 1574
-1528.1 1509
-1527.9 1628
-1527.7 1475
-1527.5 1539
-1527.3 1563
-1527.1 1497
-1526.9 1519
-1526.7 1556
-1526.5 1532
-1526.3 1476
-1526.1 1434
-1525.9 1513
-1525.7 1532
-1525.5 1507
-1525.3 1496
-1525.1 1456
-1524.9 1469
-1524.7 1463
-1524.5 1502
-1524.3 1374
-1524.1 1495
-1523.9 1473
-1523.7 1408
-1523.5 1413
-1523.3 1424
-1523.1 1439
-1522.9 1461
-1522.7 1382
-1522.5 1422
-1522.3 1454
-1522.1 1590
-1521.9 1472
-1521.7 1479
-1521.5 1515
-1521.3 1489
-1521.1 1557
-1520.9 1510
-1520.7 1518
-1520.5 1569
-1520.3 1549
-1520.1 1582
-1519.9 1577
-1519.7 1598
-1519.5 1535
-1519.3 1661
-1519.1 1624
-1518.9 1689
-1518.7 1643
-1518.5 1704
-1518.3 1741
-1518.1 1751
-1517.9 1746
-1517.7 1781
-1517.5 1732
-1517.3 1830
-1517.1 1773
-1516.9 1754
-1516.7 1749
-1516.5 1819
-1516.3 1824
-1516.1 1842
-1515.9 1814
-1515.7 1790
-1515.5 1830
-1515.3 1701
-1515.1 1764
-1514.9 1694
-1514.7 1757
-1514.5 1707
-1514.3 1682
-1514.1 1760
-1513.9 1674
-1513.7 1661
-1513.5 1623
-1513.3 1611
-1513.1 1636
-1512.9 1632
-1512.7 1610
-1512.5 1614
-1512.3 1587
-1512.1 1463
-1511.9 1483
-1511.7 1603
-1511.5 1521
-1511.3 1400
-1511.1 1531
-1510.9 1467
-1510.7 1484
-1510.5 1500
-1510.3 1497
-1510.1 1458
-1509.9 1435
-1509.7 1436
-1509.5 1452
-1509.3 1418
-1509.1 1418
-1508.9 1462
-1508.7 1455
-1508.5 1395
-1508.3 1389
-1508.1 1368
-1507.9 1464
-1507.7 1438
-1507.5 1349
-1507.3 1357
-1507.1 1395
-1506.9 1360
-1506.7 1352
-1506.5 1367
-1506.3 1407
-1506.1 1321
-1505.9 1359
-1505.7 1342
-1505.5 1330
-1505.3 1381
-1505.1 1308
-1504.9 1428
-1504.7 1401
-1504.5 1390
-1504.3 1402
-1504.1 1417
-1503.9 1407
-1503.7 1449
-1503.5 1417
-1503.3 1440
-1503.1 1504
-1502.9 1486
-1502.7 1432
-1502.5 1455
-1502.3 1595
-1502.1 1484
-1501.9 1563
-1501.7 1551
-1501.5 1601
-1501.3 1608
-1501.1 1597
-1500.9 1645
-1500.7 1661
-1500.5 1649
-1500.3 1693
-1500.1 1675
-1499.9 1656
-1499.7 1739
-1499.5 1721
-1499.3 1730
-1499.1 1774
-1498.9 1776
-1498.7 1732
-1498.5 1728
-1498.3 1672
-1498.1 1734
-1497.9 1781
-1497.7 1697
-1497.5 1778
-1497.3 1795
-1497.1 1740
-1496.9 1744
-1496.7 1684
-1496.5 1664
-1496.3 1661
-1496.1 1694
-1495.9 1677
-1495.7 1672
-1495.5 1647
-1495.3 1622
-1495.1 1637
-1494.9 1626
-1494.7 1636
-1494.5 1547
-1494.3 1568
-1494.1 1549
-1493.9 1555
-1493.7 1567
-1493.5 1507
-1493.3 1519
-1493.1 1499
-1492.9 1430
-1492.7 1429
-1492.5 1382
-1492.3 1422
-1492.1 1404
-1491.9 1358
-1491.7 1392
-1491.5 1372
-1491.3 1355
-1491.1 1373
-1490.9 1321
-1490.7 1391
-1490.5 1325
-1490.3 1276
-1490.1 1290
-1489.9 1291
-1489.7 1356
-1489.5 1313
-1489.3 1290
-1489.1 1291
-1488.9 1298
-1488.7 1359
-1488.5 1296
-1488.3 1291
-1488.1 1322
-1487.9 1401
-1487.7 1308
-1487.5 1298
-1487.3 1338
-1487.1 1308
-1486.9 1349
-1486.7 1387
-1486.5 1423
-1486.3 1410
-1486.1 1361
-1485.9 1493
-1485.7 1410
-1485.5 1398
-1485.3 1514
-1485.1 1422
-1484.9 1578
-1484.7 1541
-1484.5 1483
-1484.3 1478
-1484.1 1510
-1483.9 1505
-1483.7 1589
-1483.5 1572
-1483.3 1612
-1483.1 1600
-1482.9 1607
-1482.7 1574
-1482.5 1621
-1482.3 1721
-1482.1 1710
-1481.9 1675
-1481.7 1640
-1481.5 1621
-1481.3 1653
-1481.1 1711
-1480.9 1706
-1480.7 1748
-1480.5 1676
-1480.3 1741
-1480.1 1713
-1479.9 1675
-1479.7 1681
-1479.5 1750
-1479.3 1695
-1479.1 1667
-1478.9 1669
-1478.7 1717
-1478.5 1691
-1478.3 1633
-1478.1 1590
-1477.9 1528
-1477.7 1576
-1477.5 1606
-1477.3 1632
-1477.1 1505
-1476.9 1500
-1476.7 1438
-1476.5 1472
-1476.3 1507
-1476.1 1517
-1475.9 1499
-1475.7 1449
-1475.5 1473
-1475.3 1375
-1475.1 1460
-1474.9 1405
-1474.7 1415
-1474.5 1438
-1474.3 1341
-1474.1 1413
-1473.9 1381
-1473.7 1355
-1473.5 1441
-1473.3 1335
-1473.1 1343
-1472.9 1336
-1472.7 1387
-1472.5 1376
-1472.3 1319
-1472.1 1349
-1471.9 1276
-1471.7 1337
-1471.5 1348
-1471.3 1406
-1471.1 1339
-1470.9 1403
-1470.7 1365
-1470.5 1326
-1470.3 1310
-1470.1 1446
-1469.9 1414
-1469.7 1403
-1469.5 1334
-1469.3 1432
-1469.1 1371
-1468.9 1414
-1468.7 1457
-1468.5 1471
-1468.3 1423
-1468.1 1504
-1467.9 1472
-1467.7 1480
-1467.5 1455
-1467.3 1427
-1467.1 1478
-1466.9 1534
-1466.7 1538
-1466.5 1522
-1466.3 1551
-1466.1 1489
-1465.9 1643
-1465.7 1514
-1465.5 1588
-1465.3 1608
-1465.1 1641
-1464.9 1585
-1464.7 1681
-1464.5 1655
-1464.3 1571
-1464.1 1568
-1463.9 1700
-1463.7 1643
-1463.5 1639
-1463.3 1660
-1463.1 1676
-1462.9 1645
-1462.7 1648
-1462.5 1650
-1462.3 1623
-1462.1 1709
-1461.9 1652
-1461.7 1645
-1461.5 1560
-1461.3 1578
-1461.1 1612
-1460.9 1605
-1460.7 1543
-1460.5 1615
-1460.3 1558
-1460.1 1540
-1459.9 1586
-1459.7 1513
-1459.5 1589
-1459.3 1582
-1459.1 1564
-1458.9 1501
-1458.7 1547
-1458.5 1492
-1458.3 1537
-1458.1 1490
-1457.9 1474
-1457.7 1481
-1457.5 1407
-1457.3 1396
-1457.1 1430
-1456.9 1364
-1456.7 1393
-1456.5 1441
-1456.3 1473
-1456.1 1329
-1455.9 1419
-1455.7 1394
-1455.5 1384
-1455.3 1409
-1455.1 1348
-1454.9 1388
-1454.7 1295
-1454.5 1397
-1454.3 1327
-1454.1 1337
-1453.9 1352
-1453.7 1405
-1453.5 1339
-1453.3 1317
-1453.1 1322
-1452.9 1369
-1452.7 1333
-1452.5 1430
-1452.3 1383
-1452.1 1379
-1451.9 1314
-1451.7 1363
-1451.5 1376
-1451.3 1442
-1451.1 1370
-1450.9 1384
-1450.7 1432
-1450.5 1454
-1450.3 1419
-1450.1 1392
-1449.9 1347
-1449.7 1468
-1449.5 1496
-1449.3 1484
-1449.1 1508
-1448.9 1515
-1448.7 1474
-1448.5 1439
-1448.3 1529
-1448.1 1484
-1447.9 1490
-1447.7 1608
-1447.5 1595
-1447.3 1519
-1447.1 1560
-1446.9 1542
-1446.7 1638
-1446.5 1501
-1446.3 1540
-1446.1 1566
-1445.9 1606
-1445.7 1582
-1445.5 1623
-1445.3 1529
-1445.1 1556
-1444.9 1622
-1444.7 1581
-1444.5 1667
-1444.3 1530
-1444.1 1622
-1443.9 1636
-1443.7 1625
-1443.5 1600
-1443.3 1611
-1443.1 1538
-1442.9 1555
-1442.7 1574
-1442.5 1592
-1442.3 1530
-1442.1 1577
-1441.9 1532
-1441.7 1593
-1441.5 1583
-1441.3 1505
-1441.1 1525
-1440.9 1487
-1440.7 1506
-1440.5 1521
-1440.3 1506
-1440.1 1538
-1439.9 1503
-1439.7 1412
-1439.5 1467
-1439.3 1466
-1439.1 1428
-1438.9 1383
-1438.7 1413
-1438.5 1384
-1438.3 1411
-1438.1 1441
-1437.9 1402
-1437.7 1445
-1437.5 1421
-1437.3 1444
-1437.1 1517
-1436.9 1341
-1436.7 1424
-1436.5 1423
-1436.3 1407
-1436.1 1437
-1435.9 1395
-1435.7 1378
-1435.5 1441
-1435.3 1470
-1435.1 1431
-1434.9 1377
-1434.7 1414
-1434.5 1391
-1434.3 1494
-1434.1 1365
-1433.9 1476
-1433.7 1467
-1433.5 1406
-1433.3 1471
-1433.1 1488
-1432.9 1412
-1432.7 1538
-1432.5 1491
-1432.3 1404
-1432.1 1417
-1431.9 1478
-1431.7 1438
-1431.5 1456
-1431.3 1447
-1431.1 1521
-1430.9 1460
-1430.7 1482
-1430.5 1500
-1430.3 1435
-1430.1 1456
-1429.9 1483
-1429.7 1512
-1429.5 1528
-1429.3 1484
-1429.1 1541
-1428.9 1520
-1428.7 1497
-1428.5 1546
-1428.3 1473
-1428.1 1507
-1427.9 1481
-1427.7 1516
-1427.5 1504
-1427.3 1432
-1427.1 1524
-1426.9 1477
-1426.7 1501
-1426.5 1465
-1426.3 1489
-1426.1 1490
-1425.9 1440
-1425.7 1432
-1425.5 1488
-1425.3 1503
-1425.1 1423
-1424.9 1474
-1424.7 1509
-1424.5 1452
-1424.3 1461
-1424.1 1467
-1423.9 1452
-1423.7 1439
-1423.5 1537
-1423.3 1411
-1423.1 1451
-1422.9 1456
-1422.7 1461
-1422.5 1492
-1422.3 1445
-1422.1 1472
-1421.9 1422
-1421.7 1411
-1421.5 1463
-1421.3 1405
-1421.1 1451
-1420.9 1484
-1420.7 1505
-1420.5 1476
-1420.3 1464
-1420.1 1387
-1419.9 1479
-1419.7 1423
-1419.5 1430
-1419.3 1473
-1419.1 1474
-1418.9 1513
-1418.7 1490
-1418.5 1459
-1418.3 1506
-1418.1 1434
-1417.9 1447
-1417.7 1518
-1417.5 1385
-1417.3 1492
-1417.1 1490
-1416.9 1488
-1416.7 1486
-1416.5 1482
-1416.3 1449
-1416.1 1465
-1415.9 1452
-1415.7 1445
-1415.5 1459
-1415.3 1499
-1415.1 1581
-1414.9 1450
-1414.7 1488
-1414.5 1505
-1414.3 1539
-1414.1 1412
-1413.9 1512
-1413.7 1440
-1413.5 1456
-1413.3 1481
-1413.1 1500
-1412.9 1446
-1412.7 1427
-1412.5 1434
-1412.3 1389
-1412.1 1440
-1411.9 1440
-1411.7 1506
-1411.5 1500
-1411.3 1417
-1411.1 1416
-1410.9 1512
-1410.7 1391
-1410.5 1495
-1410.3 1446
-1410.1 1477
-1409.9 1378
-1409.7 1441
-1409.5 1451
-1409.3 1423
-1409.1 1426
-1408.9 1478
-1408.7 1545
-1408.5 1419
-1408.3 1511
-1408.1 1502
-1407.9 1409
-1407.7 1372
-1407.5 1483
-1407.3 1406
-1407.1 1428
-1406.9 1455
-1406.7 1469
-1406.5 1429
-1406.3 1467
-1406.1 1519
-1405.9 1404
-1405.7 1490
-1405.5 1422
-1405.3 1491
-1405.1 1485
-1404.9 1435
-1404.7 1571
-1404.5 1536
-1404.3 1465
-1404.1 1495
-1403.9 1408
-1403.7 1435
-1403.5 1452
-1403.3 1400
-1403.1 1456
-1402.9 1433
-1402.7 1488
-1402.5 1413
-1402.3 1394
-1402.1 1475
-1401.9 1495
-1401.7 1328
-1401.5 1423
-1401.3 1466
-1401.1 1475
-1400.9 1516
-1400.7 1406
-1400.5 1490
-1400.3 1493
-1400.1 1452
-1399.9 1414
-1399.7 1378
-1399.5 1362
-1399.3 1460
-1399.1 1435
-1398.9 1388
-1398.7 1442
-1398.5 1451
-1398.3 1441
-1398.1 1480
-1397.9 1405
-1397.7 1343
-1397.5 1378
-1397.3 1454
-1397.1 1457
-1396.9 1364
-1396.7 1433
-1396.5 1405
-1396.3 1416
-1396.1 1370
-1395.9 1392
-1395.7 1496
-1395.5 1362
-1395.3 1483
-1395.1 1489
-1394.9 1493
-1394.7 1472
-1394.5 1424
-1394.3 1448
-1394.1 1433
-1393.9 1395
-1393.7 1381
-1393.5 1396
-1393.3 1435
-1393.1 1412
-1392.9 1439
-1392.7 1462
-1392.5 1480
-1392.3 1493
-1392.1 1444
-1391.9 1474
-1391.7 1460
-1391.5 1455
-1391.3 1505
-1391.1 1480
-1390.9 1534
-1390.7 1408
-1390.5 1477
-1390.3 1402
-1390.1 1480
-1389.9 1481
-1389.7 1374
-1389.5 1463
-1389.3 1514
-1389.1 1490
-1388.9 1473
-1388.7 1504
-1388.5 1437
-1388.3 1438
-1388.1 1452
-1387.9 1440
-1387.7 1410
-1387.5 1442
-1387.3 1466
-1387.1 1523
-1386.9 1454
-1386.7 1426
-1386.5 1512
-1386.3 1461
-1386.1 1458
-1385.9 1416
-1385.7 1487
-1385.5 1468
-1385.3 1430
-1385.1 1401
-1384.9 1427
-1384.7 1474
-1384.5 1478
-1384.3 1494
-1384.1 1457
-1383.9 1446
-1383.7 1465
-1383.5 1447
-1383.3 1418
-1383.1 1585
-1382.9 1487
-1382.7 1417
-1382.5 1459
-1382.3 1393
-1382.1 1378
-1381.9 1433
-1381.7 1515
-1381.5 1430
-1381.3 1462
-1381.1 1449
-1380.9 1537
-1380.7 1464
-1380.5 1482
-1380.3 1484
-1380.1 1450
-1379.9 1398
-1379.7 1497
-1379.5 1467
-1379.3 1433
-1379.1 1448
-1378.9 1506
-1378.7 1456
-1378.5 1448
-1378.3 1417
-1378.1 1504
-1377.9 1438
-1377.7 1493
-1377.5 1522
-1377.3 1489
-1377.1 1480
-1376.9 1475
-1376.7 1437
-1376.5 1484
-1376.3 1455
-1376.1 1430
-1375.9 1509
-1375.7 1388
-1375.5 1510
-1375.3 1413
-1375.1 1510
-1374.9 1475
-1374.7 1499
-1374.5 1426
-1374.3 1471
-1374.1 1469
-1373.9 1413
-1373.7 1471
-1373.5 1467
-1373.3 1498
-1373.1 1474
-1372.9 1492
-1372.7 1430
-1372.5 1430
-1372.3 1489
-1372.1 1462
-1371.9 1494
-1371.7 1427
-1371.5 1442
-1371.3 1451
-1371.1 1452
-1370.9 1450
-1370.7 1481
-1370.5 1472
-1370.3 1452
-1370.1 1433
-1369.9 1457
-1369.7 1418
-1369.5 1381
-1369.3 1495
-1369.1 1473
-1368.9 1494
-1368.7 1362
-1368.5 1426
-1368.3 1465
-1368.1 1418
-1367.9 1359
-1367.7 1424
-1367.5 1451
-1367.3 1388
-1367.1 1431
-1366.9 1428
-1366.7 1483
-1366.5 1434
-1366.3 1376
-1366.1 1424
-1365.9 1403
-1365.7 1410
-1365.5 1433
-1365.3 1422
-1365.1 1438
-1364.9 1418
-1364.7 1510
-1364.5 1455
-1364.3 1430
-1364.1 1392
-1363.9 1376
-1363.7 1403
-1363.5 1368
-1363.3 1488
-1363.1 1392
-1362.9 1416
-1362.7 1430
-1362.5 1457
-1362.3 1451
-1362.1 1415
-1361.9 1453
-1361.7 1383
-1361.5 1358
-1361.3 1407
-1361.1 1406
-1360.9 1412
-1360.7 1449
-1360.5 1379
-1360.3 1404
-1360.1 1339
-1359.9 1425
-1359.7 1344
-1359.5 1397
-1359.3 1393
-1359.1 1323
-1358.9 1360
-1358.7 1329
-1358.5 1383
-1358.3 1396
-1358.1 1371
-1357.9 1328
-1357.7 1340
-1357.5 1317
-1357.3 1284
-1357.1 1325
-1356.9 1279
-1356.7 1274
-1356.5 1324
-1356.3 1267
-1356.1 1245
-1355.9 1266
-1355.7 1302
-1355.5 1234
-1355.3 1267
-1355.1 1168
-1354.9 1171
-1354.7 1175
-1354.5 1159
-1354.3 1176
-1354.1 1197
-1353.9 1137
-1353.7 1095
-1353.5 1107
-1353.3 1129
-1353.1 1126
-1352.9 1103
-1352.7 1104
-1352.5 1135
-1352.3 1064
-1352.1 1109
-1351.9 1104
-1351.7 1044
-1351.5 1051
-1351.3 985
-1351.1 992
-1350.9 1014
-1350.7 986
-1350.5 926
-1350.3 999
-1350.1 945
-1349.9 959
-1349.7 944
-1349.5 944
-1349.3 919
-1349.1 899
-1348.9 884
-1348.7 896
-1348.5 869
-1348.3 817
-1348.1 892
-1347.9 876
-1347.7 842
-1347.5 864
-1347.3 825
-1347.1 770
-1346.9 753
-1346.7 757
-1346.5 805
-1346.3 787
-1346.1 782
-1345.9 729
-1345.7 730
-1345.5 739
-1345.3 717
-1345.1 667
-1344.9 720
-1344.7 661
-1344.5 619
-1344.3 657
-1344.1 645
-1343.9 612
-1343.7 641
-1343.5 607
-1343.3 620
-1343.1 593
-1342.9 560
-1342.7 558
-1342.5 564
-1342.3 536
-1342.1 538
-1341.9 500
-1341.7 500
-1341.5 472
-1341.3 483
-1341.1 469
-1340.9 469
-1340.7 437
-1340.5 448
-1340.3 436
-1340.1 418
-1339.9 411
-1339.7 414
-1339.5 370
-1339.3 373
-1339.1 370
-1338.9 365
-1338.7 340
-1338.5 322
-1338.3 299
-1338.1 331
-1337.9 296
-1337.7 323
-1337.5 291
-1337.3 262
-1337.1 273
-1336.9 273
-1336.7 253
-1336.5 239
-1336.3 258
-1336.1 241
-1335.9 215
-1335.7 191
-1335.5 209
-1335.3 211
-1335.1 166
-1334.9 196
-1334.7 178
-1334.5 154
-1334.3 174
-1334.1 172
-1333.9 152
-1333.7 163
-1333.5 141
-1333.3 141
-1333.1 136
-1332.9 124
-1332.7 132
-1332.5 138
-1332.3 125
-1332.1 119
-1331.9 109
-1331.7 108
-1331.5 103
-1331.3 117
-1331.1 102
-1330.9 103
-1330.7 93
-1330.5 87
-1330.3 94
-1330.1 94
-1329.9 85
-1329.7 86
-1329.5 76
-1329.3 86
-1329.1 65
-1328.9 76
-1328.7 72
-1328.5 70
-1328.3 47
-1328.1 60
-1327.9 53
-1327.7 48
-1327.5 63
-1327.3 61
-1327.1 43
-1326.9 41
-1326.7 43
-1326.5 47
-1326.3 34
-1326.1 68
-1325.9 48
-1325.7 47
-1325.5 47
-1325.3 40
-1325.1 40
-1324.9 49
-1324.7 32
-1324.5 38
-1324.3 41
-1324.1 33
-1323.9 43
-1323.7 22
-1323.5 35
-1323.3 36
-1323.1 33
-1322.9 28
-1322.7 27
-1322.5 28
-1322.3 30
-1322.1 18
-1321.9 17
-1321.7 26
-1321.5 21
-1321.3 18
-1321.1 24
-1320.9 15
-1320.7 27
-1320.5 12
-1320.3 23
-1320.1 23
-1319.9 14
-1319.7 14
-1319.5 14
-1319.3 12
-1319.1 14
-1318.9 20
-1318.7 21
-1318.5 18
-1318.3 22
-1318.1 22
-1317.9 18
-1317.7 19
-1317.5 22
-1317.3 26
-1317.1 20
-1316.9 21
-1316.7 19
-1316.5 13
-1316.3 14
-1316.1 20
-1315.9 13
-1315.7 19
-1315.5 17
-1315.3 27
-1315.1 18
-1314.9 18
-1314.7 17
-1314.5 14
-1314.3 21
-1314.1 13
-1313.9 23
-1313.7 18
-1313.5 18
-1313.3 20
-1313.1 13
-1312.9 18
-1312.7 20
-1312.5 9
-1312.3 14
-1312.1 21
-1311.9 15
-1311.7 19
-1311.5 11
-1311.3 20
-1311.1 15
-1310.9 13
-1310.7 19
-1310.5 19
-1310.3 13
-1310.1 14
-1309.9 11
-1309.7 15
-1309.5 12
-1309.3 11
-1309.1 21
-1308.9 9
-1308.7 20
-1308.5 14
-1308.3 15
-1308.1 18
-1307.9 12
-1307.7 13
-1307.5 8
-1307.3 13
-1307.1 9
-1306.9 11
-1306.7 21
-1306.5 10
-1306.3 14
-1306.1 18
-1305.9 18
-1305.7 8
-1305.5 16
-1305.3 9
-1305.1 17
-1304.9 16
-1304.7 16
-1304.5 15
-1304.3 12
-1304.1 17
-1303.9 13
-1303.7 9
-1303.5 20
-1303.3 14
-1303.1 16
-1302.9 9
-1302.7 10
-1302.5 4
-1302.3 10
-1302.1 16
-1301.9 10
-1301.7 10
-1301.5 16
-1301.3 16
-1301.1 7
-1300.9 18
-1300.7 17
-1300.5 18
-1300.3 12
-1300.1 16
