1289
-207.5 8.62279e-07
-207.3 8.62279e-07
-207.1 8.62279e-07
-206.9 8.62279e-07
-206.7 8.62279e-07
-206.5 8.62279e-07
-206.3 1.72456e-06
-206.1 2.58684e-06
-205.9 2.58684e-06
-205.7 3.44912e-06
-205.5 3.44912e-06
-205.3 3.44912e-06
-205.1 4.3114e-06
-204.9 4.3114e-06
-204.7 4.3114e-06
-204.5 5.17368e-06
-204.3 5.17368e-06
-204.1 6.03596e-06
-203.9 6.03596e-06
-203.7 6.03596e-06
-203.5 6.03596e-06
-203.3 6.03596e-06
-203.1 6.03596e-06
-202.9 6.89823e-06
-202.7 6.89823e-06
-202.5 7.76051e-06
-202.3 7.76051e-06
-202.1 9.48507e-06
-201.9 1.03474e-05
-201.7 1.03474e-05
-201.5 1.12096e-05
-201.3 1.46587e-05
-201.1 1.89701e-05
-200.9 2.1557e-05
-200.7 3.44912e-05
-200.5 4.05271e-05
-200.3 5.00122e-05
-200.1 6.46709e-05
-199.9 8.10543e-05
-199.7 0.000123306
-199.5 0.000157797
-199.3 0.000224193
-199.1 0.000305247
-198.9 0.000429415
-198.7 0.000569104
-198.5 0.000748458
-198.3 0.000976962
-198.1 0.00127704
-197.9 0.00166334
-197.7 0.002135
-197.5 0.00269117
-197.3 0.00340255
-197.1 0.00423983
-196.9 0.00520903
-196.7 0.00633085
-196.5 0.00761479
-196.3 0.00910567
-196.1 0.0108
-195.9 0.0125556
-195.7 0.0145044
-195.5 0.0165282
-195.3 0.0187037
-195.1 0.0209077
-194.9 0.0231591
-194.7 0.0252889
-194.5 0.0275705
-194.3 0.0299349
-194.1 0.0322398
-193.9 0.0345334
-193.7 0.0367676
-193.5 0.0389526
-193.3 0.0411506
-193.1 0.0432778
-192.9 0.0453826
-192.7 0.0474805
-192.5 0.0495164
-192.3 0.0514988
-192.1 0.0534717
-191.9 0.0554359
-191.7 0.0574054
-191.5 0.0593472
-191.3 0.0611304
-191.1 0.0630749
-190.9 0.064902
-190.7 0.0667085
-190.5 0.0685262
-190.3 0.0702904
-190.1 0.0720805
-189.9 0.0738706
-189.7 0.0755857
-189.5 0.0772757
-189.3 0.0789572
-189.1 0.0806317
-188.9 0.0823192
-188.7 0.0840515
-188.5 0.0856838
-188.3 0.0872842
-188.1 0.0889864
-187.9 0.090679
-187.7 0.0922906
-187.5 0.0939419
-187.3 0.0955466
-187.1 0.0971884
-186.9 0.0987267
-186.7 0.100324
-186.5 0.101956
-186.3 0.103503
-186.1 0.105121
-185.9 0.106683
-185.7 0.10827
-185.5 0.109808
-185.3 0.111396
-185.1 0.112953
-184.9 0.114551
-184.7 0.116129
-184.5 0.117684
-184.3 0.119166
-184.1 0.120761
-183.9 0.122224
-183.7 0.123738
-183.5 0.125244
-183.3 0.126693
-183.1 0.128061
-182.9 0.129497
-182.7 0.130922
-182.5 0.132369
-182.3 0.133758
-182.1 0.135127
-181.9 0.13646
-181.7 0.137831
-181.5 0.139153
-181.3 0.140358
-181.1 0.141647
-180.9 0.142939
-180.7 0.144173
-180.5 0.145372
-180.3 0.146594
-180.1 0.147815
-179.9 0.149025
-179.7 0.150268
-179.5 0.151442
-179.3 0.152641
-179.1 0.153797
-178.9 0.15493
-178.7 0.156023
-178.5 0.157102
-178.3 0.158189
-178.1 0.159272
-177.9 0.160376
-177.7 0.161396
-177.5 0.162417
-177.3 0.163461
-177.1 0.16449
-176.9 0.165549
-176.7 0.166547
-176.5 0.167599
-176.3 0.168642
-176.1 0.16965
-175.9 0.17069
-175.7 0.171688
-175.5 0.172669
-175.3 0.173655
-175.1 0.17461
-174.9 0.175594
-174.7 0.176585
-174.5 0.177586
-174.3 0.178532
-174.1 0.179525
-173.9 0.180472
-173.7 0.181415
-173.5 0.182376
-173.3 0.183332
-173.1 0.184256
-172.9 0.185197
-172.7 0.186127
-172.5 0.187042
-172.3 0.187992
-172.1 0.188975
-171.9 0.189927
-171.7 0.190852
-171.5 0.191749
-171.3 0.192651
-171.1 0.193578
-170.9 0.194492
-170.7 0.195349
-170.5 0.196255
-170.3 0.197162
-170.1 0.198066
-169.9 0.198974
-169.7 0.199869
-169.5 0.200739
-169.3 0.201679
-169.1 0.202597
-168.9 0.2035
-168.7 0.204381
-168.5 0.205284
-168.3 0.20616
-168.1 0.207056
-167.9 0.20799
-167.7 0.208868
-167.5 0.209755
-167.3 0.210653
-167.1 0.21153
-166.9 0.212375
-166.7 0.213306
-166.5 0.214249
-166.3 0.215139
-166.1 0.216067
-165.9 0.216956
-165.7 0.217865
-165.5 0.218699
-165.3 0.219563
-165.1 0.220448
-164.9 0.221388
-164.7 0.222278
-164.5 0.223104
-164.3 0.223992
-164.1 0.224818
-163.9 0.225676
-163.7 0.226535
-163.5 0.227397
-163.3 0.228226
-163.1 0.229133
-162.9 0.230008
-162.7 0.230944
-162.5 0.231803
-162.3 0.232652
-162.1 0.233512
-161.9 0.234399
-161.7 0.235242
-161.5 0.236096
-161.3 0.236924
-161.1 0.237786
-160.9 0.238662
-160.7 0.239522
-160.5 0.24036
-160.3 0.241265
-160.1 0.242153
-159.9 0.243065
-159.7 0.243927
-159.5 0.244736
-159.3 0.245543
-159.1 0.246437
-158.9 0.247258
-158.7 0.248082
-158.5 0.248881
-158.3 0.249763
-158.1 0.250635
-157.9 0.251558
-157.7 0.252423
-157.5 0.253231
-157.3 0.254079
-157.1 0.254883
-156.9 0.255687
-156.7 0.256582
-156.5 0.257415
-156.3 0.258304
-156.1 0.259124
-155.9 0.259938
-155.7 0.260804
-155.5 0.261606
-155.3 0.262411
-155.1 0.263232
-154.9 0.264008
-154.7 0.264797
-154.5 0.265607
-154.3 0.266432
-154.1 0.267254
-153.9 0.268007
-153.7 0.268818
-153.5 0.269635
-153.3 0.270421
-153.1 0.271201
-152.9 0.271979
-152.7 0.272775
-152.5 0.273541
-152.3 0.27437
-152.1 0.275176
-151.9 0.275985
-151.7 0.276752
-151.5 0.277484
-151.3 0.278242
-151.1 0.279026
-150.9 0.279748
-150.7 0.280522
-150.5 0.281303
-150.3 0.282087
-150.1 0.28287
-149.9 0.283633
-149.7 0.284332
-149.5 0.285095
-149.3 0.285907
-149.1 0.286666
-148.9 0.287407
-148.7 0.288174
-148.5 0.288952
-148.3 0.289743
-148.1 0.290531
-147.9 0.291345
-147.7 0.292112
-147.5 0.292949
-147.3 0.293723
-147.1 0.2945
-146.9 0.295273
-146.7 0.296058
-146.5 0.296853
-146.3 0.297629
-146.1 0.298449
-145.9 0.299236
-145.7 0.300012
-145.5 0.300827
-145.3 0.301613
-145.1 0.302424
-144.9 0.303227
-144.7 0.304027
-144.5 0.304846
-144.3 0.30562
-144.1 0.306468
-143.9 0.30729
-143.7 0.308166
-143.5 0.308996
-143.3 0.309856
-143.1 0.310739
-142.9 0.31157
-142.7 0.312395
-142.5 0.313236
-142.3 0.31409
-142.1 0.314969
-141.9 0.315828
-141.7 0.316702
-141.5 0.317566
-141.3 0.318446
-141.1 0.319351
-140.9 0.320165
-140.7 0.321051
-140.5 0.321901
-140.3 0.322797
-140.1 0.32364
-139.9 0.324483
-139.7 0.325368
-139.5 0.326243
-139.3 0.327111
-139.1 0.327979
-138.9 0.328827
-138.7 0.32977
-138.5 0.330659
-138.3 0.331499
-138.1 0.33237
-137.9 0.333286
-137.7 0.33422
-137.5 0.335111
-137.3 0.335995
-137.1 0.336904
-136.9 0.337833
-136.7 0.338699
-136.5 0.339589
-136.3 0.340474
-136.1 0.341365
-135.9 0.342263
-135.7 0.343133
-135.5 0.344061
-135.3 0.34497
-135.1 0.345892
-134.9 0.346808
-134.7 0.347663
-134.5 0.348557
-134.3 0.349464
-134.1 0.350295
-133.9 0.3512
-133.7 0.352038
-133.5 0.352949
-133.3 0.353794
-133.1 0.354669
-132.9 0.355592
-132.7 0.356459
-132.5 0.357356
-132.3 0.358227
-132.1 0.359124
-131.9 0.360042
-131.7 0.360917
-131.5 0.361803
-131.3 0.362683
-131.1 0.363573
-130.9 0.364457
-130.7 0.365362
-130.5 0.366226
-130.3 0.36709
-130.1 0.367973
-129.9 0.368846
-129.7 0.369733
-129.5 0.370587
-129.3 0.371466
-129.1 0.372345
-128.9 0.373202
-128.7 0.37406
-128.5 0.374878
-128.3 0.375755
-128.1 0.376682
-127.9 0.377559
-127.7 0.378403
-127.5 0.379277
-127.3 0.380155
-127.1 0.381019
-126.9 0.38187
-126.7 0.382745
-126.5 0.383594
-126.3 0.384471
-126.1 0.385329
-125.9 0.386193
-125.7 0.387022
-125.5 0.387885
-125.3 0.388728
-125.1 0.389588
-124.9 0.390478
-124.7 0.391321
-124.5 0.392177
-124.3 0.393057
-124.1 0.393918
-123.9 0.394792
-123.7 0.395662
-123.5 0.396525
-123.3 0.397363
-123.1 0.398268
-122.9 0.399092
-122.7 0.399872
-122.5 0.400702
-122.3 0.401514
-122.1 0.402358
-121.9 0.403163
-121.7 0.404045
-121.5 0.404926
-121.3 0.405776
-121.1 0.406595
-120.9 0.407445
-120.7 0.408288
-120.5 0.409113
-120.3 0.409999
-120.1 0.410832
-119.9 0.411692
-119.7 0.412574
-119.5 0.413396
-119.3 0.414229
-119.1 0.41507
-118.9 0.415904
-118.7 0.416759
-118.5 0.417623
-118.3 0.41845
-118.1 0.419297
-117.9 0.420161
-117.7 0.420982
-117.5 0.421837
-117.3 0.422669
-117.1 0.423496
-116.9 0.424372
-116.7 0.425202
-116.5 0.426074
-116.3 0.426931
-116.1 0.427779
-115.9 0.428606
-115.7 0.429469
-115.5 0.43029
-115.3 0.431103
-115.1 0.43194
-114.9 0.432768
-114.7 0.43357
-114.5 0.434389
-114.3 0.435238
-114.1 0.4361
-113.9 0.43691
-113.7 0.437734
-113.5 0.438564
-113.3 0.439427
-113.1 0.440237
-112.9 0.441102
-112.7 0.441924
-112.5 0.442724
-112.3 0.443537
-112.1 0.44438
-111.9 0.445172
-111.7 0.44603
-111.5 0.446839
-111.3 0.44765
-111.1 0.448459
-110.9 0.449286
-110.7 0.450158
-110.5 0.450954
-110.3 0.451794
-110.1 0.452689
-109.9 0.453504
-109.7 0.454364
-109.5 0.455181
-109.3 0.455953
-109.1 0.456766
-108.9 0.457597
-108.7 0.458418
-108.5 0.459287
-108.3 0.460104
-108.1 0.460948
-107.9 0.461757
-107.7 0.462615
-107.5 0.46341
-107.3 0.464222
-107.1 0.46501
-106.9 0.465836
-106.7 0.466607
-106.5 0.467442
-106.3 0.468265
-106.1 0.46907
-105.9 0.469893
-105.7 0.470723
-105.5 0.471525
-105.3 0.472377
-105.1 0.473172
-104.9 0.473999
-104.7 0.474793
-104.5 0.475663
-104.3 0.476535
-104.1 0.477357
-103.9 0.478187
-103.7 0.479058
-103.5 0.479877
-103.3 0.480664
-103.1 0.481501
-102.9 0.482344
-102.7 0.483176
-102.5 0.483977
-102.3 0.484756
-102.1 0.485614
-101.9 0.48644
-101.7 0.487271
-101.5 0.488092
-101.3 0.488913
-101.1 0.48977
-100.9 0.490582
-100.7 0.491406
-100.5 0.492184
-100.3 0.49298
-100.1 0.493778
-99.9 0.4946
-99.7 0.495356
-99.5 0.496155
-99.3 0.496961
-99.1 0.497721
-98.9 0.49853
-98.7 0.49931
-98.5 0.500118
-98.3 0.500939
-98.1 0.501728
-97.9 0.502501
-97.7 0.503312
-97.5 0.504181
-97.3 0.504922
-97.1 0.505727
-96.9 0.50658
-96.7 0.50733
-96.5 0.508115
-96.3 0.508959
-96.1 0.509747
-95.9 0.510534
-95.7 0.511307
-95.5 0.512107
-95.3 0.512882
-95.1 0.513657
-94.9 0.514446
-94.7 0.515285
-94.5 0.516067
-94.3 0.516842
-94.1 0.517662
-93.9 0.518488
-93.7 0.519279
-93.5 0.520107
-93.3 0.520964
-93.1 0.521759
-92.9 0.522527
-92.7 0.523326
-92.5 0.524122
-92.3 0.524894
-92.1 0.525712
-91.9 0.526499
-91.7 0.52728
-91.5 0.528098
-91.3 0.528868
-91.1 0.529657
-90.9 0.530404
-90.7 0.531169
-90.5 0.531929
-90.3 0.532733
-90.1 0.533496
-89.9 0.534291
-89.7 0.535133
-89.5 0.535943
-89.3 0.536784
-89.1 0.537616
-88.9 0.538413
-88.7 0.539219
-88.5 0.539993
-88.3 0.540804
-88.1 0.541578
-87.9 0.542419
-87.7 0.543253
-87.5 0.54406
-87.3 0.544874
-87.1 0.545651
-86.9 0.546457
-86.7 0.547276
-86.5 0.548079
-86.3 0.548869
-86.1 0.549662
-85.9 0.550484
-85.7 0.551284
-85.5 0.552075
-85.3 0.552887
-85.1 0.553686
-84.9 0.5545
-84.7 0.555323
-84.5 0.5561
-84.3 0.556925
-84.1 0.557704
-83.9 0.558517
-83.7 0.559309
-83.5 0.560104
-83.3 0.560886
-83.1 0.561686
-82.9 0.562506
-82.7 0.563328
-82.5 0.564107
-82.3 0.564932
-82.1 0.565728
-81.9 0.566567
-81.7 0.567396
-81.5 0.568219
-81.3 0.569052
-81.1 0.569856
-80.9 0.570682
-80.7 0.571464
-80.5 0.572273
-80.3 0.573092
-80.1 0.573904
-79.9 0.574701
-79.7 0.575528
-79.5 0.5764
-79.3 0.577243
-79.1 0.578094
-78.9 0.5789
-78.7 0.579744
-78.5 0.580562
-78.3 0.581405
-78.1 0.582233
-77.9 0.583044
-77.7 0.583914
-77.5 0.584798
-77.3 0.585624
-77.1 0.586453
-76.9 0.587297
-76.7 0.588154
-76.5 0.588971
-76.3 0.589792
-76.1 0.59061
-75.9 0.591427
-75.7 0.592241
-75.5 0.593094
-75.3 0.593929
-75.1 0.594755
-74.9 0.595647
-74.7 0.59644
-74.5 0.597269
-74.3 0.598076
-74.1 0.598904
-73.9 0.599718
-73.7 0.600553
-73.5 0.601375
-73.3 0.602223
-73.1 0.60306
-72.9 0.603888
-72.7 0.604748
-72.5 0.605594
-72.3 0.606431
-72.1 0.607207
-71.9 0.608026
-71.7 0.608872
-71.5 0.609694
-71.3 0.610539
-71.1 0.611353
-70.9 0.612156
-70.7 0.612965
-70.5 0.613782
-70.3 0.614575
-70.1 0.61538
-69.9 0.616206
-69.7 0.617078
-69.5 0.617921
-69.3 0.618758
-69.1 0.619586
-68.9 0.620445
-68.7 0.621249
-68.5 0.622089
-68.3 0.622903
-68.1 0.623725
-67.9 0.624529
-67.7 0.625397
-67.5 0.626227
-67.3 0.627062
-67.1 0.627901
-66.9 0.628708
-66.7 0.629576
-66.5 0.630404
-66.3 0.631262
-66.1 0.6321
-65.9 0.632918
-65.7 0.633783
-65.5 0.634639
-65.3 0.635511
-65.1 0.636372
-64.9 0.637222
-64.7 0.638055
-64.5 0.638877
-64.3 0.639691
-64.1 0.640497
-63.9 0.641333
-63.7 0.642116
-63.5 0.642972
-63.3 0.643814
-63.1 0.644613
-62.9 0.64544
-62.7 0.64629
-62.5 0.647113
-62.3 0.647959
-62.1 0.648751
-61.9 0.649553
-61.7 0.650387
-61.5 0.651223
-61.3 0.652025
-61.1 0.652796
-60.9 0.653602
-60.7 0.654485
-60.5 0.655292
-60.3 0.656144
-60.1 0.65697
-59.9 0.657803
-59.7 0.658626
-59.5 0.659429
-59.3 0.660198
-59.1 0.660955
-58.9 0.661793
-58.7 0.662634
-58.5 0.663405
-58.3 0.664231
-58.1 0.664994
-57.9 0.665806
-57.7 0.666663
-57.5 0.667434
-57.3 0.668241
-57.1 0.669028
-56.9 0.669864
-56.7 0.670677
-56.5 0.671489
-56.3 0.672312
-56.1 0.673112
-55.9 0.673911
-55.7 0.674705
-55.5 0.675499
-55.3 0.676332
-55.1 0.677145
-54.9 0.677968
-54.7 0.678769
-54.5 0.679583
-54.3 0.680411
-54.1 0.681279
-53.9 0.682141
-53.7 0.682979
-53.5 0.68378
-53.3 0.684566
-53.1 0.685385
-52.9 0.686225
-52.7 0.687043
-52.5 0.687855
-52.3 0.688722
-52.1 0.689557
-51.9 0.690338
-51.7 0.691177
-51.5 0.691995
-51.3 0.692877
-51.1 0.693671
-50.9 0.694505
-50.7 0.695341
-50.5 0.696183
-50.3 0.697044
-50.1 0.697893
-49.9 0.698678
-49.7 0.699486
-49.5 0.700313
-49.3 0.701163
-49.1 0.702017
-48.9 0.70284
-48.7 0.703697
-48.5 0.704523
-48.3 0.705368
-48.1 0.706223
-47.9 0.707091
-47.7 0.707942
-47.5 0.708785
-47.3 0.709645
-47.1 0.710457
-46.9 0.711275
-46.7 0.712095
-46.5 0.712915
-46.3 0.713791
-46.1 0.714618
-45.9 0.715442
-45.7 0.716275
-45.5 0.717046
-45.3 0.717871
-45.1 0.718683
-44.9 0.719526
-44.7 0.720327
-44.5 0.721161
-44.3 0.721945
-44.1 0.722774
-43.9 0.723605
-43.7 0.724447
-43.5 0.725314
-43.3 0.726122
-43.1 0.726969
-42.9 0.727753
-42.7 0.728573
-42.5 0.72938
-42.3 0.730208
-42.1 0.73104
-41.9 0.731896
-41.7 0.732715
-41.5 0.733531
-41.3 0.734295
-41.1 0.735111
-40.9 0.735949
-40.7 0.736765
-40.5 0.73758
-40.3 0.738384
-40.1 0.739177
-39.9 0.739997
-39.7 0.740782
-39.5 0.7416
-39.3 0.742416
-39.1 0.743269
-38.9 0.74408
-38.7 0.744931
-38.5 0.745781
-38.3 0.746612
-38.1 0.747419
-37.9 0.748285
-37.7 0.749083
-37.5 0.749849
-37.3 0.750675
-37.1 0.751438
-36.9 0.752238
-36.7 0.753073
-36.5 0.753879
-36.3 0.754732
-36.1 0.755552
-35.9 0.756372
-35.7 0.757158
-35.5 0.757975
-35.3 0.758789
-35.1 0.759549
-34.9 0.760361
-34.7 0.761145
-34.5 0.761945
-34.3 0.762727
-34.1 0.763506
-33.9 0.764307
-33.7 0.765141
-33.5 0.765923
-33.3 0.76671
-33.1 0.767535
-32.9 0.768359
-32.7 0.769191
-32.5 0.770021
-32.3 0.770847
-32.1 0.771619
-31.9 0.772394
-31.7 0.7732
-31.5 0.773993
-31.3 0.774796
-31.1 0.775594
-30.9 0.7764
-30.7 0.777259
-30.5 0.778084
-30.3 0.778902
-30.1 0.77968
-29.9 0.780498
-29.7 0.78131
-29.5 0.782162
-29.3 0.783059
-29.1 0.783884
-28.9 0.784674
-28.7 0.785477
-28.5 0.786313
-28.3 0.787078
-28.1 0.78788
-27.9 0.78873
-27.7 0.789549
-27.5 0.790355
-27.3 0.791189
-27.1 0.792005
-26.9 0.792776
-26.7 0.793538
-26.5 0.794344
-26.3 0.795142
-26.1 0.795952
-25.9 0.796814
-25.7 0.797633
-25.5 0.798462
-25.3 0.799284
-25.1 0.800137
-24.9 0.800959
-24.7 0.801806
-24.5 0.802575
-24.3 0.803455
-24.1 0.804292
-23.9 0.80508
-23.7 0.805887
-23.5 0.806674
-23.3 0.807517
-23.1 0.808348
-22.9 0.809178
-22.7 0.810021
-22.5 0.810804
-22.3 0.811605
-22.1 0.812425
-21.9 0.813178
-21.7 0.814021
-21.5 0.814831
-21.3 0.815557
-21.1 0.81636
-20.9 0.8172
-20.7 0.818046
-20.5 0.818877
-20.3 0.819653
-20.1 0.820463
-19.9 0.821312
-19.7 0.822118
-19.5 0.822935
-19.3 0.823718
-19.1 0.824546
-18.9 0.825411
-18.7 0.826281
-18.5 0.827083
-18.3 0.827891
-18.1 0.828762
-17.9 0.829602
-17.7 0.830421
-17.5 0.831215
-17.3 0.831981
-17.1 0.83274
-16.9 0.833617
-16.7 0.834423
-16.5 0.835288
-16.3 0.836094
-16.1 0.836883
-15.9 0.837673
-15.7 0.838469
-15.5 0.839279
-15.3 0.840098
-15.1 0.840953
-14.9 0.841731
-14.7 0.842568
-14.5 0.843326
-14.3 0.844166
-14.1 0.844963
-13.9 0.845744
-13.7 0.846487
-13.5 0.847298
-13.3 0.848099
-13.1 0.8489
-12.9 0.8497
-12.7 0.850527
-12.5 0.851351
-12.3 0.852157
-12.1 0.85297
-11.9 0.85378
-11.7 0.85459
-11.5 0.855385
-11.3 0.8562
-11.1 0.857006
-10.9 0.857876
-10.7 0.858696
-10.5 0.859512
-10.3 0.860308
-10.1 0.861144
-9.9 0.861949
-9.7 0.86275
-9.5 0.863563
-9.3 0.864369
-9.1 0.86522
-8.9 0.866031
-8.7 0.866802
-8.5 0.86764
-8.3 0.868477
-8.1 0.869291
-7.9 0.870047
-7.7 0.87087
-7.5 0.871692
-7.3 0.872481
-7.1 0.873266
-6.9 0.874096
-6.7 0.874894
-6.5 0.875658
-6.3 0.876455
-6.1 0.87727
-5.9 0.878069
-5.7 0.878869
-5.5 0.879718
-5.3 0.880485
-5.1 0.881254
-4.9 0.88204
-4.7 0.882812
-4.5 0.883639
-4.3 0.884458
-4.1 0.885297
-3.9 0.886094
-3.7 0.88688
-3.5 0.887718
-3.3 0.888531
-3.1 0.889355
-2.9 0.890183
-2.7 0.890985
-2.5 0.891781
-2.3 0.892564
-2.1 0.89341
-1.9 0.894203
-1.7 0.894988
-1.5 0.895746
-1.3 0.89656
-1.1 0.897397
-0.899999 0.89821
-0.699999 0.899029
-0.499999 0.899802
-0.299999 0.900646
-0.0999994 0.901418
0.100001 0.902241
0.300001 0.90303
0.500001 0.903871
0.700001 0.904678
0.900001 0.905488
1.1 0.906317
1.3 0.907084
1.5 0.907894
1.7 0.908678
1.9 0.90951
2.1 0.9103
2.3 0.91112
2.5 0.911916
2.7 0.912736
2.9 0.91354
3.1 0.914348
3.3 0.915197
3.5 0.916039
3.7 0.916857
3.9 0.917645
4.1 0.91844
4.3 0.919273
4.5 0.920063
4.7 0.920821
4.9 0.921623
5.1 0.922473
5.3 0.923326
5.5 0.924194
5.7 0.924996
5.9 0.925795
6.1 0.926594
6.3 0.92744
6.5 0.928236
6.7 0.929042
6.9 0.92986
7.1 0.930619
7.3 0.931426
7.5 0.932254
7.7 0.933093
7.9 0.933918
8.1 0.934794
8.3 0.935601
8.5 0.936431
8.7 0.93723
8.9 0.938072
9.1 0.938901
9.3 0.939699
9.5 0.940482
9.7 0.941287
9.9 0.942057
10.1 0.942869
10.3 0.943685
10.5 0.944553
10.7 0.945365
10.9 0.946164
11.1 0.946931
11.3 0.947709
11.5 0.948516
11.7 0.949292
11.9 0.950079
12.1 0.950866
12.3 0.951649
12.5 0.952398
12.7 0.953113
12.9 0.953868
13.1 0.954641
13.3 0.955431
13.5 0.956201
13.7 0.956934
13.9 0.957714
14.1 0.958434
14.3 0.959162
14.5 0.959877
14.7 0.96062
14.9 0.961346
15.1 0.962092
15.3 0.962825
15.5 0.963492
15.7 0.964178
15.9 0.964937
16.1 0.965673
16.3 0.966352
16.5 0.967033
16.7 0.967693
16.9 0.968352
17.1 0.969073
17.3 0.9697
17.5 0.970363
17.7 0.971043
17.9 0.971706
18.1 0.972376
18.3 0.973041
18.5 0.97364
18.7 0.97431
18.9 0.974921
19.1 0.975508
19.3 0.976144
19.5 0.97673
19.7 0.977344
19.9 0.977948
20.1 0.978529
20.3 0.979089
20.5 0.979641
20.7 0.980193
20.9 0.980756
21.1 0.981276
21.3 0.981803
21.5 0.982308
21.7 0.982819
21.9 0.983272
22.1 0.983773
22.3 0.984224
22.5 0.984667
22.7 0.985121
22.9 0.98559
23.1 0.986042
23.3 0.98649
23.5 0.986925
23.7 0.987355
23.9 0.987811
24.1 0.988232
24.3 0.988641
24.5 0.989054
24.7 0.989418
24.9 0.989806
25.1 0.990158
25.3 0.990524
25.5 0.990868
25.7 0.991192
25.9 0.99152
26.1 0.991801
26.3 0.992121
26.5 0.992427
26.7 0.992728
26.9 0.992997
27.1 0.993293
27.3 0.993567
27.5 0.993817
27.7 0.994087
27.9 0.994303
28.1 0.994553
28.3 0.994788
28.5 0.995005
28.7 0.995237
28.9 0.995441
29.1 0.995647
29.3 0.995851
29.5 0.99605
29.7 0.99622
29.9 0.996404
30.1 0.996586
30.3 0.996735
30.5 0.996906
30.7 0.997045
30.9 0.997198
31.1 0.997345
31.3 0.997479
31.5 0.997622
31.7 0.997774
31.9 0.997903
32.1 0.998007
32.3 0.998113
32.5 0.998237
32.7 0.998333
32.9 0.998428
33.1 0.99853
33.3 0.99862
33.5 0.998686
33.7 0.998765
33.9 0.998832
34.1 0.998918
34.3 0.998996
34.5 0.999059
34.7 0.999136
34.9 0.999189
35.1 0.999234
35.3 0.999286
35.5 0.999336
35.7 0.999378
35.9 0.999411
36.1 0.999448
36.3 0.999488
36.5 0.999531
36.7 0.999574
36.9 0.999603
37.1 0.99963
37.3 0.999667
37.5 0.999696
37.7 0.999709
37.9 0.999734
38.1 0.999754
38.3 0.999771
38.5 0.99979
38.7 0.999809
38.9 0.999825
39.1 0.999836
39.3 0.999853
39.5 0.999865
39.7 0.999878
39.9 0.999888
40.1 0.999894
40.3 0.9999
40.5 0.999907
40.7 0.999915
40.9 0.999919
41.1 0.999923
41.3 0.999928
41.5 0.999931
41.7 0.999934
41.9 0.999941
42.1 0.999943
42.3 0.999948
42.5 0.999953
42.7 0.999958
42.9 0.999961
43.1 0.999962
43.3 0.999964
43.5 0.999966
43.7 0.999969
43.9 0.999972
44.1 0.999975
44.3 0.999977
44.5 0.999978
44.7 0.99998
44.9 0.999983
45.1 0.999983
45.3 0.999983
45.5 0.999983
45.7 0.999984
45.9 0.999984
46.1 0.999984
46.3 0.999986
46.5 0.999987
46.7 0.999988
46.9 0.999988
47.1 0.999991
47.3 0.999991
47.5 0.999991
47.7 0.999993
47.9 0.999993
48.1 0.999993
48.3 0.999994
48.5 0.999994
48.7 0.999994
48.9 0.999994
49.1 0.999996
49.3 0.999997
49.5 0.999997
49.7 0.999997
49.9 0.999998
50.1 1
