1298
-209.5 8.65199e-07
-209.3 8.65199e-07
-209.1 1.7304e-06
-208.9 1.7304e-06
-208.7 1.7304e-06
-208.5 1.7304e-06
-208.3 1.7304e-06
-208.1 1.7304e-06
-207.9 1.7304e-06
-207.7 1.7304e-06
-207.5 3.4608e-06
-207.3 3.4608e-06
-207.1 3.4608e-06
-206.9 3.4608e-06
-206.7 3.4608e-06
-206.5 3.4608e-06
-206.3 3.4608e-06
-206.1 3.4608e-06
-205.9 3.4608e-06
-205.7 3.4608e-06
-205.5 3.4608e-06
-205.3 3.4608e-06
-205.1 3.4608e-06
-204.9 5.1912e-06
-204.7 6.0564e-06
-204.5 6.0564e-06
-204.3 6.0564e-06
-204.1 6.0564e-06
-203.9 6.92159e-06
-203.7 7.78679e-06
-203.5 7.78679e-06
-203.3 7.78679e-06
-203.1 7.78679e-06
-202.9 8.65199e-06
-202.7 8.65199e-06
-202.5 9.51719e-06
-202.3 9.51719e-06
-202.1 1.03824e-05
-201.9 1.03824e-05
-201.7 1.03824e-05
-201.5 1.03824e-05
-201.3 1.03824e-05
-201.1 1.12476e-05
-200.9 1.12476e-05
-200.7 1.21128e-05
-200.5 1.2978e-05
-200.3 1.2978e-05
-200.1 1.2978e-05
-199.9 1.2978e-05
-199.7 1.2978e-05
-199.5 1.47084e-05
-199.3 1.47084e-05
-199.1 1.47084e-05
-198.9 1.55736e-05
-198.7 1.55736e-05
-198.5 1.64388e-05
-198.3 1.81692e-05
-198.1 1.98996e-05
-197.9 2.5956e-05
-197.7 3.37428e-05
-197.5 4.58556e-05
-197.3 6.14292e-05
-197.1 8.73851e-05
-196.9 0.000125454
-196.7 0.000212839
-196.5 0.000337428
-196.3 0.000474994
-196.1 0.000667934
-195.9 0.000943932
-195.7 0.0012952
-195.5 0.00174338
-195.3 0.00235507
-195.1 0.0030853
-194.9 0.00400587
-194.7 0.00506315
-194.5 0.00630125
-194.3 0.00773315
-194.1 0.00931387
-193.9 0.0110114
-193.7 0.0128828
-193.5 0.0148927
-193.3 0.0170098
-193.1 0.0191919
-192.9 0.0213583
-192.7 0.0234737
-192.5 0.0256791
-192.3 0.0279407
-192.1 0.0302275
-191.9 0.0324182
-191.7 0.0345448
-191.5 0.0367416
-191.3 0.0388622
-191.1 0.0408911
-190.9 0.0429044
-190.7 0.0449731
-190.5 0.0470063
-190.3 0.0489192
-190.1 0.050878
-189.9 0.0528446
-189.7 0.0548026
-189.5 0.056719
-189.3 0.0586138
-189.1 0.0605259
-188.9 0.0623783
-188.7 0.0641857
-188.5 0.0659922
-188.3 0.0678238
-188.1 0.0696485
-187.9 0.0714707
-187.7 0.0732218
-187.5 0.0749003
-187.3 0.0766549
-187.1 0.0784329
-186.9 0.0801893
-186.7 0.0818556
-186.5 0.0835324
-186.3 0.0852922
-186.1 0.0869975
-185.9 0.0886656
-185.7 0.0903502
-185.5 0.0920148
-185.3 0.0937599
-185.1 0.0954211
-184.9 0.0971065
-184.7 0.0987106
-184.5 0.100352
-184.3 0.102016
-184.1 0.103605
-183.9 0.105219
-183.7 0.106767
-183.5 0.108421
-183.3 0.109965
-183.1 0.111532
-182.9 0.11311
-182.7 0.114629
-182.5 0.11617
-182.3 0.117705
-182.1 0.119246
-181.9 0.12081
-181.7 0.122274
-181.5 0.123722
-181.3 0.125237
-181.1 0.126686
-180.9 0.128141
-180.7 0.129654
-180.5 0.131083
-180.3 0.132521
-180.1 0.133947
-179.9 0.135315
-179.7 0.136625
-179.5 0.137989
-179.3 0.139305
-179.1 0.140626
-178.9 0.141938
-178.7 0.143229
-178.5 0.144514
-178.3 0.145801
-178.1 0.147076
-177.9 0.148373
-177.7 0.149581
-177.5 0.150872
-177.3 0.152098
-177.1 0.153261
-176.9 0.1544
-176.7 0.155614
-176.5 0.156752
-176.3 0.157878
-176.1 0.158943
-175.9 0.160023
-175.7 0.161115
-175.5 0.162269
-175.3 0.163321
-175.1 0.164413
-174.9 0.165529
-174.7 0.16659
-174.5 0.167649
-174.3 0.168636
-174.1 0.169665
-173.9 0.170719
-173.7 0.171758
-173.5 0.172734
-173.3 0.173764
-173.1 0.174766
-172.9 0.175777
-172.7 0.17678
-172.5 0.17773
-172.3 0.178735
-172.1 0.179698
-171.9 0.180677
-171.7 0.181656
-171.5 0.182602
-171.3 0.183581
-171.1 0.184516
-170.9 0.185481
-170.7 0.186439
-170.5 0.187358
-170.3 0.188322
-170.1 0.189313
-169.9 0.190305
-169.7 0.191269
-169.5 0.192148
-169.3 0.193059
-169.1 0.194058
-168.9 0.195017
-168.7 0.195887
-168.5 0.196829
-168.3 0.197762
-168.1 0.198707
-167.9 0.199648
-167.7 0.200569
-167.5 0.201563
-167.3 0.202446
-167.1 0.203382
-166.9 0.204344
-166.7 0.205284
-166.5 0.206195
-166.3 0.207071
-166.1 0.207963
-165.9 0.208893
-165.7 0.209773
-165.5 0.210659
-165.3 0.211571
-165.1 0.21253
-164.9 0.213444
-164.7 0.214339
-164.5 0.215209
-164.3 0.216097
-164.1 0.216975
-163.9 0.217866
-163.7 0.218791
-163.5 0.219684
-163.3 0.220587
-163.1 0.221528
-162.9 0.222407
-162.7 0.223261
-162.5 0.224145
-162.3 0.225023
-162.1 0.225891
-161.9 0.226775
-161.7 0.227622
-161.5 0.228443
-161.3 0.229354
-161.1 0.230235
-160.9 0.231151
-160.7 0.232052
-160.5 0.232932
-160.3 0.233775
-160.1 0.234633
-159.9 0.235499
-159.7 0.236411
-159.5 0.237371
-159.3 0.238243
-159.1 0.239119
-158.9 0.240012
-158.7 0.240901
-158.5 0.241748
-158.3 0.242594
-158.1 0.243471
-157.9 0.244324
-157.7 0.245198
-157.5 0.246056
-157.3 0.246929
-157.1 0.247759
-156.9 0.248588
-156.7 0.249441
-156.5 0.250276
-156.3 0.251136
-156.1 0.252047
-155.9 0.252874
-155.7 0.253753
-155.5 0.2546
-155.3 0.255454
-155.1 0.256263
-154.9 0.257129
-154.7 0.257968
-154.5 0.258827
-154.3 0.25967
-154.1 0.260489
-153.9 0.261335
-153.7 0.262152
-153.5 0.26297
-153.3 0.26378
-153.1 0.264585
-152.9 0.265443
-152.7 0.266228
-152.5 0.267025
-152.3 0.267848
-152.1 0.268689
-151.9 0.269511
-151.7 0.270276
-151.5 0.271075
-151.3 0.271841
-151.1 0.272626
-150.9 0.273395
-150.7 0.274183
-150.5 0.274921
-150.3 0.275703
-150.1 0.276469
-149.9 0.277261
-149.7 0.27806
-149.5 0.278761
-149.3 0.279547
-149.1 0.280334
-148.9 0.281128
-148.7 0.281889
-148.5 0.282648
-148.3 0.283412
-148.1 0.284177
-147.9 0.284944
-147.7 0.285746
-147.5 0.286493
-147.3 0.28729
-147.1 0.288059
-146.9 0.288859
-146.7 0.289606
-146.5 0.29037
-146.3 0.291165
-146.1 0.291969
-145.9 0.29277
-145.7 0.293484
-145.5 0.294295
-145.3 0.295062
-145.1 0.295851
-144.9 0.296662
-144.7 0.297406
-144.5 0.29815
-144.3 0.298952
-144.1 0.299783
-143.9 0.300603
-143.7 0.30147
-143.5 0.302281
-143.3 0.303102
-143.1 0.303943
-142.9 0.30477
-142.7 0.305569
-142.5 0.306375
-142.3 0.307186
-142.1 0.308059
-141.9 0.308894
-141.7 0.309663
-141.5 0.310454
-141.3 0.311255
-141.1 0.312062
-140.9 0.312956
-140.7 0.313834
-140.5 0.314696
-140.3 0.315528
-140.1 0.316351
-139.9 0.317217
-139.7 0.318046
-139.5 0.318875
-139.3 0.319749
-139.1 0.320562
-138.9 0.321416
-138.7 0.322287
-138.5 0.323165
-138.3 0.324022
-138.1 0.324867
-137.9 0.325817
-137.7 0.326683
-137.5 0.327576
-137.3 0.328459
-137.1 0.329351
-136.9 0.330271
-136.7 0.331133
-136.5 0.332004
-136.3 0.332853
-136.1 0.333723
-135.9 0.334609
-135.7 0.3355
-135.5 0.336364
-135.3 0.337231
-135.1 0.338138
-134.9 0.339035
-134.7 0.339961
-134.5 0.340843
-134.3 0.341735
-134.1 0.342654
-133.9 0.343548
-133.7 0.344447
-133.5 0.345356
-133.3 0.34624
-133.1 0.347173
-132.9 0.348074
-132.7 0.348926
-132.5 0.349743
-132.3 0.350616
-132.1 0.35146
-131.9 0.352359
-131.7 0.353286
-131.5 0.354154
-131.3 0.355054
-131.1 0.355923
-130.9 0.356862
-130.7 0.357737
-130.5 0.358617
-130.3 0.359494
-130.1 0.360384
-129.9 0.361278
-129.7 0.362171
-129.5 0.363049
-129.3 0.363931
-129.1 0.364784
-128.9 0.365642
-128.7 0.366489
-128.5 0.367326
-128.3 0.368227
-128.1 0.369127
-127.9 0.370001
-127.7 0.37085
-127.5 0.371686
-127.3 0.372562
-127.1 0.373497
-126.9 0.374407
-126.7 0.375236
-126.5 0.376142
-126.3 0.37698
-126.1 0.377851
-125.9 0.378673
-125.7 0.379553
-125.5 0.38042
-125.3 0.381325
-125.1 0.38221
-124.9 0.383098
-124.7 0.383996
-124.5 0.384893
-124.3 0.385746
-124.1 0.386629
-123.9 0.387489
-123.7 0.38835
-123.5 0.389231
-123.3 0.390067
-123.1 0.390939
-122.9 0.391806
-122.7 0.392661
-122.5 0.393557
-122.3 0.3944
-122.1 0.395263
-121.9 0.396095
-121.7 0.396988
-121.5 0.397898
-121.3 0.398725
-121.1 0.399584
-120.9 0.400409
-120.7 0.401318
-120.5 0.402196
-120.3 0.40306
-120.1 0.403952
-119.9 0.404776
-119.7 0.405645
-119.5 0.406506
-119.3 0.407345
-119.1 0.408224
-118.9 0.409052
-118.7 0.409848
-118.5 0.410704
-118.3 0.411561
-118.1 0.412428
-117.9 0.413283
-117.7 0.414144
-117.5 0.415012
-117.3 0.415855
-117.1 0.416706
-116.9 0.417583
-116.7 0.418421
-116.5 0.419324
-116.3 0.420094
-116.1 0.420919
-115.9 0.421741
-115.7 0.422578
-115.5 0.423431
-115.3 0.424245
-115.1 0.42512
-114.9 0.425997
-114.7 0.426818
-114.5 0.427643
-114.3 0.428467
-114.1 0.429311
-113.9 0.430183
-113.7 0.431032
-113.5 0.431946
-113.3 0.432744
-113.1 0.433602
-112.9 0.434401
-112.7 0.435289
-112.5 0.436164
-112.3 0.437021
-112.1 0.437898
-111.9 0.438736
-111.7 0.439586
-111.5 0.440439
-111.3 0.441291
-111.1 0.442158
-110.9 0.443044
-110.7 0.443883
-110.5 0.44475
-110.3 0.445596
-110.1 0.44645
-109.9 0.447274
-109.7 0.44807
-109.5 0.448959
-109.3 0.449817
-109.1 0.450661
-108.9 0.45146
-108.7 0.452268
-108.5 0.453138
-108.3 0.454004
-108.1 0.454805
-107.9 0.455651
-107.7 0.456509
-107.5 0.457369
-107.3 0.458202
-107.1 0.459011
-106.9 0.459823
-106.7 0.460662
-106.5 0.461533
-106.3 0.462366
-106.1 0.463195
-105.9 0.464073
-105.7 0.464932
-105.5 0.465726
-105.3 0.466568
-105.1 0.467363
-104.9 0.468248
-104.7 0.469072
-104.5 0.469872
-104.3 0.470731
-104.1 0.471575
-103.9 0.472407
-103.7 0.473211
-103.5 0.473997
-103.3 0.474853
-103.1 0.47562
-102.9 0.47649
-102.7 0.477308
-102.5 0.478126
-102.3 0.478956
-102.1 0.479836
-101.9 0.480626
-101.7 0.481489
-101.5 0.482323
-101.3 0.483122
-101.1 0.48397
-100.9 0.484784
-100.7 0.485629
-100.5 0.486412
-100.3 0.487256
-100.1 0.488101
-99.9 0.488919
-99.7 0.489774
-99.5 0.490602
-99.3 0.491369
-99.1 0.492234
-98.9 0.493055
-98.7 0.493941
-98.5 0.494775
-98.3 0.495608
-98.1 0.496453
-97.9 0.497286
-97.7 0.498125
-97.5 0.498974
-97.3 0.499808
-97.1 0.500658
-96.9 0.501512
-96.7 0.502327
-96.5 0.503151
-96.3 0.503957
-96.1 0.504738
-95.9 0.505547
-95.7 0.506341
-95.5 0.507137
-95.3 0.507895
-95.1 0.508695
-94.9 0.509518
-94.7 0.510359
-94.5 0.511158
-94.3 0.511992
-94.1 0.512839
-93.9 0.513633
-93.7 0.514442
-93.5 0.515246
-93.3 0.516061
-93.1 0.516804
-92.9 0.517631
-92.7 0.518446
-92.5 0.519236
-92.3 0.520051
-92.1 0.520847
-91.9 0.521702
-91.7 0.522487
-91.5 0.523272
-91.3 0.524071
-91.1 0.524843
-90.9 0.525665
-90.7 0.526463
-90.5 0.527268
-90.3 0.528104
-90.1 0.528896
-89.9 0.529713
-89.7 0.530517
-89.5 0.531296
-89.3 0.532078
-89.1 0.532905
-88.9 0.53368
-88.7 0.534477
-88.5 0.53528
-88.3 0.536081
-88.1 0.536877
-87.9 0.537666
-87.7 0.538473
-87.5 0.539268
-87.3 0.540088
-87.1 0.540875
-86.9 0.541656
-86.7 0.542458
-86.5 0.543267
-86.3 0.544097
-86.1 0.544879
-85.9 0.545704
-85.7 0.546482
-85.5 0.547217
-85.3 0.548013
-85.1 0.548856
-84.9 0.54967
-84.7 0.5505
-84.5 0.55133
-84.3 0.552109
-84.1 0.552936
-83.9 0.553733
-83.7 0.554534
-83.5 0.555308
-83.3 0.556092
-83.1 0.556915
-82.9 0.557701
-82.7 0.558478
-82.5 0.559303
-82.3 0.56012
-82.1 0.560968
-81.9 0.561814
-81.7 0.562623
-81.5 0.563433
-81.3 0.564224
-81.1 0.565045
-80.9 0.565859
-80.7 0.566598
-80.5 0.567425
-80.3 0.568242
-80.1 0.569053
-79.9 0.569838
-79.7 0.570687
-79.5 0.571535
-79.3 0.572341
-79.1 0.573137
-78.9 0.574013
-78.7 0.574812
-78.5 0.575595
-78.3 0.576383
-78.1 0.577214
-77.9 0.578016
-77.7 0.578821
-77.5 0.57966
-77.3 0.580422
-77.1 0.581233
-76.9 0.582013
-76.7 0.582823
-76.5 0.583625
-76.3 0.584421
-76.1 0.585236
-75.9 0.586089
-75.7 0.586915
-75.5 0.587708
-75.3 0.588552
-75.1 0.58938
-74.9 0.590185
-74.7 0.590993
-74.5 0.591821
-74.3 0.592637
-74.1 0.593451
-73.9 0.594269
-73.7 0.595028
-73.5 0.595853
-73.3 0.596661
-73.1 0.597505
-72.9 0.598335
-72.7 0.599147
-72.5 0.6
-72.3 0.600801
-72.1 0.601622
-71.9 0.602466
-71.7 0.60331
-71.5 0.604125
-71.3 0.604979
-71.1 0.605824
-70.9 0.606642
-70.7 0.607456
-70.5 0.608307
-70.3 0.609127
-70.1 0.609976
-69.9 0.610827
-69.7 0.611656
-69.5 0.612522
-69.3 0.613382
-69.1 0.614164
-68.9 0.614934
-68.7 0.615759
-68.5 0.616587
-68.3 0.617449
-68.1 0.618276
-67.9 0.619124
-67.7 0.619974
-67.5 0.62081
-67.3 0.621637
-67.1 0.622494
-66.9 0.623384
-66.7 0.624245
-66.5 0.62509
-66.3 0.625961
-66.1 0.626859
-65.9 0.627682
-65.7 0.62856
-65.5 0.62943
-65.3 0.630296
-65.1 0.631199
-64.9 0.632039
-64.7 0.632908
-64.5 0.633746
-64.3 0.634563
-64.1 0.635386
-63.9 0.636231
-63.7 0.637059
-63.5 0.637892
-63.3 0.638759
-63.1 0.639602
-62.9 0.640481
-62.7 0.641306
-62.5 0.642109
-62.3 0.642928
-62.1 0.643795
-61.9 0.644613
-61.7 0.645482
-61.5 0.646328
-61.3 0.647128
-61.1 0.64798
-60.9 0.648817
-60.7 0.649629
-60.5 0.650472
-60.3 0.651279
-60.1 0.652121
-59.9 0.652897
-59.7 0.653788
-59.5 0.654628
-59.3 0.655438
-59.1 0.656317
-58.9 0.657189
-58.7 0.658043
-58.5 0.658848
-58.3 0.659666
-58.1 0.660504
-57.9 0.661346
-57.7 0.662119
-57.5 0.662927
-57.3 0.663726
-57.1 0.664529
-56.9 0.6654
-56.7 0.666236
-56.5 0.666994
-56.3 0.667826
-56.1 0.668626
-55.9 0.669451
-55.7 0.670273
-55.5 0.671093
-55.3 0.671974
-55.1 0.672754
-54.9 0.673572
-54.7 0.674383
-54.5 0.675182
-54.3 0.676025
-54.1 0.676823
-53.9 0.677652
-53.7 0.678437
-53.5 0.679269
-53.3 0.680068
-53.1 0.680901
-52.9 0.681719
-52.7 0.682513
-52.5 0.683304
-52.3 0.684133
-52.1 0.68493
-51.9 0.685767
-51.7 0.686573
-51.5 0.687386
-51.3 0.688257
-51.1 0.689057
-50.9 0.689886
-50.7 0.690666
-50.5 0.691499
-50.3 0.692302
-50.1 0.693113
-49.9 0.693915
-49.7 0.694749
-49.5 0.695551
-49.3 0.696333
-49.1 0.697192
-48.9 0.698032
-48.7 0.69884
-48.5 0.699638
-48.3 0.700433
-48.1 0.701228
-47.9 0.702104
-47.7 0.702921
-47.5 0.703736
-47.3 0.704557
-47.1 0.705379
-46.9 0.706224
-46.7 0.70706
-46.5 0.707897
-46.3 0.708699
-46.1 0.70954
-45.9 0.710383
-45.7 0.711198
-45.5 0.712001
-45.3 0.712839
-45.1 0.713693
-44.9 0.714538
-44.7 0.715332
-44.5 0.716106
-44.3 0.716909
-44.1 0.717736
-43.9 0.71859
-43.7 0.719422
-43.5 0.720209
-43.3 0.721039
-43.1 0.721853
-42.9 0.722659
-42.7 0.723481
-42.5 0.724321
-42.3 0.725163
-42.1 0.725991
-41.9 0.726822
-41.7 0.727647
-41.5 0.72841
-41.3 0.729252
-41.1 0.730079
-40.9 0.730933
-40.7 0.731748
-40.5 0.73255
-40.3 0.733337
-40.1 0.734174
-39.9 0.73498
-39.7 0.73582
-39.5 0.736594
-39.3 0.737477
-39.1 0.738261
-38.9 0.739144
-38.7 0.739926
-38.5 0.74069
-38.3 0.741494
-38.1 0.742272
-37.9 0.743123
-37.7 0.743955
-37.5 0.744757
-37.3 0.745573
-37.1 0.746352
-36.9 0.747203
-36.7 0.748036
-36.5 0.748837
-36.3 0.749646
-36.1 0.75047
-35.9 0.751254
-35.7 0.75206
-35.5 0.752867
-35.3 0.753694
-35.1 0.754502
-34.9 0.7553
-34.7 0.756079
-34.5 0.756895
-34.3 0.757742
-34.1 0.758587
-33.9 0.759395
-33.7 0.760228
-33.5 0.761063
-33.3 0.761924
-33.1 0.762749
-32.9 0.763534
-32.7 0.76435
-32.5 0.765189
-32.3 0.766037
-32.1 0.766898
-31.9 0.767695
-31.7 0.768496
-31.5 0.769302
-31.3 0.770097
-31.1 0.770902
-30.9 0.771755
-30.7 0.772583
-30.5 0.773421
-30.3 0.774244
-30.1 0.775117
-29.9 0.775925
-29.7 0.776732
-29.5 0.777538
-29.3 0.778334
-29.1 0.779158
-28.9 0.77994
-28.7 0.780746
-28.5 0.781509
-28.3 0.782267
-28.1 0.783103
-27.9 0.783854
-27.7 0.784655
-27.5 0.785472
-27.3 0.786297
-27.1 0.787074
-26.9 0.787895
-26.7 0.788685
-26.5 0.789494
-26.3 0.790314
-26.1 0.791133
-25.9 0.791978
-25.7 0.792821
-25.5 0.793624
-25.3 0.79442
-25.1 0.795269
-24.9 0.796091
-24.7 0.796948
-24.5 0.797825
-24.3 0.798635
-24.1 0.799444
-23.9 0.800243
-23.7 0.801054
-23.5 0.801804
-23.3 0.802565
-23.1 0.803412
-22.9 0.804214
-22.7 0.805125
-22.5 0.805926
-22.3 0.806754
-22.1 0.807545
-21.9 0.808385
-21.7 0.809194
-21.5 0.81004
-21.3 0.810855
-21.1 0.811642
-20.9 0.812481
-20.7 0.813301
-20.5 0.814137
-20.3 0.814988
-20.1 0.815794
-19.9 0.816644
-19.7 0.817444
-19.5 0.818267
-19.3 0.819078
-19.1 0.819904
-18.9 0.82074
-18.7 0.821518
-18.5 0.822279
-18.3 0.823078
-18.1 0.823909
-17.9 0.824704
-17.7 0.825507
-17.5 0.82632
-17.3 0.827188
-17.1 0.828017
-16.9 0.828846
-16.7 0.829612
-16.5 0.830445
-16.3 0.831239
-16.1 0.832068
-15.9 0.832854
-15.7 0.833684
-15.5 0.834528
-15.3 0.835305
-15.1 0.836141
-14.9 0.836959
-14.7 0.83776
-14.5 0.838588
-14.3 0.839412
-14.1 0.84022
-13.9 0.841022
-13.7 0.841822
-13.5 0.842609
-13.3 0.843434
-13.1 0.844201
-12.9 0.845013
-12.7 0.845823
-12.5 0.846656
-12.3 0.847452
-12.1 0.848255
-11.9 0.84908
-11.7 0.849914
-11.5 0.850757
-11.3 0.851579
-11.1 0.852428
-10.9 0.853209
-10.7 0.854006
-10.5 0.854798
-10.3 0.855603
-10.1 0.856429
-9.9 0.857246
-9.7 0.858058
-9.5 0.858873
-9.3 0.85969
-9.1 0.860465
-8.9 0.861256
-8.7 0.862066
-8.5 0.862862
-8.3 0.863638
-8.1 0.864447
-7.9 0.865255
-7.7 0.86602
-7.5 0.866859
-7.3 0.867646
-7.1 0.868434
-6.9 0.869234
-6.7 0.870047
-6.5 0.870866
-6.3 0.871713
-6.1 0.872492
-5.9 0.873315
-5.7 0.874101
-5.5 0.8749
-5.3 0.875694
-5.1 0.876484
-4.9 0.877277
-4.7 0.878064
-4.5 0.878821
-4.3 0.879635
-4.1 0.880429
-3.9 0.881229
-3.7 0.882054
-3.5 0.882849
-3.3 0.883664
-3.1 0.884459
-2.9 0.885252
-2.7 0.886079
-2.5 0.886809
-2.3 0.887606
-2.1 0.8884
-1.9 0.889226
-1.7 0.890038
-1.5 0.890796
-1.3 0.891623
-1.1 0.892421
-0.899999 0.893198
-0.699999 0.894023
-0.499999 0.894867
-0.299999 0.895724
-0.0999994 0.896548
0.100001 0.897349
0.300001 0.898102
0.500001 0.898876
0.700001 0.899639
0.900001 0.90041
1.1 0.901216
1.3 0.902018
1.5 0.90281
1.7 0.903675
1.9 0.904479
2.1 0.90527
2.3 0.906082
2.5 0.906902
2.7 0.907698
2.9 0.908483
3.1 0.909323
3.3 0.91015
3.5 0.910942
3.7 0.911753
3.9 0.912587
4.1 0.913379
4.3 0.91416
4.5 0.914998
4.7 0.9158
4.9 0.916586
5.1 0.917428
5.3 0.91822
5.5 0.919016
5.7 0.919839
5.9 0.920641
6.1 0.921454
6.3 0.922256
6.5 0.923082
6.7 0.923952
6.9 0.924763
7.1 0.925579
7.3 0.926382
7.5 0.927212
7.7 0.928091
7.9 0.928939
8.1 0.929784
8.3 0.930605
8.5 0.931435
8.7 0.932313
8.9 0.933145
9.1 0.933978
9.3 0.9348
9.5 0.935629
9.7 0.93647
9.9 0.937273
10.1 0.938024
10.3 0.938817
10.5 0.939651
10.7 0.940451
10.9 0.941234
11.1 0.942008
11.3 0.942805
11.5 0.943617
11.7 0.944411
11.9 0.94522
12.1 0.945992
12.3 0.9468
12.5 0.947589
12.7 0.948425
12.9 0.949157
13.1 0.949941
13.3 0.950742
13.5 0.951533
13.7 0.952327
13.9 0.953103
14.1 0.953882
14.3 0.954663
14.5 0.955434
14.7 0.956193
14.9 0.95697
15.1 0.957738
15.3 0.958519
15.5 0.959285
15.7 0.960042
15.9 0.960771
16.1 0.961479
16.3 0.962179
16.5 0.962934
16.7 0.963618
16.9 0.964317
17.1 0.965004
17.3 0.965699
17.5 0.966382
17.7 0.967105
17.9 0.967778
18.1 0.968464
18.3 0.969195
18.5 0.969863
18.7 0.970512
18.9 0.971178
19.1 0.971839
19.3 0.972485
19.5 0.973136
19.7 0.973804
19.9 0.974462
20.1 0.975095
20.3 0.975705
20.5 0.976271
20.7 0.976865
20.9 0.97749
21.1 0.978081
21.3 0.978633
21.5 0.979204
21.7 0.979769
21.9 0.980331
22.1 0.980842
22.3 0.981355
22.5 0.981888
22.7 0.98241
22.9 0.982899
23.1 0.983418
23.3 0.983899
23.5 0.984384
23.7 0.984849
23.9 0.985267
24.1 0.985713
24.3 0.986174
24.5 0.986611
24.7 0.987039
24.9 0.987443
25.1 0.98784
25.3 0.988263
25.5 0.988617
25.7 0.988983
25.9 0.989362
26.1 0.989732
26.3 0.990089
26.5 0.990438
26.7 0.990778
26.9 0.991106
27.1 0.991412
27.3 0.991718
27.5 0.99202
27.7 0.992319
27.9 0.992591
28.1 0.992886
28.3 0.993155
28.5 0.993422
28.7 0.993697
28.9 0.993952
29.1 0.994195
29.3 0.994422
29.5 0.994658
29.7 0.994892
29.9 0.995084
30.1 0.995286
30.3 0.995488
30.5 0.99569
30.7 0.995897
30.9 0.996114
31.1 0.996291
31.3 0.99647
31.5 0.996607
31.7 0.99677
31.9 0.996932
32.1 0.99707
32.3 0.997205
32.5 0.997333
32.7 0.99746
32.9 0.997584
33.1 0.997703
33.3 0.997821
33.5 0.997924
33.7 0.998037
33.9 0.998135
34.1 0.998244
34.3 0.998327
34.5 0.998418
34.7 0.99849
34.9 0.998572
35.1 0.998662
35.3 0.99874
35.5 0.998812
35.7 0.99888
35.9 0.998934
36.1 0.998992
36.3 0.999047
36.5 0.999093
36.7 0.999152
36.9 0.999209
37.1 0.999251
37.3 0.999304
37.5 0.999342
37.7 0.999388
37.9 0.999421
38.1 0.999458
38.3 0.999494
38.5 0.99953
38.7 0.999556
38.9 0.999579
39.1 0.999602
39.3 0.999618
39.5 0.999642
39.7 0.99966
39.9 0.99968
40.1 0.999704
40.3 0.999721
40.5 0.999735
40.7 0.999749
40.9 0.999763
41.1 0.999781
41.3 0.999791
41.5 0.999798
41.7 0.999824
41.9 0.999833
42.1 0.999849
42.3 0.999858
42.5 0.999864
42.7 0.999877
42.9 0.999888
43.1 0.999893
43.3 0.999899
43.5 0.999904
43.7 0.999912
43.9 0.999921
44.1 0.999926
44.3 0.999933
44.5 0.999937
44.7 0.999942
44.9 0.999944
45.1 0.999948
45.3 0.999952
45.5 0.999956
45.7 0.99996
45.9 0.999961
46.1 0.999963
46.3 0.999965
46.5 0.999966
46.7 0.999968
46.9 0.99997
47.1 0.999972
47.3 0.999976
47.5 0.999978
47.7 0.999979
47.9 0.999981
48.1 0.999984
48.3 0.999986
48.5 0.999988
48.7 0.99999
48.9 0.999991
49.1 0.999994
49.3 0.999996
49.5 0.999997
49.7 0.999998
49.9 1
