1297
-209.1 9.28362e-07
-208.9 3.71345e-06
-208.7 5.57017e-06
-208.5 5.57017e-06
-208.3 5.57017e-06
-208.1 5.57017e-06
-207.9 6.49853e-06
-207.7 6.49853e-06
-207.5 6.49853e-06
-207.3 7.4269e-06
-207.1 7.4269e-06
-206.9 7.4269e-06
-206.7 7.4269e-06
-206.5 7.4269e-06
-206.3 7.4269e-06
-206.1 7.4269e-06
-205.9 7.4269e-06
-205.7 7.4269e-06
-205.5 7.4269e-06
-205.3 7.4269e-06
-205.1 7.4269e-06
-204.9 8.35526e-06
-204.7 8.35526e-06
-204.5 8.35526e-06
-204.3 8.35526e-06
-204.1 8.35526e-06
-203.9 8.35526e-06
-203.7 8.35526e-06
-203.5 8.35526e-06
-203.3 9.28362e-06
-203.1 1.11403e-05
-202.9 1.39254e-05
-202.7 1.39254e-05
-202.5 1.39254e-05
-202.3 1.39254e-05
-202.1 1.39254e-05
-201.9 1.39254e-05
-201.7 1.39254e-05
-201.5 1.39254e-05
-201.3 1.39254e-05
-201.1 1.39254e-05
-200.9 1.39254e-05
-200.7 1.39254e-05
-200.5 1.39254e-05
-200.3 1.39254e-05
-200.1 1.48538e-05
-199.9 1.94956e-05
-199.7 2.59941e-05
-199.5 3.43494e-05
-199.3 4.64181e-05
-199.1 6.03435e-05
-198.9 8.91228e-05
-198.7 0.000122544
-198.5 0.00017546
-198.3 0.000238589
-198.1 0.000348136
-197.9 0.000468823
-197.7 0.000637785
-197.5 0.000852236
-197.3 0.00111775
-197.1 0.00143618
-196.9 0.00182145
-196.7 0.00232462
-196.5 0.00285843
-196.3 0.00349621
-196.1 0.00427325
-195.9 0.00510878
-195.7 0.00607613
-195.5 0.00722358
-195.3 0.00844531
-195.1 0.00969396
-194.9 0.0109983
-194.7 0.0124317
-194.5 0.0138474
-194.3 0.0155036
-194.1 0.0170781
-193.9 0.0186861
-193.7 0.0203608
-193.5 0.0220402
-193.3 0.0237169
-193.1 0.025348
-192.9 0.0270423
-192.7 0.0287198
-192.5 0.0303909
-192.3 0.0320443
-192.1 0.0337896
-191.9 0.0354904
-191.7 0.0371298
-191.5 0.0388111
-191.3 0.0404079
-191.1 0.041962
-190.9 0.0436172
-190.7 0.0452502
-190.5 0.0469194
-190.3 0.0485097
-190.1 0.0501213
-189.9 0.0517395
-189.7 0.0532806
-189.5 0.0548198
-189.3 0.0564073
-189.1 0.0579493
-188.9 0.0594412
-188.7 0.061012
-188.5 0.0625567
-188.3 0.0640133
-188.1 0.0655377
-187.9 0.0669906
-187.7 0.0684268
-187.5 0.0698815
-187.3 0.0713391
-187.1 0.0727836
-186.9 0.0741808
-186.7 0.0756207
-186.5 0.0770522
-186.3 0.0784689
-186.1 0.079918
-185.9 0.08128
-185.7 0.0826679
-185.5 0.0840363
-185.3 0.0853712
-185.1 0.0867341
-184.9 0.0881108
-184.7 0.0894505
-184.5 0.0907418
-184.3 0.0920684
-184.1 0.0933319
-183.9 0.0946493
-183.7 0.0958812
-183.5 0.0972014
-183.3 0.098476
-183.1 0.0997868
-182.9 0.101054
-182.7 0.102312
-182.5 0.103562
-182.3 0.104811
-182.1 0.106087
-181.9 0.10738
-181.7 0.108579
-181.5 0.109802
-181.3 0.111028
-181.1 0.112154
-180.9 0.113295
-180.7 0.114444
-180.5 0.115614
-180.3 0.116764
-180.1 0.117912
-179.9 0.118991
-179.7 0.120138
-179.5 0.121226
-179.3 0.122352
-179.1 0.12343
-178.9 0.124528
-178.7 0.125568
-178.5 0.126601
-178.3 0.127704
-178.1 0.128802
-177.9 0.129828
-177.7 0.130816
-177.5 0.131865
-177.3 0.132919
-177.1 0.13396
-176.9 0.134965
-176.7 0.135978
-176.5 0.136965
-176.3 0.137964
-176.1 0.138963
-175.9 0.139949
-175.7 0.140941
-175.5 0.141943
-175.3 0.142907
-175.1 0.143913
-174.9 0.144882
-174.7 0.145891
-174.5 0.146832
-174.3 0.147837
-174.1 0.148799
-173.9 0.149731
-173.7 0.150711
-173.5 0.151589
-173.3 0.152576
-173.1 0.153607
-172.9 0.154535
-172.7 0.15547
-172.5 0.156433
-172.3 0.15741
-172.1 0.158339
-171.9 0.159246
-171.7 0.160181
-171.5 0.161111
-171.3 0.162103
-171.1 0.163055
-170.9 0.164015
-170.7 0.164948
-170.5 0.165889
-170.3 0.166827
-170.1 0.167771
-169.9 0.168673
-169.7 0.169575
-169.5 0.170527
-169.3 0.17141
-169.1 0.172336
-168.9 0.173227
-168.7 0.174182
-168.5 0.175104
-168.3 0.175971
-168.1 0.176859
-167.9 0.177744
-167.7 0.17869
-167.5 0.179645
-167.3 0.180542
-167.1 0.181454
-166.9 0.182362
-166.7 0.183259
-166.5 0.184142
-166.3 0.185044
-166.1 0.185956
-165.9 0.186852
-165.7 0.187769
-165.5 0.188653
-165.3 0.189561
-165.1 0.190469
-164.9 0.191369
-164.7 0.192265
-164.5 0.193184
-164.3 0.194062
-164.1 0.194998
-163.9 0.195933
-163.7 0.196799
-163.5 0.197694
-163.3 0.198603
-163.1 0.199473
-162.9 0.200369
-162.7 0.201229
-162.5 0.202116
-162.3 0.202983
-162.1 0.203863
-161.9 0.204718
-161.7 0.205598
-161.5 0.206459
-161.3 0.20732
-161.1 0.208193
-160.9 0.209072
-160.7 0.209969
-160.5 0.210874
-160.3 0.211744
-160.1 0.212664
-159.9 0.213546
-159.7 0.214422
-159.5 0.215297
-159.3 0.216221
-159.1 0.217079
-158.9 0.217991
-158.7 0.218859
-158.5 0.219715
-158.3 0.220611
-158.1 0.221537
-157.9 0.222382
-157.7 0.22324
-157.5 0.224108
-157.3 0.22499
-157.1 0.225862
-156.9 0.226752
-156.7 0.227614
-156.5 0.228511
-156.3 0.229432
-156.1 0.230267
-155.9 0.23117
-155.7 0.232019
-155.5 0.232874
-155.3 0.233723
-155.1 0.234617
-154.9 0.235469
-154.7 0.236373
-154.5 0.237252
-154.3 0.238114
-154.1 0.239012
-153.9 0.239875
-153.7 0.240742
-153.5 0.241642
-153.3 0.242543
-153.1 0.243391
-152.9 0.244298
-152.7 0.245099
-152.5 0.245978
-152.3 0.246843
-152.1 0.247712
-151.9 0.248511
-151.7 0.249431
-151.5 0.250292
-151.3 0.251147
-151.1 0.251992
-150.9 0.25286
-150.7 0.253674
-150.5 0.254538
-150.3 0.255415
-150.1 0.256236
-149.9 0.2571
-149.7 0.258013
-149.5 0.258905
-149.3 0.259728
-149.1 0.260604
-148.9 0.26142
-148.7 0.262333
-148.5 0.263187
-148.3 0.264048
-148.1 0.264915
-147.9 0.265773
-147.7 0.266658
-147.5 0.267553
-147.3 0.268408
-147.1 0.26928
-146.9 0.270143
-146.7 0.270953
-146.5 0.271804
-146.3 0.272699
-146.1 0.273566
-145.9 0.274468
-145.7 0.275326
-145.5 0.276174
-145.3 0.276975
-145.1 0.277768
-144.9 0.278582
-144.7 0.27943
-144.5 0.280268
-144.3 0.281124
-144.1 0.281943
-143.9 0.282791
-143.7 0.283643
-143.5 0.284448
-143.3 0.285288
-143.1 0.286099
-142.9 0.286909
-142.7 0.287779
-142.5 0.28858
-142.3 0.289428
-142.1 0.290309
-141.9 0.291154
-141.7 0.29205
-141.5 0.292933
-141.3 0.293761
-141.1 0.294565
-140.9 0.295386
-140.7 0.296212
-140.5 0.297044
-140.3 0.297838
-140.1 0.298647
-139.9 0.299488
-139.7 0.300305
-139.5 0.301154
-139.3 0.301982
-139.1 0.30284
-138.9 0.303693
-138.7 0.304527
-138.5 0.305339
-138.3 0.306151
-138.1 0.306981
-137.9 0.307833
-137.7 0.308665
-137.5 0.309529
-137.3 0.310361
-137.1 0.31121
-136.9 0.312108
-136.7 0.31293
-136.5 0.313798
-136.3 0.314679
-136.1 0.315543
-135.9 0.316408
-135.7 0.317323
-135.5 0.318164
-135.3 0.319043
-135.1 0.319919
-134.9 0.320718
-134.7 0.321613
-134.5 0.32247
-134.3 0.32332
-134.1 0.32414
-133.9 0.325054
-133.7 0.32593
-133.5 0.326882
-133.3 0.327727
-133.1 0.328593
-132.9 0.329406
-132.7 0.33028
-132.5 0.331203
-132.3 0.332062
-132.1 0.332886
-131.9 0.333752
-131.7 0.334687
-131.5 0.33559
-131.3 0.336445
-131.1 0.337324
-130.9 0.338216
-130.7 0.339029
-130.5 0.339943
-130.3 0.340911
-130.1 0.341763
-129.9 0.342635
-129.7 0.343554
-129.5 0.344419
-129.3 0.345337
-129.1 0.346251
-128.9 0.347136
-128.7 0.348027
-128.5 0.348935
-128.3 0.349824
-128.1 0.350705
-127.9 0.3516
-127.7 0.352477
-127.5 0.353348
-127.3 0.354235
-127.1 0.355132
-126.9 0.356045
-126.7 0.356972
-126.5 0.357872
-126.3 0.35876
-126.1 0.359645
-125.9 0.360523
-125.7 0.361424
-125.5 0.362281
-125.3 0.363183
-125.1 0.364114
-124.9 0.364986
-124.7 0.365846
-124.5 0.366734
-124.3 0.367668
-124.1 0.368551
-123.9 0.369433
-123.7 0.370352
-123.5 0.371208
-123.3 0.372094
-123.1 0.372993
-122.9 0.373857
-122.7 0.374696
-122.5 0.375599
-122.3 0.376445
-122.1 0.377388
-121.9 0.378292
-121.7 0.379122
-121.5 0.37996
-121.3 0.380799
-121.1 0.381649
-120.9 0.382485
-120.7 0.383427
-120.5 0.384269
-120.3 0.385153
-120.1 0.38603
-119.9 0.386937
-119.7 0.387801
-119.5 0.388636
-119.3 0.389505
-119.1 0.390381
-118.9 0.391197
-118.7 0.392047
-118.5 0.39295
-118.3 0.393804
-118.1 0.39463
-117.9 0.395518
-117.7 0.396377
-117.5 0.397242
-117.3 0.398124
-117.1 0.398957
-116.9 0.399788
-116.7 0.400661
-116.5 0.401522
-116.3 0.402347
-116.1 0.403215
-115.9 0.404075
-115.7 0.4049
-115.5 0.405801
-115.3 0.406672
-115.1 0.407511
-114.9 0.408371
-114.7 0.40924
-114.5 0.410079
-114.3 0.410922
-114.1 0.411758
-113.9 0.412622
-113.7 0.413492
-113.5 0.414314
-113.3 0.41519
-113.1 0.415995
-112.9 0.416895
-112.7 0.41776
-112.5 0.418598
-112.3 0.419444
-112.1 0.420304
-111.9 0.421162
-111.7 0.421999
-111.5 0.422903
-111.3 0.423801
-111.1 0.42467
-110.9 0.425526
-110.7 0.426348
-110.5 0.427198
-110.3 0.428098
-110.1 0.428926
-109.9 0.429799
-109.7 0.430602
-109.5 0.431444
-109.3 0.432328
-109.1 0.433206
-108.9 0.434051
-108.7 0.434946
-108.5 0.435801
-108.3 0.436642
-108.1 0.437539
-107.9 0.43838
-107.7 0.439218
-107.5 0.440071
-107.3 0.440861
-107.1 0.441728
-106.9 0.442556
-106.7 0.443435
-106.5 0.444289
-106.3 0.445133
-106.1 0.445927
-105.9 0.446739
-105.7 0.447598
-105.5 0.448442
-105.3 0.449319
-105.1 0.450252
-104.9 0.451183
-104.7 0.452011
-104.5 0.452861
-104.3 0.453728
-104.1 0.454582
-103.9 0.455453
-103.7 0.456315
-103.5 0.45717
-103.3 0.458036
-103.1 0.458846
-102.9 0.459743
-102.7 0.460637
-102.5 0.461456
-102.3 0.462332
-102.1 0.463211
-101.9 0.464026
-101.7 0.464897
-101.5 0.465728
-101.3 0.466589
-101.1 0.467418
-100.9 0.468309
-100.7 0.469163
-100.5 0.470025
-100.3 0.470898
-100.1 0.47176
-99.9 0.472636
-99.7 0.47347
-99.5 0.474377
-99.3 0.475257
-99.1 0.476096
-98.9 0.476972
-98.7 0.477792
-98.5 0.478631
-98.3 0.479511
-98.1 0.480339
-97.9 0.481176
-97.7 0.482045
-97.5 0.482903
-97.3 0.483769
-97.1 0.484644
-96.9 0.485492
-96.7 0.486328
-96.5 0.487216
-96.3 0.488116
-96.1 0.488977
-95.9 0.489849
-95.7 0.490692
-95.5 0.491568
-95.3 0.492454
-95.1 0.493283
-94.9 0.49413
-94.7 0.494934
-94.5 0.49581
-94.3 0.496617
-94.1 0.497466
-93.9 0.498329
-93.7 0.499238
-93.5 0.500125
-93.3 0.50097
-93.1 0.501814
-92.9 0.502656
-92.7 0.503543
-92.5 0.504351
-92.3 0.505193
-92.1 0.506039
-91.9 0.506949
-91.7 0.507798
-91.5 0.508666
-91.3 0.509444
-91.1 0.510291
-90.9 0.511173
-90.7 0.512029
-90.5 0.512871
-90.3 0.513754
-90.1 0.514583
-89.9 0.515452
-89.7 0.516304
-89.5 0.517202
-89.3 0.51807
-89.1 0.518929
-88.9 0.519728
-88.7 0.520612
-88.5 0.521466
-88.3 0.522323
-88.1 0.523169
-87.9 0.523983
-87.7 0.524891
-87.5 0.525779
-87.3 0.526611
-87.1 0.527465
-86.9 0.528339
-86.7 0.529224
-86.5 0.53007
-86.3 0.530937
-86.1 0.531793
-85.9 0.532662
-85.7 0.533521
-85.5 0.53435
-85.3 0.535196
-85.1 0.536011
-84.9 0.536884
-84.7 0.537738
-84.5 0.538579
-84.3 0.539416
-84.1 0.540245
-83.9 0.541074
-83.7 0.541943
-83.5 0.54279
-83.3 0.543656
-83.1 0.5445
-82.9 0.545333
-82.7 0.546154
-82.5 0.546992
-82.3 0.54783
-82.1 0.548658
-81.9 0.549487
-81.7 0.550346
-81.5 0.551156
-81.3 0.552026
-81.1 0.55281
-80.9 0.553633
-80.7 0.554483
-80.5 0.555377
-80.3 0.556248
-80.1 0.557079
-79.9 0.557921
-79.7 0.558738
-79.5 0.559552
-79.3 0.560391
-79.1 0.561236
-78.9 0.562092
-78.7 0.5629
-78.5 0.563663
-78.3 0.564513
-78.1 0.565344
-77.9 0.566171
-77.7 0.567018
-77.5 0.567937
-77.3 0.568803
-77.1 0.569619
-76.9 0.570452
-76.7 0.571302
-76.5 0.572183
-76.3 0.573054
-76.1 0.57392
-75.9 0.574778
-75.7 0.575617
-75.5 0.576465
-75.3 0.577333
-75.1 0.578167
-74.9 0.578992
-74.7 0.579812
-74.5 0.580662
-74.3 0.581545
-74.1 0.582323
-73.9 0.583186
-73.7 0.584026
-73.5 0.584866
-73.3 0.585688
-73.1 0.586526
-72.9 0.587356
-72.7 0.588216
-72.5 0.589073
-72.3 0.589928
-72.1 0.590781
-71.9 0.591598
-71.7 0.592465
-71.5 0.593302
-71.3 0.594141
-71.1 0.594959
-70.9 0.595796
-70.7 0.596643
-70.5 0.597518
-70.3 0.598353
-70.1 0.599203
-69.9 0.600059
-69.7 0.600919
-69.5 0.601743
-69.3 0.60259
-69.1 0.603437
-68.9 0.604321
-68.7 0.60514
-68.5 0.605978
-68.3 0.606796
-68.1 0.607641
-67.9 0.6085
-67.7 0.609373
-67.5 0.610195
-67.3 0.611034
-67.1 0.611892
-66.9 0.612788
-66.7 0.613647
-66.5 0.614553
-66.3 0.615411
-66.1 0.616308
-65.9 0.617137
-65.7 0.618017
-65.5 0.618856
-65.3 0.619689
-65.1 0.620572
-64.9 0.621413
-64.7 0.622265
-64.5 0.623126
-64.3 0.623979
-64.1 0.624828
-63.9 0.625697
-63.7 0.626572
-63.5 0.627414
-63.3 0.628308
-63.1 0.629215
-62.9 0.630032
-62.7 0.630842
-62.5 0.631709
-62.3 0.632533
-62.1 0.633371
-61.9 0.63425
-61.7 0.635103
-61.5 0.635957
-61.3 0.63686
-61.1 0.637723
-60.9 0.638601
-60.7 0.639422
-60.5 0.640228
-60.3 0.641058
-60.1 0.641907
-59.9 0.642723
-59.7 0.643528
-59.5 0.644381
-59.3 0.645237
-59.1 0.646127
-58.9 0.647019
-58.7 0.647916
-58.5 0.648803
-58.3 0.649667
-58.1 0.650498
-57.9 0.651421
-57.7 0.652254
-57.5 0.653144
-57.3 0.654059
-57.1 0.654907
-56.9 0.655771
-56.7 0.65667
-56.5 0.657586
-56.3 0.658431
-56.1 0.659316
-55.9 0.660179
-55.7 0.661036
-55.5 0.661924
-55.3 0.662776
-55.1 0.663654
-54.9 0.664544
-54.7 0.665458
-54.5 0.666338
-54.3 0.667165
-54.1 0.668013
-53.9 0.668902
-53.7 0.669802
-53.5 0.670657
-53.3 0.67151
-53.1 0.672336
-52.9 0.673194
-52.7 0.674061
-52.5 0.674941
-52.3 0.675836
-52.1 0.676699
-51.9 0.677598
-51.7 0.678462
-51.5 0.679364
-51.3 0.68021
-51.1 0.681051
-50.9 0.681913
-50.7 0.682751
-50.5 0.683596
-50.3 0.684449
-50.1 0.685344
-49.9 0.686197
-49.7 0.687057
-49.5 0.68791
-49.3 0.688795
-49.1 0.689625
-48.9 0.69038
-48.7 0.69128
-48.5 0.692116
-48.3 0.692957
-48.1 0.693791
-47.9 0.694626
-47.7 0.695454
-47.5 0.696311
-47.3 0.697114
-47.1 0.697928
-46.9 0.698746
-46.7 0.699562
-46.5 0.70041
-46.3 0.701265
-46.1 0.702169
-45.9 0.70305
-45.7 0.703862
-45.5 0.704728
-45.3 0.705632
-45.1 0.706527
-44.9 0.707378
-44.7 0.70818
-44.5 0.709009
-44.3 0.709893
-44.1 0.710721
-43.9 0.711593
-43.7 0.712482
-43.5 0.713342
-43.3 0.714191
-43.1 0.715043
-42.9 0.715925
-42.7 0.716758
-42.5 0.717615
-42.3 0.718469
-42.1 0.719329
-41.9 0.72016
-41.7 0.721032
-41.5 0.721857
-41.3 0.722712
-41.1 0.723552
-40.9 0.724384
-40.7 0.725235
-40.5 0.726103
-40.3 0.726908
-40.1 0.727759
-39.9 0.728652
-39.7 0.729508
-39.5 0.730369
-39.3 0.731235
-39.1 0.732065
-38.9 0.732933
-38.7 0.733788
-38.5 0.734636
-38.3 0.735506
-38.1 0.736367
-37.9 0.737217
-37.7 0.738065
-37.5 0.738925
-37.3 0.739816
-37.1 0.740682
-36.9 0.741475
-36.7 0.742379
-36.5 0.743214
-36.3 0.744109
-36.1 0.744918
-35.9 0.745786
-35.7 0.746618
-35.5 0.747467
-35.3 0.748345
-35.1 0.749246
-34.9 0.750092
-34.7 0.750973
-34.5 0.751811
-34.3 0.752709
-34.1 0.753559
-33.9 0.754412
-33.7 0.755284
-33.5 0.756106
-33.3 0.757003
-33.1 0.757863
-32.9 0.758708
-32.7 0.759525
-32.5 0.760393
-32.3 0.761236
-32.1 0.762081
-31.9 0.76284
-31.7 0.763664
-31.5 0.764524
-31.3 0.765404
-31.1 0.766244
-30.9 0.767106
-30.7 0.767967
-30.5 0.768836
-30.3 0.769649
-30.1 0.770515
-29.9 0.771334
-29.7 0.772164
-29.5 0.773006
-29.3 0.773853
-29.1 0.7747
-28.9 0.77554
-28.7 0.776403
-28.5 0.777213
-28.3 0.778102
-28.1 0.778964
-27.9 0.779859
-27.7 0.78066
-27.5 0.781484
-27.3 0.78228
-27.1 0.783097
-26.9 0.783975
-26.7 0.784828
-26.5 0.785717
-26.3 0.786558
-26.1 0.787368
-25.9 0.788226
-25.7 0.789056
-25.5 0.789869
-25.3 0.790735
-25.1 0.791598
-24.9 0.792356
-24.7 0.793196
-24.5 0.794038
-24.3 0.794856
-24.1 0.795655
-23.9 0.796428
-23.7 0.797309
-23.5 0.798163
-23.3 0.798983
-23.1 0.799849
-22.9 0.800676
-22.7 0.801556
-22.5 0.802384
-22.3 0.803233
-22.1 0.804087
-21.9 0.804909
-21.7 0.805734
-21.5 0.80654
-21.3 0.807393
-21.1 0.808178
-20.9 0.809006
-20.7 0.809807
-20.5 0.81064
-20.3 0.81146
-20.1 0.812307
-19.9 0.813183
-19.7 0.814034
-19.5 0.814874
-19.3 0.815724
-19.1 0.816569
-18.9 0.817396
-18.7 0.818244
-18.5 0.819074
-18.3 0.819932
-18.1 0.820797
-17.9 0.821634
-17.7 0.822545
-17.5 0.823396
-17.3 0.824254
-17.1 0.825136
-16.9 0.82594
-16.7 0.826764
-16.5 0.827652
-16.3 0.828435
-16.1 0.829265
-15.9 0.830134
-15.7 0.831007
-15.5 0.831832
-15.3 0.832692
-15.1 0.833531
-14.9 0.834342
-14.7 0.835205
-14.5 0.836067
-14.3 0.836874
-14.1 0.83771
-13.9 0.838541
-13.7 0.839405
-13.5 0.840232
-13.3 0.841096
-13.1 0.841941
-12.9 0.842767
-12.7 0.843646
-12.5 0.84452
-12.3 0.845365
-12.1 0.846203
-11.9 0.847044
-11.7 0.847878
-11.5 0.848745
-11.3 0.849589
-11.1 0.850407
-10.9 0.851242
-10.7 0.852112
-10.5 0.852982
-10.3 0.853778
-10.1 0.854665
-9.9 0.855513
-9.7 0.85635
-9.5 0.857198
-9.3 0.858067
-9.1 0.858911
-8.9 0.859773
-8.7 0.860589
-8.5 0.861434
-8.3 0.862313
-8.1 0.863183
-7.9 0.864009
-7.7 0.864841
-7.5 0.865707
-7.3 0.866511
-7.1 0.867363
-6.9 0.868265
-6.7 0.869152
-6.5 0.870047
-6.3 0.87087
-6.1 0.871749
-5.9 0.872577
-5.7 0.873458
-5.5 0.874318
-5.3 0.875196
-5.1 0.876038
-4.9 0.876906
-4.7 0.877729
-4.5 0.878607
-4.3 0.879394
-4.1 0.880232
-3.9 0.881082
-3.7 0.881966
-3.5 0.882806
-3.3 0.883656
-3.1 0.884544
-2.9 0.885419
-2.7 0.886245
-2.5 0.887048
-2.3 0.887873
-2.1 0.88872
-1.9 0.889638
-1.7 0.890491
-1.5 0.891345
-1.3 0.892203
-1.1 0.893099
-0.899999 0.893926
-0.699999 0.894793
-0.499999 0.895646
-0.299999 0.896522
-0.0999994 0.897415
0.100001 0.898227
0.300001 0.899032
0.500001 0.899892
0.700001 0.900759
0.900001 0.901621
1.1 0.902435
1.3 0.903295
1.5 0.904109
1.7 0.904973
1.9 0.905859
2.1 0.906661
2.3 0.907507
2.5 0.908304
2.7 0.909189
2.9 0.910045
3.1 0.910929
3.3 0.911799
3.5 0.912598
3.7 0.913442
3.9 0.91428
4.1 0.915121
4.3 0.91603
4.5 0.916889
4.7 0.917744
4.9 0.918611
5.1 0.919461
5.3 0.92029
5.5 0.921138
5.7 0.922012
5.9 0.922852
6.1 0.923715
6.3 0.924549
6.5 0.925378
6.7 0.926205
6.9 0.927158
7.1 0.928003
7.3 0.928829
7.5 0.929608
7.7 0.930466
7.9 0.931254
8.1 0.932032
8.3 0.932887
8.5 0.933733
8.7 0.934602
8.9 0.935398
9.1 0.936269
9.3 0.937142
9.5 0.937962
9.7 0.938859
9.9 0.939701
10.1 0.940512
10.3 0.941377
10.5 0.942264
10.7 0.943045
10.9 0.943928
11.1 0.944794
11.3 0.945674
11.5 0.946478
11.7 0.947267
11.9 0.948108
12.1 0.948937
12.3 0.949776
12.5 0.950612
12.7 0.95143
12.9 0.952181
13.1 0.95301
13.3 0.953801
13.5 0.954588
13.7 0.955388
13.9 0.956194
14.1 0.95696
14.3 0.957734
14.5 0.95849
14.7 0.959217
14.9 0.960011
15.1 0.960732
15.3 0.961489
15.5 0.96226
15.7 0.962996
15.9 0.963736
16.1 0.964485
16.3 0.965195
16.5 0.966017
16.7 0.966715
16.9 0.967453
17.1 0.968164
17.3 0.96891
17.5 0.969623
17.7 0.970319
17.9 0.970994
18.1 0.971649
18.3 0.972339
18.5 0.973003
18.7 0.973644
18.9 0.974302
19.1 0.974965
19.3 0.97563
19.5 0.976259
19.7 0.976823
19.9 0.977455
20.1 0.978055
20.3 0.97863
20.5 0.979234
20.7 0.979792
20.9 0.980331
21.1 0.980839
21.3 0.981389
21.5 0.981919
21.7 0.982425
21.9 0.982939
22.1 0.983435
22.3 0.983913
22.5 0.984434
22.7 0.984909
22.9 0.985366
23.1 0.985848
23.3 0.986317
23.5 0.98673
23.7 0.987175
23.9 0.987606
24.1 0.988051
24.3 0.988463
24.5 0.988876
24.7 0.98928
24.9 0.989652
25.1 0.989999
25.3 0.990355
25.5 0.990708
25.7 0.991037
25.9 0.991379
26.1 0.991705
26.3 0.99203
26.5 0.992334
26.7 0.992618
26.9 0.992879
27.1 0.993166
27.3 0.993447
27.5 0.993708
27.7 0.993976
27.9 0.994232
28.1 0.994488
28.3 0.994719
28.5 0.99495
28.7 0.995176
28.9 0.995408
29.1 0.995605
29.3 0.995791
29.5 0.995985
29.7 0.996181
29.9 0.996365
30.1 0.996543
30.3 0.996707
30.5 0.996885
30.7 0.997038
30.9 0.997209
31.1 0.997367
31.3 0.997524
31.5 0.997653
31.7 0.997783
31.9 0.997894
32.1 0.998015
32.3 0.998115
32.5 0.998218
32.7 0.998323
32.9 0.998436
33.1 0.998529
33.3 0.998602
33.5 0.998681
33.7 0.998761
33.9 0.998832
34.1 0.998906
34.3 0.998984
34.5 0.99905
34.7 0.999116
34.9 0.999173
35.1 0.999226
35.3 0.999273
35.5 0.999324
35.7 0.999363
35.9 0.999412
36.1 0.999463
36.3 0.999492
36.5 0.999535
36.7 0.999577
36.9 0.99961
37.1 0.999644
37.3 0.999673
37.5 0.999694
37.7 0.999718
37.9 0.999746
38.1 0.999762
38.3 0.999777
38.5 0.999786
38.7 0.999809
38.9 0.999827
39.1 0.999838
39.3 0.999848
39.5 0.999854
39.7 0.999865
39.9 0.999875
40.1 0.999885
40.3 0.999895
40.5 0.999903
40.7 0.999907
40.9 0.999915
41.1 0.999919
41.3 0.999927
41.5 0.999936
41.7 0.99994
41.9 0.999943
42.1 0.999947
42.3 0.999952
42.5 0.999956
42.7 0.999959
42.9 0.999964
43.1 0.999967
43.3 0.999968
43.5 0.99997
43.7 0.999972
43.9 0.999977
44.1 0.999979
44.3 0.999981
44.5 0.999982
44.7 0.999984
44.9 0.999986
45.1 0.999987
45.3 0.999987
45.5 0.999988
45.7 0.999988
45.9 0.999989
46.1 0.99999
46.3 0.99999
46.5 0.999991
46.7 0.999991
46.9 0.999991
47.1 0.999992
47.3 0.999994
47.5 0.999994
47.7 0.999994
47.9 0.999994
48.1 0.999994
48.3 0.999995
48.5 0.999997
48.7 0.999997
48.9 0.999997
49.1 0.999997
49.3 0.999997
49.5 0.999997
49.7 0.999998
49.9 0.999999
50.1 1
