1290
-207.7 9.45196e-07
-207.5 9.45196e-07
-207.3 2.83559e-06
-207.1 2.83559e-06
-206.9 2.83559e-06
-206.7 2.83559e-06
-206.5 3.78078e-06
-206.3 3.78078e-06
-206.1 3.78078e-06
-205.9 3.78078e-06
-205.7 3.78078e-06
-205.5 5.67117e-06
-205.3 6.61637e-06
-205.1 6.61637e-06
-204.9 6.61637e-06
-204.7 6.61637e-06
-204.5 6.61637e-06
-204.3 6.61637e-06
-204.1 6.61637e-06
-203.9 6.61637e-06
-203.7 7.56157e-06
-203.5 7.56157e-06
-203.3 7.56157e-06
-203.1 7.56157e-06
-202.9 7.56157e-06
-202.7 7.56157e-06
-202.5 7.56157e-06
-202.3 7.56157e-06
-202.1 7.56157e-06
-201.9 7.56157e-06
-201.7 7.56157e-06
-201.5 9.45196e-06
-201.3 9.45196e-06
-201.1 9.45196e-06
-200.9 9.45196e-06
-200.7 1.03972e-05
-200.5 1.03972e-05
-200.3 1.03972e-05
-200.1 1.22875e-05
-199.9 1.22875e-05
-199.7 1.22875e-05
-199.5 1.22875e-05
-199.3 1.41779e-05
-199.1 1.41779e-05
-198.9 1.41779e-05
-198.7 1.51231e-05
-198.5 1.70135e-05
-198.3 1.89039e-05
-198.1 2.93011e-05
-197.9 3.8753e-05
-197.7 6.52185e-05
-197.5 0.000100191
-197.3 0.000154067
-197.1 0.00021834
-196.9 0.00031475
-196.7 0.000450858
-196.5 0.000619103
-196.3 0.000846895
-196.1 0.00112573
-195.9 0.00149814
-195.7 0.00199247
-195.5 0.00254541
-195.3 0.00320421
-195.1 0.00399251
-194.9 0.00494526
-194.7 0.00601712
-194.5 0.00721184
-194.3 0.00849258
-194.1 0.00996047
-193.9 0.0114236
-193.7 0.0131014
-193.5 0.0147706
-193.3 0.0165296
-193.1 0.0182565
-192.9 0.0200835
-192.7 0.0219077
-192.5 0.0237131
-192.3 0.025629
-192.1 0.0274126
-191.9 0.0292926
-191.7 0.0310922
-191.5 0.0328361
-191.3 0.0345913
-191.1 0.0362851
-190.9 0.0380158
-190.7 0.0397814
-190.5 0.0414856
-190.3 0.0431539
-190.1 0.0447418
-189.9 0.0463439
-189.7 0.0479602
-189.5 0.0495736
-189.3 0.0512154
-189.1 0.0528156
-188.9 0.0543658
-188.7 0.0558648
-188.5 0.0573724
-188.3 0.0588592
-188.1 0.0603139
-187.9 0.0617704
-187.7 0.0632298
-187.5 0.0647109
-187.3 0.0662015
-187.1 0.0676486
-186.9 0.069073
-186.7 0.070488
-186.5 0.0718736
-186.3 0.0732753
-186.1 0.0747272
-185.9 0.0760845
-185.7 0.0774569
-185.5 0.0789087
-185.3 0.0802632
-185.1 0.0816158
-184.9 0.0830487
-184.7 0.0843965
-184.5 0.085802
-184.3 0.0871225
-184.1 0.0885081
-183.9 0.0898097
-183.7 0.0911093
-183.5 0.0924231
-183.3 0.0937823
-183.1 0.0951046
-182.9 0.0963721
-182.7 0.0977124
-182.5 0.0989743
-182.3 0.100252
-182.1 0.101431
-181.9 0.102678
-181.7 0.103905
-181.5 0.10508
-181.3 0.106284
-181.1 0.107486
-180.9 0.108693
-180.7 0.10987
-180.5 0.111012
-180.3 0.112197
-180.1 0.113337
-179.9 0.114542
-179.7 0.115623
-179.5 0.11677
-179.3 0.117938
-179.1 0.11908
-178.9 0.120182
-178.7 0.121281
-178.5 0.122339
-178.3 0.123456
-178.1 0.124478
-177.9 0.12551
-177.7 0.126626
-177.5 0.127686
-177.3 0.128773
-177.1 0.129867
-176.9 0.130953
-176.7 0.13204
-176.5 0.133093
-176.3 0.134146
-176.1 0.135182
-175.9 0.136184
-175.7 0.137235
-175.5 0.138263
-175.3 0.139307
-175.1 0.140285
-174.9 0.141287
-174.7 0.1423
-174.5 0.143291
-174.3 0.144297
-174.1 0.145318
-173.9 0.146313
-173.7 0.147302
-173.5 0.148252
-173.3 0.149219
-173.1 0.15023
-172.9 0.15122
-172.7 0.152155
-172.5 0.15311
-172.3 0.15406
-172.1 0.155065
-171.9 0.15603
-171.7 0.156994
-171.5 0.157946
-171.3 0.158905
-171.1 0.159836
-170.9 0.1608
-170.7 0.161679
-170.5 0.162645
-170.3 0.16361
-170.1 0.164548
-169.9 0.165488
-169.7 0.166474
-169.5 0.167389
-169.3 0.168353
-169.1 0.169251
-168.9 0.17021
-168.7 0.171134
-168.5 0.172132
-168.3 0.173021
-168.1 0.173947
-167.9 0.174917
-167.7 0.175856
-167.5 0.176788
-167.3 0.177662
-167.1 0.178628
-166.9 0.179524
-166.7 0.180466
-166.5 0.181395
-166.3 0.182319
-166.1 0.183255
-165.9 0.18418
-165.7 0.185138
-165.5 0.185997
-165.3 0.186903
-165.1 0.187824
-164.9 0.18871
-164.7 0.189619
-164.5 0.19054
-164.3 0.191419
-164.1 0.192297
-163.9 0.193175
-163.7 0.194024
-163.5 0.194937
-163.3 0.195824
-163.1 0.196732
-162.9 0.197608
-162.7 0.198508
-162.5 0.199439
-162.3 0.200327
-162.1 0.201254
-161.9 0.20219
-161.7 0.203096
-161.5 0.203952
-161.3 0.20491
-161.1 0.20582
-160.9 0.206667
-160.7 0.207534
-160.5 0.208421
-160.3 0.209294
-160.1 0.210155
-159.9 0.211014
-159.7 0.211836
-159.5 0.212717
-159.3 0.21359
-159.1 0.214457
-158.9 0.215332
-158.7 0.216252
-158.5 0.217138
-158.3 0.218009
-158.1 0.218928
-157.9 0.219854
-157.7 0.220762
-157.5 0.22166
-157.3 0.222545
-157.1 0.223485
-156.9 0.224365
-156.7 0.225225
-156.5 0.226147
-156.3 0.226999
-156.1 0.227892
-155.9 0.22878
-155.7 0.229593
-155.5 0.230488
-155.3 0.231424
-155.1 0.232341
-154.9 0.233206
-154.7 0.234059
-154.5 0.234922
-154.3 0.235839
-154.1 0.236722
-153.9 0.237658
-153.7 0.23853
-153.5 0.239396
-153.3 0.240245
-153.1 0.241134
-152.9 0.242079
-152.7 0.242951
-152.5 0.243871
-152.3 0.244764
-152.1 0.245676
-151.9 0.24658
-151.7 0.247489
-151.5 0.248398
-151.3 0.249293
-151.1 0.250155
-150.9 0.250981
-150.7 0.251865
-150.5 0.252702
-150.3 0.253581
-150.1 0.254419
-149.9 0.255327
-149.7 0.256186
-149.5 0.257054
-149.3 0.257975
-149.1 0.258839
-148.9 0.259735
-148.7 0.260585
-148.5 0.26144
-148.3 0.26228
-148.1 0.263135
-147.9 0.263989
-147.7 0.264798
-147.5 0.265668
-147.3 0.266574
-147.1 0.267463
-146.9 0.268309
-146.7 0.269199
-146.5 0.270045
-146.3 0.27091
-146.1 0.271812
-145.9 0.272715
-145.7 0.27355
-145.5 0.27445
-145.3 0.275228
-145.1 0.276091
-144.9 0.276907
-144.7 0.277799
-144.5 0.278656
-144.3 0.279472
-144.1 0.280348
-143.9 0.281246
-143.7 0.282081
-143.5 0.282904
-143.3 0.283686
-143.1 0.284524
-142.9 0.28538
-142.7 0.28624
-142.5 0.287094
-142.3 0.28792
-142.1 0.288796
-141.9 0.289679
-141.7 0.29052
-141.5 0.291347
-141.3 0.292174
-141.1 0.292993
-140.9 0.293809
-140.7 0.294639
-140.5 0.295496
-140.3 0.296396
-140.1 0.297191
-139.9 0.298033
-139.7 0.298847
-139.5 0.299715
-139.3 0.300619
-139.1 0.301481
-138.9 0.302337
-138.7 0.303202
-138.5 0.304019
-138.3 0.30486
-138.1 0.305712
-137.9 0.306558
-137.7 0.307408
-137.5 0.308247
-137.3 0.309111
-137.1 0.309984
-136.9 0.310845
-136.7 0.311692
-136.5 0.312565
-136.3 0.313407
-136.1 0.314314
-135.9 0.315106
-135.7 0.315949
-135.5 0.31682
-135.3 0.317672
-135.1 0.318544
-134.9 0.319418
-134.7 0.320215
-134.5 0.321145
-134.3 0.322034
-134.1 0.322971
-133.9 0.323863
-133.7 0.324754
-133.5 0.325647
-133.3 0.326542
-133.1 0.327362
-132.9 0.328244
-132.7 0.329156
-132.5 0.330048
-132.3 0.330922
-132.1 0.331801
-131.9 0.332722
-131.7 0.333603
-131.5 0.33443
-131.3 0.33531
-131.1 0.3362
-130.9 0.337103
-130.7 0.337997
-130.5 0.338858
-130.3 0.339724
-130.1 0.340641
-129.9 0.341552
-129.7 0.342477
-129.5 0.343372
-129.3 0.344299
-129.1 0.345159
-128.9 0.346049
-128.7 0.346944
-128.5 0.347829
-128.3 0.34874
-128.1 0.349563
-127.9 0.350431
-127.7 0.351313
-127.5 0.352225
-127.3 0.353109
-127.1 0.354036
-126.9 0.354945
-126.7 0.355871
-126.5 0.356747
-126.3 0.35762
-126.1 0.358509
-125.9 0.359425
-125.7 0.360294
-125.5 0.36117
-125.3 0.362052
-125.1 0.36294
-124.9 0.363827
-124.7 0.364751
-124.5 0.36559
-124.3 0.366499
-124.1 0.367367
-123.9 0.368247
-123.7 0.369155
-123.5 0.370068
-123.3 0.370951
-123.1 0.371866
-122.9 0.372813
-122.7 0.373694
-122.5 0.374621
-122.3 0.375516
-122.1 0.376387
-121.9 0.377288
-121.7 0.37819
-121.5 0.379061
-121.3 0.379939
-121.1 0.380871
-120.9 0.381754
-120.7 0.38268
-120.5 0.383609
-120.3 0.384456
-120.1 0.385356
-119.9 0.386238
-119.7 0.387124
-119.5 0.388036
-119.3 0.388924
-119.1 0.389798
-118.9 0.390683
-118.7 0.391561
-118.5 0.39244
-118.3 0.393298
-118.1 0.394174
-117.9 0.395003
-117.7 0.395878
-117.5 0.396787
-117.3 0.397676
-117.1 0.398552
-116.9 0.399408
-116.7 0.400305
-116.5 0.401204
-116.3 0.402049
-116.1 0.402953
-115.9 0.403796
-115.7 0.404629
-115.5 0.405441
-115.3 0.40629
-115.1 0.407147
-114.9 0.408079
-114.7 0.408956
-114.5 0.40981
-114.3 0.410726
-114.1 0.411653
-113.9 0.412516
-113.7 0.413365
-113.5 0.41421
-113.3 0.415049
-113.1 0.415893
-112.9 0.416686
-112.7 0.417524
-112.5 0.418405
-112.3 0.419328
-112.1 0.420197
-111.9 0.421067
-111.7 0.421928
-111.5 0.422847
-111.3 0.423651
-111.1 0.424525
-110.9 0.425362
-110.7 0.426283
-110.5 0.427158
-110.3 0.427988
-110.1 0.428871
-109.9 0.429772
-109.7 0.430597
-109.5 0.431445
-109.3 0.432368
-109.1 0.433226
-108.9 0.434065
-108.7 0.434942
-108.5 0.435779
-108.3 0.436591
-108.1 0.437439
-107.9 0.438264
-107.7 0.439076
-107.5 0.439938
-107.3 0.440808
-107.1 0.441695
-106.9 0.442583
-106.7 0.443433
-106.5 0.444222
-106.3 0.445043
-106.1 0.445914
-105.9 0.44682
-105.7 0.447683
-105.5 0.44854
-105.3 0.449379
-105.1 0.450244
-104.9 0.451112
-104.7 0.451943
-104.5 0.452774
-104.3 0.453593
-104.1 0.454452
-103.9 0.455288
-103.7 0.456113
-103.5 0.456925
-103.3 0.45775
-103.1 0.458613
-102.9 0.459466
-102.7 0.460332
-102.5 0.461198
-102.3 0.462014
-102.1 0.462867
-101.9 0.463687
-101.7 0.464525
-101.5 0.465363
-101.3 0.466173
-101.1 0.467008
-100.9 0.46789
-100.7 0.468709
-100.5 0.469539
-100.3 0.470396
-100.1 0.471252
-99.9 0.472077
-99.7 0.472963
-99.5 0.473794
-99.3 0.474697
-99.1 0.475524
-98.9 0.476349
-98.7 0.477198
-98.5 0.478056
-98.3 0.478872
-98.1 0.479735
-97.9 0.480647
-97.7 0.481533
-97.5 0.48238
-97.3 0.483254
-97.1 0.484081
-96.9 0.484888
-96.7 0.48577
-96.5 0.486644
-96.3 0.487502
-96.1 0.488384
-95.9 0.489281
-95.7 0.490179
-95.5 0.491044
-95.3 0.491947
-95.1 0.492774
-94.9 0.493646
-94.7 0.49447
-94.5 0.49532
-94.3 0.496155
-94.1 0.497037
-93.9 0.497913
-93.7 0.498801
-93.5 0.499688
-93.3 0.500579
-93.1 0.501464
-92.9 0.502331
-92.7 0.503243
-92.5 0.504106
-92.3 0.504998
-92.1 0.505875
-91.9 0.506772
-91.7 0.507606
-91.5 0.508488
-91.3 0.509362
-91.1 0.510197
-90.9 0.511035
-90.7 0.511918
-90.5 0.512814
-90.3 0.5137
-90.1 0.514611
-89.9 0.515462
-89.7 0.516341
-89.5 0.517196
-89.3 0.518075
-89.1 0.518991
-88.9 0.519885
-88.7 0.520737
-88.5 0.521593
-88.3 0.522405
-88.1 0.523273
-87.9 0.524098
-87.7 0.524981
-87.5 0.525914
-87.3 0.526754
-87.1 0.527636
-86.9 0.528495
-86.7 0.529348
-86.5 0.530246
-86.3 0.5311
-86.1 0.531982
-85.9 0.532829
-85.7 0.533719
-85.5 0.534606
-85.3 0.535478
-85.1 0.536318
-84.9 0.537197
-84.7 0.538042
-84.5 0.538958
-84.3 0.539774
-84.1 0.540625
-83.9 0.541489
-83.7 0.542349
-83.5 0.543239
-83.3 0.544103
-83.1 0.544974
-82.9 0.545839
-82.7 0.546695
-82.5 0.547592
-82.3 0.54844
-82.1 0.549299
-81.9 0.550186
-81.7 0.551037
-81.5 0.551845
-81.3 0.552732
-81.1 0.553586
-80.9 0.554447
-80.7 0.555316
-80.5 0.556209
-80.3 0.557045
-80.1 0.557909
-79.9 0.558775
-79.7 0.559601
-79.5 0.560458
-79.3 0.561321
-79.1 0.562149
-78.9 0.562975
-78.7 0.563858
-78.5 0.564656
-78.3 0.565514
-78.1 0.5664
-77.9 0.567255
-77.7 0.568081
-77.5 0.568926
-77.3 0.569746
-77.1 0.570622
-76.9 0.571447
-76.7 0.57235
-76.5 0.573199
-76.3 0.574054
-76.1 0.574928
-75.9 0.57575
-75.7 0.576648
-75.5 0.577514
-75.3 0.578379
-75.1 0.579206
-74.9 0.580136
-74.7 0.580976
-74.5 0.581808
-74.3 0.582656
-74.1 0.583567
-73.9 0.584374
-73.7 0.585194
-73.5 0.586081
-73.3 0.586968
-73.1 0.587835
-72.9 0.588746
-72.7 0.589621
-72.5 0.590464
-72.3 0.591328
-72.1 0.592201
-71.9 0.593071
-71.7 0.593876
-71.5 0.594772
-71.3 0.595616
-71.1 0.596473
-70.9 0.597302
-70.7 0.598161
-70.5 0.599044
-70.3 0.599958
-70.1 0.600847
-69.9 0.601684
-69.7 0.602559
-69.5 0.603406
-69.3 0.6043
-69.1 0.605147
-68.9 0.605981
-68.7 0.606832
-68.5 0.607704
-68.3 0.608571
-68.1 0.609497
-67.9 0.61034
-67.7 0.611162
-67.5 0.612006
-67.3 0.612856
-67.1 0.613708
-66.9 0.61457
-66.7 0.615457
-66.5 0.616263
-66.3 0.617131
-66.1 0.617974
-65.9 0.618788
-65.7 0.619653
-65.5 0.620507
-65.3 0.62134
-65.1 0.622214
-64.9 0.623106
-64.7 0.623941
-64.5 0.624772
-64.3 0.625673
-64.1 0.626587
-63.9 0.627426
-63.7 0.628232
-63.5 0.62912
-63.3 0.629985
-63.1 0.630838
-62.9 0.631681
-62.7 0.632486
-62.5 0.633343
-62.3 0.634274
-62.1 0.635118
-61.9 0.635973
-61.7 0.636808
-61.5 0.637681
-61.3 0.638548
-61.1 0.639402
-60.9 0.640296
-60.7 0.641153
-60.5 0.642013
-60.3 0.642873
-60.1 0.643707
-59.9 0.644576
-59.7 0.645447
-59.5 0.646305
-59.3 0.64717
-59.1 0.648075
-58.9 0.649007
-58.7 0.649834
-58.5 0.650728
-58.3 0.651566
-58.1 0.652448
-57.9 0.65327
-57.7 0.654147
-57.5 0.655038
-57.3 0.655895
-57.1 0.656795
-56.9 0.657676
-56.7 0.658522
-56.5 0.659382
-56.3 0.660214
-56.1 0.661074
-55.9 0.661934
-55.7 0.662828
-55.5 0.663668
-55.3 0.664566
-55.1 0.66542
-54.9 0.666292
-54.7 0.667168
-54.5 0.668
-54.3 0.668802
-54.1 0.669663
-53.9 0.670512
-53.7 0.671344
-53.5 0.672248
-53.3 0.673085
-53.1 0.673952
-52.9 0.674825
-52.7 0.675696
-52.5 0.676561
-52.3 0.677423
-52.1 0.678303
-51.9 0.679147
-51.7 0.68
-51.5 0.680872
-51.3 0.681732
-51.1 0.682581
-50.9 0.683437
-50.7 0.684262
-50.5 0.685157
-50.3 0.68601
-50.1 0.686861
-49.9 0.687702
-49.7 0.688567
-49.5 0.689446
-49.3 0.690339
-49.1 0.691133
-48.9 0.69196
-48.7 0.692847
-48.5 0.693733
-48.3 0.694544
-48.1 0.695394
-47.9 0.696221
-47.7 0.697083
-47.5 0.697929
-47.3 0.698814
-47.1 0.699732
-46.9 0.700579
-46.7 0.70148
-46.5 0.70233
-46.3 0.703144
-46.1 0.703987
-45.9 0.704844
-45.7 0.705736
-45.5 0.706572
-45.3 0.707461
-45.1 0.708313
-44.9 0.70916
-44.7 0.71004
-44.5 0.71086
-44.3 0.711731
-44.1 0.712576
-43.9 0.713387
-43.7 0.714244
-43.5 0.715102
-43.3 0.715956
-43.1 0.716831
-42.9 0.717688
-42.7 0.718561
-42.5 0.719419
-42.3 0.720301
-42.1 0.721203
-41.9 0.722071
-41.7 0.722941
-41.5 0.723837
-41.3 0.724716
-41.1 0.725579
-40.9 0.726436
-40.7 0.727309
-40.5 0.728159
-40.3 0.729007
-40.1 0.729827
-39.9 0.730677
-39.7 0.731596
-39.5 0.732395
-39.3 0.733303
-39.1 0.734185
-38.9 0.73509
-38.7 0.735904
-38.5 0.736766
-38.3 0.73762
-38.1 0.738492
-37.9 0.739412
-37.7 0.740273
-37.5 0.741104
-37.3 0.741975
-37.1 0.742814
-36.9 0.743705
-36.7 0.744542
-36.5 0.745406
-36.3 0.746297
-36.1 0.747144
-35.9 0.748024
-35.7 0.748894
-35.5 0.749738
-35.3 0.750559
-35.1 0.751452
-34.9 0.752361
-34.7 0.753189
-34.5 0.75411
-34.3 0.754981
-34.1 0.755799
-33.9 0.756548
-33.7 0.757421
-33.5 0.758276
-33.3 0.759113
-33.1 0.760033
-32.9 0.760878
-32.7 0.761731
-32.5 0.762611
-32.3 0.763482
-32.1 0.764297
-31.9 0.765149
-31.7 0.766033
-31.5 0.766876
-31.3 0.767689
-31.1 0.768541
-30.9 0.769435
-30.7 0.770291
-30.5 0.771105
-30.3 0.771955
-30.1 0.77275
-29.9 0.773594
-29.7 0.774384
-29.5 0.775233
-29.3 0.776097
-29.1 0.776922
-28.9 0.777773
-28.7 0.778656
-28.5 0.779511
-28.3 0.780366
-28.1 0.781218
-27.9 0.782064
-27.7 0.78295
-27.5 0.783801
-27.3 0.784666
-27.1 0.785473
-26.9 0.786286
-26.7 0.787156
-26.5 0.787981
-26.3 0.788816
-26.1 0.789653
-25.9 0.790484
-25.7 0.791339
-25.5 0.792178
-25.3 0.793023
-25.1 0.793846
-24.9 0.794731
-24.7 0.795547
-24.5 0.796379
-24.3 0.797244
-24.1 0.798093
-23.9 0.798947
-23.7 0.799752
-23.5 0.800604
-23.3 0.80141
-23.1 0.80227
-22.9 0.803108
-22.7 0.803945
-22.5 0.804808
-22.3 0.80565
-22.1 0.806522
-21.9 0.807343
-21.7 0.808199
-21.5 0.809064
-21.3 0.80993
-21.1 0.810797
-20.9 0.811653
-20.7 0.812499
-20.5 0.813374
-20.3 0.814256
-20.1 0.815132
-19.9 0.815991
-19.7 0.816847
-19.5 0.817711
-19.3 0.818531
-19.1 0.819368
-18.9 0.820285
-18.7 0.821129
-18.5 0.821955
-18.3 0.82284
-18.1 0.823735
-17.9 0.824619
-17.7 0.82546
-17.5 0.826343
-17.3 0.827178
-17.1 0.828017
-16.9 0.828869
-16.7 0.829715
-16.5 0.830562
-16.3 0.831436
-16.1 0.832287
-15.9 0.833083
-15.7 0.833956
-15.5 0.834785
-15.3 0.835617
-15.1 0.836428
-14.9 0.837267
-14.7 0.8381
-14.5 0.838947
-14.3 0.83978
-14.1 0.840657
-13.9 0.841545
-13.7 0.842368
-13.5 0.843246
-13.3 0.844105
-13.1 0.844967
-12.9 0.845812
-12.7 0.846644
-12.5 0.847506
-12.3 0.848303
-12.1 0.849138
-11.9 0.849953
-11.7 0.850826
-11.5 0.851665
-11.3 0.852526
-11.1 0.853414
-10.9 0.854287
-10.7 0.85513
-10.5 0.856022
-10.3 0.856901
-10.1 0.857764
-9.9 0.85861
-9.7 0.859448
-9.5 0.860281
-9.3 0.861155
-9.1 0.861966
-8.9 0.862836
-8.7 0.863706
-8.5 0.864577
-8.3 0.865449
-8.1 0.866259
-7.9 0.867094
-7.7 0.867924
-7.5 0.868741
-7.3 0.869576
-7.1 0.870412
-6.9 0.87122
-6.7 0.872084
-6.5 0.872956
-6.3 0.873828
-6.1 0.874665
-5.9 0.875533
-5.7 0.876417
-5.5 0.877267
-5.3 0.878132
-5.1 0.878941
-4.9 0.879765
-4.7 0.880606
-4.5 0.8815
-4.3 0.88238
-4.1 0.883252
-3.9 0.884121
-3.7 0.884995
-3.5 0.885881
-3.3 0.886702
-3.1 0.887548
-2.9 0.888416
-2.7 0.889302
-2.5 0.890155
-2.3 0.891042
-2.1 0.891929
-1.9 0.892771
-1.7 0.893644
-1.5 0.894497
-1.3 0.895328
-1.1 0.896175
-0.899999 0.896969
-0.699999 0.897762
-0.499999 0.89861
-0.299999 0.899521
-0.0999994 0.900341
0.100001 0.901197
0.300001 0.902048
0.500001 0.902885
0.700001 0.903715
0.900001 0.904599
1.1 0.905477
1.3 0.906322
1.5 0.907172
1.7 0.90805
1.9 0.908944
2.1 0.909789
2.3 0.910643
2.5 0.911502
2.7 0.912372
2.9 0.913232
3.1 0.914081
3.3 0.914924
3.5 0.915793
3.7 0.916649
3.9 0.917483
4.1 0.918294
4.3 0.919159
4.5 0.920012
4.7 0.920849
4.9 0.921739
5.1 0.922608
5.3 0.923426
5.5 0.924298
5.7 0.925164
5.9 0.926031
6.1 0.926866
6.3 0.927693
6.5 0.928526
6.7 0.929371
6.9 0.930162
7.1 0.930976
7.3 0.931808
7.5 0.932622
7.7 0.933504
7.9 0.934333
8.1 0.93514
8.3 0.936023
8.5 0.936818
8.7 0.93769
8.9 0.938512
9.1 0.939354
9.3 0.9402
9.5 0.941054
9.7 0.941902
9.9 0.942721
10.1 0.943531
10.3 0.944385
10.5 0.945256
10.7 0.946112
10.9 0.946975
11.1 0.947814
11.3 0.948621
11.5 0.949405
11.7 0.950229
11.9 0.951041
12.1 0.951849
12.3 0.952656
12.5 0.953449
12.7 0.954245
12.9 0.955029
13.1 0.955832
13.3 0.956606
13.5 0.957355
13.7 0.958131
13.9 0.958896
14.1 0.959669
14.3 0.960443
14.5 0.961159
14.7 0.961876
14.9 0.962642
15.1 0.963405
15.3 0.964122
15.5 0.964841
15.7 0.965582
15.9 0.966302
16.1 0.967027
16.3 0.96771
16.5 0.9684
16.7 0.969153
16.9 0.969853
17.1 0.970508
17.3 0.971188
17.5 0.971809
17.7 0.972489
17.9 0.973144
18.1 0.973779
18.3 0.974415
18.5 0.975026
18.7 0.975654
18.9 0.976263
19.1 0.976857
19.3 0.977454
19.5 0.978009
19.7 0.97863
19.9 0.979235
20.1 0.979807
20.3 0.980342
20.5 0.980834
20.7 0.981315
20.9 0.981835
21.1 0.982324
21.3 0.982846
21.5 0.983362
21.7 0.98386
21.9 0.984345
22.1 0.984827
22.3 0.985263
22.5 0.985697
22.7 0.986115
22.9 0.986545
23.1 0.986959
23.3 0.987366
23.5 0.987751
23.7 0.988152
23.9 0.988572
24.1 0.988919
24.3 0.989282
24.5 0.989652
24.7 0.990021
24.9 0.990349
25.1 0.990702
25.3 0.991041
25.5 0.991359
25.7 0.991647
25.9 0.991922
26.1 0.992233
26.3 0.992515
26.5 0.99281
26.7 0.993075
26.9 0.993344
27.1 0.993633
27.3 0.993897
27.5 0.994157
27.7 0.994392
27.9 0.994613
28.1 0.994828
28.3 0.995036
28.5 0.995236
28.7 0.995446
28.9 0.995647
29.1 0.995834
29.3 0.996001
29.5 0.996199
29.7 0.99637
29.9 0.996538
30.1 0.996714
30.3 0.996876
30.5 0.99701
30.7 0.997156
30.9 0.997284
31.1 0.99741
31.3 0.997532
31.5 0.997666
31.7 0.997779
31.9 0.997907
32.1 0.99802
32.3 0.998121
32.5 0.998214
32.7 0.998308
32.9 0.998404
33.1 0.998479
33.3 0.998577
33.5 0.998665
33.7 0.998745
33.9 0.998809
34.1 0.998874
34.3 0.998956
34.5 0.999014
34.7 0.999085
34.9 0.999143
35.1 0.999197
35.3 0.999254
35.5 0.999302
35.7 0.999349
35.9 0.999392
36.1 0.999435
36.3 0.99948
36.5 0.999516
36.7 0.999546
36.9 0.999573
37.1 0.999602
37.3 0.99963
37.5 0.999651
37.7 0.999678
37.9 0.999698
38.1 0.999721
38.3 0.999736
38.5 0.99975
38.7 0.999768
38.9 0.999784
39.1 0.999803
39.3 0.999819
39.5 0.99983
39.7 0.999841
39.9 0.999852
40.1 0.999857
40.3 0.999867
40.5 0.999881
40.7 0.999888
40.9 0.999895
41.1 0.999902
41.3 0.999912
41.5 0.999915
41.7 0.999916
41.9 0.999928
42.1 0.999933
42.3 0.99994
42.5 0.999945
42.7 0.999949
42.9 0.999954
43.1 0.999955
43.3 0.99996
43.5 0.999962
43.7 0.999963
43.9 0.999965
44.1 0.999965
44.3 0.999966
44.5 0.999968
44.7 0.999969
44.9 0.99997
45.1 0.999971
45.3 0.999974
45.5 0.999975
45.7 0.999981
45.9 0.999982
46.1 0.999982
46.3 0.999983
46.5 0.999984
46.7 0.999985
46.9 0.999985
47.1 0.999987
47.3 0.999987
47.5 0.999988
47.7 0.999988
47.9 0.99999
48.1 0.99999
48.3 0.999991
48.5 0.999991
48.7 0.999992
48.9 0.999992
49.1 0.999993
49.3 0.999994
49.5 0.999995
49.7 0.999997
49.9 0.999998
50.1 1
