0 65 0 0 23103
0 65.2 0 0 23445
0 65.4 0 0 23495
0 65.6 0 0 23397
0 65.8 0 0 23270
0 66 0 0 23383
0 66.2 0 0 23337
0 66.4 0 0 23257
0 66.6 0 0 23224
0 66.8 0 0 23460
0 67 0 0 23417
0 67.2 0 0 23476
0 67.4 0 0 23619
0 67.6 0 0 23243
0 67.8 0 0 23497
0 68 0 0 23364
0 68.2 0 0 23430
0 68.4 0 0 23485
0 68.6 0 0 23392
0 68.8 0 0 23319
0 69 0 0 23491
0 69.2 1 23404 23404
0 69.4 1 23316 23316
0 69.6 1 23165 23165
0 69.8 1 23452 23452
0 70 1 23388 23388
0 70.2 1 23181 23181
0 70.4 1 23286 23286
0 70.6 0.791265 18389 23240
0 70.8 0.569295 13149 23097
0 71 0 0 23363
0 71.2 0 0 23128
0 71.4 0 0 23503
0 71.6 0 0 23269
0 71.8 0 0 23281
0 72 0 0 23327
0 72.2 0 0 23332
0 72.4 0 0 23289
0 72.6 0 0 23485
0 72.8 0 0 23236
0 73 0 0 23450
0 73.2 0 0 23415
0 73.4 0 0 23236
0 73.6 0 0 23382
0 73.8 0 0 23433
0 74 0 0 23289
0 74.2 0 0 23367
0 74.4 0 0 23457
0 74.6 0 0 23467
0 74.8 0 0 23610
0 75 0 0 23253

2 65 0 0 23042
2 65.2 0 0 23419
2 65.4 0 0 23155
2 65.6 0 0 23195
2 65.8 0 0 23221
2 66 0 0 23474
2 66.2 0 0 23202
2 66.4 0 0 23655
2 66.6 0 0 23264
2 66.8 0 0 23313
2 67 0 0 23403
2 67.2 0 0 23393
2 67.4 0 0 23220
2 67.6 0 0 23086
2 67.8 0 0 23249
2 68 0 0 23237
2 68.2 0 0 23165
2 68.4 0 0 23007
2 68.6 0 0 23290
2 68.8 0 0 23274
2 69 0.334848 7739 23112
2 69.2 0.874735 20607 23558
2 69.4 0.981904 23061 23486
2 69.6 0.981335 22923 23359
2 69.8 0.979302 23137 23626
2 70 0.980642 22847 23298
2 70.2 0.982362 22780 23189
2 70.4 0.971697 22522 23178
2 70.6 0.796244 18738 23533
2 70.8 0.568645 13308 23403
2 71 0.0209994 490 23334
2 71.2 0 0 23299
2 71.4 0 0 23295
2 71.6 0 0 23381
2 71.8 0 0 23120
2 72 0 0 23460
2 72.2 0 0 23547
2 72.4 0 0 23232
2 72.6 0 0 23300
2 72.8 0 0 23292
2 73 0 0 23351
2 73.2 0 0 23424
2 73.4 0 0 23355
2 73.6 0 0 23154
2 73.8 0 0 23486
2 74 0 0 23272
2 74.2 0 0 23261
2 74.4 0 0 23317
2 74.6 0 0 23532
2 74.8 0 0 23373
2 75 0 0 23175

4 65 0 0 23265
4 65.2 0 0 23279
4 65.4 0 0 23308
4 65.6 0 0 23273
4 65.8 0 0 23156
4 66 0 0 23459
4 66.2 0 0 23205
4 66.4 0 0 23287
4 66.6 0 0 23287
4 66.8 0 0 23302
4 67 0 0 23373
4 67.2 0 0 23136
4 67.4 0 0 23261
4 67.6 0 0 23219
4 67.8 0 0 23143
4 68 0 0 23372
4 68.2 0 0 23508
4 68.4 0 0 23178
4 68.6 0 0 23299
4 68.8 0.105839 2494 23564
4 69 0.382496 8942 23378
4 69.2 0.668802 15452 23104
4 69.4 0.929051 21737 23397
4 69.6 0.961298 22429 23332
4 69.8 0.96059 22351 23268
4 70 0.961046 22426 23335
4 70.2 0.961618 22423 23318
4 70.4 0.937023 21991 23469
4 70.6 0.796504 18639 23401
4 70.8 0.509352 11791 23149
4 71 0.136369 3180 23319
4 71.2 0 0 23313
4 71.4 0 0 23280
4 71.6 0 0 23403
4 71.8 0 0 23372
4 72 0 0 23223
4 72.2 0 0 23493
4 72.4 0 0 22996
4 72.6 0 0 23055
4 72.8 0 0 23413
4 73 0 0 23361
4 73.2 0 0 23282
4 73.4 0 0 23329
4 73.6 0 0 23373
4 73.8 0 0 23460
4 74 0 0 23329
4 74.2 0 0 23256
4 74.4 0 0 23410
4 74.6 0 0 23189
4 74.8 0 0 23211
4 75 0 0 23275

6 65 0 0 23247
6 65.2 0 0 23476
6 65.4 0 0 23401
6 65.6 0 0 23329
6 65.8 0 0 23236
6 66 0 0 23354
6 66.2 0 0 23616
6 66.4 0 0 23086
6 66.6 0 0 23374
6 66.8 0 0 23530
6 67 0 0 23198
6 67.2 0 0 23406
6 67.4 0 0 23447
6 67.6 0 0 23336
6 67.8 0 0 23219
6 68 0 0 23599
6 68.2 0 0 23483
6 68.4 0 0 23441
6 68.6 0.0185681 437 23535
6 68.8 0.17767 4155 23386
6 69 0.377559 8779 23252
6 69.2 0.591437 13813 23355
6 69.4 0.754506 17540 23247
6 69.6 0.929677 21509 23136
6 69.8 0.942712 22034 23373
6 70 0.946067 22190 23455
6 70.2 0.941306 21859 23222
6 70.4 0.89766 20832 23207
6 70.6 0.773777 18053 23331
6 70.8 0.469888 10939 23280
6 71 0.186063 4312 23175
6 71.2 0 0 23529
6 71.4 0 0 23485
6 71.6 0 0 23231
6 71.8 0 0 23195
6 72 0 0 23382
6 72.2 0 0 23380
6 72.4 0 0 23168
6 72.6 0 0 23256
6 72.8 0 0 23422
6 73 0 0 23317
6 73.2 0 0 23525
6 73.4 0 0 23492
6 73.6 0 0 23282
6 73.8 0 0 23269
6 74 0 0 23415
6 74.2 0 0 23231
6 74.4 0 0 23244
6 74.6 0 0 22893
6 74.8 0 0 23178
6 75 0 0 23187

8 65 0 0 23229
8 65.2 0 0 23459
8 65.4 0 0 23224
8 65.6 0 0 23681
8 65.8 0 0 23438
8 66 0 0 23429
8 66.2 0 0 23328
8 66.4 0 0 23307
8 66.6 0 0 23294
8 66.8 0 0 23364
8 67 0 0 23246
8 67.2 0 0 23362
8 67.4 0 0 23344
8 67.6 0 0 23182
8 67.8 0 0 23268
8 68 0 0 23344
8 68.2 0 0 23360
8 68.4 0 0 23047
8 68.6 0.0287816 669 23244
8 68.8 0.207386 4790 23097
8 69 0.375817 8799 23413
8 69.2 0.539408 12627 23409
8 69.4 0.674862 15947 23630
8 69.6 0.799426 18657 23338
8 69.8 0.922186 21664 23492
8 70 0.925091 21451 23188
8 70.2 0.91368 21286 23297
8 70.4 0.858861 19996 23282
8 70.6 0.730807 16935 23173
8 70.8 0.4732 10947 23134
8 71 0.229062 5347 23343
8 71.2 0.0499722 1169 23393
8 71.4 0 0 23370
8 71.6 0 0 23193
8 71.8 0 0 23554
8 72 0 0 23347
8 72.2 0 0 23337
8 72.4 0 0 23246
8 72.6 0 0 23351
8 72.8 0 0 23427
8 73 0 0 23243
8 73.2 0 0 23325
8 73.4 0 0 23318
8 73.6 0 0 23401
8 73.8 0 0 23331
8 74 0 0 23185
8 74.2 0 0 23450
8 74.4 0 0 23345
8 74.6 0 0 23138
8 74.8 0 0 23309
8 75 0 0 23401

10 65 0 0 23188
10 65.2 0 0 23624
10 65.4 0 0 23244
10 65.6 0 0 23467
10 65.8 0 0 23376
10 66 0 0 23254
10 66.2 0 0 23425
10 66.4 0 0 23125
10 66.6 0 0 23435
10 66.8 0 0 23279
10 67 0 0 23352
10 67.2 0 0 23437
10 67.4 0 0 23340
10 67.6 0 0 23630
10 67.8 0 0 23353
10 68 0 0 23188
10 68.2 0 0 23291
10 68.4 0 0 23392
10 68.6 0.0363025 842 23194
10 68.8 0.186357 4319 23176
10 69 0.349344 8197 23464
10 69.2 0.499274 11692 23418
10 69.4 0.619721 14468 23346
10 69.6 0.708489 16517 23313
10 69.8 0.811205 18983 23401
10 70 0.907649 21121 23270
10 70.2 0.889042 20704 23288
10 70.4 0.819695 19062 23255
10 70.6 0.665548 15472 23247
10 70.8 0.463353 10785 23276
10 71 0.25609 5971 23316
10 71.2 0.0951307 2235 23494
10 71.4 0 0 23168
10 71.6 0 0 23323
10 71.8 0 0 23375
10 72 0 0 23115
10 72.2 0 0 23163
10 72.4 0 0 23351
10 72.6 0 0 23251
10 72.8 0 0 23412
10 73 0 0 23323
10 73.2 0 0 23371
10 73.4 0 0 23334
10 73.6 0 0 23384
10 73.8 0 0 23131
10 74 0 0 23449
10 74.2 0 0 23229
10 74.4 0 0 23486
10 74.6 0 0 23117
10 74.8 0 0 23171
10 75 0 0 23446

12 65 0 0 23480
12 65.2 0 0 23246
12 65.4 0 0 23257
12 65.6 0 0 23213
12 65.8 0 0 23370
12 66 0 0 23384
12 66.2 0 0 23273
12 66.4 0 0 23442
12 66.6 0 0 23431
12 66.8 0 0 23142
12 67 0 0 23301
12 67.2 0 0 23261
12 67.4 0 0 23348
12 67.6 0 0 23224
12 67.8 0 0 23346
12 68 0 0 23158
12 68.2 0 0 23341
12 68.4 0 0 23273
12 68.6 0.0392587 913 23256
12 68.8 0.158503 3702 23356
12 69 0.336077 7800 23209
12 69.2 0.462959 10755 23231
12 69.4 0.573098 13485 23530
12 69.6 0.65101 15080 23164
12 69.8 0.73252 17045 23269
12 70 0.812018 18864 23231
12 70.2 0.854624 20017 23422
12 70.4 0.783192 18452 23560
12 70.6 0.615981 14292 23202
12 70.8 0.453897 10564 23274
12 71 0.291553 6706 23001
12 71.2 0.137871 3231 23435
12 71.4 0.0233461 547 23430
12 71.6 0 0 23087
12 71.8 0 0 23258
12 72 0 0 23181
12 72.2 0 0 23321
12 72.4 0 0 23555
12 72.6 0 0 23388
12 72.8 0 0 23282
12 73 0 0 23602
12 73.2 0 0 23188
12 73.4 0 0 23446
12 73.6 0 0 23161
12 73.8 0 0 23337
12 74 0 0 23262
12 74.2 0 0 23410
12 74.4 0 0 23082
12 74.6 0 0 23276
12 74.8 0 0 23406
12 75 0 0 22991

14 65 0 0 23275
14 65.2 0 0 23514
14 65.4 0 0 23082
14 65.6 0 0 23383
14 65.8 0 0 23048
14 66 0 0 23434
14 66.2 0 0 23497
14 66.4 0 0 23364
14 66.6 0 0 23295
14 66.8 0 0 23325
14 67 0 0 23270
14 67.2 0 0 23302
14 67.4 0 0 23278
14 67.6 0 0 23436
14 67.8 0 0 23445
14 68 0 0 23655
14 68.2 0 0 23279
14 68.4 0.000820238 19 23164
14 68.6 0.0441991 1029 23281
14 68.8 0.144112 3362 23329
14 69 0.307103 7177 23370
14 69.2 0.443397 10438 23541
14 69.4 0.534251 12463 23328
14 69.6 0.616132 14200 23047
14 69.8 0.676707 15816 23372
14 70 0.739084 17248 23337
14 70.2 0.771839 17980 23295
14 70.4 0.723627 16998 23490
14 70.6 0.58038 13560 23364
14 70.8 0.450158 10418 23143
14 71 0.309039 7200 23298
14 71.2 0.171362 3972 23179
14 71.4 0.0589453 1367 23191
14 71.6 0 0 23204
14 71.8 0 0 23387
14 72 0 0 23402
14 72.2 0 0 23480
14 72.4 0 0 23301
14 72.6 0 0 23516
14 72.8 0 0 23231
14 73 0 0 23223
14 73.2 0 0 23423
14 73.4 0 0 23600
14 73.6 0 0 23327
14 73.8 0 0 23315
14 74 0 0 23066
14 74.2 0 0 23177
14 74.4 0 0 23422
14 74.6 0 0 23218
14 74.8 0 0 23534
14 75 0 0 23351

16 65 0 0 23638
16 65.2 0 0 23180
16 65.4 0 0 23217
16 65.6 0 0 23330
16 65.8 0 0 23523
16 66 0 0 23397
16 66.2 0 0 23410
16 66.4 0 0 23416
16 66.6 0 0 23132
16 66.8 0 0 23379
16 67 0 0 23405
16 67.2 0 0 23178
16 67.4 0 0 23263
16 67.6 0 0 23097
16 67.8 0 0 23106
16 68 0 0 23494
16 68.2 0 0 23261
16 68.4 0.00388872 91 23401
16 68.6 0.0440464 1028 23339
16 68.8 0.130314 3004 23052
16 69 0.270958 6348 23428
16 69.2 0.407221 9485 23292
16 69.4 0.50191 11695 23301
16 69.6 0.57212 13355 23343
16 69.8 0.628835 14655 23305
16 70 0.678568 15850 23358
16 70.2 0.709968 16489 23225
16 70.4 0.65656 15332 23352
16 70.6 0.546345 12661 23174
16 70.8 0.435157 10100 23210
16 71 0.321663 7506 23335
16 71.2 0.198736 4622 23257
16 71.4 0.0912799 2126 23291
16 71.6 0.00937607 220 23464
16 71.8 0 0 23283
16 72 0 0 23348
16 72.2 0 0 23425
16 72.4 0 0 23366
16 72.6 0 0 23307
16 72.8 0 0 23473
16 73 0 0 23291
16 73.2 0 0 23173
16 73.4 0 0 23445
16 73.6 0 0 23241
16 73.8 0 0 23617
16 74 0 0 23197
16 74.2 0 0 23484
16 74.4 0 0 23385
16 74.6 0 0 23326
16 74.8 0 0 23546
16 75 0 0 23483

18 65 0 0 23187
18 65.2 0 0 23551
18 65.4 0 0 23155
18 65.6 0 0 23242
18 65.8 0 0 23108
18 66 0 0 23263
18 66.2 0 0 23519
18 66.4 0 0 23292
18 66.6 0 0 23284
18 66.8 0 0 23332
18 67 0 0 23519
18 67.2 0 0 23472
18 67.4 0 0 23526
18 67.6 0 0 23553
18 67.8 0 0 23334
18 68 0 0 23185
18 68.2 0 0 23384
18 68.4 0.00690069 161 23331
18 68.6 0.0473718 1104 23305
18 68.8 0.122128 2849 23328
18 69 0.235072 5472 23278
18 69.2 0.373733 8668 23193
18 69.4 0.462543 10799 23347
18 69.6 0.537429 12686 23605
18 69.8 0.593601 13933 23472
18 70 0.634469 14707 23180
18 70.2 0.65015 15142 23290
18 70.4 0.606733 14183 23376
18 70.6 0.526426 12321 23405
18 70.8 0.425645 9932 23334
18 71 0.324071 7581 23393
18 71.2 0.220387 5098 23132
18 71.4 0.12727 2993 23517
18 71.6 0.0383788 892 23242
18 71.8 0 0 23184
18 72 0 0 23261
18 72.2 0 0 23357
18 72.4 0 0 23145
18 72.6 0 0 23576
18 72.8 0 0 23357
18 73 0 0 23379
18 73.2 0 0 23409
18 73.4 0 0 23473
18 73.6 0 0 23309
18 73.8 0 0 23349
18 74 0 0 23580
18 74.2 0 0 22986
18 74.4 0 0 23050
18 74.6 0 0 23480
18 74.8 0 0 23210
18 75 0 0 23557

20 65 0 0 23365
20 65.2 0 0 23569
20 65.4 0 0 23320
20 65.6 0 0 23307
20 65.8 0 0 23398
20 66 0 0 23422
20 66.2 0 0 23246
20 66.4 0 0 23264
20 66.6 0 0 23230
20 66.8 0 0 23533
20 67 0 0 23064
20 67.2 0 0 23656
20 67.4 0 0 23331
20 67.6 0 0 23343
20 67.8 0 0 23257
20 68 0 0 23353
20 68.2 0 0 23534
20 68.4 0.0102128 239 23402
20 68.6 0.0466223 1087 23315
20 68.8 0.111634 2607 23353
20 69 0.205425 4756 23152
20 69.2 0.326285 7546 23127
20 69.4 0.43941 10211 23238
20 69.6 0.511104 11921 23324
20 69.8 0.564569 13133 23262
20 70 0.593625 13781 23215
20 70.2 0.598804 13824 23086
20 70.4 0.562813 13037 23164
20 70.6 0.494874 11584 23408
20 70.8 0.415217 9741 23460
20 71 0.323214 7634 23619
20 71.2 0.23438 5477 23368
20 71.4 0.147992 3471 23454
20 71.6 0.0652419 1505 23068
20 71.8 0.00257642 59 22900
20 72 0 0 23324
20 72.2 0 0 23138
20 72.4 0 0 23702
20 72.6 0 0 23356
20 72.8 0 0 23389
20 73 0 0 23336
20 73.2 0 0 23012
20 73.4 0 0 23331
20 73.6 0 0 23451
20 73.8 0 0 23471
20 74 0 0 23328
20 74.2 0 0 23470
20 74.4 0 0 23390
20 74.6 0 0 23325
20 74.8 0 0 23210
20 75 0 0 23310

22 65 0 0 23320
22 65.2 0 0 23385
22 65.4 0 0 23411
22 65.6 0 0 23092
22 65.8 0 0 23196
22 66 0 0 23297
22 66.2 0 0 23245
22 66.4 0 0 23611
22 66.6 0 0 23355
22 66.8 0 0 23320
22 67 0 0 23354
22 67.2 0 0 23505
22 67.4 0 0 23340
22 67.6 0 0 23614
22 67.8 0 0 23250
22 68 0 0 23637
22 68.2 0 0 23191
22 68.4 0.0119053 277 23267
22 68.6 0.0478546 1122 23446
22 68.8 0.100584 2342 23284
22 69 0.182938 4293 23467
22 69.2 0.292299 6703 22932
22 69.4 0.409343 9534 23291
22 69.6 0.478627 11208 23417
22 69.8 0.532664 12410 23298
22 70 0.560102 13196 23560
22 70.2 0.564113 12987 23022
22 70.4 0.531638 12359 23247
22 70.6 0.477286 11053 23158
22 70.8 0.404238 9462 23407
22 71 0.324879 7596 23381
22 71.2 0.249172 5792 23245
22 71.4 0.16726 3902 23329
22 71.6 0.0917348 2131 23230
22 71.8 0.0264484 614 23215
22 72 0 0 23105
22 72.2 0 0 23364
22 72.4 0 0 23557
22 72.6 0 0 23302
22 72.8 0 0 23245
22 73 0 0 23403
22 73.2 0 0 23300
22 73.4 0 0 23185
22 73.6 0 0 23253
22 73.8 0 0 23472
22 74 0 0 23335
22 74.2 0 0 23215
22 74.4 0 0 23220
22 74.6 0 0 23278
22 74.8 0 0 23238
22 75 0 0 23398

24 65 0 0 23201
24 65.2 0 0 23378
24 65.4 0 0 23177
24 65.6 0 0 22889
24 65.8 0 0 23169
24 66 0 0 23546
24 66.2 0 0 23360
24 66.4 0 0 23317
24 66.6 0 0 23367
24 66.8 0 0 23240
24 67 0 0 23290
24 67.2 0 0 23237
24 67.4 0 0 23485
24 67.6 0 0 23317
24 67.8 0 0 23191
24 68 0 0 23491
24 68.2 0 0 23306
24 68.4 0.00632258 147 23250
24 68.6 0.0351412 819 23306
24 68.8 0.0859885 2016 23445
24 69 0.153981 3593 23334
24 69.2 0.252883 5899 23327
24 69.4 0.365506 8479 23198
24 69.6 0.444511 10354 23293
24 69.8 0.502765 11817 23504
24 70 0.530269 12368 23324
24 70.2 0.524302 12211 23290
24 70.4 0.501267 11872 23684
24 70.6 0.452163 10492 23204
24 70.8 0.392431 9250 23571
24 71 0.325461 7662 23542
24 71.2 0.259788 6091 23446
24 71.4 0.185646 4325 23297
24 71.6 0.118207 2745 23222
24 71.8 0.0489267 1151 23525
24 72 0 0 23525
24 72.2 0 0 23332
24 72.4 0 0 23371
24 72.6 0 0 23360
24 72.8 0 0 23408
24 73 0 0 23491
24 73.2 0 0 23337
24 73.4 0 0 23578
24 73.6 0 0 23403
24 73.8 0 0 23318
24 74 0 0 23493
24 74.2 0 0 23252
24 74.4 0 0 23155
24 74.6 0 0 23033
24 74.8 0 0 23283
24 75 0 0 23589

26 65 0 0 23289
26 65.2 0 0 23204
26 65.4 0 0 23239
26 65.6 0 0 23678
26 65.8 0 0 23414
26 66 0 0 23445
26 66.2 0 0 23199
26 66.4 0 0 23327
26 66.6 0 0 23282
26 66.8 0 0 23132
26 67 0 0 23457
26 67.2 0 0 23404
26 67.4 0 0 23558
26 67.6 0 0 23263
26 67.8 0 0 23220
26 68 0 0 23335
26 68.2 0 0 23310
26 68.4 0.00420402 98 23311
26 68.6 0.0266044 621 23342
26 68.8 0.0667921 1562 23386
26 69 0.126934 2920 23004
26 69.2 0.207238 4839 23350
26 69.4 0.307478 7179 23348
26 69.6 0.414121 9789 23638
26 69.8 0.468869 10987 23433
26 70 0.497635 11572 23254
26 70.2 0.496602 11617 23393
26 70.4 0.469635 10950 23316
26 70.6 0.437422 10153 23211
26 70.8 0.383362 8991 23453
26 71 0.318344 7476 23484
26 71.2 0.2639 6180 23418
26 71.4 0.19288 4497 23315
26 71.6 0.135819 3198 23546
26 71.8 0.0737606 1717 23278
26 72 0.0177399 416 23450
26 72.2 0 0 23396
26 72.4 0 0 22928
26 72.6 0 0 23133
26 72.8 0 0 23195
26 73 0 0 23555
26 73.2 0 0 23092
26 73.4 0 0 23391
26 73.6 0 0 23531
26 73.8 0 0 23200
26 74 0 0 23315
26 74.2 0 0 23113
26 74.4 0 0 23226
26 74.6 0 0 23132
26 74.8 0 0 23429
26 75 0 0 23156

28 65 0 0 23231
28 65.2 0 0 23321
28 65.4 0 0 23548
28 65.6 0 0 23414
28 65.8 0 0 23253
28 66 0 0 23386
28 66.2 0 0 23346
28 66.4 0 0 23222
28 66.6 0 0 23228
28 66.8 0 0 23126
28 67 0 0 23156
28 67.2 0 0 23258
28 67.4 0 0 23256
28 67.6 0 0 23444
28 67.8 0 0 23499
28 68 0 0 23411
28 68.2 0 0 23229
28 68.4 0.00253013 59 23319
28 68.6 0.0185066 430 23235
28 68.8 0.0523493 1230 23496
28 69 0.100279 2338 23315
28 69.2 0.169527 3912 23076
28 69.4 0.255109 5955 23343
28 69.6 0.350013 8163 23322
28 69.8 0.417801 9787 23425
28 70 0.463296 10786 23281
28 70.2 0.470671 11009 23390
28 70.4 0.443328 10416 23495
28 70.6 0.414096 9747 23538
28 70.8 0.372642 8772 23540
28 71 0.315009 7289 23139
28 71.2 0.263381 6146 23335
28 71.4 0.204852 4737 23124
28 71.6 0.15245 3537 23201
28 71.8 0.0938183 2190 23343
28 72 0.0365765 853 23321
28 72.2 0 0 23330
28 72.4 0 0 23399
28 72.6 0 0 23357
28 72.8 0 0 23357
28 73 0 0 23621
28 73.2 0 0 23183
28 73.4 0 0 23452
28 73.6 0 0 23617
28 73.8 0 0 23303
28 74 0 0 23213
28 74.2 0 0 23380
28 74.4 0 0 23385
28 74.6 0 0 23263
28 74.8 0 0 23187
28 75 0 0 23045

30 65 0 0 23197
30 65.2 0 0 23364
30 65.4 0 0 23600
30 65.6 0 0 23347
30 65.8 0 0 23392
30 66 0 0 23398
30 66.2 0 0 23218
30 66.4 0 0 23384
30 66.6 0 0 23417
30 66.8 0 0 23521
30 67 0 0 23494
30 67.2 0 0 23384
30 67.4 0 0 23383
30 67.6 0 0 23482
30 67.8 0 0 23426
30 68 0 0 23302
30 68.2 0 0 23193
30 68.4 0.00255345 59 23106
30 68.6 0.014406 337 23393
30 68.8 0.0405446 950 23431
30 69 0.0813894 1898 23320
30 69.2 0.142501 3312 23242
30 69.4 0.213685 4931 23076
30 69.6 0.298411 6913 23166
30 69.8 0.376332 8688 23086
30 70 0.414831 9773 23559
30 70.2 0.427407 9912 23191
30 70.4 0.4228 9858 23316
30 70.6 0.40106 9309 23211
30 70.8 0.360515 8431 23386
30 71 0.310255 7246 23355
30 71.2 0.266916 6205 23247
30 71.4 0.212876 5006 23516
30 71.6 0.163949 3810 23239
30 71.8 0.109488 2541 23208
30 72 0.0558034 1301 23314
30 72.2 0.0123367 288 23345
30 72.4 0 0 23190
30 72.6 0 0 23331
30 72.8 0 0 23451
30 73 0 0 23434
30 73.2 0 0 23235
30 73.4 0 0 23210
30 73.6 0 0 23319
30 73.8 0 0 23303
30 74 0 0 23230
30 74.2 0 0 23182
30 74.4 0 0 23378
30 74.6 0 0 23087
30 74.8 0 0 23463
30 75 0 0 23348

32 65 0 0 23434
32 65.2 0 0 23226
32 65.4 0 0 23478
32 65.6 0 0 23440
32 65.8 0 0 23327
32 66 0 0 23355
32 66.2 0 0 23393
32 66.4 0 0 23155
32 66.6 0 0 23287
32 66.8 0 0 23219
32 67 0 0 23161
32 67.2 0 0 23346
32 67.4 0 0 23166
32 67.6 0 0 23234
32 67.8 0 0 23416
32 68 0 0 23126
32 68.2 0 0 23069
32 68.4 0.00141631 33 23300
32 68.6 0.0095669 222 23205
32 68.8 0.027169 631 23225
32 69 0.0638481 1486 23274
32 69.2 0.114821 2662 23184
32 69.4 0.17704 4153 23458
32 69.6 0.251949 5882 23346
32 69.8 0.32875 7675 23346
32 70 0.376452 8847 23501
32 70.2 0.396099 9138 23070
32 70.4 0.40183 9355 23281
32 70.6 0.381342 8899 23336
32 70.8 0.348569 8137 23344
32 71 0.297939 6953 23337
32 71.2 0.261922 6168 23549
32 71.4 0.221001 5188 23475
32 71.6 0.173889 4065 23377
32 71.8 0.121668 2880 23671
32 72 0.0690545 1606 23257
32 72.2 0.0207754 486 23393
32 72.4 0 0 23310
32 72.6 0 0 23311
32 72.8 0 0 23518
32 73 0 0 23454
32 73.2 0 0 23541
32 73.4 0 0 23453
32 73.6 0 0 23432
32 73.8 0 0 23280
32 74 0 0 23469
32 74.2 0 0 23477
32 74.4 0 0 23206
32 74.6 0 0 23273
32 74.8 0 0 23132
32 75 0 0 23568

34 65 0 0 23432
34 65.2 0 0 23543
34 65.4 0 0 23351
34 65.6 0 0 23242
34 65.8 0 0 23365
34 66 0 0 23257
34 66.2 0 0 23546
34 66.4 0 0 23528
34 66.6 0 0 23195
34 66.8 0 0 23300
34 67 0 0 23198
34 67.2 0 0 23339
34 67.4 0 0 23385
34 67.6 0 0 23319
34 67.8 0 0 23111
34 68 0 0 23357
34 68.2 0 0 23441
34 68.4 0.0011704 27 23069
34 68.6 0.00743145 174 23414
34 68.8 0.0198659 468 23558
34 69 0.0470638 1102 23415
34 69.2 0.0918951 2135 23233
34 69.4 0.146719 3441 23453
34 69.6 0.209442 4858 23195
34 69.8 0.285461 6605 23138
34 70 0.338897 7918 23364
34 70.2 0.363458 8510 23414
34 70.4 0.376708 8876 23562
34 70.6 0.36892 8563 23211
34 70.8 0.339896 7941 23363
34 71 0.29864 6895 23088
34 71.2 0.259085 6053 23363
34 71.4 0.220365 5129 23275
34 71.6 0.17986 4208 23396
34 71.8 0.126996 2950 23229
34 72 0.0684809 1608 23481
34 72.2 0.0282594 665 23532
34 72.4 0.00302128 70 23169
34 72.6 0 0 23305
34 72.8 0 0 23311
34 73 0 0 23416
34 73.2 0 0 23151
34 73.4 0 0 23137
34 73.6 0 0 23585
34 73.8 0 0 23557
34 74 0 0 23370
34 74.2 0 0 23220
34 74.4 0 0 23463
34 74.6 0 0 23565
34 74.8 0 0 23155
34 75 0 0 23502

36 65 0 0 23246
36 65.2 0 0 23218
36 65.4 0 0 23307
36 65.6 0 0 23414
36 65.8 0 0 23339
36 66 0 0 23495
36 66.2 0 0 23268
36 66.4 0 0 23535
36 66.6 0 0 23461
36 66.8 0 0 23096
36 67 0 0 23514
36 67.2 0 0 23417
36 67.4 0 0 23210
36 67.6 0 0 23326
36 67.8 0 0 23017
36 68 0 0 23264
36 68.2 0 0 23491
36 68.4 0.000815171 19 23308
36 68.6 0.00571088 134 23464
36 68.8 0.0148722 342 22996
36 69 0.0391782 923 23559
36 69.2 0.0714255 1677 23479
36 69.4 0.123517 2874 23268
36 69.6 0.177304 4128 23282
36 69.8 0.238875 5540 23192
36 70 0.299648 6986 23314
36 70.2 0.338005 7911 23405
36 70.4 0.347438 8129 23397
36 70.6 0.353786 8251 23322
36 70.8 0.328352 7647 23289
36 71 0.290945 6841 23513
36 71.2 0.260522 6054 23238
36 71.4 0.216801 5030 23201
36 71.6 0.170439 4036 23680
36 71.8 0.105823 2486 23492
36 72 0.0654484 1540 23530
36 72.2 0.0319334 736 23048
36 72.4 0.0065753 154 23421
36 72.6 0 0 23143
36 72.8 0 0 23327
36 73 0 0 23304
36 73.2 0 0 23479
36 73.4 0 0 23179
36 73.6 0 0 23257
36 73.8 0 0 23404
36 74 0 0 23367
36 74.2 0 0 23222
36 74.4 0 0 23353
36 74.6 0 0 23335
36 74.8 0 0 23200
36 75 0 0 23234

38 65 0 0 23484
38 65.2 0 0 23052
38 65.4 0 0 23460
38 65.6 0 0 23533
38 65.8 0 0 23178
38 66 0 0 23536
38 66.2 0 0 23675
38 66.4 0 0 23285
38 66.6 0 0 23430
38 66.8 0 0 23199
38 67 0 0 23352
38 67.2 0 0 23283
38 67.4 0 0 23240
38 67.6 0 0 23402
38 67.8 0 0 23284
38 68 0 0 23566
38 68.2 0 0 23443
38 68.4 0.000678253 16 23590
38 68.6 0.00371509 87 23418
38 68.8 0.0112461 261 23208
38 69 0.0274838 644 23432
38 69.2 0.054229 1265 23327
38 69.4 0.102047 2413 23646
38 69.6 0.149111 3464 23231
38 69.8 0.20665 4798 23218
38 70 0.262174 6084 23206
38 70.2 0.305363 7100 23251
38 70.4 0.324671 7646 23550
38 70.6 0.327628 7522 22959
38 70.8 0.316791 7424 23435
38 71 0.281218 6576 23384
38 71.2 0.242299 5679 23438
38 71.4 0.193539 4523 23370
38 71.6 0.13441 3121 23220
38 71.8 0.0868252 2012 23173
38 72 0.0548796 1272 23178
38 72.2 0.0289452 677 23389
38 72.4 0.0110227 259 23497
38 72.6 0 0 23279
38 72.8 0 0 23458
38 73 0 0 23237
38 73.2 0 0 23542
38 73.4 0 0 23613
38 73.6 0 0 23338
38 73.8 0 0 23139
38 74 0 0 23168
38 74.2 0 0 23521
38 74.4 0 0 23185
38 74.6 0 0 23368
38 74.8 0 0 23204
38 75 0 0 23201

40 65 0 0 23397
40 65.2 0 0 23312
40 65.4 0 0 23181
40 65.6 0 0 23198
40 65.8 0 0 23249
40 66 0 0 23204
40 66.2 0 0 23523
40 66.4 0 0 23504
40 66.6 0 0 23086
40 66.8 0 0 23359
40 67 0 0 23408
40 67.2 0 0 23434
40 67.4 0 0 23353
40 67.6 0 0 23416
40 67.8 0 0 23335
40 68 0 0 23202
40 68.2 0 0 23426
40 68.4 0.000384862 9 23385
40 68.6 0.00215285 50 23225
40 68.8 0.00868099 206 23730
40 69 0.0203941 475 23291
40 69.2 0.0430761 1006 23354
40 69.4 0.0800635 1865 23294
40 69.6 0.125541 2900 23100
40 69.8 0.174481 4034 23120
40 70 0.225261 5247 23293
40 70.2 0.271871 6352 23364
40 70.4 0.290717 6783 23332
40 70.6 0.30601 7149 23362
40 70.8 0.285226 6674 23399
40 71 0.255426 6049 23682
40 71.2 0.211104 4943 23415
40 71.4 0.156823 3603 22975
40 71.6 0.106437 2492 23413
40 71.8 0.0713335 1662 23299
40 72 0.0439955 1017 23116
40 72.2 0.0222623 519 23313
40 72.4 0.00842286 196 23270
40 72.6 4.27716e-05 1 23380
40 72.8 0 0 23255
40 73 0 0 23365
40 73.2 0 0 23326
40 73.4 0 0 23233
40 73.6 0 0 23240
40 73.8 0 0 23164
40 74 0 0 23385
40 74.2 0 0 23252
40 74.4 0 0 23320
40 74.6 0 0 23429
40 74.8 0 0 23330
40 75 0 0 23158

42 65 0 0 23249
42 65.2 0 0 23287
42 65.4 0 0 23367
42 65.6 0 0 23576
42 65.8 0 0 23120
42 66 0 0 23318
42 66.2 0 0 23212
42 66.4 0 0 23412
42 66.6 0 0 23324
42 66.8 0 0 23457
42 67 0 0 23531
42 67.2 0 0 23553
42 67.4 0 0 23262
42 67.6 0 0 23362
42 67.8 0 0 23416
42 68 0 0 23137
42 68.2 0 0 23288
42 68.4 0.00030061 7 23286
42 68.6 0.00160326 37 23078
42 68.8 0.00512273 120 23425
42 69 0.0135535 316 23315
42 69.2 0.0307947 725 23543
42 69.4 0.0595177 1387 23304
42 69.6 0.100803 2348 23293
42 69.8 0.144211 3347 23209
42 70 0.190209 4445 23369
42 70.2 0.230642 5448 23621
42 70.4 0.252774 5855 23163
42 70.6 0.254723 5919 23237
42 70.8 0.254544 5952 23383
42 71 0.225025 5264 23393
42 71.2 0.175243 4090 23339
42 71.4 0.125375 2923 23314
42 71.6 0.0848765 1980 23328
42 71.8 0.0587158 1378 23469
42 72 0.0338947 789 23278
42 72.2 0.0168624 392 23247
42 72.4 0.00495472 116 23412
42 72.6 0 0 23246
42 72.8 0 0 23233
42 73 0 0 23447
42 73.2 0 0 23510
42 73.4 0 0 23270
42 73.6 0 0 23406
42 73.8 0 0 23193
42 74 0 0 23263
42 74.2 0 0 23421
42 74.4 0 0 23221
42 74.6 0 0 22984
42 74.8 0 0 23293
42 75 0 0 22926

44 65 0 0 23253
44 65.2 0 0 23424
44 65.4 0 0 23483
44 65.6 0 0 23268
44 65.8 0 0 23160
44 66 0 0 23368
44 66.2 0 0 23069
44 66.4 0 0 23247
44 66.6 0 0 23337
44 66.8 0 0 23548
44 67 0 0 23347
44 67.2 0 0 23312
44 67.4 0 0 23173
44 67.6 0 0 23351
44 67.8 0 0 23350
44 68 0 0 23292
44 68.2 0 0 23327
44 68.4 0 0 23508
44 68.6 0.00055782 13 23305
44 68.8 0.00335813 79 23525
44 69 0.00873549 204 23353
44 69.2 0.0215547 503 23336
44 69.4 0.0485678 1136 23390
44 69.6 0.0807373 1879 23273
44 69.8 0.114116 2654 23257
44 70 0.142043 3315 23338
44 70.2 0.181335 4261 23498
44 70.4 0.213905 4972 23244
44 70.6 0.226239 5244 23179
44 70.8 0.216855 5041 23246
44 71 0.181047 4266 23563
44 71.2 0.142593 3314 23241
44 71.4 0.0960975 2231 23216
44 71.6 0.0651202 1530 23495
44 71.8 0.0424376 984 23187
44 72 0.025629 603 23528
44 72.2 0.00983217 232 23596
44 72.4 0.00269461 63 23380
44 72.6 0 0 23470
44 72.8 0 0 23229
44 73 0 0 23360
44 73.2 0 0 23440
44 73.4 0 0 23428
44 73.6 0 0 23478
44 73.8 0 0 23264
44 74 0 0 23199
44 74.2 0 0 23318
44 74.4 0 0 23406
44 74.6 0 0 23116
44 74.8 0 0 23226
44 75 0 0 23299

46 65 0 0 23198
46 65.2 0 0 23561
46 65.4 0 0 23473
46 65.6 0 0 23173
46 65.8 0 0 23534
46 66 0 0 23315
46 66.2 0 0 23177
46 66.4 0 0 23634
46 66.6 0 0 23270
46 66.8 0 0 23398
46 67 0 0 23293
46 67.2 0 0 23328
46 67.4 0 0 23293
46 67.6 0 0 23282
46 67.8 0 0 23494
46 68 0 0 23505
46 68.2 0 0 23311
46 68.4 0 0 23301
46 68.6 0.000344842 8 23199
46 68.8 0.00235879 55 23317
46 69 0.00668066 156 23351
46 69.2 0.0150548 349 23182
46 69.4 0.0338854 798 23550
46 69.6 0.0588688 1377 23391
46 69.8 0.0851773 1994 23410
46 70 0.114804 2698 23501
46 70.2 0.137864 3203 23233
46 70.4 0.170022 3978 23397
46 70.6 0.189683 4427 23339
46 70.8 0.172395 4028 23365
46 71 0.144339 3353 23230
46 71.2 0.108622 2531 23301
46 71.4 0.0776948 1820 23425
46 71.6 0.0490911 1137 23161
46 71.8 0.032048 753 23496
46 72 0.0161359 379 23488
46 72.2 0.00772851 179 23161
46 72.4 0.00171777 40 23286
46 72.6 0 0 23190
46 72.8 0 0 23312
46 73 0 0 23248
46 73.2 0 0 23270
46 73.4 0 0 23340
46 73.6 0 0 23373
46 73.8 0 0 23277
46 74 0 0 23341
46 74.2 0 0 23312
46 74.4 0 0 23313
46 74.6 0 0 23384
46 74.8 0 0 23032
46 75 0 0 23436

48 65 0 0 23233
48 65.2 0 0 23081
48 65.4 0 0 23425
48 65.6 0 0 23230
48 65.8 0 0 23474
48 66 0 0 23426
48 66.2 0 0 23387
48 66.4 0 0 23456
48 66.6 0 0 23143
48 66.8 0 0 23275
48 67 0 0 23189
48 67.2 0 0 23619
48 67.4 0 0 23259
48 67.6 0 0 23163
48 67.8 0 0 23500
48 68 0 0 23387
48 68.2 0 0 23257
48 68.4 0 0 23194
48 68.6 0.000342789 8 23338
48 68.8 0.00114189 27 23645
48 69 0.00460453 107 23238
48 69.2 0.0103272 244 23627
48 69.4 0.0228432 533 23333
48 69.6 0.0419973 979 23311
48 69.8 0.0669671 1575 23519
48 70 0.0878984 2049 23311
48 70.2 0.113333 2641 23303
48 70.4 0.139097 3234 23250
48 70.6 0.149393 3481 23301
48 70.8 0.13442 3143 23382
48 71 0.115113 2672 23212
48 71.2 0.0885201 2075 23441
48 71.4 0.0575817 1331 23115
48 71.6 0.0333075 774 23238
48 71.8 0.0228021 533 23375
48 72 0.0105439 246 23331
48 72.2 0.0048237 113 23426
48 72.4 0.00128145 30 23411
48 72.6 0 0 23198
48 72.8 0 0 23359
48 73 0 0 23351
48 73.2 0 0 23507
48 73.4 0 0 23559
48 73.6 0 0 23134
48 73.8 0 0 23496
48 74 0 0 23268
48 74.2 0 0 23291
48 74.4 0 0 23444
48 74.6 0 0 23331
48 74.8 0 0 23238
48 75 0 0 23080

50 65 0 0 23519
50 65.2 0 0 23300
50 65.4 0 0 23578
50 65.6 0 0 23191
50 65.8 0 0 23324
50 66 0 0 23563
50 66.2 0 0 23055
50 66.4 0 0 23289
50 66.6 0 0 23161
50 66.8 0 0 23139
50 67 0 0 23490
50 67.2 0 0 23630
50 67.4 0 0 23426
50 67.6 0 0 23313
50 67.8 0 0 23315
50 68 0 0 23328
50 68.2 0 0 23342
50 68.4 0 0 23358
50 68.6 4.23783e-05 1 23597
50 68.8 0.00089579 21 23443
50 69 0.0020994 49 23340
50 69.2 0.0057395 134 23347
50 69.4 0.0156996 365 23249
50 69.6 0.0296737 693 23354
50 69.8 0.0480092 1125 23433
50 70 0.0702763 1638 23308
50 70.2 0.0883415 2055 23262
50 70.4 0.100745 2354 23366
50 70.6 0.10632 2473 23260
50 70.8 0.101449 2367 23332
50 71 0.0891546 2088 23420
50 71.2 0.0651736 1522 23353
50 71.4 0.0426648 992 23251
50 71.6 0.0252233 593 23510
50 71.8 0.0145966 338 23156
50 72 0.00817015 189 23133
50 72.2 0.00299018 70 23410
50 72.4 0.000812973 19 23371
50 72.6 0 0 23349
50 72.8 0 0 23351
50 73 0 0 23319
50 73.2 0 0 23374
50 73.4 0 0 23387
50 73.6 0 0 23303
50 73.8 0 0 23516
50 74 0 0 23358
50 74.2 0 0 23369
50 74.4 0 0 23300
50 74.6 0 0 23243
50 74.8 0 0 23399
50 75 0 0 23345

52 65 0 0 23246
52 65.2 0 0 23314
52 65.4 0 0 23377
52 65.6 0 0 23444
52 65.8 0 0 23049
52 66 0 0 23444
52 66.2 0 0 23350
52 66.4 0 0 23446
52 66.6 0 0 23363
52 66.8 0 0 23388
52 67 0 0 23273
52 67.2 0 0 23460
52 67.4 0 0 22964
52 67.6 0 0 23373
52 67.8 0 0 23579
52 68 0 0 23226
52 68.2 0 0 23274
52 68.4 0 0 23234
52 68.6 0 0 23345
52 68.8 0.000647165 15 23178
52 69 0.00128772 30 23297
52 69.2 0.00309013 72 23300
52 69.4 0.00913398 214 23429
52 69.6 0.0216276 506 23396
52 69.8 0.036104 847 23460
52 70 0.0524012 1221 23301
52 70.2 0.0669159 1557 23268
52 70.4 0.0741525 1715 23128
52 70.6 0.0742608 1753 23606
52 70.8 0.0756493 1768 23371
52 71 0.0648113 1516 23391
52 71.2 0.0449094 1041 23180
52 71.4 0.0284133 657 23123
52 71.6 0.0168204 392 23305
52 71.8 0.0104131 243 23336
52 72 0.00547485 127 23197
52 72.2 0.00193224 45 23289
52 72.4 0.000341895 8 23399
52 72.6 0 0 23335
52 72.8 0 0 23388
52 73 0 0 23402
52 73.2 0 0 23334
52 73.4 0 0 23164
52 73.6 0 0 23337
52 73.8 0 0 23157
52 74 0 0 23324
52 74.2 0 0 23378
52 74.4 0 0 23433
52 74.6 0 0 23261
52 74.8 0 0 23014
52 75 0 0 22989

54 65 0 0 23257
54 65.2 0 0 23313
54 65.4 0 0 23260
54 65.6 0 0 23468
54 65.8 0 0 23101
54 66 0 0 23462
54 66.2 0 0 23087
54 66.4 0 0 23242
54 66.6 0 0 23214
54 66.8 0 0 23365
54 67 0 0 23222
54 67.2 0 0 23488
54 67.4 0 0 23472
54 67.6 0 0 23460
54 67.8 0 0 23308
54 68 0 0 23336
54 68.2 0 0 23148
54 68.4 0 0 23352
54 68.6 0 0 23426
54 68.8 4.27186e-05 1 23409
54 69 0.000511618 12 23455
54 69.2 0.00194577 46 23641
54 69.4 0.00525484 123 23407
54 69.6 0.0145294 339 23332
54 69.8 0.0236492 555 23468
54 70 0.0405676 952 23467
54 70.2 0.0487154 1132 23237
54 70.4 0.0524324 1219 23249
54 70.6 0.0521515 1212 23240
54 70.8 0.0529998 1250 23585
54 71 0.0453706 1056 23275
54 71.2 0.0298246 699 23437
54 71.4 0.0201596 475 23562
54 71.6 0.0122996 287 23334
54 71.8 0.00720412 168 23320
54 72 0.003061 71 23195
54 72.2 0.00103457 24 23198
54 72.4 8.60919e-05 2 23231
54 72.6 0 0 23499
54 72.8 0 0 23330
54 73 0 0 23161
54 73.2 0 0 23600
54 73.4 0 0 23337
54 73.6 0 0 23513
54 73.8 0 0 23477
54 74 0 0 23462
54 74.2 0 0 23250
54 74.4 0 0 23233
54 74.6 0 0 23642
54 74.8 0 0 23367
54 75 0 0 23216

56 65 0 0 23506
56 65.2 0 0 23319
56 65.4 0 0 23316
56 65.6 0 0 23560
56 65.8 0 0 23607
56 66 0 0 23446
56 66.2 0 0 23267
56 66.4 0 0 23468
56 66.6 0 0 23398
56 66.8 0 0 23318
56 67 0 0 23320
56 67.2 0 0 23354
56 67.4 0 0 23157
56 67.6 0 0 23499
56 67.8 0 0 23220
56 68 0 0 23221
56 68.2 0 0 23494
56 68.4 0 0 23482
56 68.6 0 0 23228
56 68.8 0 0 23361
56 69 0.000428541 10 23335
56 69.2 0.000993563 23 23149
56 69.4 0.00334491 78 23319
56 69.6 0.00738937 173 23412
56 69.8 0.0159446 371 23268
56 70 0.026996 635 23522
56 70.2 0.0312228 718 22996
56 70.4 0.0314631 743 23615
56 70.6 0.034285 795 23188
56 70.8 0.0326036 761 23341
56 71 0.0296724 693 23355
56 71.2 0.0190695 448 23493
56 71.4 0.0133723 311 23257
56 71.6 0.00748967 174 23232
56 71.8 0.00492778 116 23540
56 72 0.00242223 57 23532
56 72.2 0.000555484 13 23403
56 72.4 4.28192e-05 1 23354
56 72.6 0 0 23295
56 72.8 0 0 23319
56 73 0 0 23267
56 73.2 0 0 23352
56 73.4 0 0 23181
56 73.6 0 0 23374
56 73.8 0 0 23261
56 74 0 0 23298
56 74.2 0 0 23409
56 74.4 0 0 23222
56 74.6 0 0 23516
56 74.8 0 0 23115
56 75 0 0 23210

58 65 0 0 23574
58 65.2 0 0 23555
58 65.4 0 0 23178
58 65.6 0 0 23419
58 65.8 0 0 23540
58 66 0 0 23317
58 66.2 0 0 23284
58 66.4 0 0 23526
58 66.6 0 0 23289
58 66.8 0 0 23375
58 67 0 0 23321
58 67.2 0 0 23385
58 67.4 0 0 23218
58 67.6 0 0 23104
58 67.8 0 0 23319
58 68 0 0 23395
58 68.2 0 0 23376
58 68.4 0 0 23203
58 68.6 0 0 23169
58 68.8 0 0 23285
58 69 0 0 23182
58 69.2 8.49726e-05 2 23537
58 69.4 0.00115365 27 23404
58 69.6 0.00396552 92 23200
58 69.8 0.010888 251 23053
58 70 0.017462 408 23365
58 70.2 0.0183858 431 23442
58 70.4 0.018943 443 23386
58 70.6 0.0213853 498 23287
58 70.8 0.024771 576 23253
58 71 0.0191357 449 23464
58 71.2 0.0143411 333 23220
58 71.4 0.00873026 204 23367
58 71.6 0.00574663 134 23318
58 71.8 0.00319611 75 23466
58 72 0.00123985 29 23390
58 72.2 0.000432994 10 23095
58 72.4 0 0 23444
58 72.6 0 0 23348
58 72.8 0 0 23222
58 73 0 0 23410
58 73.2 0 0 23451
58 73.4 0 0 23359
58 73.6 0 0 23317
58 73.8 0 0 23390
58 74 0 0 23530
58 74.2 0 0 23139
58 74.4 0 0 23433
58 74.6 0 0 23469
58 74.8 0 0 23367
58 75 0 0 23202

60 65 0 0 23307
60 65.2 0 0 23420
60 65.4 0 0 23504
60 65.6 0 0 23374
60 65.8 0 0 23443
60 66 0 0 23144
60 66.2 0 0 23222
60 66.4 0 0 23272
60 66.6 0 0 23536
60 66.8 0 0 23424
60 67 0 0 23389
60 67.2 0 0 23303
60 67.4 0 0 23399
60 67.6 0 0 23339
60 67.8 0 0 23410
60 68 0 0 23241
60 68.2 0 0 23126
60 68.4 0 0 23372
60 68.6 0 0 23410
60 68.8 0 0 23269
60 69 0 0 23588
60 69.2 0 0 23422
60 69.4 0.000557055 13 23337
60 69.6 0.00230621 54 23415
60 69.8 0.00603485 142 23530
60 70 0.00987294 230 23296
60 70.2 0.0109292 253 23149
60 70.4 0.0126159 294 23304
60 70.6 0.0123073 289 23482
60 70.8 0.0135392 313 23118
60 71 0.0118712 278 23418
60 71.2 0.00807595 188 23279
60 71.4 0.00371477 87 23420
60 71.6 0.00294419 69 23436
60 71.8 0.00193407 45 23267
60 72 0.000642316 15 23353
60 72.2 0.00017188 4 23272
60 72.4 0 0 23182
60 72.6 0 0 23206
60 72.8 0 0 23538
60 73 0 0 23474
60 73.2 0 0 23453
60 73.4 0 0 23320
60 73.6 0 0 23216
60 73.8 0 0 23476
60 74 0 0 23414
60 74.2 0 0 23316
60 74.4 0 0 23362
60 74.6 0 0 23315
60 74.8 0 0 23323
60 75 0 0 23315

62 65 0 0 23373
62 65.2 0 0 23176
62 65.4 0 0 23501
62 65.6 0 0 23456
62 65.8 0 0 23191
62 66 0 0 23472
62 66.2 0 0 23198
62 66.4 0 0 23216
62 66.6 0 0 23317
62 66.8 0 0 23429
62 67 0 0 23157
62 67.2 0 0 23203
62 67.4 0 0 23469
62 67.6 0 0 23450
62 67.8 0 0 23455
62 68 0 0 23169
62 68.2 0 0 23330
62 68.4 0 0 23177
62 68.6 0 0 23418
62 68.8 0 0 23365
62 69 0 0 23329
62 69.2 0 0 23290
62 69.4 0.000127 3 23622
62 69.6 0.000686312 16 23313
62 69.8 0.00404049 93 23017
62 70 0.00588185 137 23292
62 70.2 0.00634567 148 23323
62 70.4 0.00656073 154 23473
62 70.6 0.00818938 192 23445
62 70.8 0.00740582 173 23360
62 71 0.00668237 156 23345
62 71.2 0.00443383 104 23456
62 71.4 0.00261713 61 23308
62 71.6 0.00153708 36 23421
62 71.8 0.000985053 23 23349
62 72 0.000429369 10 23290
62 72.2 8.54555e-05 2 23404
62 72.4 0 0 23239
62 72.6 0 0 23404
62 72.8 0 0 23396
62 73 0 0 23351
62 73.2 0 0 23396
62 73.4 0 0 23460
62 73.6 0 0 23433
62 73.8 0 0 23428
62 74 0 0 23424
62 74.2 0 0 23259
62 74.4 0 0 23091
62 74.6 0 0 23301
62 74.8 0 0 22923
62 75 0 0 23255

64 65 0 0 23239
64 65.2 0 0 23217
64 65.4 0 0 23384
64 65.6 0 0 23159
64 65.8 0 0 23413
64 66 0 0 23414
64 66.2 0 0 23517
64 66.4 0 0 23268
64 66.6 0 0 23146
64 66.8 0 0 23252
64 67 0 0 23254
64 67.2 0 0 23238
64 67.4 0 0 23380
64 67.6 0 0 23303
64 67.8 0 0 23495
64 68 0 0 23449
64 68.2 0 0 23218
64 68.4 0 0 23278
64 68.6 0 0 23226
64 68.8 0 0 23203
64 69 0 0 23477
64 69.2 0 0 23309
64 69.4 0 0 23216
64 69.6 0.00055634 13 23367
64 69.8 0.00120228 28 23289
64 70 0.00341384 80 23434
64 70.2 0.00393241 91 23141
64 70.4 0.00398168 93 23357
64 70.6 0.00329074 77 23399
64 70.8 0.00385871 91 23583
64 71 0.00386631 90 23278
64 71.2 0.00222023 52 23421
64 71.4 0.000898357 21 23376
64 71.6 0.000554111 13 23461
64 71.8 0.000255395 6 23493
64 72 0.000214399 5 23321
64 72.2 0 0 23167
64 72.4 0 0 23288
64 72.6 0 0 23579
64 72.8 0 0 23367
64 73 0 0 23419
64 73.2 0 0 23156
64 73.4 0 0 23403
64 73.6 0 0 23487
64 73.8 0 0 23335
64 74 0 0 23502
64 74.2 0 0 23690
64 74.4 0 0 23364
64 74.6 0 0 23495
64 74.8 0 0 23520
64 75 0 0 23224

66 65 0 0 23481
66 65.2 0 0 23391
66 65.4 0 0 23119
66 65.6 0 0 23441
66 65.8 0 0 23430
66 66 0 0 23369
66 66.2 0 0 23190
66 66.4 0 0 23323
66 66.6 0 0 23090
66 66.8 0 0 23439
66 67 0 0 23366
66 67.2 0 0 23186
66 67.4 0 0 23513
66 67.6 0 0 23282
66 67.8 0 0 23334
66 68 0 0 23165
66 68.2 0 0 23538
66 68.4 0 0 23210
66 68.6 0 0 23351
66 68.8 0 0 23290
66 69 0 0 23169
66 69.2 0 0 23338
66 69.4 0 0 23280
66 69.6 0.000170801 4 23419
66 69.8 0.00102232 24 23476
66 70 0.0015384 36 23401
66 70.2 0.00217977 51 23397
66 70.4 0.00218172 51 23376
66 70.6 0.00170845 40 23413
66 70.8 0.00116445 27 23187
66 71 0.001276 30 23511
66 71.2 0.000985433 23 23340
66 71.4 0.00042684 10 23428
66 71.6 8.54737e-05 2 23399
66 71.8 0.00013005 3 23068
66 72 0 0 23228
66 72.2 4.29258e-05 1 23296
66 72.4 0 0 23314
66 72.6 0 0 23351
66 72.8 0 0 23347
66 73 0 0 23292
66 73.2 0 0 23149
66 73.4 0 0 23302
66 73.6 0 0 23336
66 73.8 0 0 23278
66 74 0 0 22964
66 74.2 0 0 23388
66 74.4 0 0 23214
66 74.6 0 0 23442
66 74.8 0 0 23200
66 75 0 0 23538

68 65 0 0 23082
68 65.2 0 0 23457
68 65.4 0 0 23455
68 65.6 0 0 23467
68 65.8 0 0 23303
68 66 0 0 23122
68 66.2 0 0 23291
68 66.4 0 0 23219
68 66.6 0 0 23340
68 66.8 0 0 23360
68 67 0 0 23302
68 67.2 0 0 23251
68 67.4 0 0 23387
68 67.6 0 0 23290
68 67.8 0 0 23396
68 68 0 0 23208
68 68.2 0 0 23594
68 68.4 0 0 23315
68 68.6 0 0 23268
68 68.8 0 0 23135
68 69 0 0 23371
68 69.2 0 0 23352
68 69.4 0 0 23385
68 69.6 0 0 22934
68 69.8 0.000297227 7 23551
68 70 0.00107342 25 23290
68 70.2 0.00141619 33 23302
68 70.4 0.00133632 31 23198
68 70.6 0.000996145 23 23089
68 70.8 0.000771572 18 23329
68 71 0.000555983 13 23382
68 71.2 0.000342686 8 23345
68 71.4 0.000128866 3 23280
68 71.6 4.3204e-05 1 23146
68 71.8 0 0 23041
68 72 0 0 23439
68 72.2 0 0 23593
68 72.4 0 0 23283
68 72.6 0 0 23322
68 72.8 0 0 23585
68 73 0 0 23262
68 73.2 0 0 23575
68 73.4 0 0 23339
68 73.6 0 0 23214
68 73.8 0 0 23346
68 74 0 0 23045
68 74.2 0 0 23259
68 74.4 0 0 23268
68 74.6 0 0 23237
68 74.8 0 0 23407
68 75 0 0 23138

70 65 0 0 23794
70 65.2 0 0 23490
70 65.4 0 0 23276
70 65.6 0 0 23390
70 65.8 0 0 23377
70 66 0 0 23359
70 66.2 0 0 23218
70 66.4 0 0 23195
70 66.6 0 0 23489
70 66.8 0 0 23252
70 67 0 0 23239
70 67.2 0 0 23011
70 67.4 0 0 23417
70 67.6 0 0 23212
70 67.8 0 0 23540
70 68 0 0 23585
70 68.2 0 0 23120
70 68.4 0 0 23329
70 68.6 0 0 23646
70 68.8 0 0 23259
70 69 0 0 23540
70 69.2 0 0 23159
70 69.4 0 0 23418
70 69.6 0 0 23431
70 69.8 8.59291e-05 2 23275
70 70 0.000383534 9 23466
70 70.2 0.000894074 21 23488
70 70.4 0.000682885 16 23430
70 70.6 0.000434443 10 23018
70 70.8 0.000342422 8 23363
70 71 0.000299863 7 23344
70 71.2 8.58443e-05 2 23298
70 71.4 0 0 23475
70 71.6 0 0 23366
70 71.8 0 0 23297
70 72 0 0 23326
70 72.2 0 0 23312
70 72.4 0 0 23381
70 72.6 0 0 23571
70 72.8 0 0 23387
70 73 0 0 23135
70 73.2 0 0 23152
70 73.4 0 0 23218
70 73.6 0 0 23153
70 73.8 0 0 23504
70 74 0 0 23476
70 74.2 0 0 23321
70 74.4 0 0 23392
70 74.6 0 0 23354
70 74.8 0 0 23454
70 75 0 0 23312

72 65 0 0 23149
72 65.2 0 0 23571
72 65.4 0 0 23263
72 65.6 0 0 23548
72 65.8 0 0 23320
72 66 0 0 23214
72 66.2 0 0 23099
72 66.4 0 0 23353
72 66.6 0 0 23249
72 66.8 0 0 23370
72 67 0 0 23155
72 67.2 0 0 23428
72 67.4 0 0 23321
72 67.6 0 0 23185
72 67.8 0 0 23415
72 68 0 0 23426
72 68.2 0 0 23220
72 68.4 0 0 23258
72 68.6 0 0 23372
72 68.8 0 0 23277
72 69 0 0 23025
72 69.2 0 0 23317
72 69.4 0 0 23446
72 69.6 0 0 23518
72 69.8 4.25297e-05 1 23513
72 70 0.000217524 5 22986
72 70.2 0.000385257 9 23361
72 70.4 0.000214906 5 23266
72 70.6 8.54774e-05 2 23398
72 70.8 4.28046e-05 1 23362
72 71 0 0 23693
72 71.2 0 0 23420
72 71.4 0 0 23464
72 71.6 0 0 23407
72 71.8 0 0 23364
72 72 0 0 23118
72 72.2 0 0 23265
72 72.4 0 0 23342
72 72.6 0 0 23028
72 72.8 0 0 23323
72 73 0 0 23413
72 73.2 0 0 23441
72 73.4 0 0 23325
72 73.6 0 0 23365
72 73.8 0 0 23425
72 74 0 0 23538
72 74.2 0 0 23416
72 74.4 0 0 23586
72 74.6 0 0 23098
72 74.8 0 0 23510
72 75 0 0 23164

74 65 0 0 23361
74 65.2 0 0 23377
74 65.4 0 0 23262
74 65.6 0 0 23308
74 65.8 0 0 23550
74 66 0 0 23257
74 66.2 0 0 23385
74 66.4 0 0 23394
74 66.6 0 0 23378
74 66.8 0 0 23331
74 67 0 0 23313
74 67.2 0 0 23398
74 67.4 0 0 23265
74 67.6 0 0 23174
74 67.8 0 0 23401
74 68 0 0 23413
74 68.2 0 0 23460
74 68.4 0 0 23306
74 68.6 0 0 23351
74 68.8 0 0 23295
74 69 0 0 23434
74 69.2 0 0 23497
74 69.4 0 0 23141
74 69.6 0 0 23562
74 69.8 0 0 23480
74 70 8.65276e-05 2 23114
74 70.2 8.59623e-05 2 23266
74 70.4 8.57817e-05 2 23315
74 70.6 4.26239e-05 1 23461
74 70.8 0 0 23241
74 71 0 0 23340
74 71.2 0 0 23360
74 71.4 0 0 23336
74 71.6 0 0 23423
74 71.8 0 0 23131
74 72 0 0 23089
74 72.2 0 0 23468
74 72.4 0 0 23372
74 72.6 0 0 23228
74 72.8 0 0 23344
74 73 0 0 23427
74 73.2 0 0 23190
74 73.4 0 0 23073
74 73.6 0 0 23481
74 73.8 0 0 23418
74 74 0 0 23297
74 74.2 0 0 23286
74 74.4 0 0 23370
74 74.6 0 0 23327
74 74.8 0 0 23448
74 75 0 0 23144

76 65 0 0 23146
76 65.2 0 0 23357
76 65.4 0 0 23415
76 65.6 0 0 23183
76 65.8 0 0 23407
76 66 0 0 23485
76 66.2 0 0 23367
76 66.4 0 0 23475
76 66.6 0 0 23540
76 66.8 0 0 23342
76 67 0 0 23295
76 67.2 0 0 23324
76 67.4 0 0 23340
76 67.6 0 0 23243
76 67.8 0 0 23214
76 68 0 0 23224
76 68.2 0 0 23463
76 68.4 0 0 23484
76 68.6 0 0 23396
76 68.8 0 0 23124
76 69 0 0 23447
76 69.2 0 0 23413
76 69.4 0 0 23095
76 69.6 0 0 23627
76 69.8 0 0 23499
76 70 0 0 23393
76 70.2 0 0 23243
76 70.4 0 0 23297
76 70.6 0 0 23260
76 70.8 0 0 23310
76 71 0 0 23195
76 71.2 0 0 23244
76 71.4 0 0 23417
76 71.6 0 0 23181
76 71.8 0 0 23340
76 72 0 0 23214
76 72.2 0 0 23259
76 72.4 0 0 23365
76 72.6 0 0 23190
76 72.8 0 0 23259
76 73 0 0 23397
76 73.2 0 0 23290
76 73.4 0 0 23032
76 73.6 0 0 23299
76 73.8 0 0 23255
76 74 0 0 23419
76 74.2 0 0 23657
76 74.4 0 0 23296
76 74.6 0 0 23400
76 74.8 0 0 23299
76 75 0 0 23354

78 65 0 0 23352
78 65.2 0 0 23261
78 65.4 0 0 23040
78 65.6 0 0 23264
78 65.8 0 0 23285
78 66 0 0 23312
78 66.2 0 0 23258
78 66.4 0 0 23457
78 66.6 0 0 23338
78 66.8 0 0 23324
78 67 0 0 23602
78 67.2 0 0 23368
78 67.4 0 0 23537
78 67.6 0 0 23225
78 67.8 0 0 23700
78 68 0 0 23298
78 68.2 0 0 23511
78 68.4 0 0 23340
78 68.6 0 0 23068
78 68.8 0 0 23421
78 69 0 0 23454
78 69.2 0 0 23242
78 69.4 0 0 23398
78 69.6 0 0 23231
78 69.8 0 0 23255
78 70 0 0 23044
78 70.2 0 0 23177
78 70.4 0 0 23329
78 70.6 0 0 23332
78 70.8 0 0 23347
78 71 0 0 23289
78 71.2 0 0 23290
78 71.4 0 0 23228
78 71.6 0 0 23546
78 71.8 0 0 23162
78 72 0 0 23265
78 72.2 0 0 23356
78 72.4 0 0 23289
78 72.6 0 0 23177
78 72.8 0 0 23320
78 73 0 0 23452
78 73.2 0 0 23150
78 73.4 0 0 23219
78 73.6 0 0 23407
78 73.8 0 0 23273
78 74 0 0 23327
78 74.2 0 0 23240
78 74.4 0 0 23619
78 74.6 0 0 23330
78 74.8 0 0 23315
78 75 0 0 23261

80 65 0 0 23121
80 65.2 0 0 23313
80 65.4 0 0 23284
80 65.6 0 0 23357
80 65.8 0 0 23305
80 66 0 0 23420
80 66.2 0 0 23303
80 66.4 0 0 23243
80 66.6 0 0 23096
80 66.8 0 0 23190
80 67 0 0 23405
80 67.2 0 0 23373
80 67.4 0 0 23447
80 67.6 0 0 22988
80 67.8 0 0 23207
80 68 0 0 23478
80 68.2 0 0 23349
80 68.4 0 0 23463
80 68.6 0 0 23456
80 68.8 0 0 23239
80 69 0 0 23371
80 69.2 0 0 23245
80 69.4 0 0 23236
80 69.6 0 0 23299
80 69.8 0 0 23201
80 70 0 0 23445
80 70.2 0 0 23448
80 70.4 0 0 23257
80 70.6 0 0 23476
80 70.8 0 0 23188
80 71 0 0 23378
80 71.2 0 0 23119
80 71.4 0 0 23467
80 71.6 0 0 23456
80 71.8 0 0 23124
80 72 0 0 23373
80 72.2 0 0 23146
80 72.4 0 0 23070
80 72.6 0 0 23140
80 72.8 0 0 23338
80 73 0 0 23527
80 73.2 0 0 23459
80 73.4 0 0 23266
80 73.6 0 0 23001
80 73.8 0 0 23125
80 74 0 0 23534
80 74.2 0 0 23321
80 74.4 0 0 23200
80 74.6 0 0 23491
80 74.8 0 0 23396
80 75 0 0 23235

82 65 0 0 23298
82 65.2 0 0 23417
82 65.4 0 0 23502
82 65.6 0 0 23031
82 65.8 0 0 23150
82 66 0 0 23430
82 66.2 0 0 23431
82 66.4 0 0 23458
82 66.6 0 0 23187
82 66.8 0 0 23445
82 67 0 0 23248
82 67.2 0 0 23569
82 67.4 0 0 23334
82 67.6 0 0 23579
82 67.8 0 0 23394
82 68 0 0 23576
82 68.2 0 0 23294
82 68.4 0 0 23258
82 68.6 0 0 23518
82 68.8 0 0 23277
82 69 0 0 23285
82 69.2 0 0 23367
82 69.4 0 0 23344
82 69.6 0 0 23510
82 69.8 0 0 23307
82 70 0 0 23205
82 70.2 0 0 23331
82 70.4 0 0 23256
82 70.6 0 0 23188
82 70.8 0 0 23190
82 71 0 0 23126
82 71.2 0 0 23466
82 71.4 0 0 23680
82 71.6 0 0 23114
82 71.8 0 0 23168
82 72 0 0 23392
82 72.2 0 0 23159
82 72.4 0 0 23267
82 72.6 0 0 23562
82 72.8 0 0 23519
82 73 0 0 23341
82 73.2 0 0 23461
82 73.4 0 0 23268
82 73.6 0 0 23412
82 73.8 0 0 23227
82 74 0 0 23472
82 74.2 0 0 23384
82 74.4 0 0 23526
82 74.6 0 0 23246
82 74.8 0 0 23319
82 75 0 0 23554

84 65 0 0 23285
84 65.2 0 0 23289
84 65.4 0 0 23472
84 65.6 0 0 23347
84 65.8 0 0 23411
84 66 0 0 23559
84 66.2 0 0 23314
84 66.4 0 0 23212
84 66.6 0 0 23410
84 66.8 0 0 23411
84 67 0 0 23295
84 67.2 0 0 23181
84 67.4 0 0 23249
84 67.6 0 0 23415
84 67.8 0 0 23271
84 68 0 0 23258
84 68.2 0 0 23402
84 68.4 0 0 23509
84 68.6 0 0 23301
84 68.8 0 0 23384
84 69 0 0 23307
84 69.2 0 0 23301
84 69.4 0 0 23232
84 69.6 0 0 23337
84 69.8 0 0 23118
84 70 0 0 23395
84 70.2 0 0 23143
84 70.4 0 0 23241
84 70.6 0 0 23258
84 70.8 0 0 23294
84 71 0 0 23463
84 71.2 0 0 23474
84 71.4 0 0 23453
84 71.6 0 0 23418
84 71.8 0 0 23280
84 72 0 0 23254
84 72.2 0 0 23379
84 72.4 0 0 23378
84 72.6 0 0 23437
84 72.8 0 0 23347
84 73 0 0 23380
84 73.2 0 0 23116
84 73.4 0 0 23270
84 73.6 0 0 23531
84 73.8 0 0 23583
84 74 0 0 23323
84 74.2 0 0 23264
84 74.4 0 0 23293
84 74.6 0 0 23295
84 74.8 0 0 23332
84 75 0 0 23351

86 65 0 0 23246
86 65.2 0 0 23354
86 65.4 0 0 23509
86 65.6 0 0 23277
86 65.8 0 0 23532
86 66 0 0 23620
86 66.2 0 0 23258
86 66.4 0 0 23265
86 66.6 0 0 23106
86 66.8 0 0 23065
86 67 0 0 23410
86 67.2 0 0 23453
86 67.4 0 0 23558
86 67.6 0 0 23304
86 67.8 0 0 23475
86 68 0 0 23379
86 68.2 0 0 23256
86 68.4 0 0 23195
86 68.6 0 0 23346
86 68.8 0 0 23508
86 69 0 0 23297
86 69.2 0 0 23368
86 69.4 0 0 23202
86 69.6 0 0 23508
86 69.8 0 0 23239
86 70 0 0 23039
86 70.2 0 0 23250
86 70.4 0 0 23366
86 70.6 0 0 23243
86 70.8 0 0 23188
86 71 0 0 23324
86 71.2 0 0 23412
86 71.4 0 0 23141
86 71.6 0 0 23234
86 71.8 0 0 23163
86 72 0 0 23431
86 72.2 0 0 23348
86 72.4 0 0 23318
86 72.6 0 0 23294
86 72.8 0 0 23280
86 73 0 0 23345
86 73.2 0 0 23435
86 73.4 0 0 23378
86 73.6 0 0 23333
86 73.8 0 0 23412
86 74 0 0 23264
86 74.2 0 0 23523
86 74.4 0 0 23233
86 74.6 0 0 23206
86 74.8 0 0 23231
86 75 0 0 23330

88 65 0 0 23430
88 65.2 0 0 23436
88 65.4 0 0 23200
88 65.6 0 0 23591
88 65.8 0 0 23139
88 66 0 0 23237
88 66.2 0 0 23547
88 66.4 0 0 23212
88 66.6 0 0 23424
88 66.8 0 0 23291
88 67 0 0 23599
88 67.2 0 0 23137
88 67.4 0 0 23277
88 67.6 0 0 23209
88 67.8 0 0 23617
88 68 0 0 23245
88 68.2 0 0 23292
88 68.4 0 0 23316
88 68.6 0 0 23345
88 68.8 0 0 23417
88 69 0 0 23275
88 69.2 0 0 23101
88 69.4 0 0 23324
88 69.6 0 0 23276
88 69.8 0 0 23441
88 70 0 0 23315
88 70.2 0 0 23408
88 70.4 0 0 23255
88 70.6 0 0 23365
88 70.8 0 0 23290
88 71 0 0 23287
88 71.2 0 0 23421
88 71.4 0 0 23502
88 71.6 0 0 23336
88 71.8 0 0 23357
88 72 0 0 23157
88 72.2 0 0 23312
88 72.4 0 0 23092
88 72.6 0 0 23120
88 72.8 0 0 23199
88 73 0 0 23320
88 73.2 0 0 23480
88 73.4 0 0 23274
88 73.6 0 0 23303
88 73.8 0 0 23507
88 74 0 0 23506
88 74.2 0 0 23169
88 74.4 0 0 23193
88 74.6 0 0 23171
88 74.8 0 0 23750
88 75 0 0 23454

90 65 0 0 23210
90 65.2 0 0 23575
90 65.4 0 0 23263
90 65.6 0 0 23281
90 65.8 0 0 23269
90 66 0 0 23200
90 66.2 0 0 23429
90 66.4 0 0 23481
90 66.6 0 0 23342
90 66.8 0 0 23164
90 67 0 0 23138
90 67.2 0 0 23326
90 67.4 0 0 23430
90 67.6 0 0 23194
90 67.8 0 0 23558
90 68 0 0 23301
90 68.2 0 0 23617
90 68.4 0 0 23362
90 68.6 0 0 23396
90 68.8 0 0 23489
90 69 0 0 23449
90 69.2 0 0 23344
90 69.4 0 0 23375
90 69.6 0 0 23291
90 69.8 0 0 23134
90 70 0 0 23085
90 70.2 0 0 23323
90 70.4 0 0 23483
90 70.6 0 0 23426
90 70.8 0 0 23005
90 71 0 0 23685
90 71.2 0 0 23202
90 71.4 0 0 23202
90 71.6 0 0 23242
90 71.8 0 0 23349
90 72 0 0 23510
90 72.2 0 0 23384
90 72.4 0 0 23291
90 72.6 0 0 23240
90 72.8 0 0 23292
90 73 0 0 23221
90 73.2 0 0 23324
90 73.4 0 0 23410
90 73.6 0 0 23205
90 73.8 0 0 23284
90 74 0 0 23434
90 74.2 0 0 23270
90 74.4 0 0 23604
90 74.6 0 0 23348
90 74.8 0 0 23348
90 75 0 0 23493

92 65 0 0 23597
92 65.2 0 0 23417
92 65.4 0 0 23243
92 65.6 0 0 23612
92 65.8 0 0 23180
92 66 0 0 23208
92 66.2 0 0 23311
92 66.4 0 0 23486
92 66.6 0 0 23429
92 66.8 0 0 23458
92 67 0 0 23168
92 67.2 0 0 23553
92 67.4 0 0 23420
92 67.6 0 0 23193
92 67.8 0 0 23357
92 68 0 0 23378
92 68.2 0 0 23274
92 68.4 0 0 23481
92 68.6 0 0 23368
92 68.8 0 0 23266
92 69 0 0 23360
92 69.2 0 0 23235
92 69.4 0 0 23224
92 69.6 0 0 23519
92 69.8 0 0 23076
92 70 0 0 23419
92 70.2 0 0 23422
92 70.4 0 0 23380
92 70.6 0 0 23208
92 70.8 0 0 23413
92 71 0 0 23665
92 71.2 0 0 23526
92 71.4 0 0 23173
92 71.6 0 0 23525
92 71.8 0 0 23223
92 72 0 0 23421
92 72.2 0 0 23302
92 72.4 0 0 23399
92 72.6 0 0 23306
92 72.8 0 0 23380
92 73 0 0 23310
92 73.2 0 0 23387
92 73.4 0 0 23500
92 73.6 0 0 23360
92 73.8 0 0 23476
92 74 0 0 23220
92 74.2 0 0 23149
92 74.4 0 0 23367
92 74.6 0 0 23332
92 74.8 0 0 23205
92 75 0 0 23124

94 65 0 0 23291
94 65.2 0 0 23215
94 65.4 0 0 23620
94 65.6 0 0 23386
94 65.8 0 0 23441
94 66 0 0 23417
94 66.2 0 0 23372
94 66.4 0 0 23338
94 66.6 0 0 23247
94 66.8 0 0 23247
94 67 0 0 23138
94 67.2 0 0 23324
94 67.4 0 0 23377
94 67.6 0 0 23274
94 67.8 0 0 23209
94 68 0 0 23258
94 68.2 0 0 23179
94 68.4 0 0 23214
94 68.6 0 0 23368
94 68.8 0 0 23433
94 69 0 0 23422
94 69.2 0 0 23529
94 69.4 0 0 23291
94 69.6 0 0 23275
94 69.8 0 0 23354
94 70 0 0 23363
94 70.2 0 0 23157
94 70.4 0 0 23399
94 70.6 0 0 23259
94 70.8 0 0 23469
94 71 0 0 23374
94 71.2 0 0 23189
94 71.4 0 0 23180
94 71.6 0 0 23380
94 71.8 0 0 23407
94 72 0 0 23403
94 72.2 0 0 23336
94 72.4 0 0 23447
94 72.6 0 0 23374
94 72.8 0 0 23292
94 73 0 0 23346
94 73.2 0 0 23484
94 73.4 0 0 23322
94 73.6 0 0 23427
94 73.8 0 0 23320
94 74 0 0 23267
94 74.2 0 0 23275
94 74.4 0 0 23186
94 74.6 0 0 23345
94 74.8 0 0 23207
94 75 0 0 23533

96 65 0 0 23210
96 65.2 0 0 23279
96 65.4 0 0 23227
96 65.6 0 0 23297
96 65.8 0 0 23553
96 66 0 0 23248
96 66.2 0 0 23314
96 66.4 0 0 23312
96 66.6 0 0 23320
96 66.8 0 0 23236
96 67 0 0 23320
96 67.2 0 0 23239
96 67.4 0 0 23217
96 67.6 0 0 23488
96 67.8 0 0 23302
96 68 0 0 23405
96 68.2 0 0 23185
96 68.4 0 0 23424
96 68.6 0 0 23467
96 68.8 0 0 23418
96 69 0 0 23293
96 69.2 0 0 23524
96 69.4 0 0 23283
96 69.6 0 0 23357
96 69.8 0 0 23127
96 70 0 0 23294
96 70.2 0 0 23379
96 70.4 0 0 23392
96 70.6 0 0 23428
96 70.8 0 0 23383
96 71 0 0 23349
96 71.2 0 0 23687
96 71.4 0 0 23145
96 71.6 0 0 23449
96 71.8 0 0 23517
96 72 0 0 23291
96 72.2 0 0 23638
96 72.4 0 0 23402
96 72.6 0 0 23578
96 72.8 0 0 23231
96 73 0 0 23281
96 73.2 0 0 23213
96 73.4 0 0 23244
96 73.6 0 0 23146
96 73.8 0 0 23137
96 74 0 0 23315
96 74.2 0 0 23268
96 74.4 0 0 23381
96 74.6 0 0 23175
96 74.8 0 0 23565
96 75 0 0 23547

98 65 0 0 23307
98 65.2 0 0 23350
98 65.4 0 0 23232
98 65.6 0 0 23160
98 65.8 0 0 23504
98 66 0 0 23278
98 66.2 0 0 23245
98 66.4 0 0 23766
98 66.6 0 0 23309
98 66.8 0 0 23520
98 67 0 0 23405
98 67.2 0 0 23186
98 67.4 0 0 23292
98 67.6 0 0 23207
98 67.8 0 0 23138
98 68 0 0 23465
98 68.2 0 0 23311
98 68.4 0 0 23428
98 68.6 0 0 23244
98 68.8 0 0 23437
98 69 0 0 23444
98 69.2 0 0 23122
98 69.4 0 0 23401
98 69.6 0 0 23526
98 69.8 0 0 23294
98 70 0 0 23376
98 70.2 0 0 23324
98 70.4 0 0 23297
98 70.6 0 0 23578
98 70.8 0 0 23227
98 71 0 0 23333
98 71.2 0 0 23537
98 71.4 0 0 23252
98 71.6 0 0 23604
98 71.8 0 0 23297
98 72 0 0 23514
98 72.2 0 0 23148
98 72.4 0 0 23444
98 72.6 0 0 23305
98 72.8 0 0 23394
98 73 0 0 23541
98 73.2 0 0 23275
98 73.4 0 0 23478
98 73.6 0 0 23234
98 73.8 0 0 23456
98 74 0 0 23365
98 74.2 0 0 23289
98 74.4 0 0 23074
98 74.6 0 0 23482
98 74.8 0 0 23516
98 75 0 0 23269

100 65 0 0 23378
100 65.2 0 0 23729
100 65.4 0 0 23445
100 65.6 0 0 23348
100 65.8 0 0 23060
100 66 0 0 23266
100 66.2 0 0 23053
100 66.4 0 0 23447
100 66.6 0 0 23468
100 66.8 0 0 23069
100 67 0 0 23384
100 67.2 0 0 23384
100 67.4 0 0 23374
100 67.6 0 0 23274
100 67.8 0 0 23515
100 68 0 0 23163
100 68.2 0 0 23116
100 68.4 0 0 23005
100 68.6 0 0 23410
100 68.8 0 0 23209
100 69 0 0 23383
100 69.2 0 0 23228
100 69.4 0 0 23309
100 69.6 0 0 23144
100 69.8 0 0 23185
100 70 0 0 23404
100 70.2 0 0 23301
100 70.4 0 0 23413
100 70.6 0 0 23260
100 70.8 0 0 23144
100 71 0 0 23443
100 71.2 0 0 23441
100 71.4 0 0 23341
100 71.6 0 0 23459
100 71.8 0 0 23386
100 72 0 0 23370
100 72.2 0 0 23344
100 72.4 0 0 23606
100 72.6 0 0 23218
100 72.8 0 0 23301
100 73 0 0 23327
100 73.2 0 0 23294
100 73.4 0 0 23363
100 73.6 0 0 23098
100 73.8 0 0 23505
100 74 0 0 23177
100 74.2 0 0 23372
100 74.4 0 0 23521
100 74.6 0 0 23241
100 74.8 0 0 23179
100 75 0 0 23397

