0 65 0 0 23103
0 65.2 0 0 23445
0 65.4 0 0 23495
0 65.6 0 0 23397
0 65.8 0 0 23270
0 66 0 0 23383
0 66.2 0 0 23337
0 66.4 0 0 23257
0 66.6 0 0 23224
0 66.8 0 0 23460
0 67 0 0 23417
0 67.2 0 0 23476
0 67.4 0 0 23619
0 67.6 0 0 23243
0 67.8 0 0 23497
0 68 0 0 23364
0 68.2 0 0 23430
0 68.4 0 0 23485
0 68.6 0 0 23392
0 68.8 0.444916 10375 23319
0 69 0.628411 14762 23491
0 69.2 0.806742 18881 23404
0 69.4 0.987734 23030 23316
0 69.6 1 23165 23165
0 69.8 1 23452 23452
0 70 1 23388 23388
0 70.2 1 23181 23181
0 70.4 1 23286 23286
0 70.6 1 23240 23240
0 70.8 0.998268 23057 23097
0 71 0.778111 18179 23363
0 71.2 0.542459 12546 23128
0 71.4 0 0 23503
0 71.6 0 0 23269
0 71.8 0 0 23281
0 72 0 0 23327
0 72.2 0 0 23332
0 72.4 0 0 23289
0 72.6 0 0 23485
0 72.8 0 0 23236
0 73 0 0 23450
0 73.2 0 0 23415
0 73.4 0 0 23236
0 73.6 0 0 23382
0 73.8 0 0 23433
0 74 0 0 23289
0 74.2 0 0 23367
0 74.4 0 0 23457
0 74.6 0 0 23467
0 74.8 0 0 23610
0 75 0 0 23253

2 65 0 0 23045
2 65.2 0 0 23419
2 65.4 0 0 23154
2 65.6 0 0 23196
2 65.8 0 0 23222
2 66 0 0 23471
2 66.2 0 0 23199
2 66.4 0 0 23656
2 66.6 0 0 23266
2 66.8 0 0 23317
2 67 0 0 23400
2 67.2 0 0 23395
2 67.4 0 0 23221
2 67.6 0 0 23091
2 67.8 0 0 23255
2 68 0 0 23240
2 68.2 0 0 23172
2 68.4 0 0 23016
2 68.6 0 0 23294
2 68.8 0.284463 6624 23286
2 69 0.626455 14478 23111
2 69.2 0.807901 19039 23566
2 69.4 0.962924 22621 23492
2 69.6 0.980912 22919 23365
2 69.8 0.979005 23129 23625
2 70 0.980207 22830 23291
2 70.2 0.981761 22769 23192
2 70.4 0.98162 22751 23177
2 70.6 0.980455 23076 23536
2 70.8 0.95893 22438 23399
2 71 0.770705 17979 23328
2 71.2 0.313885 7311 23292
2 71.4 0 0 23293
2 71.6 0 0 23385
2 71.8 0 0 23119
2 72 0 0 23456
2 72.2 0 0 23545
2 72.4 0 0 23229
2 72.6 0 0 23304
2 72.8 0 0 23289
2 73 0 0 23355
2 73.2 0 0 23430
2 73.4 0 0 23358
2 73.6 0 0 23159
2 73.8 0 0 23488
2 74 0 0 23270
2 74.2 0 0 23266
2 74.4 0 0 23317
2 74.6 0 0 23524
2 74.8 0 0 23376
2 75 0 0 23171

4 65 0 0 23269
4 65.2 0 0 23276
4 65.4 0 0 23304
4 65.6 0 0 23276
4 65.8 0 0 23150
4 66 0 0 23461
4 66.2 0 0 23203
4 66.4 0 0 23288
4 66.6 0 0 23289
4 66.8 0 0 23304
4 67 0 0 23362
4 67.2 0 0 23143
4 67.4 0 0 23265
4 67.6 0 0 23218
4 67.8 0 0 23140
4 68 0 0 23378
4 68.2 0 0 23522
4 68.4 0 0 23185
4 68.6 0 0 23297
4 68.8 0.288127 6790 23566
4 69 0.625294 14620 23381
4 69.2 0.807213 18645 23098
4 69.4 0.929509 21744 23393
4 69.6 0.960096 22400 23331
4 69.8 0.959888 22327 23260
4 70 0.96023 22406 23334
4 70.2 0.960518 22406 23327
4 70.4 0.962463 22589 23470
4 70.6 0.962678 22518 23391
4 70.8 0.924147 21394 23150
4 71 0.596493 13912 23323
4 71.2 0.172665 4025 23311
4 71.4 0 0 23283
4 71.6 0 0 23412
4 71.8 0 0 23370
4 72 0 0 23223
4 72.2 0 0 23496
4 72.4 0 0 22997
4 72.6 0 0 23060
4 72.8 0 0 23412
4 73 0 0 23359
4 73.2 0 0 23285
4 73.4 0 0 23324
4 73.6 0 0 23371
4 73.8 0 0 23456
4 74 0 0 23328
4 74.2 0 0 23258
4 74.4 0 0 23404
4 74.6 0 0 23185
4 74.8 0 0 23207
4 75 0 0 23273

6 65 0 0 23247
6 65.2 0 0 23476
6 65.4 0 0 23387
6 65.6 0 0 23321
6 65.8 0 0 23238
6 66 0 0 23355
6 66.2 0 0 23608
6 66.4 0 0 23095
6 66.6 0 0 23374
6 66.8 0 0 23539
6 67 0 0 23196
6 67.2 0 0 23400
6 67.4 0 0 23443
6 67.6 0 0 23339
6 67.8 0 0 23223
6 68 0 0 23600
6 68.2 0 0 23476
6 68.4 0 0 23446
6 68.6 0.0760371 1789 23528
6 68.8 0.297221 6952 23390
6 69 0.583649 13571 23252
6 69.2 0.786574 18372 23357
6 69.4 0.893892 20783 23250
6 69.6 0.939615 21738 23135
6 69.8 0.941524 22010 23377
6 70 0.944674 22163 23461
6 70.2 0.941164 21851 23217
6 70.4 0.944425 21922 23212
6 70.6 0.940854 21952 23332
6 70.8 0.76927 17904 23274
6 71 0.482135 11173 23174
6 71.2 0.122753 2888 23527
6 71.4 0 0 23493
6 71.6 0 0 23230
6 71.8 0 0 23183
6 72 0 0 23378
6 72.2 0 0 23383
6 72.4 0 0 23169
6 72.6 0 0 23256
6 72.8 0 0 23419
6 73 0 0 23315
6 73.2 0 0 23517
6 73.4 0 0 23486
6 73.6 0 0 23282
6 73.8 0 0 23264
6 74 0 0 23420
6 74.2 0 0 23238
6 74.4 0 0 23243
6 74.6 0 0 22908
6 74.8 0 0 23178
6 75 0 0 23188

8 65 0 0 23236
8 65.2 0 0 23453
8 65.4 0 0 23229
8 65.6 0 0 23684
8 65.8 0 0 23435
8 66 0 0 23426
8 66.2 0 0 23317
8 66.4 0 0 23322
8 66.6 0 0 23301
8 66.8 0 0 23365
8 67 0 0 23252
8 67.2 0 0 23346
8 67.4 0 0 23334
8 67.6 0 0 23191
8 67.8 0 0 23253
8 68 0 0 23335
8 68.2 0 0 23374
8 68.4 0 0 23051
8 68.6 0.122953 2860 23261
8 68.8 0.314072 7256 23103
8 69 0.552241 12923 23401
8 69.2 0.7681 17982 23411
8 69.4 0.861012 20344 23628
8 69.6 0.908814 21189 23315
8 69.8 0.922661 21665 23481
8 70 0.923143 21416 23199
8 70.2 0.920987 21459 23300
8 70.4 0.923969 21510 23280
8 70.6 0.830321 19246 23179
8 70.8 0.645872 14950 23147
8 71 0.382088 8921 23348
8 71.2 0.106645 2494 23386
8 71.4 0.00209662 49 23371
8 71.6 0 0 23197
8 71.8 0 0 23566
8 72 0 0 23350
8 72.2 0 0 23339
8 72.4 0 0 23245
8 72.6 0 0 23341
8 72.8 0 0 23429
8 73 0 0 23247
8 73.2 0 0 23321
8 73.4 0 0 23316
8 73.6 0 0 23400
8 73.8 0 0 23326
8 74 0 0 23188
8 74.2 0 0 23453
8 74.4 0 0 23345
8 74.6 0 0 23139
8 74.8 0 0 23310
8 75 0 0 23393

10 65 0 0 23173
10 65.2 0 0 23602
10 65.4 0 0 23263
10 65.6 0 0 23466
10 65.8 0 0 23392
10 66 0 0 23248
10 66.2 0 0 23435
10 66.4 0 0 23107
10 66.6 0 0 23440
10 66.8 0 0 23272
10 67 0 0 23356
10 67.2 0 0 23452
10 67.4 0 0 23337
10 67.6 0 0 23608
10 67.8 0 0 23347
10 68 0 0 23186
10 68.2 0 0 23285
10 68.4 0.0320732 750 23384
10 68.6 0.15735 3651 23203
10 68.8 0.331465 7686 23188
10 69 0.529224 12423 23474
10 69.2 0.726663 17017 23418
10 69.4 0.826542 19289 23337
10 69.6 0.876843 20455 23328
10 69.8 0.903886 21141 23389
10 70 0.905539 21090 23290
10 70.2 0.905015 21076 23288
10 70.4 0.84077 19558 23262
10 70.6 0.716296 16646 23239
10 70.8 0.554787 12916 23281
10 71 0.302591 7054 23312
10 71.2 0.0984681 2314 23500
10 71.4 0.00660194 153 23175
10 71.6 0 0 23312
10 71.8 0 0 23380
10 72 0 0 23116
10 72.2 0 0 23162
10 72.4 0 0 23361
10 72.6 0 0 23251
10 72.8 0 0 23423
10 73 0 0 23337
10 73.2 0 0 23374
10 73.4 0 0 23331
10 73.6 0 0 23389
10 73.8 0 0 23120
10 74 0 0 23449
10 74.2 0 0 23227
10 74.4 0 0 23487
10 74.6 0 0 23116
10 74.8 0 0 23167
10 75 0 0 23440

12 65 0 0 23479
12 65.2 0 0 23244
12 65.4 0 0 23268
12 65.6 0 0 23193
12 65.8 0 0 23373
12 66 0 0 23390
12 66.2 0 0 23271
12 66.4 0 0 23449
12 66.6 0 0 23420
12 66.8 0 0 23133
12 67 0 0 23313
12 67.2 0 0 23264
12 67.4 0 0 23354
12 67.6 0 0 23225
12 67.8 0 0 23361
12 68 0 0 23167
12 68.2 0 0 23349
12 68.4 0.0698184 1626 23289
12 68.6 0.19247 4478 23266
12 68.8 0.348988 8152 23359
12 69 0.504637 11700 23185
12 69.2 0.663436 15401 23214
12 69.4 0.793397 18671 23533
12 69.6 0.843936 19554 23170
12 69.8 0.874957 20362 23272
12 70 0.884415 20537 23221
12 70.2 0.842963 19754 23434
12 70.4 0.746753 17592 23558
12 70.6 0.632698 14671 23188
12 70.8 0.473682 11024 23273
12 71 0.252413 5806 23002
12 71.2 0.0886546 2077 23428
12 71.4 0.0105043 246 23419
12 71.6 0 0 23088
12 71.8 0 0 23274
12 72 0 0 23176
12 72.2 0 0 23315
12 72.4 0 0 23549
12 72.6 0 0 23394
12 72.8 0 0 23281
12 73 0 0 23594
12 73.2 0 0 23178
12 73.4 0 0 23454
12 73.6 0 0 23155
12 73.8 0 0 23337
12 74 0 0 23272
12 74.2 0 0 23409
12 74.4 0 0 23082
12 74.6 0 0 23283
12 74.8 0 0 23415
12 75 0 0 22984

14 65 0 0 23268
14 65.2 0 0 23511
14 65.4 0 0 23084
14 65.6 0 0 23362
14 65.8 0 0 23044
14 66 0 0 23430
14 66.2 0 0 23496
14 66.4 0 0 23366
14 66.6 0 0 23295
14 66.8 0 0 23322
14 67 0 0 23273
14 67.2 0 0 23287
14 67.4 0 0 23263
14 67.6 0 0 23435
14 67.8 0 0 23450
14 68 0 0 23657
14 68.2 0.0129307 301 23278
14 68.4 0.105068 2434 23166
14 68.6 0.222489 5180 23282
14 68.8 0.353188 8242 23336
14 69 0.48209 11265 23367
14 69.2 0.620701 14620 23554
14 69.4 0.748628 17467 23332
14 69.6 0.816643 18813 23037
14 69.8 0.855143 19971 23354
14 70 0.831033 19388 23330
14 70.2 0.757167 17642 23300
14 70.4 0.683518 16049 23480
14 70.6 0.567139 13241 23347
14 70.8 0.392392 9078 23135
14 71 0.215208 5015 23303
14 71.2 0.0866491 2010 23197
14 71.4 0.0152372 353 23167
14 71.6 0 0 23207
14 71.8 0 0 23382
14 72 0 0 23418
14 72.2 0 0 23472
14 72.4 0 0 23297
14 72.6 0 0 23507
14 72.8 0 0 23232
14 73 0 0 23230
14 73.2 0 0 23416
14 73.4 0 0 23604
14 73.6 0 0 23334
14 73.8 0 0 23316
14 74 0 0 23059
14 74.2 0 0 23180
14 74.4 0 0 23424
14 74.6 0 0 23244
14 74.8 0 0 23531
14 75 0 0 23343

16 65 0 0 23633
16 65.2 0 0 23178
16 65.4 0 0 23222
16 65.6 0 0 23339
16 65.8 0 0 23505
16 66 0 0 23410
16 66.2 0 0 23404
16 66.4 0 0 23427
16 66.6 0 0 23139
16 66.8 0 0 23383
16 67 0 0 23420
16 67.2 0 0 23190
16 67.4 0 0 23277
16 67.6 0 0 23083
16 67.8 0 0 23120
16 68 0 0 23490
16 68.2 0.0438804 1020 23245
16 68.4 0.127816 2990 23393
16 68.6 0.237783 5552 23349
16 68.8 0.356641 8222 23054
16 69 0.471012 11041 23441
16 69.2 0.578611 13477 23292
16 69.4 0.69579 16230 23326
16 69.6 0.779586 18201 23347
16 69.8 0.79581 18536 23292
16 70 0.756137 17649 23341
16 70.2 0.698127 16214 23225
16 70.4 0.604621 14130 23370
16 70.6 0.506129 11727 23170
16 70.8 0.332242 7713 23215
16 71 0.183567 4285 23343
16 71.2 0.0779874 1815 23273
16 71.4 0.018131 422 23275
16 71.6 0 0 23469
16 71.8 0 0 23291
16 72 0 0 23352
16 72.2 0 0 23428
16 72.4 0 0 23368
16 72.6 0 0 23303
16 72.8 0 0 23465
16 73 0 0 23296
16 73.2 0 0 23161
16 73.4 0 0 23437
16 73.6 0 0 23248
16 73.8 0 0 23612
16 74 0 0 23184
16 74.2 0 0 23481
16 74.4 0 0 23383
16 74.6 0 0 23326
16 74.8 0 0 23548
16 75 0 0 23467

18 65 0 0 23184
18 65.2 0 0 23553
18 65.4 0 0 23176
18 65.6 0 0 23266
18 65.8 0 0 23094
18 66 0 0 23306
18 66.2 0 0 23533
18 66.4 0 0 23277
18 66.6 0 0 23270
18 66.8 0 0 23336
18 67 0 0 23525
18 67.2 0 0 23480
18 67.4 0 0 23503
18 67.6 0 0 23558
18 67.8 0 0 23322
18 68 0.00241525 56 23186
18 68.2 0.0696441 1628 23376
18 68.4 0.15904 3712 23340
18 68.6 0.258004 6012 23302
18 68.8 0.351346 8199 23336
18 69 0.456339 10614 23259
18 69.2 0.544745 12631 23187
18 69.4 0.642658 15008 23353
18 69.6 0.736532 17391 23612
18 69.8 0.725842 17021 23450
18 70 0.693124 16059 23169
18 70.2 0.637531 14850 23293
18 70.4 0.556739 13016 23379
18 70.6 0.438402 10263 23410
18 70.8 0.295038 6880 23319
18 71 0.159915 3742 23400
18 71.2 0.0792366 1831 23108
18 71.4 0.0243716 573 23511
18 71.6 0 0 23249
18 71.8 0 0 23192
18 72 0 0 23255
18 72.2 0 0 23353
18 72.4 0 0 23136
18 72.6 0 0 23569
18 72.8 0 0 23349
18 73 0 0 23365
18 73.2 0 0 23429
18 73.4 0 0 23483
18 73.6 0 0 23306
18 73.8 0 0 23362
18 74 0 0 23561
18 74.2 0 0 22988
18 74.4 0 0 23041
18 74.6 0 0 23470
18 74.8 0 0 23212
18 75 0 0 23539

20 65 0 0 23385
20 65.2 0 0 23559
20 65.4 0 0 23330
20 65.6 0 0 23318
20 65.8 0 0 23408
20 66 0 0 23423
20 66.2 0 0 23243
20 66.4 0 0 23265
20 66.6 0 0 23228
20 66.8 0 0 23526
20 67 0 0 23064
20 67.2 0 0 23662
20 67.4 0 0 23323
20 67.6 0 0 23346
20 67.8 0 0 23253
20 68 0.0260129 608 23373
20 68.2 0.0949429 2236 23551
20 68.4 0.1769 4140 23403
20 68.6 0.26769 6242 23318
20 68.8 0.353042 8240 23340
20 69 0.436401 10104 23153
20 69.2 0.515945 11924 23111
20 69.4 0.606837 14095 23227
20 69.6 0.664623 15503 23326
20 69.8 0.670119 15591 23266
20 70 0.644452 14950 23198
20 70.2 0.588008 13573 23083
20 70.4 0.507313 11759 23179
20 70.6 0.374162 8764 23423
20 70.8 0.251895 5914 23478
20 71 0.153439 3625 23625
20 71.2 0.0708415 1655 23362
20 71.4 0.0248871 584 23466
20 71.6 0.000389914 9 23082
20 71.8 0 0 22899
20 72 0 0 23325
20 72.2 0 0 23142
20 72.4 0 0 23705
20 72.6 0 0 23371
20 72.8 0 0 23358
20 73 0 0 23346
20 73.2 0 0 23030
20 73.4 0 0 23356
20 73.6 0 0 23456
20 73.8 0 0 23450
20 74 0 0 23334
20 74.2 0 0 23434
20 74.4 0 0 23422
20 74.6 0 0 23313
20 74.8 0 0 23218
20 75 0 0 23312

22 65 0 0 23307
22 65.2 0 0 23362
22 65.4 0 0 23429
22 65.6 0 0 23095
22 65.8 0 0 23224
22 66 0 0 23292
22 66.2 0 0 23254
22 66.4 0 0 23632
22 66.6 0 0 23348
22 66.8 0 0 23325
22 67 0 0 23360
22 67.2 0 0 23493
22 67.4 0 0 23337
22 67.6 0 0 23636
22 67.8 0 0 23262
22 68 0.0486176 1150 23654
22 68.2 0.116851 2712 23209
22 68.4 0.195173 4545 23287
22 68.6 0.273301 6410 23454
22 68.8 0.343761 8011 23304
22 69 0.414271 9725 23475
22 69.2 0.496902 11389 22920
22 69.4 0.566413 13181 23271
22 69.6 0.618712 14489 23418
22 69.8 0.625708 14579 23300
22 70 0.598676 14106 23562
22 70.2 0.540778 12446 23015
22 70.4 0.449806 10449 23230
22 70.6 0.33099 7673 23182
22 70.8 0.225043 5266 23400
22 71 0.132674 3101 23373
22 71.2 0.0739035 1717 23233
22 71.4 0.0255137 596 23360
22 71.6 0.00198139 46 23216
22 71.8 0 0 23199
22 72 0 0 23114
22 72.2 0 0 23350
22 72.4 0 0 23554
22 72.6 0 0 23322
22 72.8 0 0 23267
22 73 0 0 23391
22 73.2 0 0 23283
22 73.4 0 0 23186
22 73.6 0 0 23261
22 73.8 0 0 23458
22 74 0 0 23333
22 74.2 0 0 23207
22 74.4 0 0 23225
22 74.6 0 0 23281
22 74.8 0 0 23273
22 75 0 0 23387

24 65 0 0 23192
24 65.2 0 0 23364
24 65.4 0 0 23165
24 65.6 0 0 22864
24 65.8 0 0 23189
24 66 0 0 23560
24 66.2 0 0 23369
24 66.4 0 0 23300
24 66.6 0 0 23378
24 66.8 0 0 23242
24 67 0 0 23301
24 67.2 0 0 23237
24 67.4 0 0 23472
24 67.6 0 0 23343
24 67.8 0.0147052 341 23189
24 68 0.0729402 1713 23485
24 68.2 0.135089 3145 23281
24 68.4 0.201305 4689 23293
24 68.6 0.276241 6440 23313
24 68.8 0.338381 7933 23444
24 69 0.403339 9422 23360
24 69.2 0.470798 10979 23320
24 69.4 0.525365 12189 23201
24 69.6 0.562846 13098 23271
24 69.8 0.586723 13788 23500
24 70 0.555517 12958 23326
24 70.2 0.497919 11603 23303
24 70.4 0.39419 9336 23684
24 70.6 0.287856 6682 23213
24 70.8 0.196607 4635 23575
24 71 0.122755 2891 23551
24 71.2 0.0687862 1614 23464
24 71.4 0.0278064 648 23304
24 71.6 0.0039187 91 23222
24 71.8 0 0 23534
24 72 0 0 23529
24 72.2 0 0 23348
24 72.4 0 0 23372
24 72.6 0 0 23371
24 72.8 0 0 23423
24 73 0 0 23499
24 73.2 0 0 23342
24 73.4 0 0 23586
24 73.6 0 0 23395
24 73.8 0 0 23333
24 74 0 0 23505
24 74.2 0 0 23257
24 74.4 0 0 23152
24 74.6 0 0 23021
24 74.8 0 0 23290
24 75 0 0 23587

26 65 0 0 23293
26 65.2 0 0 23196
26 65.4 0 0 23226
26 65.6 0 0 23707
26 65.8 0 0 23409
26 66 0 0 23416
26 66.2 0 0 23194
26 66.4 0 0 23290
26 66.6 0 0 23274
26 66.8 0 0 23100
26 67 0 0 23442
26 67.2 0 0 23426
26 67.4 0 0 23550
26 67.6 0 0 23268
26 67.8 0.0339917 790 23241
26 68 0.0904574 2112 23348
26 68.2 0.153239 3574 23323
26 68.4 0.217951 5080 23308
26 68.6 0.272844 6369 23343
26 68.8 0.329627 7708 23384
26 69 0.392893 9044 23019
26 69.2 0.446004 10420 23363
26 69.4 0.495571 11580 23367
26 69.6 0.529636 12519 23637
26 69.8 0.540472 12653 23411
26 70 0.509053 11836 23251
26 70.2 0.451508 10568 23406
26 70.4 0.351259 8191 23319
26 70.6 0.254621 5909 23207
26 70.8 0.173878 4075 23436
26 71 0.110638 2599 23491
26 71.2 0.0663531 1552 23390
26 71.4 0.0297752 694 23308
26 71.6 0.00394972 93 23546
26 71.8 0 0 23272
26 72 0 0 23453
26 72.2 0 0 23425
26 72.4 0 0 22912
26 72.6 0 0 23140
26 72.8 0 0 23192
26 73 0 0 23535
26 73.2 0 0 23113
26 73.4 0 0 23370
26 73.6 0 0 23520
26 73.8 0 0 23222
26 74 0 0 23326
26 74.2 0 0 23099
26 74.4 0 0 23225
26 74.6 0 0 23143
26 74.8 0 0 23437
26 75 0 0 23154

28 65 0 0 23255
28 65.2 0 0 23295
28 65.4 0 0 23558
28 65.6 0 0 23428
28 65.8 0 0 23290
28 66 0 0 23355
28 66.2 0 0 23357
28 66.4 0 0 23218
28 66.6 0 0 23260
28 66.8 0 0 23136
28 67 0 0 23133
28 67.2 0 0 23235
28 67.4 0 0 23277
28 67.6 0.00766871 180 23472
28 67.8 0.0533101 1253 23504
28 68 0.10737 2513 23405
28 68.2 0.163485 3794 23207
28 68.4 0.218477 5094 23316
28 68.6 0.276655 6435 23260
28 68.8 0.326582 7675 23501
28 69 0.3778 8805 23306
28 69.2 0.437963 10106 23075
28 69.4 0.46816 10932 23351
28 69.6 0.495456 11557 23326
28 69.8 0.500128 11709 23412
28 70 0.469425 10924 23271
28 70.2 0.395939 9263 23395
28 70.4 0.306454 7194 23475
28 70.6 0.223473 5261 23542
28 70.8 0.158062 3720 23535
28 71 0.0977074 2263 23161
28 71.2 0.0527263 1230 23328
28 71.4 0.0198063 458 23124
28 71.6 0.00314737 73 23194
28 71.8 0 0 23361
28 72 0 0 23325
28 72.2 0 0 23308
28 72.4 0 0 23403
28 72.6 0 0 23348
28 72.8 0 0 23372
28 73 0 0 23652
28 73.2 0 0 23173
28 73.4 0 0 23441
28 73.6 0 0 23589
28 73.8 0 0 23306
28 74 0 0 23202
28 74.2 0 0 23386
28 74.4 0 0 23356
28 74.6 0 0 23242
28 74.8 0 0 23162
28 75 0 0 23066

30 65 0 0 23216
30 65.2 0 0 23360
30 65.4 0 0 23608
30 65.6 0 0 23341
30 65.8 0 0 23376
30 66 0 0 23375
30 66.2 0 0 23181
30 66.4 0 0 23385
30 66.6 0 0 23413
30 66.8 0 0 23515
30 67 0 0 23496
30 67.2 0 0 23368
30 67.4 0 0 23369
30 67.6 0.0189218 444 23465
30 67.8 0.0599411 1404 23423
30 68 0.115541 2692 23299
30 68.2 0.163117 3783 23192
30 68.4 0.213791 4939 23102
30 68.6 0.268984 6298 23414
30 68.8 0.31943 7482 23423
30 69 0.369522 8618 23322
30 69.2 0.415531 9664 23257
30 69.4 0.438917 10128 23075
30 69.6 0.460798 10673 23162
30 69.8 0.45908 10602 23094
30 70 0.43081 10146 23551
30 70.2 0.35811 8301 23180
30 70.4 0.269107 6271 23303
30 70.6 0.192896 4480 23225
30 70.8 0.120349 2814 23382
30 71 0.0742214 1735 23376
30 71.2 0.0386484 899 23261
30 71.4 0.0115617 272 23526
30 71.6 0.00159222 37 23238
30 71.8 0 0 23213
30 72 0 0 23281
30 72.2 0 0 23361
30 72.4 0 0 23193
30 72.6 0 0 23323
30 72.8 0 0 23446
30 73 0 0 23429
30 73.2 0 0 23218
30 73.4 0 0 23242
30 73.6 0 0 23300
30 73.8 0 0 23297
30 74 0 0 23226
30 74.2 0 0 23179
30 74.4 0 0 23381
30 74.6 0 0 23083
30 74.8 0 0 23478
30 75 0 0 23322

32 65 0 0 23421
32 65.2 0 0 23231
32 65.4 0 0 23437
32 65.6 0 0 23450
32 65.8 0 0 23327
32 66 0 0 23357
32 66.2 0 0 23381
32 66.4 0 0 23163
32 66.6 0 0 23301
32 66.8 0 0 23210
32 67 0 0 23179
32 67.2 0 0 23354
32 67.4 0.000172734 4 23157
32 67.6 0.0219047 509 23237
32 67.8 0.0538856 1262 23420
32 68 0.107921 2496 23128
32 68.2 0.153836 3551 23083
32 68.4 0.200017 4662 23308
32 68.6 0.243611 5653 23205
32 68.8 0.298559 6940 23245
32 69 0.349018 8122 23271
32 69.2 0.389658 9035 23187
32 69.4 0.419696 9836 23436
32 69.6 0.42911 10021 23353
32 69.8 0.422881 9862 23321
32 70 0.381401 8953 23474
32 70.2 0.293684 6770 23052
32 70.4 0.220233 5129 23289
32 70.6 0.154624 3608 23334
32 70.8 0.096578 2255 23349
32 71 0.0575472 1342 23320
32 71.2 0.026299 619 23537
32 71.4 0.0081817 192 23467
32 71.6 0.00124149 29 23359
32 71.8 0 0 23643
32 72 0 0 23260
32 72.2 0 0 23408
32 72.4 0 0 23318
32 72.6 0 0 23307
32 72.8 0 0 23509
32 73 0 0 23482
32 73.2 0 0 23555
32 73.4 0 0 23477
32 73.6 0 0 23444
32 73.8 0 0 23286
32 74 0 0 23469
32 74.2 0 0 23464
32 74.4 0 0 23204
32 74.6 0 0 23251
32 74.8 0 0 23122
32 75 0 0 23562

34 65 0 0 23399
34 65.2 0 0 23554
34 65.4 0 0 23355
34 65.6 0 0 23257
34 65.8 0 0 23341
34 66 0 0 23221
34 66.2 0 0 23550
34 66.4 0 0 23515
34 66.6 0 0 23238
34 66.8 0 0 23297
34 67 0 0 23196
34 67.2 0 0 23321
34 67.4 0.00256476 60 23394
34 67.6 0.0173962 405 23281
34 67.8 0.04358 1006 23084
34 68 0.0835936 1954 23375
34 68.2 0.140956 3305 23447
34 68.4 0.186191 4293 23057
34 68.6 0.225054 5280 23461
34 68.8 0.276156 6509 23570
34 69 0.314965 7379 23428
34 69.2 0.365652 8493 23227
34 69.4 0.395229 9278 23475
34 69.6 0.398343 9232 23176
34 69.8 0.377405 8729 23129
34 70 0.316274 7385 23350
34 70.2 0.249306 5841 23429
34 70.4 0.176728 4163 23556
34 70.6 0.120357 2793 23206
34 70.8 0.0743961 1737 23348
34 71 0.041618 963 23139
34 71.2 0.017183 401 23337
34 71.4 0.00601607 140 23271
34 71.6 0.000427168 10 23410
34 71.8 0 0 23237
34 72 0 0 23472
34 72.2 0 0 23559
34 72.4 0 0 23174
34 72.6 0 0 23312
34 72.8 0 0 23317
34 73 0 0 23432
34 73.2 0 0 23177
34 73.4 0 0 23120
34 73.6 0 0 23597
34 73.8 0 0 23520
34 74 0 0 23385
34 74.2 0 0 23235
34 74.4 0 0 23460
34 74.6 0 0 23535
34 74.8 0 0 23163
34 75 0 0 23513

36 65 0 0 23246
36 65.2 0 0 23250
36 65.4 0 0 23307
36 65.6 0 0 23451
36 65.8 0 0 23345
36 66 0 0 23479
36 66.2 0 0 23257
36 66.4 0 0 23507
36 66.6 0 0 23451
36 66.8 0 0 23110
36 67 0 0 23494
36 67.2 0 0 23433
36 67.4 0.0016356 38 23233
36 67.6 0.0134306 313 23305
36 67.8 0.0322412 741 22983
36 68 0.0656752 1528 23266
36 68.2 0.11457 2690 23479
36 68.4 0.163376 3806 23296
36 68.6 0.200443 4707 23483
36 68.8 0.24224 5564 22969
36 69 0.285629 6732 23569
36 69.2 0.31913 7497 23492
36 69.4 0.346023 8053 23273
36 69.6 0.347901 8104 23294
36 69.8 0.32471 7531 23193
36 70 0.265347 6194 23343
36 70.2 0.202249 4731 23392
36 70.4 0.14895 3482 23377
36 70.6 0.0972014 2268 23333
36 70.8 0.0558585 1301 23291
36 71 0.0298691 703 23536
36 71.2 0.0119176 277 23243
36 71.4 0.00384151 89 23168
36 71.6 8.43882e-05 2 23700
36 71.8 0 0 23499
36 72 0 0 23507
36 72.2 0 0 23078
36 72.4 0 0 23428
36 72.6 0 0 23101
36 72.8 0 0 23328
36 73 0 0 23310
36 73.2 0 0 23484
36 73.4 0 0 23168
36 73.6 0 0 23262
36 73.8 0 0 23396
36 74 0 0 23374
36 74.2 0 0 23218
36 74.4 0 0 23351
36 74.6 0 0 23327
36 74.8 0 0 23186
36 75 0 0 23239

38 65 0 0 23524
38 65.2 0 0 23037
38 65.4 0 0 23476
38 65.6 0 0 23507
38 65.8 0 0 23177
38 66 0 0 23558
38 66.2 0 0 23655
38 66.4 0 0 23293
38 66.6 0 0 23406
38 66.8 0 0 23195
38 67 0 0 23360
38 67.2 0 0 23284
38 67.4 0.000774027 18 23255
38 67.6 0.00897935 210 23387
38 67.8 0.0246208 573 23273
38 68 0.051 1201 23549
38 68.2 0.0910061 2133 23438
38 68.4 0.133158 3142 23596
38 68.6 0.187703 4399 23436
38 68.8 0.217864 5054 23198
38 69 0.255995 5989 23395
38 69.2 0.2828 6598 23331
38 69.4 0.292803 6928 23661
38 69.6 0.295768 6863 23204
38 69.8 0.252464 5865 23231
38 70 0.214615 4978 23195
38 70.2 0.170697 3967 23240
38 70.4 0.116028 2732 23546
38 70.6 0.0738466 1695 22953
38 70.8 0.0418373 981 23448
38 71 0.0201087 470 23373
38 71.2 0.00845792 198 23410
38 71.4 0.00329581 77 23363
38 71.6 0.000172206 4 23228
38 71.8 0 0 23178
38 72 0 0 23193
38 72.2 0 0 23420
38 72.4 0 0 23495
38 72.6 0 0 23299
38 72.8 0 0 23434
38 73 0 0 23247
38 73.2 0 0 23551
38 73.4 0 0 23596
38 73.6 0 0 23329
38 73.8 0 0 23166
38 74 0 0 23177
38 74.2 0 0 23538
38 74.4 0 0 23192
38 74.6 0 0 23373
38 74.8 0 0 23249
38 75 0 0 23231

40 65 0 0 23390
40 65.2 0 0 23321
40 65.4 0 0 23142
40 65.6 0 0 23200
40 65.8 0 0 23250
40 66 0 0 23237
40 66.2 0 0 23560
40 66.4 0 0 23502
40 66.6 0 0 23101
40 66.8 0 0 23362
40 67 0 0 23420
40 67.2 0 0 23436
40 67.4 0.000600266 14 23323
40 67.6 0.00611425 143 23388
40 67.8 0.0164939 385 23342
40 68 0.0374025 868 23207
40 68.2 0.0695563 1632 23463
40 68.4 0.107871 2519 23352
40 68.6 0.152462 3542 23232
40 68.8 0.197969 4698 23731
40 69 0.22858 5325 23296
40 69.2 0.246538 5751 23327
40 69.4 0.250301 5827 23280
40 69.6 0.234845 5412 23045
40 69.8 0.197914 4573 23106
40 70 0.162725 3784 23254
40 70.2 0.129474 3024 23356
40 70.4 0.0928237 2164 23313
40 70.6 0.0543548 1270 23365
40 70.8 0.0304183 712 23407
40 71 0.0135267 320 23657
40 71.2 0.00571941 134 23429
40 71.4 0.0016975 39 22975
40 71.6 0 0 23393
40 71.8 0 0 23291
40 72 0 0 23129
40 72.2 0 0 23333
40 72.4 0 0 23261
40 72.6 0 0 23370
40 72.8 0 0 23259
40 73 0 0 23351
40 73.2 0 0 23318
40 73.4 0 0 23211
40 73.6 0 0 23251
40 73.8 0 0 23177
40 74 0 0 23366
40 74.2 0 0 23241
40 74.4 0 0 23321
40 74.6 0 0 23477
40 74.8 0 0 23352
40 75 0 0 23147

42 65 0 0 23277
42 65.2 0 0 23287
42 65.4 0 0 23351
42 65.6 0 0 23540
42 65.8 0 0 23113
42 66 0 0 23330
42 66.2 0 0 23235
42 66.4 0 0 23427
42 66.6 0 0 23298
42 66.8 0 0 23441
42 67 0 0 23516
42 67.2 0 0 23572
42 67.4 0.000386631 9 23278
42 67.6 0.00415435 97 23349
42 67.8 0.0119205 279 23405
42 68 0.0264989 613 23133
42 68.2 0.0516168 1202 23287
42 68.4 0.0895317 2086 23299
42 68.6 0.125406 2895 23085
42 68.8 0.162113 3797 23422
42 69 0.203647 4746 23305
42 69.2 0.216436 5091 23522
42 69.4 0.21439 4991 23280
42 69.6 0.188589 4393 23294
42 69.8 0.15704 3646 23217
42 70 0.127912 2987 23352
42 70.2 0.102883 2430 23619
42 70.4 0.070298 1630 23187
42 70.6 0.0405487 943 23256
42 70.8 0.0197749 462 23363
42 71 0.0106037 248 23388
42 71.2 0.00415649 97 23337
42 71.4 0.000814577 19 23325
42 71.6 0 0 23346
42 71.8 0 0 23483
42 72 0 0 23267
42 72.2 0 0 23225
42 72.4 0 0 23444
42 72.6 0 0 23236
42 72.8 0 0 23233
42 73 0 0 23471
42 73.2 0 0 23511
42 73.4 0 0 23276
42 73.6 0 0 23393
42 73.8 0 0 23200
42 74 0 0 23257
42 74.2 0 0 23431
42 74.4 0 0 23244
42 74.6 0 0 22972
42 74.8 0 0 23286
42 75 0 0 22930

44 65 0 0 23214
44 65.2 0 0 23405
44 65.4 0 0 23443
44 65.6 0 0 23287
44 65.8 0 0 23166
44 66 0 0 23386
44 66.2 0 0 23063
44 66.4 0 0 23262
44 66.6 0 0 23331
44 66.8 0 0 23553
44 67 0 0 23351
44 67.2 0 0 23313
44 67.4 0.00017257 4 23179
44 67.6 0.00248139 58 23374
44 67.8 0.00710252 166 23372
44 68 0.0169513 395 23302
44 68.2 0.0372546 869 23326
44 68.4 0.0673641 1584 23514
44 68.6 0.0983747 2294 23319
44 68.8 0.137391 3228 23495
44 69 0.169106 3952 23370
44 69.2 0.187224 4370 23341
44 69.4 0.179967 4208 23382
44 69.6 0.15339 3572 23287
44 69.8 0.125199 2910 23243
44 70 0.10181 2374 23318
44 70.2 0.0779226 1829 23472
44 70.4 0.0480984 1118 23244
44 70.6 0.02929 679 23182
44 70.8 0.0146356 340 23231
44 71 0.00751401 177 23556
44 71.2 0.00331325 77 23240
44 71.4 0.000516863 12 23217
44 71.6 0 0 23488
44 71.8 0 0 23163
44 72 0 0 23546
44 72.2 0 0 23589
44 72.4 0 0 23386
44 72.6 0 0 23502
44 72.8 0 0 23241
44 73 0 0 23362
44 73.2 0 0 23448
44 73.4 0 0 23441
44 73.6 0 0 23460
44 73.8 0 0 23271
44 74 0 0 23184
44 74.2 0 0 23322
44 74.4 0 0 23405
44 74.6 0 0 23113
44 74.8 0 0 23270
44 75 0 0 23267

46 65 0 0 23183
46 65.2 0 0 23541
46 65.4 0 0 23468
46 65.6 0 0 23167
46 65.8 0 0 23526
46 66 0 0 23313
46 66.2 0 0 23196
46 66.4 0 0 23647
46 66.6 0 0 23262
46 66.8 0 0 23372
46 67 0 0 23293
46 67.2 0 0 23323
46 67.4 0.000214611 5 23298
46 67.6 0.00167497 39 23284
46 67.8 0.00492967 116 23531
46 68 0.0135216 318 23518
46 68.2 0.0239945 559 23297
46 68.4 0.049231 1146 23278
46 68.6 0.0782241 1813 23177
46 68.8 0.106202 2478 23333
46 69 0.133907 3129 23367
46 69.2 0.149741 3471 23180
46 69.4 0.145637 3428 23538
46 69.6 0.119246 2790 23397
46 69.8 0.101108 2364 23381
46 70 0.0801004 1883 23508
46 70.2 0.0586161 1363 23253
46 70.4 0.0359555 841 23390
46 70.6 0.0198007 461 23282
46 70.8 0.00966555 226 23382
46 71 0.0049028 114 23252
46 71.2 0.00167289 39 23313
46 71.4 0.000298992 7 23412
46 71.6 0 0 23181
46 71.8 0 0 23498
46 72 0 0 23483
46 72.2 0 0 23161
46 72.4 0 0 23304
46 72.6 0 0 23165
46 72.8 0 0 23345
46 73 0 0 23257
46 73.2 0 0 23246
46 73.4 0 0 23311
46 73.6 0 0 23346
46 73.8 0 0 23254
46 74 0 0 23362
46 74.2 0 0 23326
46 74.4 0 0 23303
46 74.6 0 0 23379
46 74.8 0 0 23002
46 75 0 0 23444

48 65 0 0 23246
48 65.2 0 0 23085
48 65.4 0 0 23416
48 65.6 0 0 23219
48 65.8 0 0 23448
48 66 0 0 23404
48 66.2 0 0 23392
48 66.4 0 0 23468
48 66.6 0 0 23171
48 66.8 0 0 23281
48 67 0 0 23202
48 67.2 0 0 23636
48 67.4 0.000257909 6 23264
48 67.6 0.000993392 23 23153
48 67.8 0.00361548 85 23510
48 68 0.00915234 214 23382
48 68.2 0.0185169 431 23276
48 68.4 0.0355236 825 23224
48 68.6 0.0586068 1368 23342
48 68.8 0.0798458 1885 23608
48 69 0.100301 2330 23230
48 69.2 0.112802 2661 23590
48 69.4 0.109315 2549 23318
48 69.6 0.0966304 2254 23326
48 69.8 0.0774166 1822 23535
48 70 0.0595768 1391 23348
48 70.2 0.0449626 1047 23286
48 70.4 0.0258662 601 23235
48 70.6 0.0123441 288 23331
48 70.8 0.00598649 140 23386
48 71 0.00314344 73 23223
48 71.2 0.00106619 25 23448
48 71.4 8.65052e-05 2 23120
48 71.6 0 0 23278
48 71.8 0 0 23364
48 72 0 0 23308
48 72.2 0 0 23396
48 72.4 0 0 23430
48 72.6 0 0 23211
48 72.8 0 0 23346
48 73 0 0 23373
48 73.2 0 0 23512
48 73.4 0 0 23554
48 73.6 0 0 23153
48 73.8 0 0 23507
48 74 0 0 23298
48 74.2 0 0 23292
48 74.4 0 0 23487
48 74.6 0 0 23342
48 74.8 0 0 23230
48 75 0 0 23101

50 65 0 0 23534
50 65.2 0 0 23290
50 65.4 0 0 23606
50 65.6 0 0 23172
50 65.8 0 0 23351
50 66 0 0 23552
50 66.2 0 0 23040
50 66.4 0 0 23245
50 66.6 0 0 23152
50 66.8 0 0 23144
50 67 0 0 23463
50 67.2 0 0 23649
50 67.4 4.2684e-05 1 23428
50 67.6 0.000557008 13 23339
50 67.8 0.00209841 49 23351
50 68 0.00612892 143 23332
50 68.2 0.0128634 300 23322
50 68.4 0.0265563 619 23309
50 68.6 0.0417038 983 23571
50 68.8 0.062452 1465 23458
50 69 0.0753527 1757 23317
50 69.2 0.0835725 1951 23345
50 69.4 0.0825487 1920 23259
50 69.6 0.0713398 1665 23339
50 69.8 0.0605854 1420 23438
50 70 0.0446647 1041 23307
50 70.2 0.0293069 682 23271
50 70.4 0.0166495 389 23364
50 70.6 0.00709769 165 23247
50 70.8 0.00394918 92 23296
50 71 0.00174959 41 23434
50 71.2 0.000427991 10 23365
50 71.4 8.59993e-05 2 23256
50 71.6 0 0 23518
50 71.8 0 0 23148
50 72 0 0 23119
50 72.2 0 0 23393
50 72.4 0 0 23359
50 72.6 0 0 23356
50 72.8 0 0 23363
50 73 0 0 23330
50 73.2 0 0 23364
50 73.4 0 0 23396
50 73.6 0 0 23300
50 73.8 0 0 23531
50 74 0 0 23341
50 74.2 0 0 23359
50 74.4 0 0 23301
50 74.6 0 0 23227
50 74.8 0 0 23414
50 75 0 0 23349

52 65 0 0 23220
52 65.2 0 0 23343
52 65.4 0 0 23362
52 65.6 0 0 23474
52 65.8 0 0 23063
52 66 0 0 23485
52 66.2 0 0 23387
52 66.4 0 0 23437
52 66.6 0 0 23357
52 66.8 0 0 23368
52 67 0 0 23310
52 67.2 0 0 23507
52 67.4 0 0 22976
52 67.6 0.000171284 4 23353
52 67.8 0.00135645 32 23591
52 68 0.0032691 76 23248
52 68.2 0.00853601 199 23313
52 68.4 0.0177988 414 23260
52 68.6 0.0300437 702 23366
52 68.8 0.0442795 1026 23171
52 69 0.054579 1273 23324
52 69.2 0.0622102 1449 23292
52 69.4 0.0597232 1398 23408
52 69.6 0.0571624 1338 23407
52 69.8 0.0451618 1059 23449
52 70 0.0314633 733 23297
52 70.2 0.0202706 472 23285
52 70.4 0.00920206 213 23147
52 70.6 0.0041864 99 23648
52 70.8 0.00192267 45 23405
52 71 0.000813356 19 23360
52 71.2 0.000172377 4 23205
52 71.4 0 0 23104
52 71.6 0 0 23297
52 71.8 0 0 23352
52 72 0 0 23199
52 72.2 0 0 23301
52 72.4 0 0 23405
52 72.6 0 0 23339
52 72.8 0 0 23341
52 73 0 0 23399
52 73.2 0 0 23346
52 73.4 0 0 23150
52 73.6 0 0 23342
52 73.8 0 0 23155
52 74 0 0 23318
52 74.2 0 0 23366
52 74.4 0 0 23447
52 74.6 0 0 23264
52 74.8 0 0 23041
52 75 0 0 23006

54 65 0 0 23244
54 65.2 0 0 23313
54 65.4 0 0 23279
54 65.6 0 0 23488
54 65.8 0 0 23095
54 66 0 0 23456
54 66.2 0 0 23066
54 66.4 0 0 23229
54 66.6 0 0 23227
54 66.8 0 0 23358
54 67 0 0 23215
54 67.2 0 0 23465
54 67.4 0 0 23467
54 67.6 0.000170488 4 23462
54 67.8 0.000558156 13 23291
54 68 0.00261466 61 23330
54 68.2 0.00583279 135 23145
54 68.4 0.011453 268 23400
54 68.6 0.0210167 492 23410
54 68.8 0.0284945 667 23408
54 69 0.0363187 852 23459
54 69.2 0.0427712 1010 23614
54 69.4 0.0394472 922 23373
54 69.6 0.0397567 928 23342
54 69.8 0.0327288 767 23435
54 70 0.021843 512 23440
54 70.2 0.0115823 269 23225
54 70.4 0.00512004 119 23242
54 70.6 0.00206381 48 23258
54 70.8 0.000678167 16 23593
54 71 0.000300778 7 23273
54 71.2 4.26403e-05 1 23452
54 71.4 0 0 23570
54 71.6 0 0 23331
54 71.8 0 0 23292
54 72 0 0 23240
54 72.2 0 0 23203
54 72.4 0 0 23249
54 72.6 0 0 23503
54 72.8 0 0 23339
54 73 0 0 23133
54 73.2 0 0 23594
54 73.4 0 0 23329
54 73.6 0 0 23518
54 73.8 0 0 23481
54 74 0 0 23439
54 74.2 0 0 23245
54 74.4 0 0 23233
54 74.6 0 0 23600
54 74.8 0 0 23363
54 75 0 0 23217

56 65 0 0 23520
56 65.2 0 0 23352
56 65.4 0 0 23292
56 65.6 0 0 23551
56 65.8 0 0 23610
56 66 0 0 23450
56 66.2 0 0 23225
56 66.4 0 0 23504
56 66.6 0 0 23378
56 66.8 0 0 23328
56 67 0 0 23337
56 67.2 0 0 23314
56 67.4 0 0 23123
56 67.6 0 0 23484
56 67.8 0.000474363 11 23189
56 68 0.00155353 36 23173
56 68.2 0.00319326 75 23487
56 68.4 0.00783045 184 23498
56 68.6 0.0129188 300 23222
56 68.8 0.0186216 435 23360
56 69 0.025949 605 23315
56 69.2 0.0271894 629 23134
56 69.4 0.0295089 688 23315
56 69.6 0.0268436 629 23432
56 69.8 0.0219568 511 23273
56 70 0.0150389 354 23539
56 70.2 0.00600183 138 22993
56 70.4 0.00194783 46 23616
56 70.6 0.000560586 13 23190
56 70.8 0.000257202 6 23328
56 71 4.28321e-05 1 23347
56 71.2 0 0 23515
56 71.4 0 0 23277
56 71.6 0 0 23250
56 71.8 0 0 23565
56 72 0 0 23505
56 72.2 0 0 23385
56 72.4 0 0 23358
56 72.6 0 0 23274
56 72.8 0 0 23311
56 73 0 0 23281
56 73.2 0 0 23369
56 73.4 0 0 23197
56 73.6 0 0 23366
56 73.8 0 0 23250
56 74 0 0 23332
56 74.2 0 0 23369
56 74.4 0 0 23198
56 74.6 0 0 23514
56 74.8 0 0 23159
56 75 0 0 23226

58 65 0 0 23576
58 65.2 0 0 23537
58 65.4 0 0 23183
58 65.6 0 0 23450
58 65.8 0 0 23555
58 66 0 0 23302
58 66.2 0 0 23291
58 66.4 0 0 23476
58 66.6 0 0 23314
58 66.8 0 0 23387
58 67 0 0 23349
58 67.2 0 0 23384
58 67.4 0 0 23189
58 67.6 0 0 23082
58 67.8 0.000128513 3 23344
58 68 0.000640697 15 23412
58 68.2 0.00222832 52 23336
58 68.4 0.00374548 87 23228
58 68.6 0.00871291 202 23184
58 68.8 0.0120808 281 23260
58 69 0.0151339 351 23193
58 69.2 0.0172941 407 23534
58 69.4 0.0168013 393 23391
58 69.6 0.0163109 379 23236
58 69.8 0.0144865 334 23056
58 70 0.00906603 212 23384
58 70.2 0.00332495 78 23459
58 70.4 0.000811342 19 23418
58 70.6 0.000171821 4 23280
58 70.8 0 0 23228
58 71 0 0 23446
58 71.2 0 0 23209
58 71.4 0 0 23384
58 71.6 0 0 23360
58 71.8 0 0 23484
58 72 0 0 23388
58 72.2 0 0 23069
58 72.4 0 0 23453
58 72.6 0 0 23375
58 72.8 0 0 23194
58 73 0 0 23390
58 73.2 0 0 23440
58 73.4 0 0 23403
58 73.6 0 0 23306
58 73.8 0 0 23397
58 74 0 0 23541
58 74.2 0 0 23137
58 74.4 0 0 23386
58 74.6 0 0 23489
58 74.8 0 0 23390
58 75 0 0 23216

60 65 0 0 23294
60 65.2 0 0 23378
60 65.4 0 0 23497
60 65.6 0 0 23355
60 65.8 0 0 23481
60 66 0 0 23145
60 66.2 0 0 23235
60 66.4 0 0 23267
60 66.6 0 0 23528
60 66.8 0 0 23424
60 67 0 0 23367
60 67.2 0 0 23326
60 67.4 0 0 23396
60 67.6 0 0 23333
60 67.8 0.000170619 4 23444
60 68 0.000430034 10 23254
60 68.2 0.00095131 22 23126
60 68.4 0.00196901 46 23362
60 68.6 0.00473934 111 23421
60 68.8 0.00748548 174 23245
60 69 0.00970339 229 23600
60 69.2 0.00946735 222 23449
60 69.4 0.00938746 219 23329
60 69.6 0.00949326 222 23385
60 69.8 0.00964152 227 23544
60 70 0.00480501 112 23309
60 70.2 0.00142462 33 23164
60 70.4 0.000257378 6 23312
60 70.6 0 0 23476
60 70.8 0 0 23122
60 71 0 0 23389
60 71.2 0 0 23273
60 71.4 0 0 23378
60 71.6 0 0 23465
60 71.8 0 0 23324
60 72 0 0 23367
60 72.2 0 0 23274
60 72.4 0 0 23193
60 72.6 0 0 23230
60 72.8 0 0 23518
60 73 0 0 23491
60 73.2 0 0 23465
60 73.4 0 0 23299
60 73.6 0 0 23203
60 73.8 0 0 23443
60 74 0 0 23407
60 74.2 0 0 23329
60 74.4 0 0 23340
60 74.6 0 0 23313
60 74.8 0 0 23338
60 75 0 0 23326

62 65 0 0 23368
62 65.2 0 0 23134
62 65.4 0 0 23535
62 65.6 0 0 23467
62 65.8 0 0 23212
62 66 0 0 23467
62 66.2 0 0 23211
62 66.4 0 0 23215
62 66.6 0 0 23300
62 66.8 0 0 23422
62 67 0 0 23195
62 67.2 0 0 23205
62 67.4 0 0 23488
62 67.6 0 0 23425
62 67.8 4.26185e-05 1 23464
62 68 0.000129601 3 23148
62 68.2 0.000386432 9 23290
62 68.4 0.000861178 20 23224
62 68.6 0.00217642 51 23433
62 68.8 0.00436252 102 23381
62 69 0.004924 115 23355
62 69.2 0.00424619 99 23315
62 69.4 0.00499704 118 23614
62 69.6 0.00539915 126 23337
62 69.8 0.00439169 101 22998
62 70 0.00305284 71 23257
62 70.2 0.000600111 14 23329
62 70.4 4.25478e-05 1 23503
62 70.6 0 0 23458
62 70.8 0 0 23388
62 71 0 0 23329
62 71.2 0 0 23461
62 71.4 0 0 23302
62 71.6 0 0 23384
62 71.8 0 0 23363
62 72 0 0 23302
62 72.2 0 0 23407
62 72.4 0 0 23208
62 72.6 0 0 23400
62 72.8 0 0 23364
62 73 0 0 23351
62 73.2 0 0 23360
62 73.4 0 0 23443
62 73.6 0 0 23424
62 73.8 0 0 23406
62 74 0 0 23428
62 74.2 0 0 23278
62 74.4 0 0 23143
62 74.6 0 0 23293
62 74.8 0 0 22921
62 75 0 0 23287

64 65 0 0 23220
64 65.2 0 0 23209
64 65.4 0 0 23400
64 65.6 0 0 23179
64 65.8 0 0 23396
64 66 0 0 23413
64 66.2 0 0 23532
64 66.4 0 0 23228
64 66.6 0 0 23208
64 66.8 0 0 23216
64 67 0 0 23272
64 67.2 0 0 23273
64 67.4 0 0 23386
64 67.6 0 0 23308
64 67.8 4.25622e-05 1 23495
64 68 0 0 23427
64 68.2 0.000258387 6 23221
64 68.4 0.000429682 10 23273
64 68.6 0.00116319 27 23212
64 68.8 0.00232809 54 23195
64 69 0.00251192 59 23488
64 69.2 0.00223099 52 23308
64 69.4 0.00258442 60 23216
64 69.6 0.00299863 70 23344
64 69.8 0.00275115 64 23263
64 70 0.00106583 25 23456
64 70.2 0 0 23166
64 70.4 0 0 23367
64 70.6 0 0 23393
64 70.8 0 0 23555
64 71 0 0 23256
64 71.2 0 0 23468
64 71.4 0 0 23374
64 71.6 0 0 23440
64 71.8 0 0 23512
64 72 0 0 23327
64 72.2 0 0 23203
64 72.4 0 0 23273
64 72.6 0 0 23583
64 72.8 0 0 23334
64 73 0 0 23420
64 73.2 0 0 23139
64 73.4 0 0 23382
64 73.6 0 0 23479
64 73.8 0 0 23321
64 74 0 0 23496
64 74.2 0 0 23674
64 74.4 0 0 23337
64 74.6 0 0 23494
64 74.8 0 0 23512
64 75 0 0 23201

66 65 0 0 23464
66 65.2 0 0 23392
66 65.4 0 0 23142
66 65.6 0 0 23425
66 65.8 0 0 23409
66 66 0 0 23372
66 66.2 0 0 23213
66 66.4 0 0 23312
66 66.6 0 0 23052
66 66.8 0 0 23401
66 67 0 0 23349
66 67.2 0 0 23208
66 67.4 0 0 23501
66 67.6 0 0 23270
66 67.8 0 0 23341
66 68 0 0 23157
66 68.2 0 0 23549
66 68.4 8.61364e-05 2 23219
66 68.6 0.000513347 12 23376
66 68.8 0.000600755 14 23304
66 69 0.000818895 19 23202
66 69.2 0.00111173 26 23387
66 69.4 0.00158676 37 23318
66 69.6 0.0018333 43 23455
66 69.8 0.00144761 34 23487
66 70 0.000299324 7 23386
66 70.2 0 0 23394
66 70.4 0 0 23332
66 70.6 0 0 23434
66 70.8 0 0 23185
66 71 0 0 23535
66 71.2 0 0 23307
66 71.4 0 0 23404
66 71.6 0 0 23397
66 71.8 0 0 23062
66 72 0 0 23245
66 72.2 0 0 23303
66 72.4 0 0 23326
66 72.6 0 0 23375
66 72.8 0 0 23349
66 73 0 0 23296
66 73.2 0 0 23113
66 73.4 0 0 23302
66 73.6 0 0 23334
66 73.8 0 0 23262
66 74 0 0 22978
66 74.2 0 0 23374
66 74.4 0 0 23228
66 74.6 0 0 23467
66 74.8 0 0 23209
66 75 0 0 23540

68 65 0 0 23072
68 65.2 0 0 23465
68 65.4 0 0 23486
68 65.6 0 0 23467
68 65.8 0 0 23313
68 66 0 0 23123
68 66.2 0 0 23263
68 66.4 0 0 23244
68 66.6 0 0 23362
68 66.8 0 0 23377
68 67 0 0 23300
68 67.2 0 0 23263
68 67.4 0 0 23387
68 67.6 0 0 23279
68 67.8 0 0 23372
68 68 0 0 23244
68 68.2 0 0 23565
68 68.4 8.57633e-05 2 23320
68 68.6 0.000128866 3 23280
68 68.8 0.00012969 3 23132
68 69 0.000342305 8 23371
68 69.2 0.000557246 13 23329
68 69.4 0.000855432 20 23380
68 69.6 0.000654907 15 22904
68 69.8 0.000637267 15 23538
68 70 0 0 23256
68 70.2 0 0 23285
68 70.4 0 0 23213
68 70.6 0 0 23099
68 70.8 0 0 23356
68 71 0 0 23367
68 71.2 0 0 23337
68 71.4 0 0 23285
68 71.6 0 0 23136
68 71.8 0 0 23007
68 72 0 0 23409
68 72.2 0 0 23571
68 72.4 0 0 23284
68 72.6 0 0 23360
68 72.8 0 0 23589
68 73 0 0 23237
68 73.2 0 0 23605
68 73.4 0 0 23348
68 73.6 0 0 23202
68 73.8 0 0 23344
68 74 0 0 23072
68 74.2 0 0 23285
68 74.4 0 0 23247
68 74.6 0 0 23259
68 74.8 0 0 23444
68 75 0 0 23205

70 65 0 0 23796
70 65.2 0 0 23510
70 65.4 0 0 23287
70 65.6 0 0 23406
70 65.8 0 0 23367
70 66 0 0 23384
70 66.2 0 0 23195
70 66.4 0 0 23143
70 66.6 0 0 23523
70 66.8 0 0 23253
70 67 0 0 23263
70 67.2 0 0 23009
70 67.4 0 0 23415
70 67.6 0 0 23219
70 67.8 0 0 23533
70 68 0 0 23560
70 68.2 0 0 23152
70 68.4 0 0 23347
70 68.6 4.23406e-05 1 23618
70 68.8 0.000129199 3 23220
70 69 8.50304e-05 2 23521
70 69.2 0.000215889 5 23160
70 69.4 0.00029903 7 23409
70 69.6 0.000384156 9 23428
70 69.8 0.000171917 4 23267
70 70 0 0 23481
70 70.2 0 0 23488
70 70.4 0 0 23464
70 70.6 0 0 23026
70 70.8 0 0 23339
70 71 0 0 23385
70 71.2 0 0 23277
70 71.4 0 0 23453
70 71.6 0 0 23365
70 71.8 0 0 23286
70 72 0 0 23350
70 72.2 0 0 23289
70 72.4 0 0 23372
70 72.6 0 0 23542
70 72.8 0 0 23336
70 73 0 0 23132
70 73.2 0 0 23149
70 73.4 0 0 23219
70 73.6 0 0 23144
70 73.8 0 0 23530
70 74 0 0 23484
70 74.2 0 0 23368
70 74.4 0 0 23385
70 74.6 0 0 23335
70 74.8 0 0 23439
70 75 0 0 23309

72 65 0 0 23113
72 65.2 0 0 23513
72 65.4 0 0 23256
72 65.6 0 0 23525
72 65.8 0 0 23314
72 66 0 0 23226
72 66.2 0 0 23079
72 66.4 0 0 23414
72 66.6 0 0 23276
72 66.8 0 0 23382
72 67 0 0 23185
72 67.2 0 0 23431
72 67.4 0 0 23310
72 67.6 0 0 23164
72 67.8 0 0 23391
72 68 0 0 23481
72 68.2 0 0 23222
72 68.4 0 0 23274
72 68.6 0 0 23400
72 68.8 0 0 23277
72 69 0 0 22996
72 69.2 0 0 23318
72 69.4 0.000127725 3 23488
72 69.6 8.50955e-05 2 23503
72 69.8 4.24701e-05 1 23546
72 70 0 0 22997
72 70.2 0 0 23308
72 70.4 0 0 23292
72 70.6 0 0 23399
72 70.8 0 0 23306
72 71 0 0 23706
72 71.2 0 0 23414
72 71.4 0 0 23461
72 71.6 0 0 23401
72 71.8 0 0 23387
72 72 0 0 23097
72 72.2 0 0 23260
72 72.4 0 0 23396
72 72.6 0 0 23044
72 72.8 0 0 23317
72 73 0 0 23442
72 73.2 0 0 23432
72 73.4 0 0 23342
72 73.6 0 0 23331
72 73.8 0 0 23412
72 74 0 0 23521
72 74.2 0 0 23440
72 74.4 0 0 23553
72 74.6 0 0 23108
72 74.8 0 0 23514
72 75 0 0 23155

74 65 0 0 23339
74 65.2 0 0 23361
74 65.4 0 0 23289
74 65.6 0 0 23278
74 65.8 0 0 23559
74 66 0 0 23231
74 66.2 0 0 23432
74 66.4 0 0 23418
74 66.6 0 0 23389
74 66.8 0 0 23371
74 67 0 0 23286
74 67.2 0 0 23401
74 67.4 0 0 23262
74 67.6 0 0 23169
74 67.8 0 0 23395
74 68 0 0 23397
74 68.2 0 0 23479
74 68.4 0 0 23328
74 68.6 0 0 23365
74 68.8 0 0 23249
74 69 0 0 23459
74 69.2 0 0 23474
74 69.4 0 0 23121
74 69.6 0 0 23607
74 69.8 0 0 23486
74 70 0 0 23089
74 70.2 0 0 23247
74 70.4 0 0 23282
74 70.6 0 0 23433
74 70.8 0 0 23271
74 71 0 0 23331
74 71.2 0 0 23372
74 71.4 0 0 23342
74 71.6 0 0 23445
74 71.8 0 0 23121
74 72 0 0 23098
74 72.2 0 0 23454
74 72.4 0 0 23416
74 72.6 0 0 23260
74 72.8 0 0 23372
74 73 0 0 23418
74 73.2 0 0 23180
74 73.4 0 0 23057
74 73.6 0 0 23469
74 73.8 0 0 23440
74 74 0 0 23308
74 74.2 0 0 23232
74 74.4 0 0 23387
74 74.6 0 0 23356
74 74.8 0 0 23423
74 75 0 0 23181

76 65 0 0 23096
76 65.2 0 0 23323
76 65.4 0 0 23427
76 65.6 0 0 23203
76 65.8 0 0 23409
76 66 0 0 23468
76 66.2 0 0 23349
76 66.4 0 0 23457
76 66.6 0 0 23556
76 66.8 0 0 23339
76 67 0 0 23299
76 67.2 0 0 23321
76 67.4 0 0 23318
76 67.6 0 0 23238
76 67.8 0 0 23217
76 68 0 0 23237
76 68.2 0 0 23474
76 68.4 0 0 23477
76 68.6 0 0 23381
76 68.8 0 0 23128
76 69 0 0 23469
76 69.2 0 0 23414
76 69.4 0 0 23087
76 69.6 0 0 23654
76 69.8 0 0 23449
76 70 0 0 23408
76 70.2 0 0 23283
76 70.4 0 0 23304
76 70.6 0 0 23242
76 70.8 0 0 23326
76 71 0 0 23179
76 71.2 0 0 23284
76 71.4 0 0 23434
76 71.6 0 0 23181
76 71.8 0 0 23363
76 72 0 0 23224
76 72.2 0 0 23244
76 72.4 0 0 23372
76 72.6 0 0 23167
76 72.8 0 0 23250
76 73 0 0 23387
76 73.2 0 0 23285
76 73.4 0 0 23030
76 73.6 0 0 23307
76 73.8 0 0 23232
76 74 0 0 23414
76 74.2 0 0 23646
76 74.4 0 0 23241
76 74.6 0 0 23404
76 74.8 0 0 23280
76 75 0 0 23386

78 65 0 0 23341
78 65.2 0 0 23268
78 65.4 0 0 23085
78 65.6 0 0 23264
78 65.8 0 0 23296
78 66 0 0 23346
78 66.2 0 0 23262
78 66.4 0 0 23457
78 66.6 0 0 23367
78 66.8 0 0 23362
78 67 0 0 23588
78 67.2 0 0 23340
78 67.4 0 0 23528
78 67.6 0 0 23206
78 67.8 0 0 23737
78 68 0 0 23289
78 68.2 0 0 23501
78 68.4 0 0 23348
78 68.6 0 0 23096
78 68.8 0 0 23429
78 69 0 0 23443
78 69.2 0 0 23257
78 69.4 0 0 23421
78 69.6 0 0 23268
78 69.8 0 0 23208
78 70 0 0 23051
78 70.2 0 0 23167
78 70.4 0 0 23327
78 70.6 0 0 23349
78 70.8 0 0 23348
78 71 0 0 23259
78 71.2 0 0 23268
78 71.4 0 0 23232
78 71.6 0 0 23550
78 71.8 0 0 23153
78 72 0 0 23245
78 72.2 0 0 23361
78 72.4 0 0 23254
78 72.6 0 0 23185
78 72.8 0 0 23299
78 73 0 0 23473
78 73.2 0 0 23101
78 73.4 0 0 23197
78 73.6 0 0 23443
78 73.8 0 0 23247
78 74 0 0 23331
78 74.2 0 0 23218
78 74.4 0 0 23602
78 74.6 0 0 23331
78 74.8 0 0 23312
78 75 0 0 23220

80 65 0 0 23125
80 65.2 0 0 23326
80 65.4 0 0 23263
80 65.6 0 0 23388
80 65.8 0 0 23280
80 66 0 0 23432
80 66.2 0 0 23278
80 66.4 0 0 23220
80 66.6 0 0 23134
80 66.8 0 0 23162
80 67 0 0 23433
80 67.2 0 0 23372
80 67.4 0 0 23483
80 67.6 0 0 23026
80 67.8 0 0 23173
80 68 0 0 23424
80 68.2 0 0 23343
80 68.4 0 0 23462
80 68.6 0 0 23474
80 68.8 0 0 23242
80 69 0 0 23366
80 69.2 0 0 23226
80 69.4 0 0 23284
80 69.6 0 0 23316
80 69.8 0 0 23232
80 70 0 0 23446
80 70.2 0 0 23415
80 70.4 0 0 23233
80 70.6 0 0 23497
80 70.8 0 0 23194
80 71 0 0 23351
80 71.2 0 0 23158
80 71.4 0 0 23504
80 71.6 0 0 23454
80 71.8 0 0 23120
80 72 0 0 23370
80 72.2 0 0 23117
80 72.4 0 0 23053
80 72.6 0 0 23172
80 72.8 0 0 23302
80 73 0 0 23503
80 73.2 0 0 23480
80 73.4 0 0 23298
80 73.6 0 0 23045
80 73.8 0 0 23123
80 74 0 0 23543
80 74.2 0 0 23304
80 74.4 0 0 23181
80 74.6 0 0 23537
80 74.8 0 0 23357
80 75 0 0 23254

82 65 0 0 23277
82 65.2 0 0 23428
82 65.4 0 0 23500
82 65.6 0 0 23088
82 65.8 0 0 23130
82 66 0 0 23462
82 66.2 0 0 23446
82 66.4 0 0 23460
82 66.6 0 0 23168
82 66.8 0 0 23465
82 67 0 0 23255
82 67.2 0 0 23563
82 67.4 0 0 23328
82 67.6 0 0 23527
82 67.8 0 0 23452
82 68 0 0 23581
82 68.2 0 0 23273
82 68.4 0 0 23240
82 68.6 0 0 23511
82 68.8 0 0 23270
82 69 0 0 23336
82 69.2 0 0 23385
82 69.4 0 0 23345
82 69.6 0 0 23489
82 69.8 0 0 23295
82 70 0 0 23227
82 70.2 0 0 23374
82 70.4 0 0 23257
82 70.6 0 0 23151
82 70.8 0 0 23179
82 71 0 0 23138
82 71.2 0 0 23467
82 71.4 0 0 23673
82 71.6 0 0 23114
82 71.8 0 0 23162
82 72 0 0 23370
82 72.2 0 0 23139
82 72.4 0 0 23289
82 72.6 0 0 23546
82 72.8 0 0 23446
82 73 0 0 23290
82 73.2 0 0 23403
82 73.4 0 0 23228
82 73.6 0 0 23416
82 73.8 0 0 23209
82 74 0 0 23462
82 74.2 0 0 23363
82 74.4 0 0 23539
82 74.6 0 0 23230
82 74.8 0 0 23295
82 75 0 0 23539

84 65 0 0 23306
84 65.2 0 0 23309
84 65.4 0 0 23496
84 65.6 0 0 23330
84 65.8 0 0 23392
84 66 0 0 23572
84 66.2 0 0 23329
84 66.4 0 0 23228
84 66.6 0 0 23418
84 66.8 0 0 23453
84 67 0 0 23259
84 67.2 0 0 23202
84 67.4 0 0 23259
84 67.6 0 0 23388
84 67.8 0 0 23236
84 68 0 0 23259
84 68.2 0 0 23384
84 68.4 0 0 23537
84 68.6 0 0 23286
84 68.8 0 0 23368
84 69 0 0 23315
84 69.2 0 0 23322
84 69.4 0 0 23271
84 69.6 0 0 23293
84 69.8 0 0 23157
84 70 0 0 23341
84 70.2 0 0 23189
84 70.4 0 0 23218
84 70.6 0 0 23255
84 70.8 0 0 23325
84 71 0 0 23478
84 71.2 0 0 23477
84 71.4 0 0 23443
84 71.6 0 0 23372
84 71.8 0 0 23327
84 72 0 0 23271
84 72.2 0 0 23367
84 72.4 0 0 23367
84 72.6 0 0 23439
84 72.8 0 0 23316
84 73 0 0 23364
84 73.2 0 0 23137
84 73.4 0 0 23247
84 73.6 0 0 23446
84 73.8 0 0 23618
84 74 0 0 23364
84 74.2 0 0 23300
84 74.4 0 0 23322
84 74.6 0 0 23288
84 74.8 0 0 23365
84 75 0 0 23370

86 65 0 0 23246
86 65.2 0 0 23347
86 65.4 0 0 23515
86 65.6 0 0 23285
86 65.8 0 0 23551
86 66 0 0 23632
86 66.2 0 0 23273
86 66.4 0 0 23274
86 66.6 0 0 23096
86 66.8 0 0 23052
86 67 0 0 23429
86 67.2 0 0 23453
86 67.4 0 0 23556
86 67.6 0 0 23309
86 67.8 0 0 23517
86 68 0 0 23363
86 68.2 0 0 23260
86 68.4 0 0 23173
86 68.6 0 0 23334
86 68.8 0 0 23502
86 69 0 0 23296
86 69.2 0 0 23364
86 69.4 0 0 23198
86 69.6 0 0 23528
86 69.8 0 0 23229
86 70 0 0 23023
86 70.2 0 0 23282
86 70.4 0 0 23370
86 70.6 0 0 23188
86 70.8 0 0 23205
86 71 0 0 23304
86 71.2 0 0 23387
86 71.4 0 0 23130
86 71.6 0 0 23244
86 71.8 0 0 23197
86 72 0 0 23435
86 72.2 0 0 23342
86 72.4 0 0 23341
86 72.6 0 0 23281
86 72.8 0 0 23264
86 73 0 0 23336
86 73.2 0 0 23420
86 73.4 0 0 23378
86 73.6 0 0 23364
86 73.8 0 0 23369
86 74 0 0 23298
86 74.2 0 0 23474
86 74.4 0 0 23184
86 74.6 0 0 23210
86 74.8 0 0 23209
86 75 0 0 23326

88 65 0 0 23406
88 65.2 0 0 23412
88 65.4 0 0 23212
88 65.6 0 0 23587
88 65.8 0 0 23141
88 66 0 0 23252
88 66.2 0 0 23566
88 66.4 0 0 23272
88 66.6 0 0 23404
88 66.8 0 0 23337
88 67 0 0 23634
88 67.2 0 0 23101
88 67.4 0 0 23315
88 67.6 0 0 23238
88 67.8 0 0 23617
88 68 0 0 23175
88 68.2 0 0 23303
88 68.4 0 0 23308
88 68.6 0 0 23320
88 68.8 0 0 23438
88 69 0 0 23236
88 69.2 0 0 23137
88 69.4 0 0 23352
88 69.6 0 0 23280
88 69.8 0 0 23426
88 70 0 0 23321
88 70.2 0 0 23359
88 70.4 0 0 23261
88 70.6 0 0 23368
88 70.8 0 0 23304
88 71 0 0 23234
88 71.2 0 0 23414
88 71.4 0 0 23475
88 71.6 0 0 23383
88 71.8 0 0 23392
88 72 0 0 23183
88 72.2 0 0 23297
88 72.4 0 0 23122
88 72.6 0 0 23134
88 72.8 0 0 23236
88 73 0 0 23351
88 73.2 0 0 23490
88 73.4 0 0 23271
88 73.6 0 0 23274
88 73.8 0 0 23523
88 74 0 0 23514
88 74.2 0 0 23158
88 74.4 0 0 23161
88 74.6 0 0 23128
88 74.8 0 0 23720
88 75 0 0 23424

90 65 0 0 23224
90 65.2 0 0 23565
90 65.4 0 0 23259
90 65.6 0 0 23310
90 65.8 0 0 23349
90 66 0 0 23187
90 66.2 0 0 23404
90 66.4 0 0 23467
90 66.6 0 0 23352
90 66.8 0 0 23146
90 67 0 0 23178
90 67.2 0 0 23320
90 67.4 0 0 23429
90 67.6 0 0 23208
90 67.8 0 0 23562
90 68 0 0 23324
90 68.2 0 0 23634
90 68.4 0 0 23380
90 68.6 0 0 23437
90 68.8 0 0 23517
90 69 0 0 23466
90 69.2 0 0 23345
90 69.4 0 0 23328
90 69.6 0 0 23264
90 69.8 0 0 23110
90 70 0 0 23051
90 70.2 0 0 23330
90 70.4 0 0 23451
90 70.6 0 0 23429
90 70.8 0 0 23011
90 71 0 0 23734
90 71.2 0 0 23269
90 71.4 0 0 23167
90 71.6 0 0 23247
90 71.8 0 0 23314
90 72 0 0 23514
90 72.2 0 0 23355
90 72.4 0 0 23249
90 72.6 0 0 23224
90 72.8 0 0 23349
90 73 0 0 23205
90 73.2 0 0 23355
90 73.4 0 0 23420
90 73.6 0 0 23185
90 73.8 0 0 23280
90 74 0 0 23470
90 74.2 0 0 23259
90 74.4 0 0 23626
90 74.6 0 0 23350
90 74.8 0 0 23350
90 75 0 0 23503

92 65 0 0 23572
92 65.2 0 0 23390
92 65.4 0 0 23273
92 65.6 0 0 23633
92 65.8 0 0 23212
92 66 0 0 23147
92 66.2 0 0 23313
92 66.4 0 0 23549
92 66.6 0 0 23427
92 66.8 0 0 23428
92 67 0 0 23172
92 67.2 0 0 23565
92 67.4 0 0 23360
92 67.6 0 0 23188
92 67.8 0 0 23338
92 68 0 0 23366
92 68.2 0 0 23295
92 68.4 0 0 23530
92 68.6 0 0 23319
92 68.8 0 0 23248
92 69 0 0 23351
92 69.2 0 0 23235
92 69.4 0 0 23184
92 69.6 0 0 23526
92 69.8 0 0 23117
92 70 0 0 23454
92 70.2 0 0 23431
92 70.4 0 0 23339
92 70.6 0 0 23201
92 70.8 0 0 23459
92 71 0 0 23655
92 71.2 0 0 23537
92 71.4 0 0 23202
92 71.6 0 0 23527
92 71.8 0 0 23238
92 72 0 0 23433
92 72.2 0 0 23285
92 72.4 0 0 23411
92 72.6 0 0 23286
92 72.8 0 0 23405
92 73 0 0 23318
92 73.2 0 0 23334
92 73.4 0 0 23498
92 73.6 0 0 23393
92 73.8 0 0 23502
92 74 0 0 23248
92 74.2 0 0 23148
92 74.4 0 0 23328
92 74.6 0 0 23303
92 74.8 0 0 23194
92 75 0 0 23132

94 65 0 0 23259
94 65.2 0 0 23199
94 65.4 0 0 23599
94 65.6 0 0 23337
94 65.8 0 0 23458
94 66 0 0 23409
94 66.2 0 0 23293
94 66.4 0 0 23345
94 66.6 0 0 23275
94 66.8 0 0 23280
94 67 0 0 23119
94 67.2 0 0 23360
94 67.4 0 0 23401
94 67.6 0 0 23231
94 67.8 0 0 23156
94 68 0 0 23259
94 68.2 0 0 23137
94 68.4 0 0 23237
94 68.6 0 0 23306
94 68.8 0 0 23441
94 69 0 0 23429
94 69.2 0 0 23531
94 69.4 0 0 23311
94 69.6 0 0 23255
94 69.8 0 0 23373
94 70 0 0 23337
94 70.2 0 0 23116
94 70.4 0 0 23460
94 70.6 0 0 23240
94 70.8 0 0 23453
94 71 0 0 23413
94 71.2 0 0 23233
94 71.4 0 0 23212
94 71.6 0 0 23350
94 71.8 0 0 23411
94 72 0 0 23381
94 72.2 0 0 23369
94 72.4 0 0 23478
94 72.6 0 0 23397
94 72.8 0 0 23262
94 73 0 0 23351
94 73.2 0 0 23498
94 73.4 0 0 23356
94 73.6 0 0 23448
94 73.8 0 0 23338
94 74 0 0 23203
94 74.2 0 0 23278
94 74.4 0 0 23160
94 74.6 0 0 23357
94 74.8 0 0 23231
94 75 0 0 23482

96 65 0 0 23192
96 65.2 0 0 23287
96 65.4 0 0 23264
96 65.6 0 0 23316
96 65.8 0 0 23548
96 66 0 0 23253
96 66.2 0 0 23297
96 66.4 0 0 23316
96 66.6 0 0 23297
96 66.8 0 0 23303
96 67 0 0 23274
96 67.2 0 0 23283
96 67.4 0 0 23220
96 67.6 0 0 23491
96 67.8 0 0 23267
96 68 0 0 23400
96 68.2 0 0 23197
96 68.4 0 0 23407
96 68.6 0 0 23465
96 68.8 0 0 23420
96 69 0 0 23281
96 69.2 0 0 23536
96 69.4 0 0 23264
96 69.6 0 0 23356
96 69.8 0 0 23151
96 70 0 0 23279
96 70.2 0 0 23341
96 70.4 0 0 23390
96 70.6 0 0 23454
96 70.8 0 0 23395
96 71 0 0 23380
96 71.2 0 0 23700
96 71.4 0 0 23168
96 71.6 0 0 23441
96 71.8 0 0 23542
96 72 0 0 23330
96 72.2 0 0 23600
96 72.4 0 0 23457
96 72.6 0 0 23580
96 72.8 0 0 23272
96 73 0 0 23250
96 73.2 0 0 23227
96 73.4 0 0 23271
96 73.6 0 0 23148
96 73.8 0 0 23103
96 74 0 0 23283
96 74.2 0 0 23264
96 74.4 0 0 23431
96 74.6 0 0 23168
96 74.8 0 0 23571
96 75 0 0 23500

98 65 0 0 23276
98 65.2 0 0 23297
98 65.4 0 0 23215
98 65.6 0 0 23162
98 65.8 0 0 23520
98 66 0 0 23251
98 66.2 0 0 23246
98 66.4 0 0 23775
98 66.6 0 0 23345
98 66.8 0 0 23531
98 67 0 0 23416
98 67.2 0 0 23195
98 67.4 0 0 23234
98 67.6 0 0 23245
98 67.8 0 0 23149
98 68 0 0 23490
98 68.2 0 0 23309
98 68.4 0 0 23355
98 68.6 0 0 23257
98 68.8 0 0 23448
98 69 0 0 23430
98 69.2 0 0 23138
98 69.4 0 0 23423
98 69.6 0 0 23497
98 69.8 0 0 23291
98 70 0 0 23366
98 70.2 0 0 23326
98 70.4 0 0 23268
98 70.6 0 0 23547
98 70.8 0 0 23195
98 71 0 0 23339
98 71.2 0 0 23513
98 71.4 0 0 23248
98 71.6 0 0 23551
98 71.8 0 0 23271
98 72 0 0 23495
98 72.2 0 0 23122
98 72.4 0 0 23453
98 72.6 0 0 23352
98 72.8 0 0 23384
98 73 0 0 23531
98 73.2 0 0 23317
98 73.4 0 0 23514
98 73.6 0 0 23258
98 73.8 0 0 23474
98 74 0 0 23381
98 74.2 0 0 23281
98 74.4 0 0 23029
98 74.6 0 0 23508
98 74.8 0 0 23498
98 75 0 0 23244

100 65 0 0 23407
100 65.2 0 0 23725
100 65.4 0 0 23436
100 65.6 0 0 23347
100 65.8 0 0 23075
100 66 0 0 23257
100 66.2 0 0 23059
100 66.4 0 0 23398
100 66.6 0 0 23511
100 66.8 0 0 23102
100 67 0 0 23411
100 67.2 0 0 23372
100 67.4 0 0 23407
100 67.6 0 0 23273
100 67.8 0 0 23509
100 68 0 0 23129
100 68.2 0 0 23160
100 68.4 0 0 22951
100 68.6 0 0 23373
100 68.8 0 0 23259
100 69 0 0 23357
100 69.2 0 0 23232
100 69.4 0 0 23341
100 69.6 0 0 23169
100 69.8 0 0 23142
100 70 0 0 23412
100 70.2 0 0 23348
100 70.4 0 0 23436
100 70.6 0 0 23222
100 70.8 0 0 23118
100 71 0 0 23432
100 71.2 0 0 23400
100 71.4 0 0 23316
100 71.6 0 0 23468
100 71.8 0 0 23449
100 72 0 0 23355
100 72.2 0 0 23346
100 72.4 0 0 23608
100 72.6 0 0 23214
100 72.8 0 0 23336
100 73 0 0 23347
100 73.2 0 0 23288
100 73.4 0 0 23331
100 73.6 0 0 23056
100 73.8 0 0 23522
100 74 0 0 23139
100 74.2 0 0 23390
100 74.4 0 0 23526
100 74.6 0 0 23213
100 74.8 0 0 23154
100 75 0 0 23366

