0 65 0 0 23103
0 65.2 0 0 23445
0 65.4 0 0 23495
0 65.6 0 0 23397
0 65.8 0 0 23270
0 66 0 0 23383
0 66.2 0 0 23337
0 66.4 0 0 23257
0 66.6 0 0 23224
0 66.8 0 0 23460
0 67 0 0 23417
0 67.2 0 0 23476
0 67.4 0 0 23619
0 67.6 0 0 23243
0 67.8 0 0 23497
0 68 0 0 23364
0 68.2 0 0 23430
0 68.4 0 0 23485
0 68.6 0 0 23392
0 68.8 0.505553 11789 23319
0 69 0.691627 16247 23491
0 69.2 0.869381 20347 23404
0 69.4 1 23316 23316
0 69.6 1 23165 23165
0 69.8 1 23452 23452
0 70 1 23388 23388
0 70.2 1 23181 23181
0 70.4 1 23286 23286
0 70.6 1 23240 23240
0 70.8 0.920119 21252 23097
0 71 0.697085 16286 23363
0 71.2 0.461778 10680 23128
0 71.4 0 0 23503
0 71.6 0 0 23269
0 71.8 0 0 23281
0 72 0 0 23327
0 72.2 0 0 23332
0 72.4 0 0 23289
0 72.6 0 0 23485
0 72.8 0 0 23236
0 73 0 0 23450
0 73.2 0 0 23415
0 73.4 0 0 23236
0 73.6 0 0 23382
0 73.8 0 0 23433
0 74 0 0 23289
0 74.2 0 0 23367
0 74.4 0 0 23457
0 74.6 0 0 23467
0 74.8 0 0 23610
0 75 0 0 23253

2 65 0 0 23045
2 65.2 0 0 23420
2 65.4 0 0 23156
2 65.6 0 0 23196
2 65.8 0 0 23221
2 66 0 0 23470
2 66.2 0 0 23203
2 66.4 0 0 23656
2 66.6 0 0 23266
2 66.8 0 0 23314
2 67 0 0 23399
2 67.2 0 0 23397
2 67.4 0 0 23222
2 67.6 0 0 23091
2 67.8 0 0 23255
2 68 0 0 23239
2 68.2 0 0 23171
2 68.4 0 0 23015
2 68.6 0 0 23294
2 68.8 0.499141 11621 23282
2 69 0.691013 15970 23111
2 69.2 0.869923 20498 23563
2 69.4 0.979864 23017 23490
2 69.6 0.980996 22920 23364
2 69.8 0.979049 23131 23626
2 70 0.980294 22833 23292
2 70.2 0.981849 22773 23194
2 70.4 0.981706 22753 23177
2 70.6 0.980581 23077 23534
2 70.8 0.912657 21358 23402
2 71 0.690128 16100 23329
2 71.2 0.330671 7702 23292
2 71.4 0 0 23292
2 71.6 0 0 23383
2 71.8 0 0 23119
2 72 0 0 23457
2 72.2 0 0 23545
2 72.4 0 0 23229
2 72.6 0 0 23304
2 72.8 0 0 23290
2 73 0 0 23354
2 73.2 0 0 23429
2 73.4 0 0 23357
2 73.6 0 0 23156
2 73.8 0 0 23487
2 74 0 0 23270
2 74.2 0 0 23265
2 74.4 0 0 23317
2 74.6 0 0 23527
2 74.8 0 0 23372
2 75 0 0 23173

4 65 0 0 23269
4 65.2 0 0 23275
4 65.4 0 0 23310
4 65.6 0 0 23276
4 65.8 0 0 23150
4 66 0 0 23464
4 66.2 0 0 23201
4 66.4 0 0 23290
4 66.6 0 0 23287
4 66.8 0 0 23303
4 67 0 0 23363
4 67.2 0 0 23144
4 67.4 0 0 23263
4 67.6 0 0 23220
4 67.8 0 0 23142
4 68 0 0 23378
4 68.2 0 0 23521
4 68.4 0 0 23182
4 68.6 0.0819348 1909 23299
4 68.8 0.412059 9711 23567
4 69 0.687024 16064 23382
4 69.2 0.858293 19824 23097
4 69.4 0.949171 22203 23392
4 69.6 0.960398 22408 23332
4 69.8 0.960057 22329 23258
4 70 0.960398 22408 23332
4 70.2 0.960732 22411 23327
4 70.4 0.962671 22591 23467
4 70.6 0.959856 22452 23391
4 70.8 0.887607 20549 23151
4 71 0.690164 16096 23322
4 71.2 0.319535 7449 23312
4 71.4 0.0122396 285 23285
4 71.6 0 0 23407
4 71.8 0 0 23372
4 72 0 0 23223
4 72.2 0 0 23492
4 72.4 0 0 22996
4 72.6 0 0 23063
4 72.8 0 0 23409
4 73 0 0 23359
4 73.2 0 0 23285
4 73.4 0 0 23322
4 73.6 0 0 23370
4 73.8 0 0 23458
4 74 0 0 23331
4 74.2 0 0 23261
4 74.4 0 0 23408
4 74.6 0 0 23182
4 74.8 0 0 23210
4 75 0 0 23276

6 65 0 0 23242
6 65.2 0 0 23475
6 65.4 0 0 23392
6 65.6 0 0 23325
6 65.8 0 0 23238
6 66 0 0 23354
6 66.2 0 0 23608
6 66.4 0 0 23091
6 66.6 0 0 23373
6 66.8 0 0 23537
6 67 0 0 23197
6 67.2 0 0 23403
6 67.4 0 0 23443
6 67.6 0 0 23339
6 67.8 0 0 23217
6 68 0 0 23599
6 68.2 0 0 23481
6 68.4 0 0 23446
6 68.6 0.144551 3401 23528
6 68.8 0.389131 9101 23388
6 69 0.681904 15857 23254
6 69.2 0.830358 19398 23361
6 69.4 0.914577 21263 23249
6 69.6 0.942951 21818 23138
6 69.8 0.941856 22014 23373
6 70 0.944975 22171 23462
6 70.2 0.94146 21856 23215
6 70.4 0.944681 21927 23211
6 70.6 0.930387 21705 23329
6 70.8 0.847753 19734 23278
6 71 0.659273 15278 23174
6 71.2 0.330004 7765 23530
6 71.4 0.0698565 1641 23491
6 71.6 0 0 23230
6 71.8 0 0 23181
6 72 0 0 23376
6 72.2 0 0 23384
6 72.4 0 0 23167
6 72.6 0 0 23258
6 72.8 0 0 23422
6 73 0 0 23310
6 73.2 0 0 23515
6 73.4 0 0 23488
6 73.6 0 0 23283
6 73.8 0 0 23262
6 74 0 0 23419
6 74.2 0 0 23238
6 74.4 0 0 23241
6 74.6 0 0 22902
6 74.8 0 0 23183
6 75 0 0 23185

8 65 0 0 23238
8 65.2 0 0 23452
8 65.4 0 0 23227
8 65.6 0 0 23684
8 65.8 0 0 23437
8 66 0 0 23423
8 66.2 0 0 23310
8 66.4 0 0 23316
8 66.6 0 0 23297
8 66.8 0 0 23373
8 67 0 0 23247
8 67.2 0 0 23354
8 67.4 0 0 23329
8 67.6 0 0 23192
8 67.8 0 0 23259
8 68 0 0 23333
8 68.2 0 0 23368
8 68.4 0.0256855 592 23048
8 68.6 0.178777 4158 23258
8 68.8 0.391327 9042 23106
8 69 0.639219 14959 23402
8 69.2 0.806219 18876 23413
8 69.4 0.883162 20870 23631
8 69.6 0.918317 21417 23322
8 69.8 0.92289 21675 23486
8 70 0.923545 21417 23190
8 70.2 0.921367 21466 23298
8 70.4 0.923748 21503 23278
8 70.6 0.894991 20745 23179
8 70.8 0.813288 18826 23148
8 71 0.604874 14122 23347
8 71.2 0.33245 7777 23393
8 71.4 0.0711077 1662 23373
8 71.6 0 0 23195
8 71.8 0 0 23560
8 72 0 0 23358
8 72.2 0 0 23345
8 72.4 0 0 23243
8 72.6 0 0 23342
8 72.8 0 0 23424
8 73 0 0 23243
8 73.2 0 0 23328
8 73.4 0 0 23317
8 73.6 0 0 23399
8 73.8 0 0 23326
8 74 0 0 23190
8 74.2 0 0 23453
8 74.4 0 0 23344
8 74.6 0 0 23136
8 74.8 0 0 23315
8 75 0 0 23396

10 65 0 0 23178
10 65.2 0 0 23607
10 65.4 0 0 23263
10 65.6 0 0 23464
10 65.8 0 0 23387
10 66 0 0 23251
10 66.2 0 0 23439
10 66.4 0 0 23114
10 66.6 0 0 23442
10 66.8 0 0 23272
10 67 0 0 23359
10 67.2 0 0 23450
10 67.4 0 0 23341
10 67.6 0 0 23613
10 67.8 0 0 23345
10 68 0 0 23188
10 68.2 0 0 23287
10 68.4 0.0697824 1632 23387
10 68.6 0.211223 4901 23203
10 68.8 0.39416 9139 23186
10 69 0.598884 14057 23472
10 69.2 0.775903 18167 23414
10 69.4 0.849008 19815 23339
10 69.6 0.888717 20732 23328
10 69.8 0.905446 21182 23394
10 70 0.90596 21098 23288
10 70.2 0.905418 21089 23292
10 70.4 0.896479 20853 23261
10 70.6 0.854942 19868 23239
10 70.8 0.767714 17867 23273
10 71 0.553492 12903 23312
10 71.2 0.269427 6331 23498
10 71.4 0.0676276 1567 23171
10 71.6 0 0 23320
10 71.8 0 0 23369
10 72 0 0 23115
10 72.2 0 0 23159
10 72.4 0 0 23355
10 72.6 0 0 23257
10 72.8 0 0 23417
10 73 0 0 23332
10 73.2 0 0 23371
10 73.4 0 0 23337
10 73.6 0 0 23390
10 73.8 0 0 23123
10 74 0 0 23448
10 74.2 0 0 23232
10 74.4 0 0 23488
10 74.6 0 0 23124
10 74.8 0 0 23171
10 75 0 0 23445

12 65 0 0 23482
12 65.2 0 0 23243
12 65.4 0 0 23260
12 65.6 0 0 23205
12 65.8 0 0 23373
12 66 0 0 23392
12 66.2 0 0 23272
12 66.4 0 0 23445
12 66.6 0 0 23423
12 66.8 0 0 23129
12 67 0 0 23310
12 67.2 0 0 23259
12 67.4 0 0 23349
12 67.6 0 0 23221
12 67.8 0 0 23357
12 68 0 0 23176
12 68.2 0.00531049 124 23350
12 68.4 0.106845 2488 23286
12 68.6 0.242779 5648 23264
12 68.8 0.404906 9459 23361
12 69 0.563843 13071 23182
12 69.2 0.721511 16747 23211
12 69.4 0.817772 19243 23531
12 69.6 0.857149 19861 23171
12 69.8 0.880333 20488 23273
12 70 0.885008 20549 23219
12 70.2 0.886835 20775 23426
12 70.4 0.866166 20406 23559
12 70.6 0.818194 18969 23184
12 70.8 0.692185 16112 23277
12 71 0.448552 10314 22994
12 71.2 0.23005 5391 23434
12 71.4 0.0716909 1679 23420
12 71.6 0.00272869 63 23088
12 71.8 0 0 23275
12 72 0 0 23177
12 72.2 0 0 23313
12 72.4 0 0 23551
12 72.6 0 0 23392
12 72.8 0 0 23285
12 73 0 0 23590
12 73.2 0 0 23181
12 73.4 0 0 23452
12 73.6 0 0 23160
12 73.8 0 0 23336
12 74 0 0 23273
12 74.2 0 0 23413
12 74.4 0 0 23086
12 74.6 0 0 23277
12 74.8 0 0 23410
12 75 0 0 22984

14 65 0 0 23273
14 65.2 0 0 23507
14 65.4 0 0 23085
14 65.6 0 0 23366
14 65.8 0 0 23045
14 66 0 0 23437
14 66.2 0 0 23493
14 66.4 0 0 23368
14 66.6 0 0 23299
14 66.8 0 0 23312
14 67 0 0 23270
14 67.2 0 0 23289
14 67.4 0 0 23263
14 67.6 0 0 23432
14 67.8 0 0 23451
14 68 0 0 23661
14 68.2 0.0386251 899 23275
14 68.4 0.141075 3269 23172
14 68.6 0.26571 6186 23281
14 68.8 0.39964 9324 23331
14 69 0.528996 12360 23365
14 69.2 0.669214 15762 23553
14 69.4 0.778621 18166 23331
14 69.6 0.833218 19199 23042
14 69.8 0.863333 20164 23356
14 70 0.867055 20231 23333
14 70.2 0.861877 20080 23298
14 70.4 0.842226 19778 23483
14 70.6 0.780186 18215 23347
14 70.8 0.578536 13385 23136
14 71 0.374447 8725 23301
14 71.2 0.193569 4491 23201
14 71.4 0.0687988 1594 23169
14 71.6 0.00783976 182 23215
14 71.8 0 0 23389
14 72 0 0 23425
14 72.2 0 0 23478
14 72.4 0 0 23303
14 72.6 0 0 23511
14 72.8 0 0 23229
14 73 0 0 23230
14 73.2 0 0 23414
14 73.4 0 0 23608
14 73.6 0 0 23329
14 73.8 0 0 23310
14 74 0 0 23062
14 74.2 0 0 23180
14 74.4 0 0 23423
14 74.6 0 0 23240
14 74.8 0 0 23533
14 75 0 0 23345

16 65 0 0 23639
16 65.2 0 0 23174
16 65.4 0 0 23218
16 65.6 0 0 23327
16 65.8 0 0 23507
16 66 0 0 23412
16 66.2 0 0 23409
16 66.4 0 0 23430
16 66.6 0 0 23140
16 66.8 0 0 23381
16 67 0 0 23415
16 67.2 0 0 23181
16 67.4 0 0 23271
16 67.6 0 0 23089
16 67.8 0 0 23108
16 68 0 0 23492
16 68.2 0.0712012 1655 23244
16 68.4 0.162627 3804 23391
16 68.6 0.276878 6464 23346
16 68.8 0.397233 9159 23057
16 69 0.510685 11973 23445
16 69.2 0.620771 14459 23292
16 69.4 0.736901 17186 23322
16 69.6 0.796325 18591 23346
16 69.8 0.83065 19350 23295
16 70 0.845548 19741 23347
16 70.2 0.840694 19531 23232
16 70.4 0.802447 18754 23371
16 70.6 0.66241 15356 23182
16 70.8 0.487467 11318 23218
16 71 0.321193 7496 23338
16 71.2 0.165127 3843 23273
16 71.4 0.066323 1544 23280
16 71.6 0.0108237 254 23467
16 71.8 0 0 23291
16 72 0 0 23355
16 72.2 0 0 23420
16 72.4 0 0 23369
16 72.6 0 0 23302
16 72.8 0 0 23464
16 73 0 0 23300
16 73.2 0 0 23164
16 73.4 0 0 23442
16 73.6 0 0 23241
16 73.8 0 0 23611
16 74 0 0 23185
16 74.2 0 0 23485
16 74.4 0 0 23386
16 74.6 0 0 23335
16 74.8 0 0 23549
16 75 0 0 23467

18 65 0 0 23185
18 65.2 0 0 23557
18 65.4 0 0 23166
18 65.6 0 0 23262
18 65.8 0 0 23092
18 66 0 0 23303
18 66.2 0 0 23530
18 66.4 0 0 23277
18 66.6 0 0 23271
18 66.8 0 0 23338
18 67 0 0 23526
18 67.2 0 0 23480
18 67.4 0 0 23513
18 67.6 0 0 23561
18 67.8 0 0 23321
18 68 0.0219951 510 23187
18 68.2 0.0963381 2252 23376
18 68.4 0.189586 4424 23335
18 68.6 0.291275 6787 23301
18 68.8 0.384081 8961 23331
18 69 0.49123 11427 23262
18 69.2 0.579941 13450 23192
18 69.4 0.679765 15880 23361
18 69.6 0.766885 18110 23615
18 69.8 0.801253 18799 23462
18 70 0.82083 19017 23168
18 70.2 0.811773 18907 23291
18 70.4 0.717726 16779 23378
18 70.6 0.573974 13435 23407
18 70.8 0.425356 9921 23324
18 71 0.273143 6391 23398
18 71.2 0.15169 3506 23113
18 71.4 0.0668935 1573 23515
18 71.6 0.0155255 361 23252
18 71.8 0 0 23198
18 72 0 0 23257
18 72.2 0 0 23355
18 72.4 0 0 23141
18 72.6 0 0 23573
18 72.8 0 0 23350
18 73 0 0 23368
18 73.2 0 0 23426
18 73.4 0 0 23482
18 73.6 0 0 23306
18 73.8 0 0 23350
18 74 0 0 23560
18 74.2 0 0 22984
18 74.4 0 0 23046
18 74.6 0 0 23471
18 74.8 0 0 23212
18 75 0 0 23549

20 65 0 0 23378
20 65.2 0 0 23561
20 65.4 0 0 23324
20 65.6 0 0 23313
20 65.8 0 0 23407
20 66 0 0 23420
20 66.2 0 0 23254
20 66.4 0 0 23259
20 66.6 0 0 23228
20 66.8 0 0 23525
20 67 0 0 23063
20 67.2 0 0 23663
20 67.4 0 0 23320
20 67.6 0 0 23344
20 67.8 0 0 23255
20 68 0.0450208 1052 23367
20 68.2 0.1207 2842 23546
20 68.4 0.207144 4848 23404
20 68.6 0.297349 6933 23316
20 68.8 0.38451 8976 23344
20 69 0.46758 10824 23149
20 69.2 0.54573 12614 23114
20 69.4 0.639358 14851 23228
20 69.6 0.731854 17080 23338
20 69.8 0.775466 18042 23266
20 70 0.797828 18512 23203
20 70.2 0.73474 16960 23083
20 70.4 0.627341 14538 23174
20 70.6 0.491313 11510 23427
20 70.8 0.359249 8433 23474
20 71 0.242552 5732 23632
20 71.2 0.132312 3092 23369
20 71.4 0.0648681 1522 23463
20 71.6 0.018196 420 23082
20 71.8 0 0 22889
20 72 0 0 23327
20 72.2 0 0 23141
20 72.4 0 0 23704
20 72.6 0 0 23362
20 72.8 0 0 23356
20 73 0 0 23346
20 73.2 0 0 23029
20 73.4 0 0 23359
20 73.6 0 0 23459
20 73.8 0 0 23461
20 74 0 0 23336
20 74.2 0 0 23444
20 74.4 0 0 23419
20 74.6 0 0 23313
20 74.8 0 0 23210
20 75 0 0 23313

22 65 0 0 23307
22 65.2 0 0 23368
22 65.4 0 0 23425
22 65.6 0 0 23097
22 65.8 0 0 23217
22 66 0 0 23295
22 66.2 0 0 23255
22 66.4 0 0 23623
22 66.6 0 0 23347
22 66.8 0 0 23327
22 67 0 0 23359
22 67.2 0 0 23488
22 67.4 0 0 23343
22 67.6 0 0 23641
22 67.8 0.0125984 293 23257
22 68 0.0711718 1683 23647
22 68.2 0.140486 3259 23198
22 68.4 0.2229 5190 23284
22 68.6 0.299126 7016 23455
22 68.8 0.370676 8636 23298
22 69 0.441733 10371 23478
22 69.2 0.523382 11998 22924
22 69.4 0.60055 13970 23262
22 69.6 0.685018 16039 23414
22 69.8 0.744444 17353 23310
22 70 0.726104 17115 23571
22 70.2 0.666449 15335 23010
22 70.4 0.555804 12913 23233
22 70.6 0.432978 10036 23179
22 70.8 0.324501 7593 23399
22 71 0.212669 4972 23379
22 71.2 0.125689 2920 23232
22 71.4 0.0644029 1504 23353
22 71.6 0.0216689 503 23213
22 71.8 0.000172369 4 23206
22 72 0 0 23114
22 72.2 0 0 23354
22 72.4 0 0 23551
22 72.6 0 0 23324
22 72.8 0 0 23255
22 73 0 0 23391
22 73.2 0 0 23287
22 73.4 0 0 23186
22 73.6 0 0 23255
22 73.8 0 0 23468
22 74 0 0 23335
22 74.2 0 0 23205
22 74.4 0 0 23222
22 74.6 0 0 23288
22 74.8 0 0 23264
22 75 0 0 23390

24 65 0 0 23195
24 65.2 0 0 23372
24 65.4 0 0 23172
24 65.6 0 0 22873
24 65.8 0 0 23187
24 66 0 0 23552
24 66.2 0 0 23367
24 66.4 0 0 23305
24 66.6 0 0 23377
24 66.8 0 0 23237
24 67 0 0 23296
24 67.2 0 0 23236
24 67.4 0 0 23474
24 67.6 0 0 23332
24 67.8 0.0227616 528 23197
24 68 0.0855902 2010 23484
24 68.2 0.15876 3698 23293
24 68.4 0.225901 5261 23289
24 68.6 0.299991 6994 23314
24 68.8 0.361061 8464 23442
24 69 0.426571 9963 23356
24 69.2 0.497277 11597 23321
24 69.4 0.561964 13037 23199
24 69.6 0.632798 14729 23276
24 69.8 0.695158 16339 23504
24 70 0.663709 15483 23328
24 70.2 0.598669 13946 23295
24 70.4 0.488723 11571 23676
24 70.6 0.379215 8805 23219
24 70.8 0.279333 6585 23574
24 71 0.188424 4437 23548
24 71.2 0.114061 2677 23470
24 71.4 0.0604266 1408 23301
24 71.6 0.0221801 515 23219
24 71.8 0.00148715 35 23535
24 72 0 0 23525
24 72.2 0 0 23345
24 72.4 0 0 23372
24 72.6 0 0 23371
24 72.8 0 0 23422
24 73 0 0 23497
24 73.2 0 0 23332
24 73.4 0 0 23574
24 73.6 0 0 23399
24 73.8 0 0 23327
24 74 0 0 23486
24 74.2 0 0 23256
24 74.4 0 0 23150
24 74.6 0 0 23028
24 74.8 0 0 23293
24 75 0 0 23589

26 65 0 0 23295
26 65.2 0 0 23202
26 65.4 0 0 23231
26 65.6 0 0 23701
26 65.8 0 0 23400
26 66 0 0 23421
26 66.2 0 0 23195
26 66.4 0 0 23297
26 66.6 0 0 23287
26 66.8 0 0 23100
26 67 0 0 23442
26 67.2 0 0 23412
26 67.4 0 0 23545
26 67.6 0 0 23261
26 67.8 0.0279212 649 23244
26 68 0.081359 1899 23341
26 68.2 0.164287 3831 23319
26 68.4 0.239403 5580 23308
26 68.6 0.292031 6816 23340
26 68.8 0.349254 8168 23387
26 69 0.415657 9568 23019
26 69.2 0.468573 10944 23356
26 69.4 0.533639 12469 23366
26 69.6 0.596268 14091 23632
26 69.8 0.62382 14608 23417
26 70 0.598727 13921 23251
26 70.2 0.5319 12447 23401
26 70.4 0.430557 10038 23314
26 70.6 0.33747 7832 23208
26 70.8 0.249168 5841 23442
26 71 0.165311 3883 23489
26 71.2 0.107512 2516 23402
26 71.4 0.060515 1410 23300
26 71.6 0.0251412 592 23547
26 71.8 0.00330799 77 23277
26 72 0 0 23457
26 72.2 0 0 23421
26 72.4 0 0 22920
26 72.6 0 0 23142
26 72.8 0 0 23195
26 73 0 0 23542
26 73.2 0 0 23105
26 73.4 0 0 23379
26 73.6 0 0 23525
26 73.8 0 0 23216
26 74 0 0 23327
26 74.2 0 0 23102
26 74.4 0 0 23220
26 74.6 0 0 23133
26 74.8 0 0 23441
26 75 0 0 23150

28 65 0 0 23254
28 65.2 0 0 23306
28 65.4 0 0 23547
28 65.6 0 0 23420
28 65.8 0 0 23281
28 66 0 0 23356
28 66.2 0 0 23353
28 66.4 0 0 23224
28 66.6 0 0 23258
28 66.8 0 0 23129
28 67 0 0 23138
28 67.2 0 0 23248
28 67.4 0 0 23269
28 67.6 0.00319639 75 23464
28 67.8 0.0302502 711 23504
28 68 0.0685604 1605 23410
28 68.2 0.135576 3147 23212
28 68.4 0.225563 5259 23315
28 68.6 0.295347 6868 23254
28 68.8 0.346257 8136 23497
28 69 0.398309 9281 23301
28 69.2 0.458945 10592 23079
28 69.4 0.507688 11854 23349
28 69.6 0.553927 12922 23328
28 69.8 0.56953 13331 23407
28 70 0.548041 12754 23272
28 70.2 0.46826 10954 23393
28 70.4 0.380336 8928 23474
28 70.6 0.294545 6933 23538
28 70.8 0.224111 5274 23533
28 71 0.146595 3395 23159
28 71.2 0.0991856 2314 23330
28 71.4 0.0578087 1337 23128
28 71.6 0.0178094 413 23190
28 71.8 0.00184123 43 23354
28 72 0 0 23315
28 72.2 0 0 23306
28 72.4 0 0 23399
28 72.6 0 0 23346
28 72.8 0 0 23377
28 73 0 0 23650
28 73.2 0 0 23164
28 73.4 0 0 23448
28 73.6 0 0 23600
28 73.8 0 0 23306
28 74 0 0 23208
28 74.2 0 0 23394
28 74.4 0 0 23366
28 74.6 0 0 23251
28 74.8 0 0 23166
28 75 0 0 23059

30 65 0 0 23211
30 65.2 0 0 23346
30 65.4 0 0 23605
30 65.6 0 0 23346
30 65.8 0 0 23375
30 66 0 0 23378
30 66.2 0 0 23185
30 66.4 0 0 23386
30 66.6 0 0 23415
30 66.8 0 0 23510
30 67 0 0 23502
30 67.2 0 0 23370
30 67.4 0 0 23374
30 67.6 0.00349412 82 23468
30 67.8 0.0222469 521 23419
30 68 0.0583387 1359 23295
30 68.2 0.106502 2470 23192
30 68.4 0.175274 4049 23101
30 68.6 0.260279 6096 23421
30 68.8 0.329974 7728 23420
30 69 0.387578 9036 23314
30 69.2 0.435072 10115 23249
30 69.4 0.477666 11025 23081
30 69.6 0.512049 11857 23156
30 69.8 0.519766 12004 23095
30 70 0.488239 11499 23552
30 70.2 0.421527 9771 23180
30 70.4 0.335851 7826 23302
30 70.6 0.267293 6206 23218
30 70.8 0.195568 4572 23378
30 71 0.128 2992 23375
30 71.2 0.0745948 1735 23259
30 71.4 0.0335588 789 23511
30 71.6 0.0111852 260 23245
30 71.8 0.000473934 11 23210
30 72 0 0 23292
30 72.2 0 0 23355
30 72.4 0 0 23192
30 72.6 0 0 23335
30 72.8 0 0 23453
30 73 0 0 23430
30 73.2 0 0 23216
30 73.4 0 0 23224
30 73.6 0 0 23308
30 73.8 0 0 23303
30 74 0 0 23227
30 74.2 0 0 23180
30 74.4 0 0 23374
30 74.6 0 0 23094
30 74.8 0 0 23485
30 75 0 0 23327

32 65 0 0 23421
32 65.2 0 0 23211
32 65.4 0 0 23439
32 65.6 0 0 23441
32 65.8 0 0 23334
32 66 0 0 23355
32 66.2 0 0 23396
32 66.4 0 0 23157
32 66.6 0 0 23300
32 66.8 0 0 23216
32 67 0 0 23157
32 67.2 0 0 23351
32 67.4 0 0 23166
32 67.6 0.00167894 39 23229
32 67.8 0.0163514 383 23423
32 68 0.0425081 983 23125
32 68.2 0.0837628 1934 23089
32 68.4 0.140454 3273 23303
32 68.6 0.206757 4798 23206
32 68.8 0.288167 6697 23240
32 69 0.347432 8083 23265
32 69.2 0.40464 9384 23191
32 69.4 0.458271 10746 23449
32 69.6 0.475722 11110 23354
32 69.8 0.473192 11041 23333
32 70 0.433443 10182 23491
32 70.2 0.370749 8548 23056
32 70.4 0.30515 7110 23300
32 70.6 0.224879 5248 23337
32 70.8 0.152604 3563 23348
32 71 0.0920432 2147 23326
32 71.2 0.0494137 1163 23536
32 71.4 0.0223292 524 23467
32 71.6 0.00812973 190 23371
32 71.8 0.000507528 12 23644
32 72 0 0 23253
32 72.2 0 0 23406
32 72.4 0 0 23318
32 72.6 0 0 23311
32 72.8 0 0 23518
32 73 0 0 23471
32 73.2 0 0 23553
32 73.4 0 0 23467
32 73.6 0 0 23441
32 73.8 0 0 23275
32 74 0 0 23467
32 74.2 0 0 23464
32 74.4 0 0 23201
32 74.6 0 0 23257
32 74.8 0 0 23122
32 75 0 0 23565

34 65 0 0 23401
34 65.2 0 0 23553
34 65.4 0 0 23357
34 65.6 0 0 23241
34 65.8 0 0 23354
34 66 0 0 23240
34 66.2 0 0 23545
34 66.4 0 0 23517
34 66.6 0 0 23234
34 66.8 0 0 23289
34 67 0 0 23184
34 67.2 0 0 23316
34 67.4 0 0 23396
34 67.6 0.00124538 29 23286
34 67.8 0.010612 245 23087
34 68 0.0285262 667 23382
34 68.2 0.061194 1435 23450
34 68.4 0.113005 2606 23061
34 68.6 0.168919 3962 23455
34 68.8 0.239094 5634 23564
34 69 0.308221 7217 23415
34 69.2 0.365461 8486 23220
34 69.4 0.411614 9661 23471
34 69.6 0.435842 10105 23185
34 69.8 0.427954 9899 23131
34 70 0.377565 8815 23347
34 70.2 0.315722 7398 23432
34 70.4 0.243719 5743 23564
34 70.6 0.178199 4136 23210
34 70.8 0.11389 2659 23347
34 71 0.071373 1651 23132
34 71.2 0.0340087 794 23347
34 71.4 0.0151307 352 23264
34 71.6 0.00491222 115 23411
34 71.8 0.00038728 9 23239
34 72 0 0 23480
34 72.2 0 0 23556
34 72.4 0 0 23175
34 72.6 0 0 23319
34 72.8 0 0 23313
34 73 0 0 23428
34 73.2 0 0 23171
34 73.4 0 0 23124
34 73.6 0 0 23597
34 73.8 0 0 23529
34 74 0 0 23385
34 74.2 0 0 23233
34 74.4 0 0 23458
34 74.6 0 0 23543
34 74.8 0 0 23163
34 75 0 0 23501

36 65 0 0 23236
36 65.2 0 0 23238
36 65.4 0 0 23304
36 65.6 0 0 23448
36 65.8 0 0 23345
36 66 0 0 23483
36 66.2 0 0 23250
36 66.4 0 0 23512
36 66.6 0 0 23441
36 66.8 0 0 23111
36 67 0 0 23499
36 67.2 0 0 23435
36 67.4 0 0 23219
36 67.6 0.000815171 19 23308
36 67.8 0.00677878 156 23013
36 68 0.0204213 475 23260
36 68.2 0.0425786 1000 23486
36 68.4 0.0805288 1876 23296
36 68.6 0.132953 3120 23467
36 68.8 0.189943 4363 22970
36 69 0.254678 6002 23567
36 69.2 0.323454 7596 23484
36 69.4 0.360119 8385 23284
36 69.6 0.36556 8515 23293
36 69.8 0.344637 7998 23207
36 70 0.307386 7175 23342
36 70.2 0.258111 6038 23393
36 70.4 0.200197 4680 23377
36 70.6 0.141645 3304 23326
36 70.8 0.0885625 2062 23283
36 71 0.0503784 1185 23522
36 71.2 0.025983 604 23246
36 71.4 0.0111327 258 23175
36 71.6 0.00342017 81 23683
36 71.8 0.000127643 3 23503
36 72 0 0 23515
36 72.2 0 0 23066
36 72.4 0 0 23423
36 72.6 0 0 23111
36 72.8 0 0 23322
36 73 0 0 23301
36 73.2 0 0 23480
36 73.4 0 0 23170
36 73.6 0 0 23262
36 73.8 0 0 23410
36 74 0 0 23366
36 74.2 0 0 23214
36 74.4 0 0 23353
36 74.6 0 0 23333
36 74.8 0 0 23189
36 75 0 0 23248

38 65 0 0 23518
38 65.2 0 0 23045
38 65.4 0 0 23491
38 65.6 0 0 23521
38 65.8 0 0 23187
38 66 0 0 23564
38 66.2 0 0 23661
38 66.4 0 0 23296
38 66.6 0 0 23411
38 66.8 0 0 23186
38 67 0 0 23357
38 67.2 0 0 23282
38 67.4 0 0 23261
38 67.6 0.000598393 14 23396
38 67.8 0.0047259 110 23276
38 68 0.0135428 319 23555
38 68.2 0.0295961 694 23449
38 68.4 0.057742 1363 23605
38 68.6 0.105072 2461 23422
38 68.8 0.151433 3514 23205
38 69 0.209818 4911 23406
38 69.2 0.268021 6254 23334
38 69.4 0.308596 7302 23662
38 69.6 0.308332 7157 23212
38 69.8 0.268974 6248 23229
38 70 0.239383 5552 23193
38 70.2 0.20737 4817 23229
38 70.4 0.157146 3700 23545
38 70.6 0.109084 2505 22964
38 70.8 0.0647157 1517 23441
38 71 0.0345904 809 23388
38 71.2 0.0183271 429 23408
38 71.4 0.00817322 191 23369
38 71.6 0.00232548 54 23221
38 71.8 0.000172644 4 23169
38 72 0 0 23204
38 72.2 0 0 23416
38 72.4 0 0 23499
38 72.6 0 0 23290
38 72.8 0 0 23429
38 73 0 0 23244
38 73.2 0 0 23550
38 73.4 0 0 23604
38 73.6 0 0 23336
38 73.8 0 0 23161
38 74 0 0 23169
38 74.2 0 0 23538
38 74.4 0 0 23189
38 74.6 0 0 23375
38 74.8 0 0 23245
38 75 0 0 23218

40 65 0 0 23384
40 65.2 0 0 23318
40 65.4 0 0 23158
40 65.6 0 0 23195
40 65.8 0 0 23243
40 66 0 0 23221
40 66.2 0 0 23558
40 66.4 0 0 23505
40 66.6 0 0 23093
40 66.8 0 0 23349
40 67 0 0 23419
40 67.2 0 0 23443
40 67.4 0 0 23336
40 67.6 0.000555342 13 23409
40 67.8 0.00278587 65 23332
40 68 0.00935587 217 23194
40 68.2 0.0207543 487 23465
40 68.4 0.0434969 1016 23358
40 68.6 0.0755691 1756 23237
40 68.8 0.122603 2909 23727
40 69 0.167861 3911 23299
40 69.2 0.217438 5075 23340
40 69.4 0.247004 5751 23283
40 69.6 0.245077 5650 23054
40 69.8 0.215602 4983 23112
40 70 0.189066 4399 23267
40 70.2 0.158735 3709 23366
40 70.4 0.1219 2841 23306
40 70.6 0.083576 1952 23356
40 70.8 0.0483389 1132 23418
40 71 0.0248584 588 23654
40 71.2 0.013318 312 23427
40 71.4 0.00531151 122 22969
40 71.6 0.00158106 37 23402
40 71.8 8.58664e-05 2 23292
40 72 0 0 23123
40 72.2 0 0 23322
40 72.4 0 0 23256
40 72.6 0 0 23380
40 72.8 0 0 23262
40 73 0 0 23346
40 73.2 0 0 23332
40 73.4 0 0 23213
40 73.6 0 0 23246
40 73.8 0 0 23161
40 74 0 0 23380
40 74.2 0 0 23245
40 74.4 0 0 23312
40 74.6 0 0 23466
40 74.8 0 0 23354
40 75 0 0 23161

42 65 0 0 23280
42 65.2 0 0 23286
42 65.4 0 0 23361
42 65.6 0 0 23550
42 65.8 0 0 23116
42 66 0 0 23333
42 66.2 0 0 23237
42 66.4 0 0 23429
42 66.6 0 0 23304
42 66.8 0 0 23432
42 67 0 0 23520
42 67.2 0 0 23565
42 67.4 0 0 23276
42 67.6 0.000171204 4 23364
42 67.8 0.00192242 45 23408
42 68 0.00704591 163 23134
42 68.2 0.0147204 343 23301
42 68.4 0.0328769 766 23299
42 68.6 0.0611812 1412 23079
42 68.8 0.0931632 2183 23432
42 69 0.133739 3118 23314
42 69.2 0.171747 4040 23523
42 69.4 0.193145 4497 23283
42 69.6 0.188879 4399 23290
42 69.8 0.169243 3931 23227
42 70 0.146136 3413 23355
42 70.2 0.123042 2907 23626
42 70.4 0.0937675 2174 23185
42 70.6 0.0609892 1418 23250
42 70.8 0.0324403 758 23366
42 71 0.0178694 418 23392
42 71.2 0.00891671 208 23327
42 71.4 0.00360098 84 23327
42 71.6 0.00094279 22 23335
42 71.8 0.000127681 3 23496
42 72 0 0 23271
42 72.2 0 0 23224
42 72.4 0 0 23446
42 72.6 0 0 23233
42 72.8 0 0 23236
42 73 0 0 23467
42 73.2 0 0 23514
42 73.4 0 0 23275
42 73.6 0 0 23385
42 73.8 0 0 23205
42 74 0 0 23268
42 74.2 0 0 23413
42 74.4 0 0 23237
42 74.6 0 0 22966
42 74.8 0 0 23294
42 75 0 0 22936

44 65 0 0 23229
44 65.2 0 0 23407
44 65.4 0 0 23451
44 65.6 0 0 23281
44 65.8 0 0 23150
44 66 0 0 23378
44 66.2 0 0 23060
44 66.4 0 0 23256
44 66.6 0 0 23324
44 66.8 0 0 23561
44 67 0 0 23357
44 67.2 0 0 23320
44 67.4 0 0 23180
44 67.6 0.000213986 5 23366
44 67.8 0.00145592 34 23353
44 68 0.00424783 99 23306
44 68.2 0.0116219 271 23318
44 68.4 0.0245947 578 23501
44 68.6 0.0419847 979 23318
44 68.8 0.0726136 1707 23508
44 69 0.105488 2464 23358
44 69.2 0.130409 3044 23342
44 69.4 0.142271 3326 23378
44 69.6 0.145078 3378 23284
44 69.8 0.133692 3105 23225
44 70 0.116618 2720 23324
44 70.2 0.0959949 2253 23470
44 70.4 0.0677164 1574 23244
44 70.6 0.0449918 1043 23182
44 70.8 0.0247211 574 23219
44 71 0.0121801 287 23563
44 71.2 0.00675908 157 23228
44 71.4 0.00215295 50 23224
44 71.6 0.000765892 18 23502
44 71.8 0 0 23161
44 72 0 0 23542
44 72.2 0 0 23599
44 72.4 0 0 23385
44 72.6 0 0 23493
44 72.8 0 0 23236
44 73 0 0 23354
44 73.2 0 0 23440
44 73.4 0 0 23445
44 73.6 0 0 23464
44 73.8 0 0 23257
44 74 0 0 23181
44 74.2 0 0 23320
44 74.4 0 0 23405
44 74.6 0 0 23112
44 74.8 0 0 23248
44 75 0 0 23276

46 65 0 0 23189
46 65.2 0 0 23550
46 65.4 0 0 23469
46 65.6 0 0 23172
46 65.8 0 0 23527
46 66 0 0 23311
46 66.2 0 0 23192
46 66.4 0 0 23650
46 66.6 0 0 23265
46 66.8 0 0 23369
46 67 0 0 23286
46 67.2 0 0 23321
46 67.4 0 0 23300
46 67.6 4.2935e-05 1 23291
46 67.8 0.000807651 19 23525
46 68 0.00293455 69 23513
46 68.2 0.00776924 181 23297
46 68.4 0.0161055 375 23284
46 68.6 0.0320424 743 23188
46 68.8 0.0535408 1249 23328
46 69 0.0784381 1832 23356
46 69.2 0.0971707 2253 23186
46 69.4 0.106855 2516 23546
46 69.6 0.105949 2479 23398
46 69.8 0.104811 2451 23385
46 70 0.089443 2102 23501
46 70.2 0.0703874 1637 23257
46 70.4 0.0479894 1123 23401
46 70.6 0.0324533 756 23295
46 70.8 0.0156156 365 23374
46 71 0.00980519 228 23253
46 71.2 0.00424929 99 23298
46 71.4 0.00187842 44 23424
46 71.6 0.000258721 6 23191
46 71.8 0 0 23495
46 72 0 0 23481
46 72.2 0 0 23150
46 72.4 0 0 23298
46 72.6 0 0 23159
46 72.8 0 0 23341
46 73 0 0 23258
46 73.2 0 0 23255
46 73.4 0 0 23304
46 73.6 0 0 23348
46 73.8 0 0 23258
46 74 0 0 23360
46 74.2 0 0 23313
46 74.4 0 0 23309
46 74.6 0 0 23389
46 74.8 0 0 23005
46 75 0 0 23437

48 65 0 0 23266
48 65.2 0 0 23096
48 65.4 0 0 23420
48 65.6 0 0 23208
48 65.8 0 0 23442
48 66 0 0 23406
48 66.2 0 0 23400
48 66.4 0 0 23463
48 66.6 0 0 23157
48 66.8 0 0 23273
48 67 0 0 23200
48 67.2 0 0 23629
48 67.4 0 0 23268
48 67.6 0 0 23150
48 67.8 0.000553215 13 23499
48 68 0.00188107 44 23391
48 68.2 0.00583917 136 23291
48 68.4 0.0102911 239 23224
48 68.6 0.0233475 545 23343
48 68.8 0.0375656 887 23612
48 69 0.0520219 1208 23221
48 69.2 0.06713 1584 23596
48 69.4 0.0765273 1785 23325
48 69.6 0.0822511 1919 23331
48 69.8 0.0770048 1812 23531
48 70 0.0661384 1544 23345
48 70.2 0.0553193 1288 23283
48 70.4 0.0362322 842 23239
48 70.6 0.0203697 475 23319
48 70.8 0.0117179 274 23383
48 71 0.00650526 151 23212
48 71.2 0.00277316 65 23439
48 71.4 0.000951969 22 23110
48 71.6 8.59623e-05 2 23266
48 71.8 0 0 23368
48 72 0 0 23312
48 72.2 0 0 23394
48 72.4 0 0 23425
48 72.6 0 0 23200
48 72.8 0 0 23358
48 73 0 0 23357
48 73.2 0 0 23513
48 73.4 0 0 23554
48 73.6 0 0 23161
48 73.8 0 0 23498
48 74 0 0 23301
48 74.2 0 0 23294
48 74.4 0 0 23478
48 74.6 0 0 23337
48 74.8 0 0 23231
48 75 0 0 23097

50 65 0 0 23522
50 65.2 0 0 23289
50 65.4 0 0 23584
50 65.6 0 0 23163
50 65.8 0 0 23345
50 66 0 0 23546
50 66.2 0 0 23041
50 66.4 0 0 23249
50 66.6 0 0 23156
50 66.8 0 0 23142
50 67 0 0 23465
50 67.2 0 0 23660
50 67.4 0 0 23428
50 67.6 0 0 23335
50 67.8 0.00017146 4 23329
50 68 0.00120012 28 23331
50 68.2 0.00325859 76 23323
50 68.4 0.00762999 178 23329
50 68.6 0.0157694 372 23590
50 68.8 0.0267275 627 23459
50 69 0.0374116 873 23335
50 69.2 0.0475946 1111 23343
50 69.4 0.0570581 1327 23257
50 69.6 0.0539371 1259 23342
50 69.8 0.0570063 1336 23436
50 70 0.0510918 1191 23311
50 70.2 0.0361777 842 23274
50 70.4 0.0245186 573 23370
50 70.6 0.0123866 288 23251
50 70.8 0.00686636 160 23302
50 71 0.00388258 91 23438
50 71.2 0.00154189 36 23348
50 71.4 0.000343938 8 23260
50 71.6 4.25044e-05 1 23527
50 71.8 0 0 23154
50 72 0 0 23117
50 72.2 0 0 23400
50 72.4 0 0 23361
50 72.6 0 0 23356
50 72.8 0 0 23363
50 73 0 0 23320
50 73.2 0 0 23367
50 73.4 0 0 23403
50 73.6 0 0 23301
50 73.8 0 0 23531
50 74 0 0 23344
50 74.2 0 0 23364
50 74.4 0 0 23310
50 74.6 0 0 23215
50 74.8 0 0 23414
50 75 0 0 23349

52 65 0 0 23206
52 65.2 0 0 23349
52 65.4 0 0 23359
52 65.6 0 0 23467
52 65.8 0 0 23036
52 66 0 0 23477
52 66.2 0 0 23380
52 66.4 0 0 23422
52 66.6 0 0 23345
52 66.8 0 0 23356
52 67 0 0 23306
52 67.2 0 0 23508
52 67.4 0 0 22964
52 67.6 0 0 23374
52 67.8 0 0 23574
52 68 0.0007309 17 23259
52 68.2 0.002575 60 23301
52 68.4 0.00559116 130 23251
52 68.6 0.0102342 239 23353
52 68.8 0.0177339 411 23176
52 69 0.0259896 606 23317
52 69.2 0.0334392 779 23296
52 69.4 0.0379406 888 23405
52 69.6 0.0385912 904 23425
52 69.8 0.0398687 935 23452
52 70 0.0336254 783 23286
52 70.2 0.0244919 570 23273
52 70.4 0.0139537 323 23148
52 70.6 0.0077877 184 23627
52 70.8 0.00371954 87 23390
52 71 0.00205471 48 23361
52 71.2 0.000732917 17 23195
52 71.4 0.00012978 3 23116
52 71.6 0 0 23302
52 71.8 0 0 23360
52 72 0 0 23182
52 72.2 0 0 23305
52 72.4 0 0 23385
52 72.6 0 0 23338
52 72.8 0 0 23335
52 73 0 0 23391
52 73.2 0 0 23338
52 73.4 0 0 23152
52 73.6 0 0 23326
52 73.8 0 0 23163
52 74 0 0 23306
52 74.2 0 0 23374
52 74.4 0 0 23433
52 74.6 0 0 23264
52 74.8 0 0 23034
52 75 0 0 23003

54 65 0 0 23248
54 65.2 0 0 23331
54 65.4 0 0 23264
54 65.6 0 0 23474
54 65.8 0 0 23102
54 66 0 0 23458
54 66.2 0 0 23080
54 66.4 0 0 23235
54 66.6 0 0 23218
54 66.8 0 0 23368
54 67 0 0 23222
54 67.2 0 0 23480
54 67.4 0 0 23474
54 67.6 0 0 23467
54 67.8 0 0 23285
54 68 0.000214381 5 23323
54 68.2 0.00164033 38 23166
54 68.4 0.00256542 60 23388
54 68.6 0.00661884 155 23418
54 68.8 0.0117848 276 23420
54 69 0.015635 367 23473
54 69.2 0.0227359 537 23619
54 69.4 0.0227943 533 23383
54 69.6 0.0240799 562 23339
54 69.8 0.0232965 546 23437
54 70 0.021499 504 23443
54 70.2 0.0145982 339 23222
54 70.4 0.00868705 202 23253
54 70.6 0.00348432 81 23247
54 70.8 0.00127173 30 23590
54 71 0.00111674 26 23282
54 71.2 0.000468783 11 23465
54 71.4 8.48932e-05 2 23559
54 71.6 0 0 23324
54 71.8 0 0 23297
54 72 0 0 23243
54 72.2 0 0 23202
54 72.4 0 0 23227
54 72.6 0 0 23500
54 72.8 0 0 23341
54 73 0 0 23141
54 73.2 0 0 23594
54 73.4 0 0 23338
54 73.6 0 0 23520
54 73.8 0 0 23472
54 74 0 0 23445
54 74.2 0 0 23240
54 74.4 0 0 23222
54 74.6 0 0 23619
54 74.8 0 0 23362
54 75 0 0 23203

56 65 0 0 23519
56 65.2 0 0 23351
56 65.4 0 0 23311
56 65.6 0 0 23553
56 65.8 0 0 23604
56 66 0 0 23438
56 66.2 0 0 23242
56 66.4 0 0 23489
56 66.6 0 0 23385
56 66.8 0 0 23318
56 67 0 0 23320
56 67.2 0 0 23330
56 67.4 0 0 23118
56 67.6 0 0 23477
56 67.8 0 0 23190
56 68 0.000172577 4 23178
56 68.2 0.00114977 27 23483
56 68.4 0.00157527 37 23488
56 68.6 0.00327107 76 23234
56 68.8 0.00641958 150 23366
56 69 0.0104234 243 23313
56 69.2 0.0129657 300 23138
56 69.4 0.0154869 361 23310
56 69.6 0.0138361 324 23417
56 69.8 0.0131126 305 23260
56 70 0.0120292 283 23526
56 70.2 0.00857043 197 22986
56 70.4 0.00423531 100 23611
56 70.6 0.00163956 38 23177
56 70.8 0.00055727 13 23328
56 71 0.000299914 7 23340
56 71.2 0.000127616 3 23508
56 71.4 0 0 23279
56 71.6 0 0 23246
56 71.8 0 0 23547
56 72 0 0 23507
56 72.2 0 0 23375
56 72.4 0 0 23357
56 72.6 0 0 23279
56 72.8 0 0 23316
56 73 0 0 23277
56 73.2 0 0 23370
56 73.4 0 0 23188
56 73.6 0 0 23381
56 73.8 0 0 23255
56 74 0 0 23316
56 74.2 0 0 23385
56 74.4 0 0 23202
56 74.6 0 0 23511
56 74.8 0 0 23152
56 75 0 0 23225

58 65 0 0 23586
58 65.2 0 0 23535
58 65.4 0 0 23174
58 65.6 0 0 23421
58 65.8 0 0 23562
58 66 0 0 23305
58 66.2 0 0 23306
58 66.4 0 0 23472
58 66.6 0 0 23304
58 66.8 0 0 23393
58 67 0 0 23356
58 67.2 0 0 23381
58 67.4 0 0 23176
58 67.6 0 0 23090
58 67.8 0 0 23340
58 68 4.27095e-05 1 23414
58 68.2 0.000342921 8 23329
58 68.4 0.000344545 8 23219
58 68.6 0.0014671 34 23175
58 68.8 0.00391246 91 23259
58 69 0.00568966 132 23200
58 69.2 0.00663096 156 23526
58 69.4 0.00841485 197 23411
58 69.6 0.00745208 173 23215
58 69.8 0.00806696 186 23057
58 70 0.00688593 161 23381
58 70.2 0.00481897 113 23449
58 70.4 0.00166603 39 23409
58 70.6 0.000815941 19 23286
58 70.8 0.000172243 4 23223
58 71 0 0 23437
58 71.2 0 0 23213
58 71.4 0 0 23390
58 71.6 0 0 23357
58 71.8 0 0 23486
58 72 0 0 23395
58 72.2 0 0 23067
58 72.4 0 0 23444
58 72.6 0 0 23361
58 72.8 0 0 23202
58 73 0 0 23389
58 73.2 0 0 23438
58 73.4 0 0 23369
58 73.6 0 0 23307
58 73.8 0 0 23384
58 74 0 0 23539
58 74.2 0 0 23124
58 74.4 0 0 23407
58 74.6 0 0 23495
58 74.8 0 0 23401
58 75 0 0 23214

60 65 0 0 23298
60 65.2 0 0 23361
60 65.4 0 0 23495
60 65.6 0 0 23356
60 65.8 0 0 23470
60 66 0 0 23140
60 66.2 0 0 23225
60 66.4 0 0 23274
60 66.6 0 0 23520
60 66.8 0 0 23403
60 67 0 0 23371
60 67.2 0 0 23316
60 67.4 0 0 23402
60 67.6 0 0 23315
60 67.8 0 0 23435
60 68 4.2996e-05 1 23258
60 68.2 4.3247e-05 1 23123
60 68.4 0.000256783 6 23366
60 68.6 0.000427113 10 23413
60 68.8 0.00171939 40 23264
60 69 0.00258442 61 23603
60 69.2 0.00349829 82 23440
60 69.4 0.00347297 81 23323
60 69.6 0.00440359 103 23390
60 69.8 0.00514041 121 23539
60 70 0.00364995 85 23288
60 70.2 0.00258922 60 23173
60 70.4 0.000429 10 23310
60 70.6 4.25876e-05 1 23481
60 70.8 0 0 23119
60 71 0 0 23407
60 71.2 0 0 23285
60 71.4 0 0 23386
60 71.6 0 0 23452
60 71.8 0 0 23307
60 72 0 0 23363
60 72.2 0 0 23291
60 72.4 0 0 23176
60 72.6 0 0 23236
60 72.8 0 0 23518
60 73 0 0 23482
60 73.2 0 0 23449
60 73.4 0 0 23309
60 73.6 0 0 23222
60 73.8 0 0 23450
60 74 0 0 23411
60 74.2 0 0 23310
60 74.4 0 0 23348
60 74.6 0 0 23305
60 74.8 0 0 23331
60 75 0 0 23318

62 65 0 0 23366
62 65.2 0 0 23143
62 65.4 0 0 23513
62 65.6 0 0 23482
62 65.8 0 0 23220
62 66 0 0 23465
62 66.2 0 0 23227
62 66.4 0 0 23216
62 66.6 0 0 23296
62 66.8 0 0 23432
62 67 0 0 23180
62 67.2 0 0 23202
62 67.4 0 0 23495
62 67.6 0 0 23419
62 67.8 0 0 23468
62 68 0 0 23139
62 68.2 0 0 23290
62 68.4 4.30812e-05 1 23212
62 68.6 0.000256027 6 23435
62 68.8 0.000427588 10 23387
62 69 0.0011995 28 23343
62 69.2 0.000943841 22 23309
62 69.4 0.00182165 43 23605
62 69.6 0.00235677 55 23337
62 69.8 0.00195559 45 23011
62 70 0.00214971 50 23259
62 70.2 0.000685842 16 23329
62 70.4 0.000170292 4 23489
62 70.6 0 0 23460
62 70.8 0 0 23382
62 71 0 0 23336
62 71.2 0 0 23459
62 71.4 0 0 23302
62 71.6 0 0 23390
62 71.8 0 0 23364
62 72 0 0 23284
62 72.2 0 0 23420
62 72.4 0 0 23212
62 72.6 0 0 23388
62 72.8 0 0 23387
62 73 0 0 23348
62 73.2 0 0 23351
62 73.4 0 0 23454
62 73.6 0 0 23418
62 73.8 0 0 23399
62 74 0 0 23425
62 74.2 0 0 23266
62 74.4 0 0 23127
62 74.6 0 0 23314
62 74.8 0 0 22917
62 75 0 0 23273

64 65 0 0 23222
64 65.2 0 0 23225
64 65.4 0 0 23400
64 65.6 0 0 23163
64 65.8 0 0 23388
64 66 0 0 23417
64 66.2 0 0 23544
64 66.4 0 0 23245
64 66.6 0 0 23188
64 66.8 0 0 23232
64 67 0 0 23265
64 67.2 0 0 23262
64 67.4 0 0 23388
64 67.6 0 0 23315
64 67.8 0 0 23500
64 68 0 0 23438
64 68.2 0 0 23231
64 68.4 0 0 23272
64 68.6 0 0 23218
64 68.8 0.000172503 4 23188
64 69 0.000298228 7 23472
64 69.2 0.000471921 11 23309
64 69.4 0.000560103 13 23210
64 69.6 0.00137127 32 23336
64 69.8 0.00111732 26 23270
64 70 0.00106692 25 23432
64 70.2 0.000215899 5 23159
64 70.4 4.28339e-05 1 23346
64 70.6 0 0 23397
64 70.8 0 0 23542
64 71 0 0 23252
64 71.2 0 0 23450
64 71.4 0 0 23364
64 71.6 0 0 23427
64 71.8 0 0 23506
64 72 0 0 23322
64 72.2 0 0 23207
64 72.4 0 0 23301
64 72.6 0 0 23590
64 72.8 0 0 23344
64 73 0 0 23410
64 73.2 0 0 23137
64 73.4 0 0 23389
64 73.6 0 0 23484
64 73.8 0 0 23324
64 74 0 0 23491
64 74.2 0 0 23692
64 74.4 0 0 23341
64 74.6 0 0 23487
64 74.8 0 0 23504
64 75 0 0 23187

66 65 0 0 23474
66 65.2 0 0 23406
66 65.4 0 0 23136
66 65.6 0 0 23440
66 65.8 0 0 23423
66 66 0 0 23382
66 66.2 0 0 23181
66 66.4 0 0 23322
66 66.6 0 0 23053
66 66.8 0 0 23413
66 67 0 0 23365
66 67.2 0 0 23208
66 67.4 0 0 23518
66 67.6 0 0 23266
66 67.8 0 0 23335
66 68 0 0 23159
66 68.2 0 0 23545
66 68.4 0 0 23230
66 68.6 0 0 23362
66 68.8 0 0 23285
66 69 0.000129394 3 23185
66 69.2 0.000170991 4 23393
66 69.4 0.000300184 7 23319
66 69.6 0.000298418 7 23457
66 69.8 0.000638733 15 23484
66 70 0.000213895 5 23376
66 70.2 0 0 23380
66 70.4 0 0 23340
66 70.6 0 0 23437
66 70.8 0 0 23187
66 71 0 0 23512
66 71.2 0 0 23326
66 71.4 0 0 23416
66 71.6 0 0 23398
66 71.8 0 0 23076
66 72 0 0 23226
66 72.2 0 0 23293
66 72.4 0 0 23339
66 72.6 0 0 23367
66 72.8 0 0 23342
66 73 0 0 23286
66 73.2 0 0 23137
66 73.4 0 0 23297
66 73.6 0 0 23322
66 73.8 0 0 23256
66 74 0 0 22971
66 74.2 0 0 23366
66 74.4 0 0 23238
66 74.6 0 0 23453
66 74.8 0 0 23202
66 75 0 0 23538

68 65 0 0 23070
68 65.2 0 0 23451
68 65.4 0 0 23472
68 65.6 0 0 23483
68 65.8 0 0 23314
68 66 0 0 23117
68 66.2 0 0 23264
68 66.4 0 0 23234
68 66.6 0 0 23364
68 66.8 0 0 23383
68 67 0 0 23315
68 67.2 0 0 23261
68 67.4 0 0 23397
68 67.6 0 0 23307
68 67.8 0 0 23368
68 68 0 0 23239
68 68.2 0 0 23572
68 68.4 0 0 23305
68 68.6 0 0 23302
68 68.8 0 0 23127
68 69 0 0 23387
68 69.2 4.28449e-05 1 23340
68 69.4 8.55798e-05 2 23370
68 69.6 8.73057e-05 2 22908
68 69.8 0.000127416 3 23545
68 70 8.60141e-05 2 23252
68 70.2 0 0 23298
68 70.4 0 0 23217
68 70.6 0 0 23097
68 70.8 0 0 23367
68 71 0 0 23364
68 71.2 0 0 23336
68 71.4 0 0 23278
68 71.6 0 0 23137
68 71.8 0 0 23037
68 72 0 0 23420
68 72.2 0 0 23604
68 72.4 0 0 23292
68 72.6 0 0 23345
68 72.8 0 0 23593
68 73 0 0 23233
68 73.2 0 0 23598
68 73.4 0 0 23357
68 73.6 0 0 23219
68 73.8 0 0 23345
68 74 0 0 23063
68 74.2 0 0 23277
68 74.4 0 0 23249
68 74.6 0 0 23255
68 74.8 0 0 23446
68 75 0 0 23209

70 65 0 0 23794
70 65.2 0 0 23496
70 65.4 0 0 23290
70 65.6 0 0 23408
70 65.8 0 0 23351
70 66 0 0 23386
70 66.2 0 0 23197
70 66.4 0 0 23141
70 66.6 0 0 23503
70 66.8 0 0 23252
70 67 0 0 23241
70 67.2 0 0 23014
70 67.4 0 0 23422
70 67.6 0 0 23204
70 67.8 0 0 23529
70 68 0 0 23567
70 68.2 0 0 23141
70 68.4 0 0 23337
70 68.6 0 0 23641
70 68.8 0 0 23238
70 69 0 0 23512
70 69.2 4.31779e-05 1 23160
70 69.4 4.27204e-05 1 23408
70 69.6 4.27004e-05 1 23419
70 69.8 4.29756e-05 1 23269
70 70 4.25985e-05 1 23475
70 70.2 0 0 23481
70 70.4 0 0 23463
70 70.6 0 0 23020
70 70.8 0 0 23349
70 71 0 0 23371
70 71.2 0 0 23292
70 71.4 0 0 23449
70 71.6 0 0 23367
70 71.8 0 0 23289
70 72 0 0 23344
70 72.2 0 0 23309
70 72.4 0 0 23385
70 72.6 0 0 23551
70 72.8 0 0 23355
70 73 0 0 23127
70 73.2 0 0 23150
70 73.4 0 0 23230
70 73.6 0 0 23129
70 73.8 0 0 23520
70 74 0 0 23482
70 74.2 0 0 23349
70 74.4 0 0 23388
70 74.6 0 0 23337
70 74.8 0 0 23439
70 75 0 0 23290

72 65 0 0 23113
72 65.2 0 0 23544
72 65.4 0 0 23257
72 65.6 0 0 23527
72 65.8 0 0 23312
72 66 0 0 23213
72 66.2 0 0 23078
72 66.4 0 0 23407
72 66.6 0 0 23252
72 66.8 0 0 23370
72 67 0 0 23184
72 67.2 0 0 23430
72 67.4 0 0 23324
72 67.6 0 0 23172
72 67.8 0 0 23386
72 68 0 0 23466
72 68.2 0 0 23235
72 68.4 0 0 23277
72 68.6 0 0 23405
72 68.8 0 0 23269
72 69 0 0 23003
72 69.2 0 0 23311
72 69.4 0 0 23478
72 69.6 4.25586e-05 1 23497
72 69.8 0 0 23530
72 70 0 0 23004
72 70.2 0 0 23333
72 70.4 0 0 23284
72 70.6 0 0 23386
72 70.8 0 0 23318
72 71 0 0 23695
72 71.2 0 0 23414
72 71.4 0 0 23460
72 71.6 0 0 23412
72 71.8 0 0 23390
72 72 0 0 23104
72 72.2 0 0 23260
72 72.4 0 0 23399
72 72.6 0 0 23046
72 72.8 0 0 23313
72 73 0 0 23412
72 73.2 0 0 23429
72 73.4 0 0 23343
72 73.6 0 0 23346
72 73.8 0 0 23422
72 74 0 0 23532
72 74.2 0 0 23428
72 74.4 0 0 23552
72 74.6 0 0 23106
72 74.8 0 0 23513
72 75 0 0 23165

74 65 0 0 23337
74 65.2 0 0 23368
74 65.4 0 0 23270
74 65.6 0 0 23276
74 65.8 0 0 23546
74 66 0 0 23241
74 66.2 0 0 23414
74 66.4 0 0 23414
74 66.6 0 0 23380
74 66.8 0 0 23363
74 67 0 0 23281
74 67.2 0 0 23399
74 67.4 0 0 23249
74 67.6 0 0 23186
74 67.8 0 0 23401
74 68 0 0 23391
74 68.2 0 0 23480
74 68.4 0 0 23344
74 68.6 0 0 23378
74 68.8 0 0 23271
74 69 0 0 23445
74 69.2 0 0 23480
74 69.4 0 0 23125
74 69.6 0 0 23596
74 69.8 0 0 23503
74 70 0 0 23114
74 70.2 0 0 23252
74 70.4 0 0 23296
74 70.6 0 0 23445
74 70.8 0 0 23272
74 71 0 0 23339
74 71.2 0 0 23367
74 71.4 0 0 23326
74 71.6 0 0 23450
74 71.8 0 0 23122
74 72 0 0 23097
74 72.2 0 0 23452
74 72.4 0 0 23403
74 72.6 0 0 23233
74 72.8 0 0 23366
74 73 0 0 23426
74 73.2 0 0 23183
74 73.4 0 0 23053
74 73.6 0 0 23458
74 73.8 0 0 23445
74 74 0 0 23303
74 74.2 0 0 23241
74 74.4 0 0 23391
74 74.6 0 0 23370
74 74.8 0 0 23443
74 75 0 0 23166

76 65 0 0 23109
76 65.2 0 0 23343
76 65.4 0 0 23432
76 65.6 0 0 23224
76 65.8 0 0 23416
76 66 0 0 23467
76 66.2 0 0 23343
76 66.4 0 0 23469
76 66.6 0 0 23556
76 66.8 0 0 23330
76 67 0 0 23302
76 67.2 0 0 23303
76 67.4 0 0 23324
76 67.6 0 0 23245
76 67.8 0 0 23223
76 68 0 0 23235
76 68.2 0 0 23467
76 68.4 0 0 23461
76 68.6 0 0 23394
76 68.8 0 0 23118
76 69 0 0 23470
76 69.2 0 0 23414
76 69.4 0 0 23084
76 69.6 0 0 23653
76 69.8 0 0 23465
76 70 0 0 23397
76 70.2 0 0 23275
76 70.4 0 0 23298
76 70.6 0 0 23233
76 70.8 0 0 23307
76 71 0 0 23162
76 71.2 0 0 23272
76 71.4 0 0 23421
76 71.6 0 0 23175
76 71.8 0 0 23359
76 72 0 0 23225
76 72.2 0 0 23238
76 72.4 0 0 23363
76 72.6 0 0 23175
76 72.8 0 0 23274
76 73 0 0 23391
76 73.2 0 0 23302
76 73.4 0 0 23025
76 73.6 0 0 23304
76 73.8 0 0 23225
76 74 0 0 23422
76 74.2 0 0 23644
76 74.4 0 0 23248
76 74.6 0 0 23402
76 74.8 0 0 23290
76 75 0 0 23374

78 65 0 0 23327
78 65.2 0 0 23273
78 65.4 0 0 23089
78 65.6 0 0 23276
78 65.8 0 0 23297
78 66 0 0 23353
78 66.2 0 0 23260
78 66.4 0 0 23453
78 66.6 0 0 23360
78 66.8 0 0 23349
78 67 0 0 23602
78 67.2 0 0 23345
78 67.4 0 0 23530
78 67.6 0 0 23216
78 67.8 0 0 23716
78 68 0 0 23300
78 68.2 0 0 23504
78 68.4 0 0 23338
78 68.6 0 0 23098
78 68.8 0 0 23435
78 69 0 0 23440
78 69.2 0 0 23272
78 69.4 0 0 23413
78 69.6 0 0 23273
78 69.8 0 0 23230
78 70 0 0 23043
78 70.2 0 0 23164
78 70.4 0 0 23333
78 70.6 0 0 23334
78 70.8 0 0 23335
78 71 0 0 23259
78 71.2 0 0 23262
78 71.4 0 0 23237
78 71.6 0 0 23558
78 71.8 0 0 23168
78 72 0 0 23246
78 72.2 0 0 23353
78 72.4 0 0 23255
78 72.6 0 0 23191
78 72.8 0 0 23309
78 73 0 0 23465
78 73.2 0 0 23123
78 73.4 0 0 23216
78 73.6 0 0 23433
78 73.8 0 0 23241
78 74 0 0 23334
78 74.2 0 0 23225
78 74.4 0 0 23603
78 74.6 0 0 23324
78 74.8 0 0 23296
78 75 0 0 23241

80 65 0 0 23121
80 65.2 0 0 23333
80 65.4 0 0 23241
80 65.6 0 0 23366
80 65.8 0 0 23283
80 66 0 0 23438
80 66.2 0 0 23281
80 66.4 0 0 23241
80 66.6 0 0 23112
80 66.8 0 0 23149
80 67 0 0 23409
80 67.2 0 0 23372
80 67.4 0 0 23472
80 67.6 0 0 23016
80 67.8 0 0 23180
80 68 0 0 23448
80 68.2 0 0 23355
80 68.4 0 0 23471
80 68.6 0 0 23461
80 68.8 0 0 23236
80 69 0 0 23353
80 69.2 0 0 23217
80 69.4 0 0 23249
80 69.6 0 0 23328
80 69.8 0 0 23224
80 70 0 0 23456
80 70.2 0 0 23420
80 70.4 0 0 23243
80 70.6 0 0 23483
80 70.8 0 0 23175
80 71 0 0 23335
80 71.2 0 0 23172
80 71.4 0 0 23498
80 71.6 0 0 23459
80 71.8 0 0 23130
80 72 0 0 23390
80 72.2 0 0 23135
80 72.4 0 0 23058
80 72.6 0 0 23168
80 72.8 0 0 23309
80 73 0 0 23516
80 73.2 0 0 23457
80 73.4 0 0 23278
80 73.6 0 0 23041
80 73.8 0 0 23131
80 74 0 0 23531
80 74.2 0 0 23287
80 74.4 0 0 23182
80 74.6 0 0 23518
80 74.8 0 0 23355
80 75 0 0 23258

82 65 0 0 23284
82 65.2 0 0 23422
82 65.4 0 0 23514
82 65.6 0 0 23076
82 65.8 0 0 23134
82 66 0 0 23437
82 66.2 0 0 23454
82 66.4 0 0 23464
82 66.6 0 0 23190
82 66.8 0 0 23464
82 67 0 0 23273
82 67.2 0 0 23576
82 67.4 0 0 23324
82 67.6 0 0 23527
82 67.8 0 0 23443
82 68 0 0 23582
82 68.2 0 0 23285
82 68.4 0 0 23236
82 68.6 0 0 23502
82 68.8 0 0 23275
82 69 0 0 23327
82 69.2 0 0 23368
82 69.4 0 0 23340
82 69.6 0 0 23505
82 69.8 0 0 23308
82 70 0 0 23200
82 70.2 0 0 23357
82 70.4 0 0 23260
82 70.6 0 0 23164
82 70.8 0 0 23177
82 71 0 0 23123
82 71.2 0 0 23462
82 71.4 0 0 23672
82 71.6 0 0 23108
82 71.8 0 0 23161
82 72 0 0 23360
82 72.2 0 0 23164
82 72.4 0 0 23292
82 72.6 0 0 23548
82 72.8 0 0 23462
82 73 0 0 23309
82 73.2 0 0 23423
82 73.4 0 0 23230
82 73.6 0 0 23419
82 73.8 0 0 23202
82 74 0 0 23455
82 74.2 0 0 23376
82 74.4 0 0 23521
82 74.6 0 0 23225
82 74.8 0 0 23303
82 75 0 0 23548

84 65 0 0 23307
84 65.2 0 0 23312
84 65.4 0 0 23485
84 65.6 0 0 23331
84 65.8 0 0 23395
84 66 0 0 23582
84 66.2 0 0 23314
84 66.4 0 0 23219
84 66.6 0 0 23423
84 66.8 0 0 23456
84 67 0 0 23267
84 67.2 0 0 23199
84 67.4 0 0 23250
84 67.6 0 0 23411
84 67.8 0 0 23263
84 68 0 0 23246
84 68.2 0 0 23393
84 68.4 0 0 23527
84 68.6 0 0 23310
84 68.8 0 0 23372
84 69 0 0 23305
84 69.2 0 0 23307
84 69.4 0 0 23255
84 69.6 0 0 23298
84 69.8 0 0 23145
84 70 0 0 23341
84 70.2 0 0 23186
84 70.4 0 0 23225
84 70.6 0 0 23248
84 70.8 0 0 23338
84 71 0 0 23484
84 71.2 0 0 23478
84 71.4 0 0 23452
84 71.6 0 0 23389
84 71.8 0 0 23303
84 72 0 0 23256
84 72.2 0 0 23357
84 72.4 0 0 23366
84 72.6 0 0 23458
84 72.8 0 0 23323
84 73 0 0 23375
84 73.2 0 0 23128
84 73.4 0 0 23247
84 73.6 0 0 23451
84 73.8 0 0 23622
84 74 0 0 23349
84 74.2 0 0 23290
84 74.4 0 0 23309
84 74.6 0 0 23265
84 74.8 0 0 23360
84 75 0 0 23362

86 65 0 0 23266
86 65.2 0 0 23337
86 65.4 0 0 23524
86 65.6 0 0 23276
86 65.8 0 0 23532
86 66 0 0 23629
86 66.2 0 0 23272
86 66.4 0 0 23260
86 66.6 0 0 23110
86 66.8 0 0 23054
86 67 0 0 23431
86 67.2 0 0 23472
86 67.4 0 0 23535
86 67.6 0 0 23272
86 67.8 0 0 23504
86 68 0 0 23346
86 68.2 0 0 23256
86 68.4 0 0 23167
86 68.6 0 0 23331
86 68.8 0 0 23520
86 69 0 0 23303
86 69.2 0 0 23346
86 69.4 0 0 23194
86 69.6 0 0 23520
86 69.8 0 0 23252
86 70 0 0 23043
86 70.2 0 0 23277
86 70.4 0 0 23361
86 70.6 0 0 23205
86 70.8 0 0 23193
86 71 0 0 23313
86 71.2 0 0 23409
86 71.4 0 0 23125
86 71.6 0 0 23236
86 71.8 0 0 23188
86 72 0 0 23426
86 72.2 0 0 23332
86 72.4 0 0 23336
86 72.6 0 0 23272
86 72.8 0 0 23287
86 73 0 0 23330
86 73.2 0 0 23429
86 73.4 0 0 23371
86 73.6 0 0 23358
86 73.8 0 0 23368
86 74 0 0 23309
86 74.2 0 0 23488
86 74.4 0 0 23203
86 74.6 0 0 23216
86 74.8 0 0 23226
86 75 0 0 23324

88 65 0 0 23391
88 65.2 0 0 23415
88 65.4 0 0 23218
88 65.6 0 0 23595
88 65.8 0 0 23156
88 66 0 0 23256
88 66.2 0 0 23568
88 66.4 0 0 23271
88 66.6 0 0 23415
88 66.8 0 0 23325
88 67 0 0 23624
88 67.2 0 0 23109
88 67.4 0 0 23321
88 67.6 0 0 23211
88 67.8 0 0 23632
88 68 0 0 23205
88 68.2 0 0 23308
88 68.4 0 0 23330
88 68.6 0 0 23324
88 68.8 0 0 23424
88 69 0 0 23239
88 69.2 0 0 23127
88 69.4 0 0 23340
88 69.6 0 0 23284
88 69.8 0 0 23423
88 70 0 0 23319
88 70.2 0 0 23384
88 70.4 0 0 23258
88 70.6 0 0 23372
88 70.8 0 0 23287
88 71 0 0 23242
88 71.2 0 0 23431
88 71.4 0 0 23472
88 71.6 0 0 23378
88 71.8 0 0 23395
88 72 0 0 23192
88 72.2 0 0 23283
88 72.4 0 0 23130
88 72.6 0 0 23142
88 72.8 0 0 23225
88 73 0 0 23347
88 73.2 0 0 23491
88 73.4 0 0 23257
88 73.6 0 0 23284
88 73.8 0 0 23531
88 74 0 0 23502
88 74.2 0 0 23154
88 74.4 0 0 23185
88 74.6 0 0 23129
88 74.8 0 0 23740
88 75 0 0 23434

90 65 0 0 23247
90 65.2 0 0 23560
90 65.4 0 0 23259
90 65.6 0 0 23294
90 65.8 0 0 23332
90 66 0 0 23182
90 66.2 0 0 23411
90 66.4 0 0 23469
90 66.6 0 0 23336
90 66.8 0 0 23130
90 67 0 0 23145
90 67.2 0 0 23318
90 67.4 0 0 23425
90 67.6 0 0 23189
90 67.8 0 0 23557
90 68 0 0 23321
90 68.2 0 0 23636
90 68.4 0 0 23385
90 68.6 0 0 23437
90 68.8 0 0 23538
90 69 0 0 23452
90 69.2 0 0 23360
90 69.4 0 0 23317
90 69.6 0 0 23276
90 69.8 0 0 23112
90 70 0 0 23049
90 70.2 0 0 23341
90 70.4 0 0 23442
90 70.6 0 0 23410
90 70.8 0 0 22998
90 71 0 0 23734
90 71.2 0 0 23251
90 71.4 0 0 23170
90 71.6 0 0 23242
90 71.8 0 0 23332
90 72 0 0 23519
90 72.2 0 0 23335
90 72.4 0 0 23248
90 72.6 0 0 23212
90 72.8 0 0 23325
90 73 0 0 23208
90 73.2 0 0 23349
90 73.4 0 0 23430
90 73.6 0 0 23202
90 73.8 0 0 23295
90 74 0 0 23469
90 74.2 0 0 23247
90 74.4 0 0 23620
90 74.6 0 0 23337
90 74.8 0 0 23338
90 75 0 0 23511

92 65 0 0 23572
92 65.2 0 0 23397
92 65.4 0 0 23280
92 65.6 0 0 23645
92 65.8 0 0 23239
92 66 0 0 23173
92 66.2 0 0 23303
92 66.4 0 0 23545
92 66.6 0 0 23427
92 66.8 0 0 23437
92 67 0 0 23167
92 67.2 0 0 23565
92 67.4 0 0 23394
92 67.6 0 0 23199
92 67.8 0 0 23341
92 68 0 0 23398
92 68.2 0 0 23282
92 68.4 0 0 23519
92 68.6 0 0 23329
92 68.8 0 0 23242
92 69 0 0 23347
92 69.2 0 0 23232
92 69.4 0 0 23192
92 69.6 0 0 23525
92 69.8 0 0 23098
92 70 0 0 23433
92 70.2 0 0 23431
92 70.4 0 0 23343
92 70.6 0 0 23194
92 70.8 0 0 23443
92 71 0 0 23662
92 71.2 0 0 23551
92 71.4 0 0 23212
92 71.6 0 0 23525
92 71.8 0 0 23237
92 72 0 0 23415
92 72.2 0 0 23294
92 72.4 0 0 23412
92 72.6 0 0 23288
92 72.8 0 0 23396
92 73 0 0 23318
92 73.2 0 0 23367
92 73.4 0 0 23495
92 73.6 0 0 23392
92 73.8 0 0 23504
92 74 0 0 23243
92 74.2 0 0 23158
92 74.4 0 0 23332
92 74.6 0 0 23299
92 74.8 0 0 23190
92 75 0 0 23143

94 65 0 0 23261
94 65.2 0 0 23221
94 65.4 0 0 23601
94 65.6 0 0 23351
94 65.8 0 0 23461
94 66 0 0 23405
94 66.2 0 0 23320
94 66.4 0 0 23339
94 66.6 0 0 23289
94 66.8 0 0 23270
94 67 0 0 23127
94 67.2 0 0 23343
94 67.4 0 0 23428
94 67.6 0 0 23243
94 67.8 0 0 23152
94 68 0 0 23265
94 68.2 0 0 23145
94 68.4 0 0 23231
94 68.6 0 0 23314
94 68.8 0 0 23436
94 69 0 0 23408
94 69.2 0 0 23510
94 69.4 0 0 23306
94 69.6 0 0 23252
94 69.8 0 0 23367
94 70 0 0 23336
94 70.2 0 0 23123
94 70.4 0 0 23454
94 70.6 0 0 23236
94 70.8 0 0 23466
94 71 0 0 23404
94 71.2 0 0 23211
94 71.4 0 0 23208
94 71.6 0 0 23365
94 71.8 0 0 23402
94 72 0 0 23388
94 72.2 0 0 23374
94 72.4 0 0 23455
94 72.6 0 0 23396
94 72.8 0 0 23284
94 73 0 0 23342
94 73.2 0 0 23481
94 73.4 0 0 23347
94 73.6 0 0 23455
94 73.8 0 0 23326
94 74 0 0 23221
94 74.2 0 0 23296
94 74.4 0 0 23170
94 74.6 0 0 23361
94 74.8 0 0 23224
94 75 0 0 23488

96 65 0 0 23189
96 65.2 0 0 23280
96 65.4 0 0 23247
96 65.6 0 0 23285
96 65.8 0 0 23567
96 66 0 0 23236
96 66.2 0 0 23314
96 66.4 0 0 23296
96 66.6 0 0 23292
96 66.8 0 0 23274
96 67 0 0 23279
96 67.2 0 0 23253
96 67.4 0 0 23242
96 67.6 0 0 23470
96 67.8 0 0 23285
96 68 0 0 23417
96 68.2 0 0 23184
96 68.4 0 0 23416
96 68.6 0 0 23476
96 68.8 0 0 23417
96 69 0 0 23289
96 69.2 0 0 23538
96 69.4 0 0 23270
96 69.6 0 0 23362
96 69.8 0 0 23162
96 70 0 0 23273
96 70.2 0 0 23342
96 70.4 0 0 23385
96 70.6 0 0 23444
96 70.8 0 0 23387
96 71 0 0 23373
96 71.2 0 0 23684
96 71.4 0 0 23140
96 71.6 0 0 23436
96 71.8 0 0 23552
96 72 0 0 23319
96 72.2 0 0 23606
96 72.4 0 0 23428
96 72.6 0 0 23591
96 72.8 0 0 23250
96 73 0 0 23268
96 73.2 0 0 23217
96 73.4 0 0 23273
96 73.6 0 0 23141
96 73.8 0 0 23087
96 74 0 0 23297
96 74.2 0 0 23261
96 74.4 0 0 23430
96 74.6 0 0 23178
96 74.8 0 0 23555
96 75 0 0 23501

98 65 0 0 23294
98 65.2 0 0 23329
98 65.4 0 0 23229
98 65.6 0 0 23138
98 65.8 0 0 23502
98 66 0 0 23261
98 66.2 0 0 23244
98 66.4 0 0 23774
98 66.6 0 0 23332
98 66.8 0 0 23526
98 67 0 0 23444
98 67.2 0 0 23206
98 67.4 0 0 23249
98 67.6 0 0 23211
98 67.8 0 0 23157
98 68 0 0 23501
98 68.2 0 0 23296
98 68.4 0 0 23367
98 68.6 0 0 23257
98 68.8 0 0 23434
98 69 0 0 23419
98 69.2 0 0 23139
98 69.4 0 0 23433
98 69.6 0 0 23501
98 69.8 0 0 23290
98 70 0 0 23373
98 70.2 0 0 23314
98 70.4 0 0 23285
98 70.6 0 0 23572
98 70.8 0 0 23206
98 71 0 0 23321
98 71.2 0 0 23516
98 71.4 0 0 23250
98 71.6 0 0 23579
98 71.8 0 0 23274
98 72 0 0 23495
98 72.2 0 0 23125
98 72.4 0 0 23439
98 72.6 0 0 23351
98 72.8 0 0 23374
98 73 0 0 23529
98 73.2 0 0 23305
98 73.4 0 0 23496
98 73.6 0 0 23226
98 73.8 0 0 23473
98 74 0 0 23396
98 74.2 0 0 23256
98 74.4 0 0 23040
98 74.6 0 0 23508
98 74.8 0 0 23501
98 75 0 0 23269

100 65 0 0 23435
100 65.2 0 0 23714
100 65.4 0 0 23436
100 65.6 0 0 23355
100 65.8 0 0 23076
100 66 0 0 23258
100 66.2 0 0 23059
100 66.4 0 0 23395
100 66.6 0 0 23491
100 66.8 0 0 23079
100 67 0 0 23412
100 67.2 0 0 23357
100 67.4 0 0 23387
100 67.6 0 0 23285
100 67.8 0 0 23479
100 68 0 0 23113
100 68.2 0 0 23138
100 68.4 0 0 22954
100 68.6 0 0 23390
100 68.8 0 0 23239
100 69 0 0 23359
100 69.2 0 0 23227
100 69.4 0 0 23351
100 69.6 0 0 23164
100 69.8 0 0 23151
100 70 0 0 23417
100 70.2 0 0 23341
100 70.4 0 0 23444
100 70.6 0 0 23240
100 70.8 0 0 23109
100 71 0 0 23419
100 71.2 0 0 23387
100 71.4 0 0 23317
100 71.6 0 0 23463
100 71.8 0 0 23447
100 72 0 0 23383
100 72.2 0 0 23350
100 72.4 0 0 23613
100 72.6 0 0 23205
100 72.8 0 0 23346
100 73 0 0 23336
100 73.2 0 0 23304
100 73.4 0 0 23336
100 73.6 0 0 23070
100 73.8 0 0 23516
100 74 0 0 23122
100 74.2 0 0 23390
100 74.4 0 0 23535
100 74.6 0 0 23207
100 74.8 0 0 23175
100 75 0 0 23375

