0 65 0 0 58425
0 65.2 0 0 58090
0 65.4 0 0 58905
0 65.6 0 0 58531
0 65.8 0 0 58534
0 66 0 0 58065
0 66.2 0 0 58507
0 66.4 0 0 58131
0 66.6 0 0 58303
0 66.8 0 0 58612
0 67 0 0 58099
0 67.2 0 0 58330
0 67.4 0 0 58293
0 67.6 0 0 58228
0 67.8 0 0 58428
0 68 0 0 58205
0 68.2 0 0 58381
0 68.4 0 0 58316
0 68.6 0 0 58253
0 68.8 0 0 58747
0 69 0 0 58496
0 69.2 0 0 58120
0 69.4 0 0 58149
0 69.6 0 0 58321
0 69.8 0 0 58409
0 70 0 0 58320
0 70.2 0 0 58616
0 70.4 0 0 58385
0 70.6 0 0 58199
0 70.8 0 0 58454
0 71 0 0 58223
0 71.2 0 0 58490
0 71.4 0 0 58296
0 71.6 0 0 58599
0 71.8 0 0 58363
0 72 0 0 58427
0 72.2 0 0 58033
0 72.4 0 0 58780
0 72.6 0 0 58403
0 72.8 0 0 58502
0 73 0 0 58141
0 73.2 0 0 58586
0 73.4 0 0 58470
0 73.6 0 0 58118
0 73.8 0 0 58485
0 74 0 0 58688
0 74.2 0 0 58166
0 74.4 0 0 58353
0 74.6 0 0 58412
0 74.8 0 0 58183
0 75 0 0 58177

2 65 0 0 58658
2 65.2 0 0 58518
2 65.4 0 0 58435
2 65.6 0 0 58014
2 65.8 0 0 58834
2 66 0 0 58353
2 66.2 0 0 58246
2 66.4 0 0 58053
2 66.6 0 0 58031
2 66.8 0 0 58171
2 67 0 0 58211
2 67.2 0 0 58258
2 67.4 0 0 58226
2 67.6 0 0 58091
2 67.8 0 0 58475
2 68 0 0 58325
2 68.2 0 0 58073
2 68.4 0 0 58339
2 68.6 0 0 58631
2 68.8 0 0 58180
2 69 0 0 58017
2 69.2 0 0 58168
2 69.4 0 0 58178
2 69.6 0 0 58649
2 69.8 0 0 58580
2 70 0 0 58483
2 70.2 0 0 58031
2 70.4 0 0 58438
2 70.6 0 0 58413
2 70.8 0 0 57972
2 71 0 0 58398
2 71.2 0 0 58554
2 71.4 0 0 58557
2 71.6 0 0 58147
2 71.8 0 0 58616
2 72 0 0 58054
2 72.2 0 0 57999
2 72.4 0 0 58214
2 72.6 0 0 58444
2 72.8 0 0 58603
2 73 0 0 58646
2 73.2 0 0 58104
2 73.4 0 0 58472
2 73.6 0 0 58527
2 73.8 0 0 58184
2 74 0 0 58329
2 74.2 0 0 58676
2 74.4 0 0 58377
2 74.6 0 0 58423
2 74.8 0 0 58511
2 75 0 0 58158

4 65 0 0 58359
4 65.2 0 0 58533
4 65.4 0 0 58258
4 65.6 0 0 58416
4 65.8 0 0 57902
4 66 0 0 58174
4 66.2 0 0 58289
4 66.4 0 0 58472
4 66.6 0 0 58085
4 66.8 0 0 58297
4 67 0 0 58195
4 67.2 0 0 58304
4 67.4 0 0 58435
4 67.6 0 0 58196
4 67.8 0 0 58137
4 68 0 0 57964
4 68.2 0 0 58361
4 68.4 0 0 58156
4 68.6 0 0 58210
4 68.8 0 0 58241
4 69 0 0 57977
4 69.2 0 0 58235
4 69.4 0 0 58199
4 69.6 0 0 58199
4 69.8 0 0 58230
4 70 0 0 58586
4 70.2 0.12364 7249 58630
4 70.4 0 0 58411
4 70.6 0 0 58488
4 70.8 0 0 58404
4 71 0 0 57874
4 71.2 0 0 58696
4 71.4 0 0 58529
4 71.6 0 0 58049
4 71.8 0 0 57966
4 72 0 0 58552
4 72.2 0 0 58562
4 72.4 0 0 58766
4 72.6 0 0 58158
4 72.8 0 0 58161
4 73 0 0 58184
4 73.2 0 0 58268
4 73.4 0 0 58186
4 73.6 0 0 58460
4 73.8 0 0 58306
4 74 0 0 58201
4 74.2 0 0 58515
4 74.4 0 0 58244
4 74.6 0 0 58356
4 74.8 0 0 58327
4 75 0 0 58097

6 65 0 0 58433
6 65.2 0 0 58099
6 65.4 0 0 58690
6 65.6 0 0 58692
6 65.8 0 0 58129
6 66 0 0 58224
6 66.2 0 0 58166
6 66.4 0 0 58147
6 66.6 0 0 58090
6 66.8 0 0 58608
6 67 0 0 58701
6 67.2 0 0 58091
6 67.4 0 0 58309
6 67.6 0 0 58351
6 67.8 0 0 58101
6 68 0 0 58378
6 68.2 0 0 58765
6 68.4 0 0 58352
6 68.6 0 0 58917
6 68.8 0 0 57869
6 69 0 0 58438
6 69.2 0 0 58228
6 69.4 0 0 58077
6 69.6 0 0 58145
6 69.8 0 0 58579
6 70 0.0755437 4432 58668
6 70.2 0.227033 13177 58040
6 70.4 0.0749795 4380 58416
6 70.6 0 0 58079
6 70.8 0 0 58651
6 71 0 0 58476
6 71.2 0 0 58385
6 71.4 0 0 58579
6 71.6 0 0 58362
6 71.8 0 0 57999
6 72 0 0 58024
6 72.2 0 0 58246
6 72.4 0 0 58261
6 72.6 0 0 58368
6 72.8 0 0 58126
6 73 0 0 58028
6 73.2 0 0 58253
6 73.4 0 0 58365
6 73.6 0 0 58294
6 73.8 0 0 58715
6 74 0 0 58144
6 74.2 0 0 58468
6 74.4 0 0 58136
6 74.6 0 0 58518
6 74.8 0 0 58243
6 75 0 0 58298

8 65 0 0 58182
8 65.2 0 0 58373
8 65.4 0 0 58294
8 65.6 0 0 58530
8 65.8 0 0 58289
8 66 0 0 58396
8 66.2 0 0 58246
8 66.4 0 0 58280
8 66.6 0 0 58134
8 66.8 0 0 58448
8 67 0 0 58318
8 67.2 0 0 58138
8 67.4 0 0 58328
8 67.6 0 0 58390
8 67.8 0 0 58659
8 68 0 0 58318
8 68.2 0 0 58314
8 68.4 0 0 58006
8 68.6 0 0 58440
8 68.8 0 0 57888
8 69 0 0 58291
8 69.2 0 0 57952
8 69.4 0 0 58442
8 69.6 0 0 58679
8 69.8 0.0489249 2860 58457
8 70 0.175311 10258 58513
8 70.2 0.266288 15531 58324
8 70.4 0.174579 10168 58243
8 70.6 0 0 58478
8 70.8 0 0 58577
8 71 0 0 58239
8 71.2 0 0 58129
8 71.4 0 0 58365
8 71.6 0 0 58711
8 71.8 0 0 58197
8 72 0 0 58280
8 72.2 0 0 58664
8 72.4 0 0 58473
8 72.6 0 0 58065
8 72.8 0 0 58464
8 73 0 0 58258
8 73.2 0 0 58043
8 73.4 0 0 58228
8 73.6 0 0 58515
8 73.8 0 0 58275
8 74 0 0 58557
8 74.2 0 0 58110
8 74.4 0 0 58371
8 74.6 0 0 58379
8 74.8 0 0 58499
8 75 0 0 58085

10 65 0 0 58860
10 65.2 0 0 58171
10 65.4 0 0 58373
10 65.6 0 0 58905
10 65.8 0 0 58201
10 66 0 0 58291
10 66.2 0 0 58160
10 66.4 0 0 58133
10 66.6 0 0 58688
10 66.8 0 0 58832
10 67 0 0 58359
10 67.2 0 0 58488
10 67.4 0 0 58338
10 67.6 0 0 58272
10 67.8 0 0 58609
10 68 0 0 58438
10 68.2 0 0 58408
10 68.4 0 0 58325
10 68.6 0 0 58068
10 68.8 0 0 58129
10 69 0 0 57971
10 69.2 0 0 58387
10 69.4 0 0 58300
10 69.6 0.0349566 2040 58358
10 69.8 0.134338 7853 58457
10 70 0.234639 13683 58315
10 70.2 0.289488 16911 58417
10 70.4 0.220377 12753 57869
10 70.6 0.0270964 1595 58864
10 70.8 0 0 58597
10 71 0 0 58583
10 71.2 0 0 58630
10 71.4 0 0 58787
10 71.6 0 0 58098
10 71.8 0 0 58511
10 72 0 0 58327
10 72.2 0 0 58409
10 72.4 0 0 58445
10 72.6 0 0 58307
10 72.8 0 0 58157
10 73 0 0 58290
10 73.2 0 0 58500
10 73.4 0 0 58654
10 73.6 0 0 57969
10 73.8 0 0 58352
10 74 0 0 57977
10 74.2 0 0 58223
10 74.4 0 0 58152
10 74.6 0 0 58531
10 74.8 0 0 58313
10 75 0 0 58198

12 65 0 0 58616
12 65.2 0 0 58221
12 65.4 0 0 58234
12 65.6 0 0 58198
12 65.8 0 0 58381
12 66 0 0 58236
12 66.2 0 0 58233
12 66.4 0 0 58065
12 66.6 0 0 58755
12 66.8 0 0 58394
12 67 0 0 58172
12 67.2 0 0 58122
12 67.4 0 0 57877
12 67.6 0 0 58534
12 67.8 0 0 58585
12 68 0 0 57782
12 68.2 0 0 58371
12 68.4 0 0 58074
12 68.6 0 0 58462
12 68.8 0 0 58428
12 69 0 0 57770
12 69.2 0 0 58710
12 69.4 0.0269218 1569 58280
12 69.6 0.109391 6368 58213
12 69.8 0.185944 10845 58324
12 70 0.265767 15478 58239
12 70.2 0.296424 17299 58359
12 70.4 0.247754 14476 58429
12 70.6 0.0990101 5761 58186
12 70.8 0 0 58334
12 71 0 0 58002
12 71.2 0 0 58052
12 71.4 0 0 57957
12 71.6 0 0 58740
12 71.8 0 0 58186
12 72 0 0 58354
12 72.2 0 0 58669
12 72.4 0 0 58095
12 72.6 0 0 57869
12 72.8 0 0 58229
12 73 0 0 58359
12 73.2 0 0 58164
12 73.4 0 0 58328
12 73.6 0 0 58180
12 73.8 0 0 58514
12 74 0 0 58443
12 74.2 0 0 58469
12 74.4 0 0 58441
12 74.6 0 0 58725
12 74.8 0 0 57886
12 75 0 0 58019

14 65 0 0 58548
14 65.2 0 0 58246
14 65.4 0 0 58595
14 65.6 0 0 58557
14 65.8 0 0 58008
14 66 0 0 58434
14 66.2 0 0 58731
14 66.4 0 0 58706
14 66.6 0 0 57832
14 66.8 0 0 57692
14 67 0 0 58170
14 67.2 0 0 58333
14 67.4 0 0 58334
14 67.6 0 0 58390
14 67.8 0 0 58511
14 68 0 0 58069
14 68.2 0 0 58974
14 68.4 0 0 58183
14 68.6 0 0 58649
14 68.8 0 0 58264
14 69 0 0 58548
14 69.2 0.0186045 1086 58373
14 69.4 0.0895192 5211 58211
14 69.6 0.155309 9016 58052
14 69.8 0.225664 13230 58627
14 70 0.289828 16879 58238
14 70.2 0.302523 17684 58455
14 70.4 0.256451 14819 57785
14 70.6 0.148351 8691 58584
14 70.8 0.00664926 387 58202
14 71 0 0 58053
14 71.2 0 0 58864
14 71.4 0 0 58707
14 71.6 0 0 58289
14 71.8 0 0 58209
14 72 0 0 58245
14 72.2 0 0 58079
14 72.4 0 0 58218
14 72.6 0 0 58560
14 72.8 0 0 58420
14 73 0 0 57885
14 73.2 0 0 57940
14 73.4 0 0 58621
14 73.6 0 0 58286
14 73.8 0 0 57992
14 74 0 0 58032
14 74.2 0 0 58301
14 74.4 0 0 58205
14 74.6 0 0 58576
14 74.8 0 0 58107
14 75 0 0 58556

16 65 0 0 58141
16 65.2 0 0 58342
16 65.4 0 0 58444
16 65.6 0 0 58403
16 65.8 0 0 58104
16 66 0 0 58521
16 66.2 0 0 58085
16 66.4 0 0 58043
16 66.6 0 0 58431
16 66.8 0 0 58472
16 67 0 0 58164
16 67.2 0 0 58289
16 67.4 0 0 58226
16 67.6 0 0 58563
16 67.8 0 0 58126
16 68 0 0 58261
16 68.2 0 0 58698
16 68.4 0 0 58416
16 68.6 0 0 58276
16 68.8 0 0 58422
16 69 0.0103499 602 58165
16 69.2 0.0681916 3980 58365
16 69.4 0.132014 7696 58297
16 69.6 0.194463 11407 58659
16 69.8 0.248325 14419 58065
16 70 0.301529 17751 58870
16 70.2 0.301882 17773 58874
16 70.4 0.268994 15720 58440
16 70.6 0.184354 10772 58431
16 70.8 0.0659184 3841 58269
16 71 0 0 58742
16 71.2 0 0 58056
16 71.4 0 0 58587
16 71.6 0 0 58678
16 71.8 0 0 58325
16 72 0 0 58652
16 72.2 0 0 58100
16 72.4 0 0 57843
16 72.6 0 0 58106
16 72.8 0 0 58830
16 73 0 0 58021
16 73.2 0 0 58793
16 73.4 0 0 58570
16 73.6 0 0 58383
16 73.8 0 0 58464
16 74 0 0 58421
16 74.2 0 0 58128
16 74.4 0 0 58585
16 74.6 0 0 58099
16 74.8 0 0 58307
16 75 0 0 58257

18 65 0 0 58338
18 65.2 0 0 58138
18 65.4 0 0 58280
18 65.6 0 0 58182
18 65.8 0 0 58426
18 66 0 0 58531
18 66.2 0 0 58514
18 66.4 0 0 58532
18 66.6 0 0 58457
18 66.8 0 0 58387
18 67 0 0 57999
18 67.2 0 0 58409
18 67.4 0 0 58618
18 67.6 0 0 58249
18 67.8 0 0 58511
18 68 0 0 57934
18 68.2 0 0 58541
18 68.4 0 0 58463
18 68.6 0 0 58453
18 68.8 0.00136691 80 58526
18 69 0.0439965 2580 58641
18 69.2 0.100957 5908 58520
18 69.4 0.163513 9531 58289
18 69.6 0.2156 12574 58321
18 69.8 0.263852 15457 58582
18 70 0.305242 17875 58560
18 70.2 0.302807 17627 58212
18 70.4 0.273787 16002 58447
18 70.6 0.206485 12023 58227
18 70.8 0.104493 6086 58243
18 71 0 0 58341
18 71.2 0 0 58636
18 71.4 0 0 58021
18 71.6 0 0 58203
18 71.8 0 0 58265
18 72 0 0 58407
18 72.2 0 0 58552
18 72.4 0 0 58148
18 72.6 0 0 58987
18 72.8 0 0 58176
18 73 0 0 58873
18 73.2 0 0 58335
18 73.4 0 0 58073
18 73.6 0 0 58471
18 73.8 0 0 58366
18 74 0 0 58183
18 74.2 0 0 58384
18 74.4 0 0 58677
18 74.6 0 0 58378
18 74.8 0 0 58246
18 75 0 0 58369

20 65 0 0 58511
20 65.2 0 0 58457
20 65.4 0 0 58680
20 65.6 0 0 58350
20 65.8 0 0 58165
20 66 0 0 58519
20 66.2 0 0 58461
20 66.4 0 0 58235
20 66.6 0 0 58490
20 66.8 0 0 58455
20 67 0 0 58541
20 67.2 0 0 58443
20 67.4 0 0 58429
20 67.6 0 0 58493
20 67.8 0 0 58411
20 68 0 0 58300
20 68.2 0 0 58539
20 68.4 0 0 58170
20 68.6 0 0 58234
20 68.8 0.00861137 502 58295
20 69 0.0554941 3259 58727
20 69.2 0.122645 7121 58062
20 69.4 0.178505 10497 58805
20 69.6 0.234789 13676 58248
20 69.8 0.279198 16263 58249
20 70 0.306889 17837 58122
20 70.2 0.303817 17838 58713
20 70.4 0.276336 16075 58172
20 70.6 0.224553 13069 58200
20 70.8 0.138338 8104 58581
20 71 0.045067 2622 58180
20 71.2 0 0 58840
20 71.4 0 0 58325
20 71.6 0 0 58001
20 71.8 0 0 58608
20 72 0 0 58811
20 72.2 0 0 58477
20 72.4 0 0 58669
20 72.6 0 0 58372
20 72.8 0 0 58513
20 73 0 0 58360
20 73.2 0 0 58461
20 73.4 0 0 58096
20 73.6 0 0 58451
20 73.8 0 0 58611
20 74 0 0 58464
20 74.2 0 0 58715
20 74.4 0 0 58109
20 74.6 0 0 58008
20 74.8 0 0 58680
20 75 0 0 58131

22 65 0 0 58201
22 65.2 0 0 58088
22 65.4 0 0 58408
22 65.6 0 0 58422
22 65.8 0 0 58140
22 66 0 0 58332
22 66.2 0 0 58326
22 66.4 0 0 58337
22 66.6 0 0 58500
22 66.8 0 0 58521
22 67 0 0 58566
22 67.2 0 0 58285
22 67.4 0 0 58531
22 67.6 0 0 58375
22 67.8 0 0 58014
22 68 0 0 58321
22 68.2 0 0 58607
22 68.4 0 0 58273
22 68.6 0 0 58556
22 68.8 0.0159214 935 58726
22 69 0.059772 3492 58422
22 69.2 0.135117 7855 58135
22 69.4 0.188284 10992 58380
22 69.6 0.239125 13990 58505
22 69.8 0.280616 16441 58589
22 70 0.306867 17840 58136
22 70.2 0.302333 17665 58429
22 70.4 0.275384 16018 58166
22 70.6 0.233312 13575 58184
22 70.8 0.159025 9327 58651
22 71 0.0814128 4783 58750
22 71.2 0 0 58465
22 71.4 0 0 58537
22 71.6 0 0 58231
22 71.8 0 0 58079
22 72 0 0 58349
22 72.2 0 0 57993
22 72.4 0 0 58570
22 72.6 0 0 58095
22 72.8 0 0 58150
22 73 0 0 58663
22 73.2 0 0 58309
22 73.4 0 0 58629
22 73.6 0 0 58404
22 73.8 0 0 58179
22 74 0 0 58053
22 74.2 0 0 58427
22 74.4 0 0 58528
22 74.6 0 0 58522
22 74.8 0 0 58572
22 75 0 0 58331

24 65 0 0 58469
24 65.2 0 0 57960
24 65.4 0 0 58474
24 65.6 0 0 58691
24 65.8 0 0 58616
24 66 0 0 58700
24 66.2 0 0 58016
24 66.4 0 0 58149
24 66.6 0 0 58467
24 66.8 0 0 58537
24 67 0 0 58410
24 67.2 0 0 58172
24 67.4 0 0 57985
24 67.6 0 0 58399
24 67.8 0 0 58379
24 68 0 0 58232
24 68.2 0 0 58438
24 68.4 0 0 58443
24 68.6 0.000584142 34 58205
24 68.8 0.0196726 1150 58457
24 69 0.060682 3536 58271
24 69.2 0.127326 7439 58425
24 69.4 0.184651 10784 58402
24 69.6 0.236437 13793 58337
24 69.8 0.270962 15786 58259
24 70 0.29883 17469 58458
24 70.2 0.296439 17259 58221
24 70.4 0.274632 16002 58267
24 70.6 0.2416 14115 58423
24 70.8 0.179809 10496 58373
24 71 0.107644 6278 58322
24 71.2 0.03228 1896 58736
24 71.4 0 0 58469
24 71.6 0 0 58266
24 71.8 0 0 58300
24 72 0 0 58429
24 72.2 0 0 58555
24 72.4 0 0 58420
24 72.6 0 0 58240
24 72.8 0 0 58605
24 73 0 0 58651
24 73.2 0 0 58329
24 73.4 0 0 58273
24 73.6 0 0 58323
24 73.8 0 0 58193
24 74 0 0 58447
24 74.2 0 0 58397
24 74.4 0 0 58332
24 74.6 0 0 57976
24 74.8 0 0 58487
24 75 0 0 58773

26 65 0 0 58294
26 65.2 0 0 58397
26 65.4 0 0 58370
26 65.6 0 0 58387
26 65.8 0 0 58235
26 66 0 0 58630
26 66.2 0 0 58145
26 66.4 0 0 57762
26 66.6 0 0 57733
26 66.8 0 0 58076
26 67 0 0 58105
26 67.2 0 0 58553
26 67.4 0 0 57815
26 67.6 0 0 58489
26 67.8 0 0 58061
26 68 0 0 58094
26 68.2 0 0 58415
26 68.4 0 0 58245
26 68.6 0.000306905 18 58650
26 68.8 0.0183624 1076 58598
26 69 0.0501691 2937 58542
26 69.2 0.106798 6275 58756
26 69.4 0.176486 10251 58084
26 69.6 0.218867 12721 58122
26 69.8 0.262427 15226 58020
26 70 0.288032 16832 58438
26 70.2 0.291828 17048 58418
26 70.4 0.275811 15962 57873
26 70.6 0.244409 14272 58394
26 70.8 0.19191 11054 57600
26 71 0.127899 7505 58679
26 71.2 0.0619974 3616 58325
26 71.4 0 0 58577
26 71.6 0 0 58494
26 71.8 0 0 58259
26 72 0 0 58271
26 72.2 0 0 58445
26 72.4 0 0 58254
26 72.6 0 0 57766
26 72.8 0 0 58537
26 73 0 0 58094
26 73.2 0 0 58079
26 73.4 0 0 58541
26 73.6 0 0 58683
26 73.8 0 0 58237
26 74 0 0 58350
26 74.2 0 0 58667
26 74.4 0 0 57770
26 74.6 0 0 58126
26 74.8 0 0 58314
26 75 0 0 58408

28 65 0 0 58270
28 65.2 0 0 57944
28 65.4 0 0 58211
28 65.6 0 0 58567
28 65.8 0 0 58540
28 66 0 0 58388
28 66.2 0 0 58454
28 66.4 0 0 58833
28 66.6 0 0 58556
28 66.8 0 0 58406
28 67 0 0 58014
28 67.2 0 0 58494
28 67.4 0 0 58113
28 67.6 0 0 58104
28 67.8 0 0 58594
28 68 0 0 58464
28 68.2 0 0 58412
28 68.4 0 0 57860
28 68.6 0.000307382 18 58559
28 68.8 0.0137507 803 58397
28 69 0.0434864 2552 58685
28 69.2 0.0876916 5104 58204
28 69.4 0.157676 9193 58303
28 69.6 0.208787 12175 58313
28 69.8 0.248265 14491 58369
28 70 0.273626 15991 58441
28 70.2 0.285011 16676 58510
28 70.4 0.268958 15737 58511
28 70.6 0.245456 14300 58259
28 70.8 0.202107 11857 58667
28 71 0.146 8480 58082
28 71.2 0.0871182 5108 58633
28 71.4 0.0229373 1338 58333
28 71.6 0 0 58263
28 71.8 0 0 58413
28 72 0 0 58310
28 72.2 0 0 58542
28 72.4 0 0 58451
28 72.6 0 0 58107
28 72.8 0 0 58515
28 73 0 0 58191
28 73.2 0 0 58262
28 73.4 0 0 58421
28 73.6 0 0 58764
28 73.8 0 0 58371
28 74 0 0 58475
28 74.2 0 0 58358
28 74.4 0 0 58477
28 74.6 0 0 58083
28 74.8 0 0 58487
28 75 0 0 58203

30 65 0 0 58281
30 65.2 0 0 58241
30 65.4 0 0 58333
30 65.6 0 0 58366
30 65.8 0 0 58492
30 66 0 0 58395
30 66.2 0 0 58534
30 66.4 0 0 58149
30 66.6 0 0 58145
30 66.8 0 0 58431
30 67 0 0 58259
30 67.2 0 0 58355
30 67.4 0 0 58331
30 67.6 0 0 58126
30 67.8 0 0 58386
30 68 0 0 58318
30 68.2 0 0 58677
30 68.4 0 0 58314
30 68.6 0.00036015 21 58309
30 68.8 0.0109186 637 58341
30 69 0.0342357 2002 58477
30 69.2 0.0728632 4248 58301
30 69.4 0.13041 7654 58692
30 69.6 0.194884 11329 58132
30 69.8 0.235804 13733 58239
30 70 0.263915 15443 58515
30 70.2 0.271132 15778 58193
30 70.4 0.266861 15602 58465
30 70.6 0.244933 14187 57922
30 70.8 0.212505 12456 58615
30 71 0.157779 9246 58601
30 71.2 0.108245 6303 58229
30 71.4 0.0503636 2950 58574
30 71.6 0 0 58672
30 71.8 0 0 58387
30 72 0 0 58301
30 72.2 0 0 58520
30 72.4 0 0 58240
30 72.6 0 0 58448
30 72.8 0 0 58146
30 73 0 0 58101
30 73.2 0 0 58140
30 73.4 0 0 58358
30 73.6 0 0 58403
30 73.8 0 0 58604
30 74 0 0 58445
30 74.2 0 0 58330
30 74.4 0 0 58436
30 74.6 0 0 58282
30 74.8 0 0 58200
30 75 0 0 58442

32 65 0 0 58464
32 65.2 0 0 58493
32 65.4 0 0 58184
32 65.6 0 0 57936
32 65.8 0 0 58039
32 66 0 0 58633
32 66.2 0 0 58518
32 66.4 0 0 58637
32 66.6 0 0 58064
32 66.8 0 0 58235
32 67 0 0 58601
32 67.2 0 0 58241
32 67.4 0 0 58183
32 67.6 0 0 58289
32 67.8 0 0 58500
32 68 0 0 58281
32 68.2 0 0 57982
32 68.4 0 0 58318
32 68.6 0.000328703 19 57803
32 68.8 0.00726297 425 58516
32 69 0.0260045 1519 58413
32 69.2 0.0580343 3378 58207
32 69.4 0.108705 6315 58093
32 69.6 0.176084 10303 58512
32 69.8 0.216633 12725 58740
32 70 0.243814 14189 58196
32 70.2 0.263056 15358 58383
32 70.4 0.261979 15238 58165
32 70.6 0.242349 14231 58721
32 70.8 0.213756 12549 58707
32 71 0.169634 9929 58532
32 71.2 0.122336 7157 58503
32 71.4 0.0739189 4323 58483
32 71.6 0.0174984 1020 58291
32 71.8 0 0 58670
32 72 0 0 58029
32 72.2 0 0 58230
32 72.4 0 0 58281
32 72.6 0 0 58952
32 72.8 0 0 58934
32 73 0 0 58204
32 73.2 0 0 58352
32 73.4 0 0 58289
32 73.6 0 0 57958
32 73.8 0 0 58419
32 74 0 0 58242
32 74.2 0 0 58121
32 74.4 0 0 58237
32 74.6 0 0 58106
32 74.8 0 0 58372
32 75 0 0 58490

34 65 0 0 58080
34 65.2 0 0 58547
34 65.4 0 0 58466
34 65.6 0 0 58583
34 65.8 0 0 58152
34 66 0 0 58349
34 66.2 0 0 58397
34 66.4 0 0 58679
34 66.6 0 0 58369
34 66.8 0 0 58443
34 67 0 0 58560
34 67.2 0 0 58104
34 67.4 0 0 58400
34 67.6 0 0 58599
34 67.8 0 0 58281
34 68 0 0 58485
34 68.2 0 0 58358
34 68.4 0 0 58323
34 68.6 0.000170358 10 58700
34 68.8 0.00460388 269 58429
34 69 0.0200982 1175 58463
34 69.2 0.0471947 2770 58693
34 69.4 0.0911271 5319 58369
34 69.6 0.146597 8556 58364
34 69.8 0.202284 11743 58052
34 70 0.2353 13766 58504
34 70.2 0.25188 14706 58385
34 70.4 0.250906 14753 58799
34 70.6 0.240215 13963 58127
34 70.8 0.215301 12523 58165
34 71 0.179993 10497 58319
34 71.2 0.135968 7934 58352
34 71.4 0.0890611 5161 57949
34 71.6 0.0429714 2514 58504
34 71.8 0 0 57969
34 72 0 0 58148
34 72.2 0 0 58224
34 72.4 0 0 58394
34 72.6 0 0 58276
34 72.8 0 0 57937
34 73 0 0 58249
34 73.2 0 0 58902
34 73.4 0 0 58169
34 73.6 0 0 58253
34 73.8 0 0 58106
34 74 0 0 58413
34 74.2 0 0 58651
34 74.4 0 0 58243
34 74.6 0 0 58262
34 74.8 0 0 58387
34 75 0 0 58393

36 65 0 0 58301
36 65.2 0 0 58357
36 65.4 0 0 58455
36 65.6 0 0 58805
36 65.8 0 0 58248
36 66 0 0 58439
36 66.2 0 0 58623
36 66.4 0 0 58063
36 66.6 0 0 58036
36 66.8 0 0 58891
36 67 0 0 57933
36 67.2 0 0 58182
36 67.4 0 0 58208
36 67.6 0 0 57935
36 67.8 0 0 58321
36 68 0 0 58568
36 68.2 0 0 58383
36 68.4 0 0 58094
36 68.6 0.000240001 14 58333
36 68.8 0.00324954 189 58162
36 69 0.0141068 821 58199
36 69.2 0.0367999 2155 58560
36 69.4 0.0745757 4355 58397
36 69.6 0.123037 7145 58072
36 69.8 0.180827 10516 58155
36 70 0.216799 12660 58395
36 70.2 0.233158 13605 58351
36 70.4 0.242614 14166 58389
36 70.6 0.237665 13882 58410
36 70.8 0.216857 12705 58587
36 71 0.185525 10812 58278
36 71.2 0.145471 8506 58472
36 71.4 0.108332 6316 58302
36 71.6 0.0649108 3783 58280
36 71.8 0.01378 798 57910
36 72 0 0 58041
36 72.2 0 0 58487
36 72.4 0 0 58256
36 72.6 0 0 58621
36 72.8 0 0 58481
36 73 0 0 58183
36 73.2 0 0 58672
36 73.4 0 0 58366
36 73.6 0 0 58883
36 73.8 0 0 58273
36 74 0 0 58718
36 74.2 0 0 58222
36 74.4 0 0 58172
36 74.6 0 0 58556
36 74.8 0 0 58575
36 75 0 0 58423

38 65 0 0 58274
38 65.2 0 0 58244
38 65.4 0 0 58089
38 65.6 0 0 58718
38 65.8 0 0 57984
38 66 0 0 58671
38 66.2 0 0 58285
38 66.4 0 0 58601
38 66.6 0 0 58484
38 66.8 0 0 58522
38 67 0 0 58710
38 67.2 0 0 58524
38 67.4 0 0 58289
38 67.6 0 0 58484
38 67.8 0 0 58294
38 68 0 0 58287
38 68.2 0 0 58363
38 68.4 0 0 58211
38 68.6 0.000136909 8 58433
38 68.8 0.00242576 141 58126
38 69 0.00933251 545 58398
38 69.2 0.0275245 1594 57912
38 69.4 0.0546963 3190 58322
38 69.6 0.100607 5867 58316
38 69.8 0.154434 9029 58465
38 70 0.200673 11689 58249
38 70.2 0.222129 12947 58286
38 70.4 0.23393 13647 58338
38 70.6 0.233724 13764 58890
38 70.8 0.217233 12608 58039
38 71 0.18584 10817 58206
38 71.2 0.150762 8819 58496
38 71.4 0.119063 7007 58851
38 71.6 0.0795308 4638 58317
38 71.8 0.0346525 2028 58524
38 72 0 0 57965
38 72.2 0 0 58182
38 72.4 0 0 58106
38 72.6 0 0 58287
38 72.8 0 0 58201
38 73 0 0 58559
38 73.2 0 0 58179
38 73.4 0 0 57993
38 73.6 0 0 58698
38 73.8 0 0 58420
38 74 0 0 58602
38 74.2 0 0 58615
38 74.4 0 0 58495
38 74.6 0 0 58480
38 74.8 0 0 58218
38 75 0 0 58557

40 65 0 0 58550
40 65.2 0 0 58657
40 65.4 0 0 58597
40 65.6 0 0 58099
40 65.8 0 0 58542
40 66 0 0 58391
40 66.2 0 0 57862
40 66.4 0 0 57970
40 66.6 0 0 58457
40 66.8 0 0 58796
40 67 0 0 58200
40 67.2 0 0 58358
40 67.4 0 0 58077
40 67.6 0 0 58714
40 67.8 0 0 58295
40 68 0 0 58108
40 68.2 0 0 58560
40 68.4 0 0 58377
40 68.6 5.14686e-05 3 58288
40 68.8 0.00153097 89 58133
40 69 0.00686616 402 58548
40 69.2 0.0213353 1245 58354
40 69.4 0.043276 2521 58254
40 69.6 0.0845568 4953 58576
40 69.8 0.129588 7591 58578
40 70 0.181442 10610 58476
40 70.2 0.207465 12223 58916
40 70.4 0.222469 12905 58008
40 70.6 0.225396 13146 58324
40 70.8 0.214576 12463 58082
40 71 0.19106 11122 58212
40 71.2 0.161878 9437 58297
40 71.4 0.12418 7253 58407
40 71.6 0.0893771 5224 58449
40 71.8 0.0531453 3120 58707
40 72 0.0114169 663 58072
40 72.2 0 0 58108
40 72.4 0 0 58949
40 72.6 0 0 58467
40 72.8 0 0 57877
40 73 0 0 58487
40 73.2 0 0 58762
40 73.4 0 0 58365
40 73.6 0 0 58299
40 73.8 0 0 58354
40 74 0 0 58617
40 74.2 0 0 58603
40 74.4 0 0 58285
40 74.6 0 0 58503
40 74.8 0 0 57996
40 75 0 0 58334

42 65 0 0 58331
42 65.2 0 0 58417
42 65.4 0 0 58680
42 65.6 0 0 58349
42 65.8 0 0 58422
42 66 0 0 57836
42 66.2 0 0 58156
42 66.4 0 0 58123
42 66.6 0 0 58305
42 66.8 0 0 58531
42 67 0 0 58452
42 67.2 0 0 58074
42 67.4 0 0 57905
42 67.6 0 0 58539
42 67.8 0 0 58204
42 68 0 0 58212
42 68.2 0 0 58475
42 68.4 0 0 58111
42 68.6 3.40861e-05 2 58675
42 68.8 0.00125367 73 58229
42 69 0.00470963 275 58391
42 69.2 0.0137132 797 58119
42 69.4 0.0340316 1977 58093
42 69.6 0.0666313 3899 58516
42 69.8 0.110172 6426 58327
42 70 0.155337 9049 58254
42 70.2 0.191022 11183 58543
42 70.4 0.210186 12278 58415
42 70.6 0.21737 12617 58044
42 70.8 0.211167 12367 58565
42 71 0.192756 11240 58312
42 71.2 0.15984 9303 58202
42 71.4 0.134942 7872 58336
42 71.6 0.104296 6043 57941
42 71.8 0.0670476 3919 58451
42 72 0.0298592 1749 58575
42 72.2 0 0 58407
42 72.4 0 0 58352
42 72.6 0 0 58470
42 72.8 0 0 58054
42 73 0 0 58307
42 73.2 0 0 58142
42 73.4 0 0 58361
42 73.6 0 0 58203
42 73.8 0 0 57985
42 74 0 0 58182
42 74.2 0 0 58038
42 74.4 0 0 58331
42 74.6 0 0 58207
42 74.8 0 0 58305
42 75 0 0 58299

44 65 0 0 58631
44 65.2 0 0 57821
44 65.4 0 0 58329
44 65.6 0 0 58518
44 65.8 0 0 58153
44 66 0 0 58115
44 66.2 0 0 58657
44 66.4 0 0 58059
44 66.6 0 0 58376
44 66.8 0 0 58312
44 67 0 0 58740
44 67.2 0 0 58206
44 67.4 0 0 58506
44 67.6 0 0 58109
44 67.8 0 0 58689
44 68 0 0 58202
44 68.2 0 0 58614
44 68.4 0 0 58754
44 68.6 6.8499e-05 4 58395
44 68.8 0.000582741 34 58345
44 69 0.00277549 162 58368
44 69.2 0.00986786 575 58270
44 69.4 0.0241937 1414 58445
44 69.6 0.0511854 2986 58337
44 69.8 0.0891665 5210 58430
44 70 0.131356 7680 58467
44 70.2 0.174545 10154 58174
44 70.4 0.194454 11389 58569
44 70.6 0.208229 12186 58522
44 70.8 0.208142 12112 58191
44 71 0.189997 11062 58222
44 71.2 0.16005 9329 58288
44 71.4 0.13724 8038 58569
44 71.6 0.10913 6409 58728
44 71.8 0.0803354 4694 58430
44 72 0.0467839 2737 58503
44 72.2 0.00903034 534 59134
44 72.4 0 0 58389
44 72.6 0 0 58230
44 72.8 0 0 59038
44 73 0 0 58246
44 73.2 0 0 58580
44 73.4 0 0 58331
44 73.6 0 0 58181
44 73.8 0 0 58062
44 74 0 0 58426
44 74.2 0 0 58241
44 74.4 0 0 58612
44 74.6 0 0 57965
44 74.8 0 0 58167
44 75 0 0 58761

46 65 0 0 58575
46 65.2 0 0 58036
46 65.4 0 0 58360
46 65.6 0 0 58436
46 65.8 0 0 58185
46 66 0 0 58445
46 66.2 0 0 58700
46 66.4 0 0 57910
46 66.6 0 0 58063
46 66.8 0 0 58493
46 67 0 0 58287
46 67.2 0 0 58224
46 67.4 0 0 58090
46 67.6 0 0 58299
46 67.8 0 0 58197
46 68 0 0 58075
46 68.2 0 0 58271
46 68.4 0 0 58287
46 68.6 0 0 58683
46 68.8 0.000205462 12 58405
46 69 0.00184083 107 58126
46 69.2 0.00609348 355 58259
46 69.4 0.0177741 1036 58287
46 69.6 0.039835 2337 58667
46 69.8 0.0716065 4196 58598
46 70 0.109111 6357 58262
46 70.2 0.150492 8774 58302
46 70.4 0.17857 10416 58330
46 70.6 0.190811 11168 58529
46 70.8 0.186221 10898 58522
46 71 0.177506 10254 57767
46 71.2 0.153034 8939 58412
46 71.4 0.132022 7704 58354
46 71.6 0.110995 6481 58390
46 71.8 0.0871703 5087 58357
46 72 0.0590674 3448 58374
46 72.2 0.0274315 1600 58327
46 72.4 0 0 58300
46 72.6 0 0 58269
46 72.8 0 0 58630
46 73 0 0 58305
46 73.2 0 0 58063
46 73.4 0 0 58184
46 73.6 0 0 58423
46 73.8 0 0 58588
46 74 0 0 58801
46 74.2 0 0 58054
46 74.4 0 0 58496
46 74.6 0 0 57868
46 74.8 0 0 58350
46 75 0 0 58392

48 65 0 0 58598
48 65.2 0 0 58348
48 65.4 0 0 58544
48 65.6 0 0 58178
48 65.8 0 0 58245
48 66 0 0 58560
48 66.2 0 0 58197
48 66.4 0 0 58404
48 66.6 0 0 58280
48 66.8 0 0 58373
48 67 0 0 58345
48 67.2 0 0 58530
48 67.4 0 0 58707
48 67.6 0 0 58288
48 67.8 0 0 58988
48 68 0 0 58409
48 68.2 0 0 58138
48 68.4 0 0 58159
48 68.6 0 0 58206
48 68.8 0.000153991 9 58445
48 69 0.00104762 61 58227
48 69.2 0.00417933 242 57904
48 69.4 0.0105054 607 57780
48 69.6 0.0297614 1735 58297
48 69.8 0.0567554 3285 57880
48 70 0.0913989 5327 58283
48 70.2 0.122264 7094 58022
48 70.4 0.154449 9020 58401
48 70.6 0.167418 9809 58590
48 70.8 0.17199 10011 58207
48 71 0.164042 9595 58491
48 71.2 0.148816 8716 58569
48 71.4 0.127292 7386 58024
48 71.6 0.109517 6413 58557
48 71.8 0.0871578 5046 57895
48 72 0.0679804 3943 58002
48 72.2 0.0422242 2458 58213
48 72.4 0.00798574 466 58354
48 72.6 0 0 58538
48 72.8 0 0 58356
48 73 0 0 58022
48 73.2 0 0 58491
48 73.4 0 0 58527
48 73.6 0 0 57984
48 73.8 0 0 58288
48 74 0 0 58502
48 74.2 0 0 58112
48 74.4 0 0 58453
48 74.6 0 0 58529
48 74.8 0 0 58397
48 75 0 0 58698

50 65 0 0 58405
50 65.2 0 0 58142
50 65.4 0 0 58280
50 65.6 0 0 58319
50 65.8 0 0 58253
50 66 0 0 57816
50 66.2 0 0 58032
50 66.4 0 0 58504
50 66.6 0 0 58785
50 66.8 0 0 58045
50 67 0 0 58720
50 67.2 0 0 58374
50 67.4 0 0 58568
50 67.6 0 0 57845
50 67.8 0 0 58526
50 68 0 0 58558
50 68.2 0 0 58485
50 68.4 0 0 58039
50 68.6 0 0 58601
50 68.8 0 0 58190
50 69 0.000494619 29 58631
50 69.2 0.00247336 143 57816
50 69.4 0.00658348 382 58024
50 69.6 0.0201854 1178 58359
50 69.8 0.0397461 2317 58295
50 70 0.0666461 3888 58338
50 70.2 0.0940851 5448 57905
50 70.4 0.123138 7232 58731
50 70.6 0.147682 8575 58064
50 70.8 0.152988 8936 58410
50 71 0.152564 8898 58323
50 71.2 0.139066 8144 58562
50 71.4 0.121759 7125 58517
50 71.6 0.106471 6180 58044
50 71.8 0.0885939 5159 58232
50 72 0.0708977 4102 57858
50 72.2 0.0499624 2926 58564
50 72.4 0.0241484 1405 58182
50 72.6 0 0 58342
50 72.8 0 0 58297
50 73 0 0 58545
50 73.2 0 0 58274
50 73.4 0 0 58356
50 73.6 0 0 58367
50 73.8 0 0 58149
50 74 0 0 58269
50 74.2 0 0 58178
50 74.4 0 0 58060
50 74.6 0 0 58361
50 74.8 0 0 58262
50 75 0 0 58246

52 65 0 0 58630
52 65.2 0 0 58593
52 65.4 0 0 58684
52 65.6 0 0 58420
52 65.8 0 0 58320
52 66 0 0 58348
52 66.2 0 0 57974
52 66.4 0 0 58174
52 66.6 0 0 58350
52 66.8 0 0 58303
52 67 0 0 58150
52 67.2 0 0 58352
52 67.4 0 0 58465
52 67.6 0 0 58470
52 67.8 0 0 58133
52 68 0 0 58366
52 68.2 0 0 58327
52 68.4 0 0 58268
52 68.6 0 0 58226
52 68.8 0 0 58302
52 69 0.000256537 15 58471
52 69.2 0.00128859 75 58203
52 69.4 0.00450127 263 58428
52 69.6 0.0117839 686 58215
52 69.8 0.027861 1628 58433
52 70 0.0475995 2780 58404
52 70.2 0.0717989 4168 58051
52 70.4 0.0963243 5574 57867
52 70.6 0.129556 7550 58276
52 70.8 0.137712 8025 58274
52 71 0.13585 7910 58226
52 71.2 0.128991 7518 58283
52 71.4 0.118838 6941 58407
52 71.6 0.10257 5979 58292
52 71.8 0.0895407 5223 58331
52 72 0.0724917 4218 58186
52 72.2 0.0561749 3270 58211
52 72.4 0.0344529 1989 57731
52 72.6 0.00686354 400 58279
52 72.8 0 0 58201
52 73 0 0 58100
52 73.2 0 0 58235
52 73.4 0 0 58000
52 73.6 0 0 58244
52 73.8 0 0 58059
52 74 0 0 57817
52 74.2 0 0 58569
52 74.4 0 0 58488
52 74.6 0 0 58567
52 74.8 0 0 58086
52 75 0 0 58412

54 65 0 0 58394
54 65.2 0 0 58210
54 65.4 0 0 58267
54 65.6 0 0 58099
54 65.8 0 0 58269
54 66 0 0 58090
54 66.2 0 0 58532
54 66.4 0 0 58330
54 66.6 0 0 58412
54 66.8 0 0 58265
54 67 0 0 58384
54 67.2 0 0 58613
54 67.4 0 0 58505
54 67.6 0 0 58437
54 67.8 0 0 58416
54 68 0 0 57997
54 68.2 0 0 58277
54 68.4 0 0 58205
54 68.6 0 0 58558
54 68.8 0 0 58611
54 69 6.86059e-05 4 58304
54 69.2 0.000720412 42 58300
54 69.4 0.00194275 113 58165
54 69.6 0.00677495 395 58303
54 69.8 0.0178792 1044 58392
54 70 0.0357647 2079 58130
54 70.2 0.0540148 3161 58521
54 70.4 0.0756205 4412 58344
54 70.6 0.0993078 5782 58223
54 70.8 0.119258 6939 58185
54 71 0.126439 7350 58131
54 71.2 0.122751 7172 58427
54 71.4 0.113449 6644 58564
54 71.6 0.0996831 5819 58375
54 71.8 0.0863087 5016 58117
54 72 0.0712611 4163 58419
54 72.2 0.0572656 3347 58447
54 72.4 0.0404693 2349 58044
54 72.6 0.0205346 1193 58097
54 72.8 0 0 58209
54 73 0 0 58685
54 73.2 0 0 58228
54 73.4 0 0 58588
54 73.6 0 0 58263
54 73.8 0 0 58662
54 74 0 0 58253
54 74.2 0 0 58257
54 74.4 0 0 58124
54 74.6 0 0 58711
54 74.8 0 0 58913
54 75 0 0 58324

56 65 0 0 58062
56 65.2 0 0 58574
56 65.4 0 0 58125
56 65.6 0 0 58130
56 65.8 0 0 58246
56 66 0 0 58325
56 66.2 0 0 58231
56 66.4 0 0 58341
56 66.6 0 0 58575
56 66.8 0 0 58447
56 67 0 0 58168
56 67.2 0 0 58309
56 67.4 0 0 58235
56 67.6 0 0 58266
56 67.8 0 0 58507
56 68 0 0 58348
56 68.2 0 0 58424
56 68.4 0 0 58201
56 68.6 0 0 58348
56 68.8 0 0 58263
56 69 0 0 58517
56 69.2 0.000188066 11 58490
56 69.4 0.00102647 60 58453
56 69.6 0.00368378 215 58364
56 69.8 0.0121617 711 58462
56 70 0.02405 1407 58503
56 70.2 0.0388075 2261 58262
56 70.4 0.0572322 3330 58184
56 70.6 0.0793771 4608 58052
56 70.8 0.10415 6081 58387
56 71 0.11334 6662 58779
56 71.2 0.113744 6671 58649
56 71.4 0.107848 6243 57887
56 71.6 0.0957646 5578 58247
56 71.8 0.0854252 4989 58402
56 72 0.0731619 4251 58104
56 72.2 0.0593197 3474 58564
56 72.4 0.0430056 2496 58039
56 72.6 0.0248619 1467 59006
56 72.8 0.00636845 372 58413
56 73 0 0 58504
56 73.2 0 0 58384
56 73.4 0 0 58306
56 73.6 0 0 58449
56 73.8 0 0 58609
56 74 0 0 58243
56 74.2 0 0 58563
56 74.4 0 0 58236
56 74.6 0 0 58545
56 74.8 0 0 58222
56 75 0 0 58355

58 65 0 0 58269
58 65.2 0 0 58882
58 65.4 0 0 58503
58 65.6 0 0 58358
58 65.8 0 0 58366
58 66 0 0 58507
58 66.2 0 0 57912
58 66.4 0 0 58539
58 66.6 0 0 58527
58 66.8 0 0 58232
58 67 0 0 58194
58 67.2 0 0 57996
58 67.4 0 0 57951
58 67.6 0 0 58456
58 67.8 0 0 58399
58 68 0 0 58289
58 68.2 0 0 58089
58 68.4 0 0 58590
58 68.6 0 0 58677
58 68.8 0 0 57997
58 69 0 0 57904
58 69.2 0 0 58378
58 69.4 0.000375087 22 58653
58 69.6 0.0020604 120 58241
58 69.8 0.00774597 453 58482
58 70 0.0169164 988 58405
58 70.2 0.0275864 1610 58362
58 70.4 0.0429111 2490 58027
58 70.6 0.061369 3571 58189
58 70.8 0.0830505 4845 58338
58 71 0.0984339 5751 58425
58 71.2 0.103199 6052 58644
58 71.4 0.10403 6110 58733
58 71.6 0.0945874 5531 58475
58 71.8 0.0842419 4914 58332
58 72 0.0703473 4094 58197
58 72.2 0.0604868 3521 58211
58 72.4 0.0378412 2210 58402
58 72.6 0.0221594 1293 58350
58 72.8 0.00988657 577 58362
58 73 0 0 58566
58 73.2 0 0 58681
58 73.4 0 0 58617
58 73.6 0 0 58354
58 73.8 0 0 58406
58 74 0 0 58234
58 74.2 0 0 58106
58 74.4 0 0 58494
58 74.6 0 0 58061
58 74.8 0 0 58137
58 75 0 0 58017

60 65 0 0 58144
60 65.2 0 0 58347
60 65.4 0 0 57761
60 65.6 0 0 58105
60 65.8 0 0 58052
60 66 0 0 58551
60 66.2 0 0 58223
60 66.4 0 0 57912
60 66.6 0 0 58497
60 66.8 0 0 58175
60 67 0 0 58468
60 67.2 0 0 58378
60 67.4 0 0 58622
60 67.6 0 0 58551
60 67.8 0 0 58082
60 68 0 0 58715
60 68.2 0 0 58480
60 68.4 0 0 58218
60 68.6 0 0 58386
60 68.8 0 0 57832
60 69 0 0 58686
60 69.2 0 0 58313
60 69.4 0.000136519 8 58600
60 69.6 0.000581913 34 58428
60 69.8 0.00368359 215 58367
60 70 0.0114854 671 58422
60 70.2 0.0200168 1170 58451
60 70.4 0.031776 1850 58220
60 70.6 0.0481823 2819 58507
60 70.8 0.063832 3705 58043
60 71 0.0870286 5093 58521
60 71.2 0.0936004 5454 58269
60 71.4 0.092713 5434 58611
60 71.6 0.0899802 5284 58724
60 71.8 0.0807572 4744 58744
60 72 0.073426 4272 58181
60 72.2 0.0454195 2652 58389
60 72.4 0.0305155 1780 58331
60 72.6 0.0183114 1061 57942
60 72.8 0.00845361 492 58200
60 73 0.000928984 54 58128
60 73.2 0 0 58408
60 73.4 0 0 58245
60 73.6 0 0 58279
60 73.8 0 0 58507
60 74 0 0 58254
60 74.2 0 0 58189
60 74.4 0 0 57965
60 74.6 0 0 58424
60 74.8 0 0 58560
60 75 0 0 58528

62 65 0 0 58282
62 65.2 0 0 58230
62 65.4 0 0 58240
62 65.6 0 0 58240
62 65.8 0 0 58287
62 66 0 0 57949
62 66.2 0 0 58161
62 66.4 0 0 58084
62 66.6 0 0 58645
62 66.8 0 0 58296
62 67 0 0 58106
62 67.2 0 0 57981
62 67.4 0 0 58393
62 67.6 0 0 57892
62 67.8 0 0 58161
62 68 0 0 58343
62 68.2 0 0 58458
62 68.4 0 0 58294
62 68.6 0 0 58557
62 68.8 0 0 58553
62 69 0 0 58112
62 69.2 0 0 57917
62 69.4 0 0 58364
62 69.6 0.00029167 17 58285
62 69.8 0.00175188 102 58223
62 70 0.00627619 367 58475
62 70.2 0.0143834 835 58053
62 70.4 0.0237964 1381 58034
62 70.6 0.0372699 2170 58224
62 70.8 0.0523285 3053 58343
62 71 0.0714016 4160 58262
62 71.2 0.0837975 4889 58343
62 71.4 0.08962 5189 57900
62 71.6 0.0860305 5045 58642
62 71.8 0.0783669 4597 58660
62 72 0.0553093 3219 58200
62 72.2 0.035894 2097 58422
62 72.4 0.0248259 1451 58447
62 72.6 0.0145929 847 58042
62 72.8 0.00587135 342 58249
62 73 0.00039441 23 58315
62 73.2 0 0 58419
62 73.4 0 0 57996
62 73.6 0 0 58236
62 73.8 0 0 58441
62 74 0 0 58543
62 74.2 0 0 58794
62 74.4 0 0 58305
62 74.6 0 0 58446
62 74.8 0 0 57882
62 75 0 0 58325

64 65 0 0 58205
64 65.2 0 0 57950
64 65.4 0 0 58477
64 65.6 0 0 58149
64 65.8 0 0 58381
64 66 0 0 58634
64 66.2 0 0 58675
64 66.4 0 0 58606
64 66.6 0 0 58395
64 66.8 0 0 58657
64 67 0 0 58259
64 67.2 0 0 57654
64 67.4 0 0 58807
64 67.6 0 0 58333
64 67.8 0 0 58409
64 68 0 0 58606
64 68.2 0 0 58133
64 68.4 0 0 58697
64 68.6 0 0 57881
64 68.8 0 0 58415
64 69 0 0 58629
64 69.2 0 0 58249
64 69.4 0 0 58426
64 69.6 5.14809e-05 3 58274
64 69.8 0.00115899 68 58672
64 70 0.00416702 243 58315
64 70.2 0.0104391 612 58626
64 70.4 0.0187589 1094 58319
64 70.6 0.0272387 1579 57969
64 70.8 0.0404656 2364 58420
64 71 0.0532716 3106 58305
64 71.2 0.0731418 4248 58079
64 71.4 0.078649 4585 58297
64 71.6 0.0826707 4793 57977
64 71.8 0.0620317 3618 58325
64 72 0.0418978 2424 57855
64 72.2 0.0271667 1588 58454
64 72.4 0.018759 1092 58212
64 72.6 0.00952137 558 58605
64 72.8 0.00288859 169 58506
64 73 0.000119842 7 58410
64 73.2 0 0 58089
64 73.4 0 0 58267
64 73.6 0 0 58225
64 73.8 0 0 58203
64 74 0 0 58506
64 74.2 0 0 58432
64 74.4 0 0 58441
64 74.6 0 0 58584
64 74.8 0 0 58617
64 75 0 0 58165

66 65 0 0 57836
66 65.2 0 0 58459
66 65.4 0 0 58164
66 65.6 0 0 58343
66 65.8 0 0 58649
66 66 0 0 58634
66 66.2 0 0 58218
66 66.4 0 0 58143
66 66.6 0 0 58710
66 66.8 0 0 58374
66 67 0 0 58074
66 67.2 0 0 58162
66 67.4 0 0 58195
66 67.6 0 0 58254
66 67.8 0 0 58205
66 68 0 0 58046
66 68.2 0 0 58355
66 68.4 0 0 58261
66 68.6 0 0 58242
66 68.8 0 0 58189
66 69 0 0 58347
66 69.2 0 0 58493
66 69.4 0 0 58459
66 69.6 0 0 58477
66 69.8 0.000356882 21 58843
66 70 0.00208551 122 58499
66 70.2 0.00717436 418 58263
66 70.4 0.0136465 792 58037
66 70.6 0.0221367 1282 57913
66 70.8 0.0314517 1827 58089
66 71 0.0461343 2684 58178
66 71.2 0.061751 3571 57829
66 71.4 0.0711933 4129 57997
66 71.6 0.0626535 3649 58241
66 71.8 0.0451922 2623 58041
66 72 0.0286804 1669 58193
66 72.2 0.0198072 1155 58312
66 72.4 0.011489 673 58578
66 72.6 0.00582524 342 58710
66 72.8 0.00212355 123 57922
66 73 1.72087e-05 1 58110
66 73.2 0 0 58274
66 73.4 0 0 58304
66 73.6 0 0 58192
66 73.8 0 0 58061
66 74 0 0 58409
66 74.2 0 0 58269
66 74.4 0 0 58226
66 74.6 0 0 57774
66 74.8 0 0 58275
66 75 0 0 58493

68 65 0 0 57943
68 65.2 0 0 58027
68 65.4 0 0 58395
68 65.6 0 0 58519
68 65.8 0 0 58377
68 66 0 0 58247
68 66.2 0 0 58124
68 66.4 0 0 58134
68 66.6 0 0 58827
68 66.8 0 0 58158
68 67 0 0 58273
68 67.2 0 0 58772
68 67.4 0 0 58426
68 67.6 0 0 58502
68 67.8 0 0 58356
68 68 0 0 58534
68 68.2 0 0 58480
68 68.4 0 0 58245
68 68.6 0 0 58189
68 68.8 0 0 58318
68 69 0 0 58132
68 69.2 0 0 58299
68 69.4 0 0 58108
68 69.6 0 0 58348
68 69.8 3.41513e-05 2 58563
68 70 0.000719733 42 58355
68 70.2 0.00448461 262 58422
68 70.4 0.00983657 576 58557
68 70.6 0.0174792 1015 58069
68 70.8 0.0266365 1554 58341
68 71 0.0360084 2121 58903
68 71.2 0.0504176 2952 58551
68 71.4 0.0512799 2995 58405
68 71.6 0.043313 2519 58158
68 71.8 0.0315198 1833 58154
68 72 0.0218179 1277 58530
68 72.2 0.0129845 752 57915
68 72.4 0.00761108 444 58336
68 72.6 0.00363312 212 58352
68 72.8 0.00109426 64 58487
68 73 6.85636e-05 4 58340
68 73.2 0 0 58803
68 73.4 0 0 58290
68 73.6 0 0 58002
68 73.8 0 0 58432
68 74 0 0 58650
68 74.2 0 0 58373
68 74.4 0 0 58192
68 74.6 0 0 58176
68 74.8 0 0 58283
68 75 0 0 58140

70 65 0 0 58130
70 65.2 0 0 58200
70 65.4 0 0 58672
70 65.6 0 0 58241
70 65.8 0 0 58511
70 66 0 0 58638
70 66.2 0 0 58409
70 66.4 0 0 58374
70 66.6 0 0 58027
70 66.8 0 0 58490
70 67 0 0 58320
70 67.2 0 0 58175
70 67.4 0 0 58046
70 67.6 0 0 58489
70 67.8 0 0 58368
70 68 0 0 58732
70 68.2 0 0 58039
70 68.4 0 0 58369
70 68.6 0 0 58185
70 68.8 0 0 58153
70 69 0 0 58088
70 69.2 0 0 58418
70 69.4 0 0 58008
70 69.6 0 0 58599
70 69.8 0 0 57759
70 70 0.000395128 23 58209
70 70.2 0.00262211 153 58350
70 70.4 0.00758707 442 58257
70 70.6 0.0133856 782 58421
70 70.8 0.0211536 1241 58666
70 71 0.0288408 1701 58979
70 71.2 0.0320489 1868 58286
70 71.4 0.0315097 1839 58363
70 71.6 0.0291474 1680 57638
70 71.8 0.0216393 1253 57904
70 72 0.0131151 767 58482
70 72.2 0.00788887 460 58310
70 72.4 0.00430321 252 58561
70 72.6 0.00216741 126 58134
70 72.8 0.000748058 44 58819
70 73 0 0 58290
70 73.2 0 0 58510
70 73.4 0 0 58171
70 73.6 0 0 58086
70 73.8 0 0 58205
70 74 0 0 58311
70 74.2 0 0 58156
70 74.4 0 0 58458
70 74.6 0 0 57910
70 74.8 0 0 58124
70 75 0 0 58454

72 65 0 0 58358
72 65.2 0 0 58339
72 65.4 0 0 58424
72 65.6 0 0 58029
72 65.8 0 0 58632
72 66 0 0 58966
72 66.2 0 0 58300
72 66.4 0 0 58130
72 66.6 0 0 58662
72 66.8 0 0 58329
72 67 0 0 58604
72 67.2 0 0 58789
72 67.4 0 0 58547
72 67.6 0 0 58324
72 67.8 0 0 58264
72 68 0 0 58096
72 68.2 0 0 58287
72 68.4 0 0 57948
72 68.6 0 0 58371
72 68.8 0 0 58166
72 69 0 0 58608
72 69.2 0 0 58469
72 69.4 0 0 58258
72 69.6 0 0 58102
72 69.8 0 0 58815
72 70 0.000189111 11 58167
72 70.2 0.00100743 59 58565
72 70.4 0.00520967 305 58545
72 70.6 0.0106451 620 58243
72 70.8 0.0178118 1045 58669
72 71 0.0203973 1189 58292
72 71.2 0.0185816 1080 58122
72 71.4 0.0177412 1030 58057
72 71.6 0.0181806 1058 58194
72 71.8 0.0126175 738 58490
72 72 0.00740741 436 58860
72 72.2 0.00414469 242 58388
72 72.4 0.00222261 129 58040
72 72.6 0.00133761 78 58313
72 72.8 0.000445511 26 58360
72 73 0 0 58131
72 73.2 0 0 58664
72 73.4 0 0 58307
72 73.6 0 0 58289
72 73.8 0 0 58329
72 74 0 0 58638
72 74.2 0 0 58503
72 74.4 0 0 58539
72 74.6 0 0 58418
72 74.8 0 0 58208
72 75 0 0 58321

74 65 0 0 58503
74 65.2 0 0 58368
74 65.4 0 0 58288
74 65.6 0 0 58308
74 65.8 0 0 58596
74 66 0 0 58453
74 66.2 0 0 57798
74 66.4 0 0 58152
74 66.6 0 0 57807
74 66.8 0 0 58183
74 67 0 0 57963
74 67.2 0 0 58664
74 67.4 0 0 58442
74 67.6 0 0 58161
74 67.8 0 0 58278
74 68 0 0 58512
74 68.2 0 0 57936
74 68.4 0 0 58408
74 68.6 0 0 58282
74 68.8 0 0 58312
74 69 0 0 58366
74 69.2 0 0 58260
74 69.4 0 0 58500
74 69.6 0 0 58368
74 69.8 0 0 59004
74 70 0 0 58336
74 70.2 0.000549743 32 58209
74 70.4 0.00324491 189 58245
74 70.6 0.00812897 476 58556
74 70.8 0.0124755 727 58274
74 71 0.0120811 712 58935
74 71.2 0.0096463 558 57846
74 71.4 0.0108445 634 58463
74 71.6 0.0105214 611 58072
74 71.8 0.00695506 405 58231
74 72 0.0044171 257 58183
74 72.2 0.00240067 140 58317
74 72.4 0.00133306 77 57762
74 72.6 0.000564575 33 58451
74 72.8 0.000153555 9 58611
74 73 0 0 58706
74 73.2 0 0 57933
74 73.4 0 0 58560
74 73.6 0 0 58355
74 73.8 0 0 58445
74 74 0 0 58490
74 74.2 0 0 58347
74 74.4 0 0 58282
74 74.6 0 0 58374
74 74.8 0 0 58512
74 75 0 0 58370

76 65 0 0 58413
76 65.2 0 0 58319
76 65.4 0 0 58462
76 65.6 0 0 58266
76 65.8 0 0 58343
76 66 0 0 58315
76 66.2 0 0 58521
76 66.4 0 0 58362
76 66.6 0 0 58181
76 66.8 0 0 58199
76 67 0 0 58375
76 67.2 0 0 58372
76 67.4 0 0 58087
76 67.6 0 0 58398
76 67.8 0 0 58256
76 68 0 0 58541
76 68.2 0 0 58318
76 68.4 0 0 58247
76 68.6 0 0 58549
76 68.8 0 0 58313
76 69 0 0 58413
76 69.2 0 0 57878
76 69.4 0 0 58002
76 69.6 0 0 58541
76 69.8 0 0 58655
76 70 0 0 58243
76 70.2 0.000136514 8 58602
76 70.4 0.00158991 93 58494
76 70.6 0.00587621 343 58371
76 70.8 0.00692226 403 58218
76 71 0.00610931 355 58108
76 71.2 0.00560709 327 58319
76 71.4 0.00527655 309 58561
76 71.6 0.0054976 322 58571
76 71.8 0.0035531 207 58259
76 72 0.00196014 114 58159
76 72.2 0.00104865 61 58170
76 72.4 0.000547814 32 58414
76 72.6 0.000326309 19 58227
76 72.8 0.000103279 6 58095
76 73 0 0 58161
76 73.2 0 0 58399
76 73.4 0 0 58648
76 73.6 0 0 58047
76 73.8 0 0 58039
76 74 0 0 58494
76 74.2 0 0 57972
76 74.4 0 0 58640
76 74.6 0 0 58002
76 74.8 0 0 57677
76 75 0 0 58212

78 65 0 0 57944
78 65.2 0 0 58337
78 65.4 0 0 58767
78 65.6 0 0 58249
78 65.8 0 0 58286
78 66 0 0 57943
78 66.2 0 0 58350
78 66.4 0 0 58126
78 66.6 0 0 57983
78 66.8 0 0 58439
78 67 0 0 58896
78 67.2 0 0 58579
78 67.4 0 0 58334
78 67.6 0 0 58586
78 67.8 0 0 58992
78 68 0 0 58330
78 68.2 0 0 58543
78 68.4 0 0 58255
78 68.6 0 0 58101
78 68.8 0 0 58279
78 69 0 0 58654
78 69.2 0 0 58463
78 69.4 0 0 58531
78 69.6 0 0 58713
78 69.8 0 0 58283
78 70 0 0 58281
78 70.2 5.1226e-05 3 58564
78 70.4 0.000855637 50 58436
78 70.6 0.0030669 178 58039
78 70.8 0.00359836 209 58082
78 71 0.00395587 232 58647
78 71.2 0.00324815 189 58187
78 71.4 0.00244181 143 58563
78 71.6 0.00242255 142 58616
78 71.8 0.00174939 102 58306
78 72 0.000768758 45 58536
78 72.2 0.000377851 22 58224
78 72.4 0.000103561 6 57937
78 72.6 1.70631e-05 1 58606
78 72.8 0 0 58685
78 73 0 0 58660
78 73.2 0 0 58098
78 73.4 0 0 58775
78 73.6 0 0 58662
78 73.8 0 0 58691
78 74 0 0 58671
78 74.2 0 0 58369
78 74.4 0 0 57941
78 74.6 0 0 58160
78 74.8 0 0 58283
78 75 0 0 58237

80 65 0 0 58194
80 65.2 0 0 57826
80 65.4 0 0 58159
80 65.6 0 0 58360
80 65.8 0 0 58227
80 66 0 0 58419
80 66.2 0 0 58451
80 66.4 0 0 58206
80 66.6 0 0 58243
80 66.8 0 0 58834
80 67 0 0 58372
80 67.2 0 0 58571
80 67.4 0 0 58297
80 67.6 0 0 58359
80 67.8 0 0 58181
80 68 0 0 58205
80 68.2 0 0 58233
80 68.4 0 0 58577
80 68.6 0 0 58501
80 68.8 0 0 58216
80 69 0 0 58060
80 69.2 0 0 58315
80 69.4 0 0 58314
80 69.6 0 0 58645
80 69.8 0 0 58532
80 70 0 0 58309
80 70.2 1.72185e-05 1 58077
80 70.4 0.000256573 15 58463
80 70.6 0.00143175 83 57971
80 70.8 0.0020244 118 58289
80 71 0.00204664 119 58144
80 71.2 0.00140719 82 58272
80 71.4 0.0012668 74 58415
80 71.6 0.00065034 38 58431
80 71.8 0.000547542 32 58443
80 72 0.000363573 21 57760
80 72.2 0.000120579 7 58053
80 72.4 3.44614e-05 2 58036
80 72.6 0 0 58780
80 72.8 0 0 58446
80 73 0 0 58581
80 73.2 0 0 58758
80 73.4 0 0 58443
80 73.6 0 0 58791
80 73.8 0 0 58429
80 74 0 0 58098
80 74.2 0 0 58379
80 74.4 0 0 58207
80 74.6 0 0 58012
80 74.8 0 0 58565
80 75 0 0 58255

82 65 0 0 58584
82 65.2 0 0 58420
82 65.4 0 0 57788
82 65.6 0 0 58146
82 65.8 0 0 58505
82 66 0 0 58778
82 66.2 0 0 58416
82 66.4 0 0 58087
82 66.6 0 0 58724
82 66.8 0 0 58848
82 67 0 0 58382
82 67.2 0 0 58498
82 67.4 0 0 58093
82 67.6 0 0 58302
82 67.8 0 0 58220
82 68 0 0 57929
82 68.2 0 0 58090
82 68.4 0 0 58480
82 68.6 0 0 58039
82 68.8 0 0 58272
82 69 0 0 58091
82 69.2 0 0 58324
82 69.4 0 0 58469
82 69.6 0 0 58340
82 69.8 0 0 58583
82 70 0 0 58213
82 70.2 0 0 58571
82 70.4 0.000102438 6 58572
82 70.6 0.000616322 36 58411
82 70.8 0.000819756 48 58554
82 71 0.000958789 56 58407
82 71.2 0.000704117 41 58229
82 71.4 0.000564141 33 58496
82 71.6 0.000240757 14 58150
82 71.8 8.57883e-05 5 58283
82 72 0.000155044 9 58048
82 72.2 5.15898e-05 3 58151
82 72.4 0 0 58061
82 72.6 0 0 58457
82 72.8 0 0 57671
82 73 0 0 58161
82 73.2 0 0 58479
82 73.4 0 0 58015
82 73.6 0 0 57987
82 73.8 0 0 58022
82 74 0 0 58278
82 74.2 0 0 58341
82 74.4 0 0 58143
82 74.6 0 0 58512
82 74.8 0 0 58528
82 75 0 0 57924

84 65 0 0 58198
84 65.2 0 0 58365
84 65.4 0 0 58268
84 65.6 0 0 58483
84 65.8 0 0 58303
84 66 0 0 58196
84 66.2 0 0 58179
84 66.4 0 0 58403
84 66.6 0 0 58440
84 66.8 0 0 58222
84 67 0 0 58488
84 67.2 0 0 58337
84 67.4 0 0 58457
84 67.6 0 0 57791
84 67.8 0 0 58461
84 68 0 0 58344
84 68.2 0 0 58131
84 68.4 0 0 58415
84 68.6 0 0 58352
84 68.8 0 0 58467
84 69 0 0 58586
84 69.2 0 0 58419
84 69.4 0 0 58113
84 69.6 0 0 58327
84 69.8 0 0 58353
84 70 0 0 58063
84 70.2 0 0 58386
84 70.4 3.44982e-05 2 57974
84 70.6 0.000221639 13 58654
84 70.8 0.000632154 37 58530
84 71 0.000340038 20 58817
84 71.2 0.000340797 20 58686
84 71.4 0.000120411 7 58134
84 71.6 5.11274e-05 3 58677
84 71.8 0 0 58010
84 72 0 0 58713
84 72.2 0 0 58834
84 72.4 0 0 58212
84 72.6 0 0 58099
84 72.8 0 0 58402
84 73 0 0 58185
84 73.2 0 0 58122
84 73.4 0 0 58166
84 73.6 0 0 58430
84 73.8 0 0 58613
84 74 0 0 58742
84 74.2 0 0 58796
84 74.4 0 0 58087
84 74.6 0 0 58396
84 74.8 0 0 58613
84 75 0 0 58343

86 65 0 0 58250
86 65.2 0 0 58644
86 65.4 0 0 58171
86 65.6 0 0 58319
86 65.8 0 0 58088
86 66 0 0 58459
86 66.2 0 0 58424
86 66.4 0 0 58331
86 66.6 0 0 57765
86 66.8 0 0 58256
86 67 0 0 58511
86 67.2 0 0 58390
86 67.4 0 0 58297
86 67.6 0 0 58022
86 67.8 0 0 58357
86 68 0 0 58400
86 68.2 0 0 58208
86 68.4 0 0 58252
86 68.6 0 0 58111
86 68.8 0 0 58153
86 69 0 0 57889
86 69.2 0 0 58453
86 69.4 0 0 58405
86 69.6 0 0 58487
86 69.8 0 0 58811
86 70 0 0 58057
86 70.2 0 0 58219
86 70.4 0 0 58453
86 70.6 8.60245e-05 5 58123
86 70.8 0.000136521 8 58599
86 71 0.000189626 11 58009
86 71.2 6.84486e-05 4 58438
86 71.4 1.69742e-05 1 58913
86 71.6 0 0 58233
86 71.8 0 0 58174
86 72 0 0 58294
86 72.2 0 0 58243
86 72.4 0 0 58286
86 72.6 0 0 58210
86 72.8 0 0 58630
86 73 0 0 58462
86 73.2 0 0 58805
86 73.4 0 0 58564
86 73.6 0 0 58217
86 73.8 0 0 58003
86 74 0 0 58349
86 74.2 0 0 58379
86 74.4 0 0 58542
86 74.6 0 0 58374
86 74.8 0 0 58084
86 75 0 0 58446

88 65 0 0 58127
88 65.2 0 0 58693
88 65.4 0 0 58379
88 65.6 0 0 58283
88 65.8 0 0 58175
88 66 0 0 58292
88 66.2 0 0 58434
88 66.4 0 0 58491
88 66.6 0 0 58139
88 66.8 0 0 58701
88 67 0 0 58376
88 67.2 0 0 58370
88 67.4 0 0 58451
88 67.6 0 0 58224
88 67.8 0 0 58501
88 68 0 0 58233
88 68.2 0 0 58484
88 68.4 0 0 58570
88 68.6 0 0 58132
88 68.8 0 0 58577
88 69 0 0 58275
88 69.2 0 0 58707
88 69.4 0 0 58645
88 69.6 0 0 58641
88 69.8 0 0 58432
88 70 0 0 58526
88 70.2 0 0 58656
88 70.4 0 0 58044
88 70.6 1.71022e-05 1 58472
88 70.8 3.41781e-05 2 58517
88 71 0 0 58263
88 71.2 0 0 57930
88 71.4 0 0 58243
88 71.6 0 0 58733
88 71.8 0 0 58278
88 72 0 0 58410
88 72.2 0 0 57919
88 72.4 0 0 57868
88 72.6 0 0 57959
88 72.8 0 0 57936
88 73 0 0 58040
88 73.2 0 0 58339
88 73.4 0 0 58195
88 73.6 0 0 57760
88 73.8 0 0 58418
88 74 0 0 58271
88 74.2 0 0 58537
88 74.4 0 0 58554
88 74.6 0 0 58397
88 74.8 0 0 58521
88 75 0 0 58680

90 65 0 0 58269
90 65.2 0 0 58145
90 65.4 0 0 58503
90 65.6 0 0 58517
90 65.8 0 0 58307
90 66 0 0 57734
90 66.2 0 0 58117
90 66.4 0 0 58251
90 66.6 0 0 58185
90 66.8 0 0 58635
90 67 0 0 58620
90 67.2 0 0 58575
90 67.4 0 0 58357
90 67.6 0 0 58210
90 67.8 0 0 57982
90 68 0 0 57898
90 68.2 0 0 57993
90 68.4 0 0 58208
90 68.6 0 0 58238
90 68.8 0 0 58485
90 69 0 0 58674
90 69.2 0 0 58780
90 69.4 0 0 58419
90 69.6 0 0 58431
90 69.8 0 0 58150
90 70 0 0 58413
90 70.2 0 0 58411
90 70.4 0 0 58060
90 70.6 0 0 58359
90 70.8 0 0 58467
90 71 0 0 58519
90 71.2 0 0 58383
90 71.4 0 0 58347
90 71.6 0 0 58453
90 71.8 0 0 58506
90 72 0 0 58253
90 72.2 0 0 58380
90 72.4 0 0 58310
90 72.6 0 0 58450
90 72.8 0 0 57904
90 73 0 0 58392
90 73.2 0 0 58115
90 73.4 0 0 58505
90 73.6 0 0 57983
90 73.8 0 0 58290
90 74 0 0 58634
90 74.2 0 0 58428
90 74.4 0 0 58051
90 74.6 0 0 58200
90 74.8 0 0 58087
90 75 0 0 58085

92 65 0 0 58633
92 65.2 0 0 58152
92 65.4 0 0 57957
92 65.6 0 0 58101
92 65.8 0 0 58560
92 66 0 0 58441
92 66.2 0 0 58678
92 66.4 0 0 58326
92 66.6 0 0 58339
92 66.8 0 0 58459
92 67 0 0 58396
92 67.2 0 0 57826
92 67.4 0 0 58444
92 67.6 0 0 58426
92 67.8 0 0 58253
92 68 0 0 58619
92 68.2 0 0 57869
92 68.4 0 0 58288
92 68.6 0 0 58023
92 68.8 0 0 58823
92 69 0 0 58157
92 69.2 0 0 58266
92 69.4 0 0 58182
92 69.6 0 0 57842
92 69.8 0 0 58461
92 70 0 0 58176
92 70.2 0 0 58426
92 70.4 0 0 58252
92 70.6 0 0 58425
92 70.8 0 0 58246
92 71 0 0 58841
92 71.2 0 0 58662
92 71.4 0 0 58132
92 71.6 0 0 58409
92 71.8 0 0 58369
92 72 0 0 58477
92 72.2 0 0 58386
92 72.4 0 0 58357
92 72.6 0 0 58420
92 72.8 0 0 58766
92 73 0 0 58315
92 73.2 0 0 58226
92 73.4 0 0 58258
92 73.6 0 0 58308
92 73.8 0 0 58575
92 74 0 0 58311
92 74.2 0 0 58450
92 74.4 0 0 58250
92 74.6 0 0 58139
92 74.8 0 0 58249
92 75 0 0 57986

94 65 0 0 58244
94 65.2 0 0 58325
94 65.4 0 0 58396
94 65.6 0 0 58114
94 65.8 0 0 57999
94 66 0 0 58136
94 66.2 0 0 58691
94 66.4 0 0 58560
94 66.6 0 0 58092
94 66.8 0 0 58489
94 67 0 0 58392
94 67.2 0 0 58287
94 67.4 0 0 58461
94 67.6 0 0 58599
94 67.8 0 0 58581
94 68 0 0 58406
94 68.2 0 0 58607
94 68.4 0 0 58381
94 68.6 0 0 58767
94 68.8 0 0 58352
94 69 0 0 58448
94 69.2 0 0 58399
94 69.4 0 0 58341
94 69.6 0 0 58927
94 69.8 0 0 58477
94 70 0 0 58258
94 70.2 0 0 58365
94 70.4 0 0 58714
94 70.6 0 0 58245
94 70.8 0 0 58414
94 71 0 0 58291
94 71.2 0 0 58344
94 71.4 0 0 58070
94 71.6 0 0 58593
94 71.8 0 0 58059
94 72 0 0 58342
94 72.2 0 0 58300
94 72.4 0 0 58230
94 72.6 0 0 58413
94 72.8 0 0 58240
94 73 0 0 58300
94 73.2 0 0 58569
94 73.4 0 0 58142
94 73.6 0 0 57717
94 73.8 0 0 58103
94 74 0 0 58585
94 74.2 0 0 57935
94 74.4 0 0 58489
94 74.6 0 0 58566
94 74.8 0 0 58428
94 75 0 0 58412

96 65 0 0 58244
96 65.2 0 0 58422
96 65.4 0 0 58156
96 65.6 0 0 58364
96 65.8 0 0 57680
96 66 0 0 58370
96 66.2 0 0 58037
96 66.4 0 0 58161
96 66.6 0 0 58256
96 66.8 0 0 58053
96 67 0 0 58367
96 67.2 0 0 58818
96 67.4 0 0 58257
96 67.6 0 0 58501
96 67.8 0 0 58372
96 68 0 0 58056
96 68.2 0 0 58126
96 68.4 0 0 58572
96 68.6 0 0 58233
96 68.8 0 0 57770
96 69 0 0 58598
96 69.2 0 0 58253
96 69.4 0 0 58601
96 69.6 0 0 58546
96 69.8 0 0 58217
96 70 0 0 58645
96 70.2 0 0 58621
96 70.4 0 0 58467
96 70.6 0 0 58251
96 70.8 0 0 58611
96 71 0 0 58044
96 71.2 0 0 58307
96 71.4 0 0 58242
96 71.6 0 0 58152
96 71.8 0 0 58174
96 72 0 0 58096
96 72.2 0 0 58255
96 72.4 0 0 58578
96 72.6 0 0 58192
96 72.8 0 0 58330
96 73 0 0 58661
96 73.2 0 0 58412
96 73.4 0 0 58416
96 73.6 0 0 58514
96 73.8 0 0 58694
96 74 0 0 58128
96 74.2 0 0 58239
96 74.4 0 0 58250
96 74.6 0 0 58254
96 74.8 0 0 58346
96 75 0 0 58679

98 65 0 0 57894
98 65.2 0 0 58416
98 65.4 0 0 58772
98 65.6 0 0 58052
98 65.8 0 0 58169
98 66 0 0 58077
98 66.2 0 0 58068
98 66.4 0 0 58308
98 66.6 0 0 58302
98 66.8 0 0 58299
98 67 0 0 58510
98 67.2 0 0 58491
98 67.4 0 0 58205
98 67.6 0 0 58277
98 67.8 0 0 58307
98 68 0 0 57958
98 68.2 0 0 58288
98 68.4 0 0 58411
98 68.6 0 0 57739
98 68.8 0 0 58202
98 69 0 0 58411
98 69.2 0 0 58182
98 69.4 0 0 58474
98 69.6 0 0 58423
98 69.8 0 0 58249
98 70 0 0 58374
98 70.2 0 0 58666
98 70.4 0 0 58160
98 70.6 0 0 58400
98 70.8 0 0 58393
98 71 0 0 58261
98 71.2 0 0 58275
98 71.4 0 0 58270
98 71.6 0 0 58473
98 71.8 0 0 58619
98 72 0 0 58249
98 72.2 0 0 58623
98 72.4 0 0 57855
98 72.6 0 0 58489
98 72.8 0 0 58415
98 73 0 0 58699
98 73.2 0 0 58583
98 73.4 0 0 58553
98 73.6 0 0 58368
98 73.8 0 0 58511
98 74 0 0 58237
98 74.2 0 0 58403
98 74.4 0 0 58504
98 74.6 0 0 58040
98 74.8 0 0 58514
98 75 0 0 58301

100 65 0 0 58767
100 65.2 0 0 58491
100 65.4 0 0 58471
100 65.6 0 0 58088
100 65.8 0 0 58109
100 66 0 0 58516
100 66.2 0 0 58087
100 66.4 0 0 58539
100 66.6 0 0 58347
100 66.8 0 0 58449
100 67 0 0 57995
100 67.2 0 0 58223
100 67.4 0 0 58774
100 67.6 0 0 58386
100 67.8 0 0 58357
100 68 0 0 58762
100 68.2 0 0 58361
100 68.4 0 0 58524
100 68.6 0 0 58382
100 68.8 0 0 58385
100 69 0 0 58413
100 69.2 0 0 58448
100 69.4 0 0 58445
100 69.6 0 0 57949
100 69.8 0 0 57976
100 70 0 0 58202
100 70.2 0 0 58149
100 70.4 0 0 58682
100 70.6 0 0 58393
100 70.8 0 0 58628
100 71 0 0 58291
100 71.2 0 0 57962
100 71.4 0 0 58246
100 71.6 0 0 58112
100 71.8 0 0 58374
100 72 0 0 58153
100 72.2 0 0 57884
100 72.4 0 0 58328
100 72.6 0 0 57969
100 72.8 0 0 57918
100 73 0 0 58195
100 73.2 0 0 58263
100 73.4 0 0 58322
100 73.6 0 0 58215
100 73.8 0 0 58128
100 74 0 0 58212
100 74.2 0 0 58369
100 74.4 0 0 58512
100 74.6 0 0 58231
100 74.8 0 0 58178
100 75 0 0 58119

