0 65 0 0 23103
0 65.1 0 0 23445
0 65.2 0 0 23495
0 65.3 0 0 23397
0 65.4 0 0 23270
0 65.5 0 0 23383
0 65.6 0 0 23337
0 65.7 0 0 23257
0 65.8 0 0 23224
0 65.9 0 0 23460
0 66 0 0 23417
0 66.1 0 0 23476
0 66.2 0 0 23619
0 66.3 0 0 23243
0 66.4 0 0 23497
0 66.5 0 0 23364
0 66.6 0 0 23430
0 66.7 0 0 23485
0 66.8 0 0 23392
0 66.9 0 0 23319
0 67 0 0 23491
0 67.1 0 0 23404
0 67.2 0 0 23316
0 67.3 0 0 23165
0 67.4 0 0 23452
0 67.5 0 0 23388
0 67.6 0 0 23181
0 67.7 0 0 23286
0 67.8 0 0 23240
0 67.9 0 0 23097
0 68 0 0 23363
0 68.1 0 0 23128
0 68.2 0 0 23503
0 68.3 0 0 23269
0 68.4 0 0 23281
0 68.5 0 0 23327
0 68.6 0 0 23332
0 68.7 0 0 23289
0 68.8 0.444496 10439 23485
0 68.9 0.536151 12458 23236
0 69 0.625928 14678 23450
0 69.1 0.715994 16765 23415
0 69.2 0.803581 18672 23236
0 69.3 0.897742 20991 23382
0 69.4 0.986387 23114 23433
0 69.5 1 23289 23289
0 69.6 1 23367 23367
0 69.7 1 23457 23457
0 69.8 1 23467 23467
0 69.9 1 23610 23610
0 70 1 23253 23253
0 70.1 1 23107 23107
0 70.2 1 23415 23415
0 70.3 1 23138 23138
0 70.4 1 23194 23194
0 70.5 1 23253 23253
0 70.6 1 23466 23466
0 70.7 1 23192 23192
0 70.8 0.999915 23649 23651
0 70.9 0.885383 20625 23295
0 71 0.772838 18011 23305
0 71.1 0.663773 15523 23386
0 71.2 0 0 23348
0 71.3 0 0 23233
0 71.4 0 0 23095
0 71.5 0 0 23257
0 71.6 0 0 23230
0 71.7 0 0 23149
0 71.8 0 0 23025
0 71.9 0 0 23287
0 72 0 0 23267
0 72.1 0 0 23146
0 72.2 0 0 23550
0 72.3 0 0 23496
0 72.4 0 0 23380
0 72.5 0 0 23584
0 72.6 0 0 23312
0 72.7 0 0 23211
0 72.8 0 0 23192
0 72.9 0 0 23534
0 73 0 0 23408
0 73.1 0 0 23321
0 73.2 0 0 23314
0 73.3 0 0 23250
0 73.4 0 0 23444
0 73.5 0 0 23092
0 73.6 0 0 23430
0 73.7 0 0 23570
0 73.8 0 0 23245
0 73.9 0 0 23275
0 74 0 0 23297
0 74.1 0 0 23329
0 74.2 0 0 23452
0 74.3 0 0 23357
0 74.4 0 0 23176
0 74.5 0 0 23498
0 74.6 0 0 23278
0 74.7 0 0 23232
0 74.8 0 0 23312
0 74.9 0 0 23514
0 75 0 0 23343

1 65 0 0 23154
1 65.1 0 0 23242
1 65.2 0 0 23269
1 65.3 0 0 23375
1 65.4 0 0 23260
1 65.5 0 0 23161
1 65.6 0 0 23484
1 65.7 0 0 23213
1 65.8 0 0 23273
1 65.9 0 0 23276
1 66 0 0 23341
1 66.1 0 0 23366
1 66.2 0 0 23122
1 66.3 0 0 23237
1 66.4 0 0 23234
1 66.5 0 0 23175
1 66.6 0 0 23334
1 66.7 0 0 23520
1 66.8 0 0 23264
1 66.9 0 0 23294
1 67 0 0 23592
1 67.1 0 0 23371
1 67.2 0 0 23070
1 67.3 0 0 23375
1 67.4 0 0 23307
1 67.5 0 0 23226
1 67.6 0 0 23310
1 67.7 0 0 23293
1 67.8 0 0 23499
1 67.9 0 0 23415
1 68 0 0 23189
1 68.1 0 0 23285
1 68.2 0 0 23347
1 68.3 0 0 23242
1 68.4 0 0 23395
1 68.5 0 0 23381
1 68.6 0 0 23202
1 68.7 0 0 23505
1 68.8 0.311857 7183 23033
1 68.9 0.531013 12234 23039
1 69 0.630694 14745 23379
1 69.1 0.713198 16671 23375
1 69.2 0.806394 18818 23336
1 69.3 0.896251 20845 23258
1 69.4 0.976608 22837 23384
1 69.5 0.992499 23288 23464
1 69.6 0.990288 23146 23373
1 69.7 0.991022 23070 23279
1 69.8 0.99049 23227 23450
1 69.9 0.990555 22969 23188
1 70 0.989888 23005 23240
1 70.1 0.991121 23107 23314
1 70.2 0.990283 23033 23259
1 70.3 0.989162 23181 23435
1 70.4 0.989877 23078 23314
1 70.5 0.991067 23187 23396
1 70.6 0.990267 22994 23220
1 70.7 0.990316 23112 23338
1 70.8 0.980414 23076 23537
1 70.9 0.886947 20453 23060
1 71 0.773561 18082 23375
1 71.1 0.659448 15530 23550
1 71.2 0.246649 5742 23280
1 71.3 0 0 23357
1 71.4 0 0 23331
1 71.5 0 0 23371
1 71.6 0 0 23210
1 71.7 0 0 23654
1 71.8 0 0 23563
1 71.9 0 0 23417
1 72 0 0 23574
1 72.1 0 0 23356
1 72.2 0 0 23255
1 72.3 0 0 23305
1 72.4 0 0 23262
1 72.5 0 0 23156
1 72.6 0 0 23374
1 72.7 0 0 23510
1 72.8 0 0 23180
1 72.9 0 0 23230
1 73 0 0 23388
1 73.1 0 0 23336
1 73.2 0 0 23138
1 73.3 0 0 23459
1 73.4 0 0 23547
1 73.5 0 0 23226
1 73.6 0 0 23253
1 73.7 0 0 23414
1 73.8 0 0 23399
1 73.9 0 0 23209
1 74 0 0 23298
1 74.1 0 0 23461
1 74.2 0 0 23303
1 74.3 0 0 23510
1 74.4 0 0 23474
1 74.5 0 0 23296
1 74.6 0 0 23253
1 74.7 0 0 23425
1 74.8 0 0 23274
1 74.9 0 0 23288
1 75 0 0 22936

2 65 0 0 23175
2 65.1 0 0 23203
2 65.2 0 0 23185
2 65.3 0 0 23407
2 65.4 0 0 23206
2 65.5 0 0 23688
2 65.6 0 0 23415
2 65.7 0 0 23402
2 65.8 0 0 23391
2 65.9 0 0 23365
2 66 0 0 23237
2 66.1 0 0 23322
2 66.2 0 0 23278
2 66.3 0 0 23412
2 66.4 0 0 23339
2 66.5 0 0 23268
2 66.6 0 0 23260
2 66.7 0 0 23302
2 66.8 0 0 23400
2 66.9 0 0 23016
2 67 0 0 23213
2 67.1 0 0 23137
2 67.2 0 0 23356
2 67.3 0 0 23442
2 67.4 0 0 23650
2 67.5 0 0 23278
2 67.6 0 0 23496
2 67.7 0 0 23212
2 67.8 0 0 23296
2 67.9 0 0 23345
2 68 0 0 23233
2 68.1 0 0 23182
2 68.2 0 0 23385
2 68.3 0 0 23361
2 68.4 0 0 23411
2 68.5 0 0 23229
2 68.6 0 0 23492
2 68.7 0.0138841 325 23408
2 68.8 0.280476 6555 23371
2 68.9 0.53776 12504 23252
2 69 0.631784 14737 23326
2 69.1 0.719142 16861 23446
2 69.2 0.801806 18650 23260
2 69.3 0.893671 20869 23352
2 69.4 0.958503 22359 23327
2 69.5 0.980193 22962 23426
2 69.6 0.979949 22921 23390
2 69.7 0.981176 22726 23162
2 69.8 0.982185 23045 23463
2 69.9 0.980361 22913 23372
2 70 0.981148 22743 23180
2 70.1 0.981202 22862 23300
2 70.2 0.981452 23070 23506
2 70.3 0.980633 22786 23236
2 70.4 0.98101 23195 23644
2 70.5 0.981018 22895 23338
2 70.6 0.980279 23015 23478
2 70.7 0.981134 22934 23375
2 70.8 0.961059 22286 23189
2 70.9 0.88594 20731 23400
2 71 0.774928 17945 23157
2 71.1 0.480793 11252 23403
2 71.2 0.24752 5739 23186
2 71.3 4.28156e-05 1 23356
2 71.4 0 0 23452
2 71.5 0 0 23304
2 71.6 0 0 23567
2 71.7 0 0 23298
2 71.8 0 0 23206
2 71.9 0 0 23329
2 72 0 0 23442
2 72.1 0 0 23333
2 72.2 0 0 23199
2 72.3 0 0 23440
2 72.4 0 0 23552
2 72.5 0 0 23455
2 72.6 0 0 23232
2 72.7 0 0 23405
2 72.8 0 0 23296
2 72.9 0 0 23314
2 73 0 0 23250
2 73.1 0 0 23204
2 73.2 0 0 23238
2 73.3 0 0 23315
2 73.4 0 0 23472
2 73.5 0 0 23175
2 73.6 0 0 23373
2 73.7 0 0 23378
2 73.8 0 0 23081
2 73.9 0 0 23190
2 74 0 0 23398
2 74.1 0 0 23225
2 74.2 0 0 23425
2 74.3 0 0 23362
2 74.4 0 0 23361
2 74.5 0 0 23382
2 74.6 0 0 23380
2 74.7 0 0 23132
2 74.8 0 0 23414
2 74.9 0 0 23281
2 75 0 0 23551

3 65 0 0 23159
3 65.1 0 0 23167
3 65.2 0 0 23551
3 65.3 0 0 23421
3 65.4 0 0 23168
3 65.5 0 0 23337
3 65.6 0 0 23182
3 65.7 0 0 23407
3 65.8 0 0 23399
3 65.9 0 0 23240
3 66 0 0 23343
3 66.1 0 0 23373
3 66.2 0 0 23304
3 66.3 0 0 23282
3 66.4 0 0 23226
3 66.5 0 0 23327
3 66.6 0 0 23125
3 66.7 0 0 23451
3 66.8 0 0 23219
3 66.9 0 0 23298
3 67 0 0 23356
3 67.1 0 0 23185
3 67.2 0 0 23346
3 67.3 0 0 23270
3 67.4 0 0 23292
3 67.5 0 0 23554
3 67.6 0 0 23157
3 67.7 0 0 23242
3 67.8 0 0 23273
3 67.9 0 0 23455
3 68 0 0 23559
3 68.1 0 0 23206
3 68.2 0 0 23238
3 68.3 0 0 23065
3 68.4 0 0 23430
3 68.5 0 0 23451
3 68.6 0 0 23146
3 68.7 0.0853453 1976 23153
3 68.8 0.281103 6532 23237
3 68.9 0.506879 11789 23258
3 69 0.62118 14594 23494
3 69.1 0.713297 16699 23411
3 69.2 0.808705 18804 23252
3 69.3 0.889964 20972 23565
3 69.4 0.94459 21957 23245
3 69.5 0.967788 22593 23345
3 69.6 0.970726 22449 23126
3 69.7 0.968904 22590 23315
3 69.8 0.967175 22452 23214
3 69.9 0.969999 22665 23366
3 70 0.973287 22517 23135
3 70.1 0.97052 22617 23304
3 70.2 0.970593 22774 23464
3 70.3 0.970171 22377 23065
3 70.4 0.969813 22553 23255
3 70.5 0.973015 22897 23532
3 70.6 0.972182 22402 23043
3 70.7 0.969554 22642 23353
3 70.8 0.941685 21687 23030
3 70.9 0.877475 20475 23334
3 71 0.630661 14830 23515
3 71.1 0.407566 9546 23422
3 71.2 0.183193 4275 23336
3 71.3 0.00899396 210 23349
3 71.4 0 0 23386
3 71.5 0 0 23250
3 71.6 0 0 23219
3 71.7 0 0 23476
3 71.8 0 0 23479
3 71.9 0 0 23628
3 72 0 0 23349
3 72.1 0 0 23156
3 72.2 0 0 23229
3 72.3 0 0 23307
3 72.4 0 0 23328
3 72.5 0 0 23558
3 72.6 0 0 23235
3 72.7 0 0 23027
3 72.8 0 0 23355
3 72.9 0 0 23381
3 73 0 0 23332
3 73.1 0 0 23602
3 73.2 0 0 23350
3 73.3 0 0 23179
3 73.4 0 0 23300
3 73.5 0 0 23207
3 73.6 0 0 23109
3 73.7 0 0 23144
3 73.8 0 0 23304
3 73.9 0 0 23325
3 74 0 0 23643
3 74.1 0 0 23365
3 74.2 0 0 23552
3 74.3 0 0 23294
3 74.4 0 0 23338
3 74.5 0 0 23358
3 74.6 0 0 23533
3 74.7 0 0 23262
3 74.8 0 0 23398
3 74.9 0 0 23100
3 75 0 0 23088

4 65 0 0 23303
4 65.1 0 0 23214
4 65.2 0 0 23486
4 65.3 0 0 23254
4 65.4 0 0 23553
4 65.5 0 0 23121
4 65.6 0 0 23233
4 65.7 0 0 23229
4 65.8 0 0 23471
4 65.9 0 0 23386
4 66 0 0 23362
4 66.1 0 0 23444
4 66.2 0 0 23205
4 66.3 0 0 23380
4 66.4 0 0 23485
4 66.5 0 0 23226
4 66.6 0 0 23139
4 66.7 0 0 23196
4 66.8 0 0 23125
4 66.9 0 0 23501
4 67 0 0 23240
4 67.1 0 0 23315
4 67.2 0 0 23302
4 67.3 0 0 23065
4 67.4 0 0 23448
4 67.5 0 0 23288
4 67.6 0 0 23312
4 67.7 0 0 23316
4 67.8 0 0 23280
4 67.9 0 0 23299
4 68 0 0 23306
4 68.1 0 0 23269
4 68.2 0 0 23178
4 68.3 0 0 23164
4 68.4 0 0 23345
4 68.5 0 0 23288
4 68.6 0 0 23285
4 68.7 0.126411 2956 23384
4 68.8 0.281297 6559 23317
4 68.9 0.463615 10837 23375
4 69 0.623015 14596 23428
4 69.1 0.711055 16569 23302
4 69.2 0.801088 18695 23337
4 69.3 0.879851 20724 23554
4 69.4 0.927209 21578 23272
4 69.5 0.955551 22164 23195
4 69.6 0.96284 22698 23574
4 69.7 0.961722 22386 23277
4 69.8 0.960193 22674 23614
4 69.9 0.95996 22273 23202
4 70 0.963858 22615 23463
4 70.1 0.960972 22505 23419
4 70.2 0.963512 22551 23405
4 70.3 0.960008 22589 23530
4 70.4 0.96084 22549 23468
4 70.5 0.962105 22342 23222
4 70.6 0.963045 22594 23461
4 70.7 0.955351 22210 23248
4 70.8 0.923117 21468 23256
4 70.9 0.750108 17368 23154
4 71 0.551252 12853 23316
4 71.1 0.368322 8639 23455
4 71.2 0.141644 3287 23206
4 71.3 0.0159467 371 23265
4 71.4 0 0 23304
4 71.5 0 0 23481
4 71.6 0 0 23417
4 71.7 0 0 23534
4 71.8 0 0 23582
4 71.9 0 0 23203
4 72 0 0 23273
4 72.1 0 0 23389
4 72.2 0 0 23258
4 72.3 0 0 23249
4 72.4 0 0 23210
4 72.5 0 0 23348
4 72.6 0 0 23134
4 72.7 0 0 23275
4 72.8 0 0 23677
4 72.9 0 0 23414
4 73 0 0 23173
4 73.1 0 0 23249
4 73.2 0 0 23247
4 73.3 0 0 23501
4 73.4 0 0 23366
4 73.5 0 0 23436
4 73.6 0 0 23174
4 73.7 0 0 23495
4 73.8 0 0 23280
4 73.9 0 0 23183
4 74 0 0 23390
4 74.1 0 0 23398
4 74.2 0 0 23127
4 74.3 0 0 23524
4 74.4 0 0 23396
4 74.5 0 0 23301
4 74.6 0 0 23332
4 74.7 0 0 23473
4 74.8 0 0 23214
4 74.9 0 0 23317
4 75 0 0 23511

5 65 0 0 23085
5 65.1 0 0 23052
5 65.2 0 0 23464
5 65.3 0 0 23222
5 65.4 0 0 23641
5 65.5 0 0 23373
5 65.6 0 0 23591
5 65.7 0 0 23400
5 65.8 0 0 23293
5 65.9 0 0 23344
5 66 0 0 23424
5 66.1 0 0 23316
5 66.2 0 0 23356
5 66.3 0 0 23256
5 66.4 0 0 23460
5 66.5 0 0 23062
5 66.6 0 0 23669
5 66.7 0 0 23413
5 66.8 0 0 23386
5 66.9 0 0 23427
5 67 0 0 23318
5 67.1 0 0 23471
5 67.2 0 0 23405
5 67.3 0 0 23361
5 67.4 0 0 23323
5 67.5 0 0 23170
5 67.6 0 0 23084
5 67.7 0 0 23272
5 67.8 0 0 23453
5 67.9 0 0 23298
5 68 0 0 23174
5 68.1 0 0 23145
5 68.2 0 0 23185
5 68.3 0 0 23352
5 68.4 0 0 23414
5 68.5 0 0 23734
5 68.6 0.0381598 895 23454
5 68.7 0.154791 3617 23367
5 68.8 0.289977 6695 23088
5 68.9 0.439563 10106 22991
5 69 0.613007 14356 23419
5 69.1 0.716494 16637 23220
5 69.2 0.797392 18832 23617
5 69.3 0.865541 20200 23338
5 69.4 0.909956 21333 23444
5 69.5 0.935532 21782 23283
5 69.6 0.948633 21958 23147
5 69.7 0.95361 22242 23324
5 69.8 0.949189 22342 23538
5 69.9 0.950559 22283 23442
5 70 0.951507 22290 23426
5 70.1 0.951897 22381 23512
5 70.2 0.951368 22145 23277
5 70.3 0.951142 22154 23292
5 70.4 0.952364 22032 23134
5 70.5 0.953114 22280 23376
5 70.6 0.949718 22212 23388
5 70.7 0.937221 21856 23320
5 70.8 0.81824 19227 23498
5 70.9 0.666681 15397 23095
5 71 0.493537 11455 23210
5 71.1 0.315169 7357 23343
5 71.2 0.122033 2823 23133
5 71.3 0.0197402 465 23556
5 71.4 0 0 23295
5 71.5 0 0 23325
5 71.6 0 0 23284
5 71.7 0 0 23500
5 71.8 0 0 23281
5 71.9 0 0 23631
5 72 0 0 23334
5 72.1 0 0 23649
5 72.2 0 0 23212
5 72.3 0 0 23265
5 72.4 0 0 23507
5 72.5 0 0 23254
5 72.6 0 0 23526
5 72.7 0 0 23020
5 72.8 0 0 23275
5 72.9 0 0 23513
5 73 0 0 23292
5 73.1 0 0 23479
5 73.2 0 0 23161
5 73.3 0 0 23219
5 73.4 0 0 23188
5 73.5 0 0 23549
5 73.6 0 0 23433
5 73.7 0 0 23263
5 73.8 0 0 23349
5 73.9 0 0 23266
5 74 0 0 23224
5 74.1 0 0 23132
5 74.2 0 0 23249
5 74.3 0 0 23377
5 74.4 0 0 23360
5 74.5 0 0 23306
5 74.6 0 0 23430
5 74.7 0 0 23271
5 74.8 0 0 23168
5 74.9 0 0 23224
5 75 0 0 23520

6 65 0 0 23290
6 65.1 0 0 23289
6 65.2 0 0 23306
6 65.3 0 0 23353
6 65.4 0 0 23181
6 65.5 0 0 23326
6 65.6 0 0 23005
6 65.7 0 0 23339
6 65.8 0 0 23290
6 65.9 0 0 22967
6 66 0 0 23005
6 66.1 0 0 23516
6 66.2 0 0 23393
6 66.3 0 0 23407
6 66.4 0 0 23277
6 66.5 0 0 23247
6 66.6 0 0 23291
6 66.7 0 0 23157
6 66.8 0 0 23400
6 66.9 0 0 23400
6 67 0 0 23294
6 67.1 0 0 23332
6 67.2 0 0 23277
6 67.3 0 0 23176
6 67.4 0 0 23253
6 67.5 0 0 23397
6 67.6 0 0 23191
6 67.7 0 0 23344
6 67.8 0 0 23198
6 67.9 0 0 23252
6 68 0 0 23544
6 68.1 0 0 23188
6 68.2 0 0 23254
6 68.3 0 0 23671
6 68.4 0 0 23212
6 68.5 0 0 23460
6 68.6 0.0738155 1734 23491
6 68.7 0.1739 4079 23456
6 68.8 0.293845 6898 23475
6 68.9 0.427037 9938 23272
6 69 0.584104 13838 23691
6 69.1 0.706467 16638 23551
6 69.2 0.791922 18451 23299
6 69.3 0.84558 19724 23326
6 69.4 0.890877 20810 23359
6 69.5 0.922203 21598 23420
6 69.6 0.937796 22011 23471
6 69.7 0.944364 22049 23348
6 69.8 0.939402 22168 23598
6 69.9 0.944207 22102 23408
6 70 0.943211 22090 23420
6 70.1 0.945312 22212 23497
6 70.2 0.940957 21929 23305
6 70.3 0.94173 21899 23254
6 70.4 0.941441 21800 23156
6 70.5 0.939899 21863 23261
6 70.6 0.941144 22147 23532
6 70.7 0.854685 19921 23308
6 70.8 0.731708 17021 23262
6 70.9 0.598825 13964 23319
6 71 0.451942 10683 23638
6 71.1 0.267247 6268 23454
6 71.2 0.110735 2586 23353
6 71.3 0.0238453 555 23275
6 71.4 0 0 23245
6 71.5 0 0 23332
6 71.6 0 0 23195
6 71.7 0 0 23443
6 71.8 0 0 23343
6 71.9 0 0 23446
6 72 0 0 23193
6 72.1 0 0 23268
6 72.2 0 0 23364
6 72.3 0 0 23272
6 72.4 0 0 23357
6 72.5 0 0 23403
6 72.6 0 0 23449
6 72.7 0 0 23155
6 72.8 0 0 23233
6 72.9 0 0 23259
6 73 0 0 23626
6 73.1 0 0 23503
6 73.2 0 0 23270
6 73.3 0 0 23379
6 73.4 0 0 23341
6 73.5 0 0 23168
6 73.6 0 0 23559
6 73.7 0 0 23364
6 73.8 0 0 23521
6 73.9 0 0 23421
6 74 0 0 23547
6 74.1 0 0 23400
6 74.2 0 0 23575
6 74.3 0 0 23536
6 74.4 0 0 23009
6 74.5 0 0 23122
6 74.6 0 0 23138
6 74.7 0 0 23596
6 74.8 0 0 23262
6 74.9 0 0 23369
6 75 0 0 23467

7 65 0 0 23212
7 65.1 0 0 23214
7 65.2 0 0 23153
7 65.3 0 0 23333
7 65.4 0 0 23217
7 65.5 0 0 23397
7 65.6 0 0 23138
7 65.7 0 0 23300
7 65.8 0 0 23426
7 65.9 0 0 23470
7 66 0 0 23331
7 66.1 0 0 23241
7 66.2 0 0 23253
7 66.3 0 0 23527
7 66.4 0 0 23253
7 66.5 0 0 23303
7 66.6 0 0 23176
7 66.7 0 0 23189
7 66.8 0 0 23270
7 66.9 0 0 23227
7 67 0 0 23343
7 67.1 0 0 23615
7 67.2 0 0 23438
7 67.3 0 0 23146
7 67.4 0 0 23497
7 67.5 0 0 23334
7 67.6 0 0 23522
7 67.7 0 0 23322
7 67.8 0 0 23105
7 67.9 0 0 23368
7 68 0 0 23339
7 68.1 0 0 23539
7 68.2 0 0 23279
7 68.3 0 0 23407
7 68.4 0 0 23338
7 68.5 0.0209025 491 23490
7 68.6 0.0972323 2287 23521
7 68.7 0.193805 4486 23147
7 68.8 0.301212 7033 23349
7 68.9 0.425052 9885 23256
7 69 0.566778 13181 23256
7 69.1 0.708602 16565 23377
7 69.2 0.778478 18151 23316
7 69.3 0.837284 19497 23286
7 69.4 0.871826 20426 23429
7 69.5 0.90445 21156 23391
7 69.6 0.92349 21521 23304
7 69.7 0.932679 22125 23722
7 69.8 0.933463 21661 23205
7 69.9 0.932188 21871 23462
7 70 0.932765 21989 23574
7 70.1 0.931601 21724 23319
7 70.2 0.933679 21610 23145
7 70.3 0.933707 21817 23366
7 70.4 0.933902 21900 23450
7 70.5 0.931431 21707 23305
7 70.6 0.867866 20118 23181
7 70.7 0.778474 18003 23126
7 70.8 0.667097 15502 23238
7 70.9 0.544233 12679 23297
7 71 0.414447 9754 23535
7 71.1 0.238562 5574 23365
7 71.2 0.103013 2414 23434
7 71.3 0.0269761 630 23354
7 71.4 0 0 23270
7 71.5 0 0 23234
7 71.6 0 0 23308
7 71.7 0 0 23395
7 71.8 0 0 23520
7 71.9 0 0 23390
7 72 0 0 23344
7 72.1 0 0 23372
7 72.2 0 0 23336
7 72.3 0 0 23213
7 72.4 0 0 23391
7 72.5 0 0 23163
7 72.6 0 0 23344
7 72.7 0 0 23407
7 72.8 0 0 23293
7 72.9 0 0 23197
7 73 0 0 23048
7 73.1 0 0 23262
7 73.2 0 0 23119
7 73.3 0 0 23536
7 73.4 0 0 23252
7 73.5 0 0 23317
7 73.6 0 0 23298
7 73.7 0 0 23354
7 73.8 0 0 23257
7 73.9 0 0 23282
7 74 0 0 23613
7 74.1 0 0 23114
7 74.2 0 0 23229
7 74.3 0 0 23359
7 74.4 0 0 23272
7 74.5 0 0 23099
7 74.6 0 0 23208
7 74.7 0 0 23437
7 74.8 0 0 23428
7 74.9 0 0 23225
7 75 0 0 23262

8 65 0 0 23482
8 65.1 0 0 23305
8 65.2 0 0 23142
8 65.3 0 0 23280
8 65.4 0 0 23437
8 65.5 0 0 23100
8 65.6 0 0 23491
8 65.7 0 0 23292
8 65.8 0 0 23432
8 65.9 0 0 23258
8 66 0 0 23458
8 66.1 0 0 23427
8 66.2 0 0 23375
8 66.3 0 0 23442
8 66.4 0 0 23300
8 66.5 0 0 23075
8 66.6 0 0 23298
8 66.7 0 0 23183
8 66.8 0 0 23269
8 66.9 0 0 23331
8 67 0 0 23181
8 67.1 0 0 23307
8 67.2 0 0 23492
8 67.3 0 0 23040
8 67.4 0 0 23200
8 67.5 0 0 23373
8 67.6 0 0 23248
8 67.7 0 0 23291
8 67.8 0 0 23230
8 67.9 0 0 23341
8 68 0 0 23412
8 68.1 0 0 23455
8 68.2 0 0 23345
8 68.3 0 0 23409
8 68.4 0 0 23049
8 68.5 0.0478291 1117 23354
8 68.6 0.121885 2847 23358
8 68.7 0.21174 4931 23288
8 68.8 0.316587 7398 23368
8 68.9 0.424381 9953 23453
8 69 0.546014 12863 23558
8 69.1 0.67716 15681 23157
8 69.2 0.762879 18052 23663
8 69.3 0.816023 18966 23242
8 69.4 0.856454 19904 23240
8 69.5 0.889579 20624 23184
8 69.6 0.906947 21033 23191
8 69.7 0.921541 21600 23439
8 69.8 0.921792 21687 23527
8 69.9 0.923869 21710 23499
8 70 0.922689 21566 23373
8 70.1 0.922471 21655 23475
8 70.2 0.920926 21511 23358
8 70.3 0.919167 21412 23295
8 70.4 0.922176 21578 23399
8 70.5 0.875203 20464 23382
8 70.6 0.802061 18603 23194
8 70.7 0.715344 16616 23228
8 70.8 0.609607 14277 23420
8 70.9 0.508956 11934 23448
8 71 0.362121 8449 23332
8 71.1 0.211035 4930 23361
8 71.2 0.0948999 2205 23235
8 71.3 0.0312191 726 23255
8 71.4 0.000257224 6 23326
8 71.5 0 0 23508
8 71.6 0 0 23540
8 71.7 0 0 23265
8 71.8 0 0 23242
8 71.9 0 0 23345
8 72 0 0 23485
8 72.1 0 0 23297
8 72.2 0 0 23208
8 72.3 0 0 23154
8 72.4 0 0 23353
8 72.5 0 0 23436
8 72.6 0 0 23076
8 72.7 0 0 23385
8 72.8 0 0 23439
8 72.9 0 0 23358
8 73 0 0 23209
8 73.1 0 0 23422
8 73.2 0 0 23321
8 73.3 0 0 23207
8 73.4 0 0 23449
8 73.5 0 0 23370
8 73.6 0 0 23419
8 73.7 0 0 23272
8 73.8 0 0 23371
8 73.9 0 0 23076
8 74 0 0 23291
8 74.1 0 0 23306
8 74.2 0 0 23308
8 74.3 0 0 23406
8 74.4 0 0 23423
8 74.5 0 0 23447
8 74.6 0 0 23180
8 74.7 0 0 23284
8 74.8 0 0 23195
8 74.9 0 0 23376
8 75 0 0 23165

9 65 0 0 23224
9 65.1 0 0 23572
9 65.2 0 0 23671
9 65.3 0 0 23343
9 65.4 0 0 23284
9 65.5 0 0 23378
9 65.6 0 0 23532
9 65.7 0 0 23302
9 65.8 0 0 23488
9 65.9 0 0 23315
9 66 0 0 23254
9 66.1 0 0 23171
9 66.2 0 0 23398
9 66.3 0 0 23272
9 66.4 0 0 23374
9 66.5 0 0 23352
9 66.6 0 0 23414
9 66.7 0 0 23411
9 66.8 0 0 23314
9 66.9 0 0 23353
9 67 0 0 23482
9 67.1 0 0 23226
9 67.2 0 0 23350
9 67.3 0 0 23061
9 67.4 0 0 23244
9 67.5 0 0 23631
9 67.6 0 0 23352
9 67.7 0 0 23408
9 67.8 0 0 22957
9 67.9 0 0 23566
9 68 0 0 23415
9 68.1 0 0 23184
9 68.2 0 0 23257
9 68.3 0 0 23225
9 68.4 0.00885641 206 23260
9 68.5 0.0677222 1574 23242
9 68.6 0.141072 3307 23442
9 68.7 0.221309 5170 23361
9 68.8 0.322865 7474 23149
9 68.9 0.430525 10076 23404
9 69 0.533531 12427 23292
9 69.1 0.644558 14946 23188
9 69.2 0.747994 17622 23559
9 69.3 0.799099 18794 23519
9 69.4 0.840063 19660 23403
9 69.5 0.868328 20074 23118
9 69.6 0.896222 20925 23348
9 69.7 0.906543 20962 23123
9 69.8 0.915405 21404 23382
9 69.9 0.912238 21215 23256
9 70 0.911746 21354 23421
9 70.1 0.91187 21325 23386
9 70.2 0.911354 21302 23374
9 70.3 0.913073 21323 23353
9 70.4 0.875781 20474 23378
9 70.5 0.815303 18946 23238
9 70.6 0.744561 17282 23211
9 70.7 0.668335 15623 23376
9 70.8 0.572277 13290 23223
9 70.9 0.4726 10987 23248
9 71 0.317432 7413 23353
9 71.1 0.192746 4448 23077
9 71.2 0.0897007 2092 23322
9 71.3 0.0334104 780 23346
9 71.4 0.00176291 41 23257
9 71.5 0 0 23377
9 71.6 0 0 23583
9 71.7 0 0 23252
9 71.8 0 0 23510
9 71.9 0 0 23306
9 72 0 0 23345
9 72.1 0 0 23364
9 72.2 0 0 23180
9 72.3 0 0 23344
9 72.4 0 0 23445
9 72.5 0 0 23408
9 72.6 0 0 23359
9 72.7 0 0 23494
9 72.8 0 0 23600
9 72.9 0 0 23290
9 73 0 0 23434
9 73.1 0 0 23177
9 73.2 0 0 23524
9 73.3 0 0 23367
9 73.4 0 0 23387
9 73.5 0 0 23203
9 73.6 0 0 23353
9 73.7 0 0 23375
9 73.8 0 0 23100
9 73.9 0 0 23437
9 74 0 0 23495
9 74.1 0 0 23514
9 74.2 0 0 23493
9 74.3 0 0 23255
9 74.4 0 0 23299
9 74.5 0 0 23081
9 74.6 0 0 23404
9 74.7 0 0 23343
9 74.8 0 0 23106
9 74.9 0 0 23384
9 75 0 0 23403

10 65 0 0 23378
10 65.1 0 0 23457
10 65.2 0 0 23184
10 65.3 0 0 23178
10 65.4 0 0 23303
10 65.5 0 0 23449
10 65.6 0 0 23198
10 65.7 0 0 23280
10 65.8 0 0 23141
10 65.9 0 0 23255
10 66 0 0 23399
10 66.1 0 0 23348
10 66.2 0 0 22962
10 66.3 0 0 23234
10 66.4 0 0 23285
10 66.5 0 0 23189
10 66.6 0 0 23526
10 66.7 0 0 23402
10 66.8 0 0 23002
10 66.9 0 0 23435
10 67 0 0 23410
10 67.1 0 0 23376
10 67.2 0 0 23380
10 67.3 0 0 23502
10 67.4 0 0 23478
10 67.5 0 0 23232
10 67.6 0 0 23542
10 67.7 0 0 23501
10 67.8 0 0 23303
10 67.9 0 0 23400
10 68 0 0 23190
10 68.1 0 0 23364
10 68.2 0 0 23082
10 68.3 0 0 23284
10 68.4 0.0312 721 23109
10 68.5 0.0918135 2141 23319
10 68.6 0.16252 3776 23234
10 68.7 0.243654 5673 23283
10 68.8 0.327107 7618 23289
10 68.9 0.429297 10064 23443
10 69 0.521728 12330 23633
10 69.1 0.618809 14568 23542
10 69.2 0.713907 16447 23038
10 69.3 0.791325 18517 23400
10 69.4 0.820982 19055 23210
10 69.5 0.854445 19906 23297
10 69.6 0.87935 20568 23390
10 69.7 0.894615 20832 23286
10 69.8 0.902877 21149 23424
10 69.9 0.901519 20835 23111
10 70 0.905175 21077 23285
10 70.1 0.902418 21011 23283
10 70.2 0.902492 20862 23116
10 70.3 0.875517 20326 23216
10 70.4 0.825692 19199 23252
10 70.5 0.767211 18087 23575
10 70.6 0.700529 16302 23271
10 70.7 0.626212 14592 23302
10 70.8 0.538898 12545 23279
10 70.9 0.424676 9968 23472
10 71 0.286498 6688 23344
10 71.1 0.173729 4030 23197
10 71.2 0.08761 2040 23285
10 71.3 0.0333633 779 23349
10 71.4 0.00382588 90 23524
10 71.5 0 0 23176
10 71.6 0 0 23353
10 71.7 0 0 23173
10 71.8 0 0 23321
10 71.9 0 0 23316
10 72 0 0 23299
10 72.1 0 0 23421
10 72.2 0 0 23476
10 72.3 0 0 23314
10 72.4 0 0 23403
10 72.5 0 0 23494
10 72.6 0 0 23205
10 72.7 0 0 23475
10 72.8 0 0 23371
10 72.9 0 0 23118
10 73 0 0 23347
10 73.1 0 0 23303
10 73.2 0 0 23428
10 73.3 0 0 23378
10 73.4 0 0 23281
10 73.5 0 0 23201
10 73.6 0 0 23437
10 73.7 0 0 23583
10 73.8 0 0 23324
10 73.9 0 0 23332
10 74 0 0 23397
10 74.1 0 0 23462
10 74.2 0 0 23469
10 74.3 0 0 23327
10 74.4 0 0 23282
10 74.5 0 0 23372
10 74.6 0 0 23329
10 74.7 0 0 23234
10 74.8 0 0 23277
10 74.9 0 0 23124
10 75 0 0 23119

11 65 0 0 23479
11 65.1 0 0 23393
11 65.2 0 0 23411
11 65.3 0 0 23403
11 65.4 0 0 23211
11 65.5 0 0 23337
11 65.6 0 0 23446
11 65.7 0 0 23219
11 65.8 0 0 23132
11 65.9 0 0 23149
11 66 0 0 23009
11 66.1 0 0 23374
11 66.2 0 0 23294
11 66.3 0 0 23416
11 66.4 0 0 23101
11 66.5 0 0 23165
11 66.6 0 0 23225
11 66.7 0 0 23124
11 66.8 0 0 23247
11 66.9 0 0 23326
11 67 0 0 23376
11 67.1 0 0 23222
11 67.2 0 0 23441
11 67.3 0 0 23285
11 67.4 0 0 23439
11 67.5 0 0 23344
11 67.6 0 0 23366
11 67.7 0 0 23371
11 67.8 0 0 23468
11 67.9 0 0 23277
11 68 0 0 23442
11 68.1 0 0 23238
11 68.2 0 0 23163
11 68.3 0.00188058 44 23397
11 68.4 0.0510693 1182 23145
11 68.5 0.111111 2578 23202
11 68.6 0.177539 4145 23347
11 68.7 0.252179 5960 23634
11 68.8 0.342362 8026 23443
11 68.9 0.428882 10050 23433
11 69 0.513427 11969 23312
11 69.1 0.60176 14086 23408
11 69.2 0.689225 15928 23110
11 69.3 0.766694 17785 23197
11 69.4 0.80588 18831 23367
11 69.5 0.836991 19450 23238
11 69.6 0.863902 20249 23439
11 69.7 0.879952 20744 23574
11 69.8 0.89064 20906 23473
11 69.9 0.893248 20969 23475
11 70 0.897008 20929 23332
11 70.1 0.892169 20825 23342
11 70.2 0.865629 20241 23383
11 70.3 0.823562 19231 23351
11 70.4 0.773244 18097 23404
11 70.5 0.727631 16988 23347
11 70.6 0.661673 15370 23229
11 70.7 0.583287 13506 23155
11 70.8 0.500235 11712 23413
11 70.9 0.384276 8979 23366
11 71 0.261324 6046 23136
11 71.1 0.158645 3708 23373
11 71.2 0.0833944 1936 23215
11 71.3 0.0337457 791 23440
11 71.4 0.00687007 161 23435
11 71.5 0 0 23163
11 71.6 0 0 23376
11 71.7 0 0 23240
11 71.8 0 0 23268
11 71.9 0 0 23515
11 72 0 0 23300
11 72.1 0 0 23354
11 72.2 0 0 23284
11 72.3 0 0 23266
11 72.4 0 0 23436
11 72.5 0 0 23405
11 72.6 0 0 23377
11 72.7 0 0 23505
11 72.8 0 0 23401
11 72.9 0 0 23204
11 73 0 0 23097
11 73.1 0 0 23248
11 73.2 0 0 23502
11 73.3 0 0 23164
11 73.4 0 0 23453
11 73.5 0 0 23296
11 73.6 0 0 23394
11 73.7 0 0 23427
11 73.8 0 0 23168
11 73.9 0 0 23450
11 74 0 0 23443
11 74.1 0 0 23366
11 74.2 0 0 23137
11 74.3 0 0 23272
11 74.4 0 0 23421
11 74.5 0 0 23389
11 74.6 0 0 23209
11 74.7 0 0 23419
11 74.8 0 0 23247
11 74.9 0 0 23379
11 75 0 0 23337

12 65 0 0 23352
12 65.1 0 0 23304
12 65.2 0 0 23229
12 65.3 0 0 23525
12 65.4 0 0 23259
12 65.5 0 0 23409
12 65.6 0 0 23433
12 65.7 0 0 23309
12 65.8 0 0 23233
12 65.9 0 0 23422
12 66 0 0 23402
12 66.1 0 0 23333
12 66.2 0 0 23374
12 66.3 0 0 23162
12 66.4 0 0 23434
12 66.5 0 0 23366
12 66.6 0 0 23433
12 66.7 0 0 23297
12 66.8 0 0 23452
12 66.9 0 0 23616
12 67 0 0 23131
12 67.1 0 0 23479
12 67.2 0 0 23098
12 67.3 0 0 23411
12 67.4 0 0 23278
12 67.5 0 0 23273
12 67.6 0 0 23399
12 67.7 0 0 23368
12 67.8 0 0 23200
12 67.9 0 0 23466
12 68 0 0 23264
12 68.1 0 0 23580
12 68.2 0 0 23114
12 68.3 0.0203647 478 23472
12 68.4 0.0712963 1655 23213
12 68.5 0.122082 2850 23345
12 68.6 0.196689 4621 23494
12 68.7 0.264494 6145 23233
12 68.8 0.346207 8050 23252
12 68.9 0.418631 9770 23338
12 69 0.504026 11705 23223
12 69.1 0.578823 13519 23356
12 69.2 0.662888 15379 23200
12 69.3 0.745525 17411 23354
12 69.4 0.789907 18329 23204
12 69.5 0.821975 19189 23345
12 69.6 0.846553 19745 23324
12 69.7 0.860996 20112 23359
12 69.8 0.879679 20705 23537
12 69.9 0.884488 20789 23504
12 70 0.882322 20424 23148
12 70.1 0.863293 20094 23276
12 70.2 0.822107 19174 23323
12 70.3 0.779722 18226 23375
12 70.4 0.730424 17089 23396
12 70.5 0.687635 15916 23146
12 70.6 0.620246 14564 23481
12 70.7 0.550689 12863 23358
12 70.8 0.456356 10655 23348
12 70.9 0.349979 8235 23530
12 71 0.239481 5595 23363
12 71.1 0.148632 3460 23279
12 71.2 0.083866 1942 23156
12 71.3 0.0378678 888 23450
12 71.4 0.00841377 197 23414
12 71.5 0 0 23369
12 71.6 0 0 23300
12 71.7 0 0 23189
12 71.8 0 0 23657
12 71.9 0 0 23058
12 72 0 0 23374
12 72.1 0 0 23212
12 72.2 0 0 23154
12 72.3 0 0 23408
12 72.4 0 0 23498
12 72.5 0 0 23358
12 72.6 0 0 23254
12 72.7 0 0 23318
12 72.8 0 0 23290
12 72.9 0 0 23516
12 73 0 0 23403
12 73.1 0 0 23653
12 73.2 0 0 23294
12 73.3 0 0 23109
12 73.4 0 0 23249
12 73.5 0 0 23144
12 73.6 0 0 23281
12 73.7 0 0 23323
12 73.8 0 0 23438
12 73.9 0 0 23260
12 74 0 0 23332
12 74.1 0 0 23357
12 74.2 0 0 23367
12 74.3 0 0 23406
12 74.4 0 0 23319
12 74.5 0 0 23245
12 74.6 0 0 23235
12 74.7 0 0 23359
12 74.8 0 0 22964
12 74.9 0 0 23342
12 75 0 0 23358

13 65 0 0 23404
13 65.1 0 0 23314
13 65.2 0 0 23355
13 65.3 0 0 23513
13 65.4 0 0 23371
13 65.5 0 0 23335
13 65.6 0 0 23502
13 65.7 0 0 23403
13 65.8 0 0 23442
13 65.9 0 0 23431
13 66 0 0 23454
13 66.1 0 0 23535
13 66.2 0 0 23288
13 66.3 0 0 23485
13 66.4 0 0 23225
13 66.5 0 0 23287
13 66.6 0 0 23452
13 66.7 0 0 23161
13 66.8 0 0 23348
13 66.9 0 0 23430
13 67 0 0 23524
13 67.1 0 0 23346
13 67.2 0 0 23286
13 67.3 0 0 23251
13 67.4 0 0 23474
13 67.5 0 0 23012
13 67.6 0 0 23396
13 67.7 0 0 23488
13 67.8 0 0 23319
13 67.9 0 0 23175
13 68 0 0 23129
13 68.1 0 0 23266
13 68.2 0 0 23288
13 68.3 0.0383076 890 23233
13 68.4 0.089774 2085 23225
13 68.5 0.142735 3335 23365
13 68.6 0.209756 4928 23494
13 68.7 0.278419 6515 23400
13 68.8 0.347813 8103 23297
13 68.9 0.418728 9766 23323
13 69 0.491713 11452 23290
13 69.1 0.568448 13350 23485
13 69.2 0.639046 14877 23280
13 69.3 0.706798 16479 23315
13 69.4 0.772395 17874 23141
13 69.5 0.806331 18902 23442
13 69.6 0.83172 19330 23241
13 69.7 0.849322 19779 23288
13 69.8 0.863617 20086 23258
13 69.9 0.869926 20211 23233
13 70 0.856015 19845 23183
13 70.1 0.821357 19191 23365
13 70.2 0.779043 18193 23353
13 70.3 0.74187 17247 23248
13 70.4 0.700699 16348 23331
13 70.5 0.649708 15133 23292
13 70.6 0.582538 13604 23353
13 70.7 0.511318 11769 23017
13 70.8 0.419508 9806 23375
13 70.9 0.322352 7564 23465
13 71 0.217082 5040 23217
13 71.1 0.138397 3218 23252
13 71.2 0.0798966 1854 23205
13 71.3 0.0386957 890 23000
13 71.4 0.00976848 227 23238
13 71.5 0 0 23374
13 71.6 0 0 23474
13 71.7 0 0 23427
13 71.8 0 0 23275
13 71.9 0 0 23426
13 72 0 0 23326
13 72.1 0 0 23287
13 72.2 0 0 23298
13 72.3 0 0 23258
13 72.4 0 0 23291
13 72.5 0 0 23534
13 72.6 0 0 23256
13 72.7 0 0 23338
13 72.8 0 0 23391
13 72.9 0 0 23422
13 73 0 0 23205
13 73.1 0 0 23412
13 73.2 0 0 23459
13 73.3 0 0 23294
13 73.4 0 0 23262
13 73.5 0 0 23465
13 73.6 0 0 23308
13 73.7 0 0 23377
13 73.8 0 0 23379
13 73.9 0 0 23453
13 74 0 0 23253
13 74.1 0 0 23412
13 74.2 0 0 23230
13 74.3 0 0 23407
13 74.4 0 0 23247
13 74.5 0 0 23408
13 74.6 0 0 23607
13 74.7 0 0 23397
13 74.8 0 0 23374
13 74.9 0 0 22989
13 75 0 0 23143

14 65 0 0 23295
14 65.1 0 0 23421
14 65.2 0 0 23521
14 65.3 0 0 23254
14 65.4 0 0 23425
14 65.5 0 0 23518
14 65.6 0 0 23605
14 65.7 0 0 23546
14 65.8 0 0 23483
14 65.9 0 0 23282
14 66 0 0 23176
14 66.1 0 0 23414
14 66.2 0 0 23566
14 66.3 0 0 23347
14 66.4 0 0 23493
14 66.5 0 0 23304
14 66.6 0 0 23463
14 66.7 0 0 23367
14 66.8 0 0 23487
14 66.9 0 0 23256
14 67 0 0 23422
14 67.1 0 0 23348
14 67.2 0 0 23503
14 67.3 0 0 23504
14 67.4 0 0 23495
14 67.5 0 0 23462
14 67.6 0 0 23087
14 67.7 0 0 23538
14 67.8 0 0 23298
14 67.9 0 0 23355
14 68 0 0 23370
14 68.1 0 0 23601
14 68.2 0.0123462 288 23327
14 68.3 0.0563566 1325 23511
14 68.4 0.103361 2414 23355
14 68.5 0.156053 3612 23146
14 68.6 0.220042 5114 23241
14 68.7 0.281003 6587 23441
14 68.8 0.352527 8155 23133
14 68.9 0.41526 9715 23395
14 69 0.481619 11123 23095
14 69.1 0.551138 12933 23466
14 69.2 0.616129 14394 23362
14 69.3 0.68384 16034 23447
14 69.4 0.743921 17439 23442
14 69.5 0.786244 18439 23452
14 69.6 0.816375 18855 23096
14 69.7 0.834108 19378 23232
14 69.8 0.850982 19890 23373
14 69.9 0.845273 19705 23312
14 70 0.813041 18991 23358
14 70.1 0.775483 17909 23094
14 70.2 0.738965 17277 23380
14 70.3 0.705579 16670 23626
14 70.4 0.658512 15423 23421
14 70.5 0.601599 13992 23258
14 70.6 0.554964 12929 23297
14 70.7 0.480044 11222 23377
14 70.8 0.387392 8972 23160
14 70.9 0.286553 6636 23158
14 71 0.20513 4798 23390
14 71.1 0.135767 3154 23231
14 71.2 0.080063 1881 23494
14 71.3 0.0393489 909 23101
14 71.4 0.0132467 308 23251
14 71.5 0.000170984 4 23394
14 71.6 0 0 23290
14 71.7 0 0 23331
14 71.8 0 0 23351
14 71.9 0 0 23434
14 72 0 0 23511
14 72.1 0 0 23315
14 72.2 0 0 23523
14 72.3 0 0 23258
14 72.4 0 0 23229
14 72.5 0 0 23475
14 72.6 0 0 23323
14 72.7 0 0 23319
14 72.8 0 0 23148
14 72.9 0 0 23112
14 73 0 0 23229
14 73.1 0 0 23331
14 73.2 0 0 23384
14 73.3 0 0 23297
14 73.4 0 0 23336
14 73.5 0 0 23172
14 73.6 0 0 23406
14 73.7 0 0 23335
14 73.8 0 0 23168
14 73.9 0 0 23042
14 74 0 0 23491
14 74.1 0 0 23316
14 74.2 0 0 23232
14 74.3 0 0 23275
14 74.4 0 0 23241
14 74.5 0 0 23457
14 74.6 0 0 23258
14 74.7 0 0 23307
14 74.8 0 0 23338
14 74.9 0 0 23441
14 75 0 0 23302

15 65 0 0 23194
15 65.1 0 0 23483
15 65.2 0 0 23269
15 65.3 0 0 23392
15 65.4 0 0 23535
15 65.5 0 0 23471
15 65.6 0 0 23177
15 65.7 0 0 23508
15 65.8 0 0 23411
15 65.9 0 0 23229
15 66 0 0 23183
15 66.1 0 0 23416
15 66.2 0 0 23469
15 66.3 0 0 23243
15 66.4 0 0 23399
15 66.5 0 0 23471
15 66.6 0 0 23272
15 66.7 0 0 23795
15 66.8 0 0 23083
15 66.9 0 0 23373
15 67 0 0 23156
15 67.1 0 0 23315
15 67.2 0 0 23397
15 67.3 0 0 23473
15 67.4 0 0 23223
15 67.5 0 0 23422
15 67.6 0 0 23335
15 67.7 0 0 23432
15 67.8 0 0 23223
15 67.9 0 0 23354
15 68 0 0 23276
15 68.1 0 0 23181
15 68.2 0.0267842 629 23484
15 68.3 0.0691483 1618 23399
15 68.4 0.111426 2597 23307
15 68.5 0.173135 4055 23421
15 68.6 0.234853 5477 23321
15 68.7 0.290219 6783 23372
15 68.8 0.356038 8353 23461
15 68.9 0.413001 9746 23598
15 69 0.477564 11090 23222
15 69.1 0.53442 12460 23315
15 69.2 0.595525 13868 23287
15 69.3 0.660378 15437 23376
15 69.4 0.724334 16827 23231
15 69.5 0.767266 17809 23211
15 69.6 0.797877 18565 23268
15 69.7 0.818267 19127 23375
15 69.8 0.822492 19308 23475
15 69.9 0.799777 18634 23299
15 70 0.768665 17966 23373
15 70.1 0.745402 17347 23272
15 70.2 0.714243 16684 23359
15 70.3 0.676361 15791 23347
15 70.4 0.630995 14841 23520
15 70.5 0.581086 13659 23506
15 70.6 0.530215 12424 23432
15 70.7 0.444863 10400 23378
15 70.8 0.354437 8224 23203
15 70.9 0.266573 6249 23442
15 71 0.18682 4363 23354
15 71.1 0.128272 3004 23419
15 71.2 0.0781909 1836 23481
15 71.3 0.0381504 896 23486
15 71.4 0.0145932 337 23093
15 71.5 0.000988694 23 23263
15 71.6 0 0 23224
15 71.7 0 0 23175
15 71.8 0 0 23404
15 71.9 0 0 23597
15 72 0 0 23294
15 72.1 0 0 23460
15 72.2 0 0 23265
15 72.3 0 0 23213
15 72.4 0 0 23307
15 72.5 0 0 23360
15 72.6 0 0 23143
15 72.7 0 0 23388
15 72.8 0 0 23398
15 72.9 0 0 23313
15 73 0 0 23351
15 73.1 0 0 23443
15 73.2 0 0 23462
15 73.3 0 0 23272
15 73.4 0 0 23375
15 73.5 0 0 23487
15 73.6 0 0 23456
15 73.7 0 0 23234
15 73.8 0 0 23414
15 73.9 0 0 23468
15 74 0 0 23027
15 74.1 0 0 23219
15 74.2 0 0 23058
15 74.3 0 0 23567
15 74.4 0 0 23445
15 74.5 0 0 23389
15 74.6 0 0 23366
15 74.7 0 0 23298
15 74.8 0 0 23106
15 74.9 0 0 23427
15 75 0 0 23289

16 65 0 0 23329
16 65.1 0 0 23321
16 65.2 0 0 23186
16 65.3 0 0 23093
16 65.4 0 0 23404
16 65.5 0 0 23310
16 65.6 0 0 23414
16 65.7 0 0 23492
16 65.8 0 0 23301
16 65.9 0 0 23297
16 66 0 0 23347
16 66.1 0 0 23329
16 66.2 0 0 23272
16 66.3 0 0 23206
16 66.4 0 0 22892
16 66.5 0 0 23250
16 66.6 0 0 23251
16 66.7 0 0 23176
16 66.8 0 0 23379
16 66.9 0 0 23341
16 67 0 0 23366
16 67.1 0 0 23510
16 67.2 0 0 23482
16 67.3 0 0 23345
16 67.4 0 0 23218
16 67.5 0 0 23385
16 67.6 0 0 23337
16 67.7 0 0 23247
16 67.8 0 0 23438
16 67.9 0 0 23207
16 68 0 0 23407
16 68.1 0.00664324 155 23332
16 68.2 0.0408365 951 23288
16 68.3 0.0818042 1917 23434
16 68.4 0.12864 3013 23422
16 68.5 0.183915 4290 23326
16 68.6 0.242829 5697 23461
16 68.7 0.298796 6901 23096
16 68.8 0.355276 8290 23334
16 68.9 0.406083 9493 23377
16 69 0.466338 10889 23350
16 69.1 0.521626 12181 23352
16 69.2 0.580814 13508 23257
16 69.3 0.635222 14821 23332
16 69.4 0.689624 16031 23246
16 69.5 0.7495 17602 23485
16 69.6 0.784092 18267 23297
16 69.7 0.793192 18433 23239
16 69.8 0.784236 18457 23535
16 69.9 0.768429 17919 23319
16 70 0.74267 17426 23464
16 70.1 0.70938 16525 23295
16 70.2 0.683197 15898 23270
16 70.3 0.643149 14932 23217
16 70.4 0.604828 14081 23281
16 70.5 0.553772 12904 23302
16 70.6 0.496361 11663 23497
16 70.7 0.413462 9515 23013
16 70.8 0.319295 7430 23270
16 70.9 0.247014 5770 23359
16 71 0.17747 4145 23356
16 71.1 0.120555 2841 23566
16 71.2 0.0761326 1793 23551
16 71.3 0.0423344 980 23149
16 71.4 0.0164019 382 23290
16 71.5 0.00188405 44 23354
16 71.6 0 0 23278
16 71.7 0 0 23615
16 71.8 0 0 23380
16 71.9 0 0 23206
16 72 0 0 23296
16 72.1 0 0 23235
16 72.2 0 0 23402
16 72.3 0 0 23271
16 72.4 0 0 23407
16 72.5 0 0 23306
16 72.6 0 0 23302
16 72.7 0 0 23308
16 72.8 0 0 23215
16 72.9 0 0 23425
16 73 0 0 23284
16 73.1 0 0 23376
16 73.2 0 0 23376
16 73.3 0 0 23441
16 73.4 0 0 23213
16 73.5 0 0 23429
16 73.6 0 0 23381
16 73.7 0 0 23245
16 73.8 0 0 23170
16 73.9 0 0 23096
16 74 0 0 23609
16 74.1 0 0 23396
16 74.2 0 0 23329
16 74.3 0 0 23204
16 74.4 0 0 23431
16 74.5 0 0 23484
16 74.6 0 0 23370
16 74.7 0 0 23525
16 74.8 0 0 23393
16 74.9 0 0 23460
16 75 0 0 23301

17 65 0 0 23051
17 65.1 0 0 23139
17 65.2 0 0 23304
17 65.3 0 0 23357
17 65.4 0 0 23235
17 65.5 0 0 23101
17 65.6 0 0 23264
17 65.7 0 0 23220
17 65.8 0 0 23302
17 65.9 0 0 23246
17 66 0 0 23259
17 66.1 0 0 23176
17 66.2 0 0 23314
17 66.3 0 0 23307
17 66.4 0 0 23523
17 66.5 0 0 23136
17 66.6 0 0 23377
17 66.7 0 0 23303
17 66.8 0 0 23502
17 66.9 0 0 23379
17 67 0 0 23405
17 67.1 0 0 23262
17 67.2 0 0 23108
17 67.3 0 0 23500
17 67.4 0 0 23262
17 67.5 0 0 23387
17 67.6 0 0 23476
17 67.7 0 0 23280
17 67.8 0 0 23347
17 67.9 0 0 23389
17 68 0 0 23242
17 68.1 0.02077 485 23351
17 68.2 0.0588108 1362 23159
17 68.3 0.0942424 2213 23482
17 68.4 0.143041 3341 23357
17 68.5 0.197423 4627 23437
17 68.6 0.250269 5821 23259
17 68.7 0.301462 7091 23522
17 68.8 0.353046 8304 23521
17 68.9 0.407471 9490 23290
17 69 0.454514 10492 23084
17 69.1 0.507201 11938 23537
17 69.2 0.563799 13017 23088
17 69.3 0.611898 14297 23365
17 69.4 0.67457 15704 23280
17 69.5 0.724211 16793 23188
17 69.6 0.765957 18000 23500
17 69.7 0.762013 17825 23392
17 69.8 0.746146 17377 23289
17 69.9 0.732164 17077 23324
17 70 0.709636 16416 23133
17 70.1 0.684987 15978 23326
17 70.2 0.653646 15328 23450
17 70.3 0.617636 14520 23509
17 70.4 0.577289 13482 23354
17 70.5 0.531465 12381 23296
17 70.6 0.460094 10878 23643
17 70.7 0.380243 8884 23364
17 70.8 0.301333 7006 23250
17 70.9 0.227909 5308 23290
17 71 0.169132 3910 23118
17 71.1 0.116027 2725 23486
17 71.2 0.0762501 1778 23318
17 71.3 0.0464626 1079 23223
17 71.4 0.0184505 427 23143
17 71.5 0.00353646 82 23187
17 71.6 0 0 23553
17 71.7 0 0 23084
17 71.8 0 0 23520
17 71.9 0 0 23339
17 72 0 0 23317
17 72.1 0 0 23456
17 72.2 0 0 23578
17 72.3 0 0 23331
17 72.4 0 0 23246
17 72.5 0 0 23264
17 72.6 0 0 23545
17 72.7 0 0 23281
17 72.8 0 0 23317
17 72.9 0 0 23079
17 73 0 0 23531
17 73.1 0 0 23241
17 73.2 0 0 23514
17 73.3 0 0 23429
17 73.4 0 0 23392
17 73.5 0 0 23431
17 73.6 0 0 23408
17 73.7 0 0 23383
17 73.8 0 0 23422
17 73.9 0 0 23078
17 74 0 0 23250
17 74.1 0 0 23481
17 74.2 0 0 23277
17 74.3 0 0 23460
17 74.4 0 0 23382
17 74.5 0 0 23292
17 74.6 0 0 23055
17 74.7 0 0 23495
17 74.8 0 0 23457
17 74.9 0 0 23218
17 75 0 0 23493

18 65 0 0 23547
18 65.1 0 0 23384
18 65.2 0 0 23509
18 65.3 0 0 23376
18 65.4 0 0 23553
18 65.5 0 0 23570
18 65.6 0 0 23511
18 65.7 0 0 22980
18 65.8 0 0 23095
18 65.9 0 0 23344
18 66 0 0 23173
18 66.1 0 0 23365
18 66.2 0 0 23322
18 66.3 0 0 23044
18 66.4 0 0 23511
18 66.5 0 0 23088
18 66.6 0 0 23191
18 66.7 0 0 23445
18 66.8 0 0 23350
18 66.9 0 0 23567
18 67 0 0 23255
18 67.1 0 0 23444
18 67.2 0 0 23297
18 67.3 0 0 23363
18 67.4 0 0 23192
18 67.5 0 0 23411
18 67.6 0 0 23146
18 67.7 0 0 23266
18 67.8 0 0 23218
18 67.9 0 0 23498
18 68 0.00262185 61 23266
18 68.1 0.0341606 797 23331
18 68.2 0.0694556 1637 23569
18 68.3 0.110894 2607 23509
18 68.4 0.158003 3684 23316
18 68.5 0.204051 4725 23156
18 68.6 0.25028 5820 23254
18 68.7 0.306442 7202 23502
18 68.8 0.358419 8368 23347
18 68.9 0.403015 9385 23287
18 69 0.445074 10449 23477
18 69.1 0.502411 11773 23433
18 69.2 0.548976 12756 23236
18 69.3 0.598398 13817 23090
18 69.4 0.649175 15192 23402
18 69.5 0.690742 16086 23288
18 69.6 0.729236 17121 23478
18 69.7 0.726405 16979 23374
18 69.8 0.720813 17102 23726
18 69.9 0.700452 16579 23669
18 70 0.68776 16031 23309
18 70.1 0.662721 15397 23233
18 70.2 0.627523 14583 23239
18 70.3 0.592962 13749 23187
18 70.4 0.546706 12753 23327
18 70.5 0.500772 11669 23302
18 70.6 0.426654 9854 23096
18 70.7 0.351473 8209 23356
18 70.8 0.277045 6446 23267
18 70.9 0.214189 5051 23582
18 71 0.153607 3601 23443
18 71.1 0.109555 2566 23422
18 71.2 0.0708285 1644 23211
18 71.3 0.0425889 989 23222
18 71.4 0.0202145 473 23399
18 71.5 0.00484179 114 23545
18 71.6 0 0 23240
18 71.7 0 0 23379
18 71.8 0 0 23434
18 71.9 0 0 23273
18 72 0 0 23297
18 72.1 0 0 23285
18 72.2 0 0 23203
18 72.3 0 0 23178
18 72.4 0 0 23291
18 72.5 0 0 23398
18 72.6 0 0 23445
18 72.7 0 0 23348
18 72.8 0 0 23377
18 72.9 0 0 23291
18 73 0 0 23424
18 73.1 0 0 23326
18 73.2 0 0 23309
18 73.3 0 0 23220
18 73.4 0 0 23551
18 73.5 0 0 23426
18 73.6 0 0 23335
18 73.7 0 0 23400
18 73.8 0 0 23495
18 73.9 0 0 23346
18 74 0 0 23572
18 74.1 0 0 23180
18 74.2 0 0 23732
18 74.3 0 0 23557
18 74.4 0 0 23301
18 74.5 0 0 23338
18 74.6 0 0 23129
18 74.7 0 0 23674
18 74.8 0 0 23214
18 74.9 0 0 23236
18 75 0 0 23294

19 65 0 0 23367
19 65.1 0 0 23421
19 65.2 0 0 23299
19 65.3 0 0 23385
19 65.4 0 0 23352
19 65.5 0 0 23213
19 65.6 0 0 23256
19 65.7 0 0 23289
19 65.8 0 0 23464
19 65.9 0 0 23444
19 66 0 0 23237
19 66.1 0 0 23107
19 66.2 0 0 23451
19 66.3 0 0 23298
19 66.4 0 0 23055
19 66.5 0 0 23551
19 66.6 0 0 23366
19 66.7 0 0 23346
19 66.8 0 0 23239
19 66.9 0 0 23301
19 67 0 0 23485
19 67.1 0 0 23379
19 67.2 0 0 23252
19 67.3 0 0 23289
19 67.4 0 0 23572
19 67.5 0 0 23482
19 67.6 0 0 23392
19 67.7 0 0 23399
19 67.8 0 0 23330
19 67.9 0 0 23368
19 68 0.0141249 330 23363
19 68.1 0.0462591 1082 23390
19 68.2 0.08272 1922 23235
19 68.3 0.122641 2866 23369
19 68.4 0.166759 3902 23399
19 68.5 0.210476 4878 23176
19 68.6 0.251656 5850 23246
19 68.7 0.303876 7032 23141
19 68.8 0.351279 8156 23218
19 68.9 0.395904 9259 23387
19 69 0.4464 10423 23349
19 69.1 0.490222 11381 23216
19 69.2 0.529684 12473 23548
19 69.3 0.576472 13603 23597
19 69.4 0.628883 14514 23079
19 69.5 0.667589 15438 23125
19 69.6 0.688252 16006 23256
19 69.7 0.691548 16037 23190
19 69.8 0.688102 16158 23482
19 69.9 0.672791 15783 23459
19 70 0.659397 15329 23247
19 70.1 0.633704 14771 23309
19 70.2 0.609169 14271 23427
19 70.3 0.568038 13329 23465
19 70.4 0.529714 12283 23188
19 70.5 0.468475 10915 23299
19 70.6 0.399505 9358 23424
19 70.7 0.325944 7616 23366
19 70.8 0.262922 6094 23178
19 70.9 0.20033 4740 23661
19 71 0.150056 3487 23238
19 71.1 0.108505 2530 23317
19 71.2 0.0724021 1684 23259
19 71.3 0.0417931 978 23401
19 71.4 0.0205532 480 23354
19 71.5 0.00640697 150 23412
19 71.6 0 0 23177
19 71.7 0 0 23246
19 71.8 0 0 23224
19 71.9 0 0 23165
19 72 0 0 23273
19 72.1 0 0 23051
19 72.2 0 0 23219
19 72.3 0 0 23150
19 72.4 0 0 23126
19 72.5 0 0 23359
19 72.6 0 0 23262
19 72.7 0 0 23524
19 72.8 0 0 23200
19 72.9 0 0 23427
19 73 0 0 23488
19 73.1 0 0 23375
19 73.2 0 0 23460
19 73.3 0 0 23416
19 73.4 0 0 23431
19 73.5 0 0 23334
19 73.6 0 0 23544
19 73.7 0 0 23108
19 73.8 0 0 23264
19 73.9 0 0 23389
19 74 0 0 23369
19 74.1 0 0 23188
19 74.2 0 0 23382
19 74.3 0 0 23196
19 74.4 0 0 23351
19 74.5 0 0 23331
19 74.6 0 0 23228
19 74.7 0 0 23241
19 74.8 0 0 23214
19 74.9 0 0 23373
19 75 0 0 23409

20 65 0 0 23300
20 65.1 0 0 23146
20 65.2 0 0 23530
20 65.3 0 0 23420
20 65.4 0 0 23338
20 65.5 0 0 23116
20 65.6 0 0 23217
20 65.7 0 0 23255
20 65.8 0 0 23491
20 65.9 0 0 23595
20 66 0 0 23329
20 66.1 0 0 23161
20 66.2 0 0 23340
20 66.3 0 0 23322
20 66.4 0 0 23253
20 66.5 0 0 23256
20 66.6 0 0 23434
20 66.7 0 0 23428
20 66.8 0 0 23407
20 66.9 0 0 23285
20 67 0 0 23149
20 67.1 0 0 23404
20 67.2 0 0 23275
20 67.3 0 0 23248
20 67.4 0 0 23091
20 67.5 0 0 23292
20 67.6 0 0 23418
20 67.7 0 0 23245
20 67.8 0 0 23327
20 67.9 0 0 23344
20 68 0.0261718 617 23575
20 68.1 0.0596157 1390 23316
20 68.2 0.0984934 2275 23098
20 68.3 0.132317 3074 23232
20 68.4 0.177102 4090 23094
20 68.5 0.222136 5180 23319
20 68.6 0.265094 6204 23403
20 68.7 0.307603 7177 23332
20 68.8 0.348796 8181 23455
20 68.9 0.396026 9208 23251
20 69 0.434784 10137 23315
20 69.1 0.476823 11089 23256
20 69.2 0.519107 12131 23369
20 69.3 0.55785 13023 23345
20 69.4 0.604325 14056 23259
20 69.5 0.638246 14859 23281
20 69.6 0.663511 15631 23558
20 69.7 0.670023 15704 23438
20 69.8 0.662438 15456 23332
20 69.9 0.650511 15086 23191
20 70 0.636492 14878 23375
20 70.1 0.611036 14085 23051
20 70.2 0.573166 13337 23269
20 70.3 0.540931 12588 23271
20 70.4 0.5038 11799 23420
20 70.5 0.433454 10031 23142
20 70.6 0.3688 8544 23167
20 70.7 0.304981 7096 23267
20 70.8 0.245023 5612 22904
20 70.9 0.189227 4423 23374
20 71 0.141067 3309 23457
20 71.1 0.100559 2355 23419
20 71.2 0.0676415 1582 23388
20 71.3 0.0471229 1099 23322
20 71.4 0.0232855 547 23491
20 71.5 0.00747352 175 23416
20 71.6 0.000127681 3 23496
20 71.7 0 0 23437
20 71.8 0 0 23178
20 71.9 0 0 23398
20 72 0 0 23244
20 72.1 0 0 23401
20 72.2 0 0 23372
20 72.3 0 0 23338
20 72.4 0 0 23275
20 72.5 0 0 23298
20 72.6 0 0 23421
20 72.7 0 0 23501
20 72.8 0 0 23379
20 72.9 0 0 23341
20 73 0 0 23474
20 73.1 0 0 23255
20 73.2 0 0 23337
20 73.3 0 0 23175
20 73.4 0 0 23170
20 73.5 0 0 23316
20 73.6 0 0 23453
20 73.7 0 0 23350
20 73.8 0 0 23386
20 73.9 0 0 23589
20 74 0 0 23170
20 74.1 0 0 23550
20 74.2 0 0 23149
20 74.3 0 0 23186
20 74.4 0 0 23399
20 74.5 0 0 23283
20 74.6 0 0 23231
20 74.7 0 0 23374
20 74.8 0 0 23273
20 74.9 0 0 23316
20 75 0 0 23342

21 65 0 0 23372
21 65.1 0 0 23716
21 65.2 0 0 23415
21 65.3 0 0 23246
21 65.4 0 0 23544
21 65.5 0 0 23314
21 65.6 0 0 23116
21 65.7 0 0 23480
21 65.8 0 0 23675
21 65.9 0 0 23389
21 66 0 0 23287
21 66.1 0 0 23420
21 66.2 0 0 23425
21 66.3 0 0 23308
21 66.4 0 0 23291
21 66.5 0 0 23289
21 66.6 0 0 23312
21 66.7 0 0 23505
21 66.8 0 0 23412
21 66.9 0 0 23431
21 67 0 0 23356
21 67.1 0 0 23313
21 67.2 0 0 23176
21 67.3 0 0 23208
21 67.4 0 0 23363
21 67.5 0 0 23185
21 67.6 0 0 23364
21 67.7 0 0 23132
21 67.8 0 0 23519
21 67.9 0.00923936 215 23270
21 68 0.0374348 868 23187
21 68.1 0.0696073 1627 23374
21 68.2 0.112846 2616 23182
21 68.3 0.146905 3432 23362
21 68.4 0.184891 4393 23760
21 68.5 0.224159 5209 23238
21 68.6 0.266025 6242 23464
21 68.7 0.310609 7290 23470
21 68.8 0.350032 8238 23535
21 68.9 0.387025 9008 23275
21 69 0.424331 9850 23213
21 69.1 0.464278 10846 23361
21 69.2 0.506194 11809 23329
21 69.3 0.545291 12750 23382
21 69.4 0.5817 13649 23464
21 69.5 0.618107 14392 23284
21 69.6 0.63095 14792 23444
21 69.7 0.644891 14946 23176
21 69.8 0.638761 15016 23508
21 69.9 0.6293 14764 23461
21 70 0.618729 14430 23322
21 70.1 0.586396 13673 23317
21 70.2 0.556997 13139 23589
21 70.3 0.522581 12196 23338
21 70.4 0.467553 10973 23469
21 70.5 0.409991 9602 23420
21 70.6 0.342331 7990 23340
21 70.7 0.289634 6767 23364
21 70.8 0.229596 5390 23476
21 70.9 0.179549 4216 23481
21 71 0.131998 3070 23258
21 71.1 0.0993263 2300 23156
21 71.2 0.0714501 1661 23247
21 71.3 0.0454624 1059 23294
21 71.4 0.0236207 554 23454
21 71.5 0.00857596 200 23321
21 71.6 0.000302912 7 23109
21 71.7 0 0 23248
21 71.8 0 0 23385
21 71.9 0 0 23434
21 72 0 0 23631
21 72.1 0 0 23263
21 72.2 0 0 23336
21 72.3 0 0 23415
21 72.4 0 0 23467
21 72.5 0 0 23328
21 72.6 0 0 23340
21 72.7 0 0 23364
21 72.8 0 0 23308
21 72.9 0 0 23363
21 73 0 0 23491
21 73.1 0 0 23235
21 73.2 0 0 23432
21 73.3 0 0 23529
21 73.4 0 0 23440
21 73.5 0 0 23392
21 73.6 0 0 23348
21 73.7 0 0 23285
21 73.8 0 0 23404
21 73.9 0 0 23386
21 74 0 0 23268
21 74.1 0 0 23311
21 74.2 0 0 23268
21 74.3 0 0 23291
21 74.4 0 0 23286
21 74.5 0 0 23505
21 74.6 0 0 23345
21 74.7 0 0 23097
21 74.8 0 0 23389
21 74.9 0 0 23559
21 75 0 0 23166

22 65 0 0 23048
22 65.1 0 0 23333
22 65.2 0 0 23233
22 65.3 0 0 23055
22 65.4 0 0 23226
22 65.5 0 0 22998
22 65.6 0 0 23107
22 65.7 0 0 23503
22 65.8 0 0 23294
22 65.9 0 0 23476
22 66 0 0 23262
22 66.1 0 0 23100
22 66.2 0 0 23238
22 66.3 0 0 23435
22 66.4 0 0 23286
22 66.5 0 0 23509
22 66.6 0 0 23370
22 66.7 0 0 23625
22 66.8 0 0 23161
22 66.9 0 0 23271
22 67 0 0 23273
22 67.1 0 0 23400
22 67.2 0 0 23269
22 67.3 0 0 23478
22 67.4 0 0 23453
22 67.5 0 0 23546
22 67.6 0 0 23374
22 67.7 0 0 23276
22 67.8 0 0 23323
22 67.9 0.0198396 465 23438
22 68 0.0503545 1179 23414
22 68.1 0.083738 1966 23478
22 68.2 0.119739 2808 23451
22 68.3 0.155351 3597 23154
22 68.4 0.188375 4401 23363
22 68.5 0.229507 5387 23472
22 68.6 0.271525 6326 23298
22 68.7 0.313789 7321 23331
22 68.8 0.357868 8285 23151
22 68.9 0.379342 8965 23633
22 69 0.420005 9792 23314
22 69.1 0.4491 10504 23389
22 69.2 0.497665 11618 23345
22 69.3 0.534409 12448 23293
22 69.4 0.566002 13202 23325
22 69.5 0.592798 13878 23411
22 69.6 0.603203 14013 23231
22 69.7 0.622571 14420 23162
22 69.8 0.620338 14604 23542
22 69.9 0.609206 14175 23268
22 70 0.588081 13707 23308
22 70.1 0.566644 13247 23378
22 70.2 0.53221 12384 23269
22 70.3 0.500254 11815 23618
22 70.4 0.439712 10189 23172
22 70.5 0.380047 8895 23405
22 70.6 0.322281 7504 23284
22 70.7 0.26226 6102 23267
22 70.8 0.212357 4977 23437
22 70.9 0.164595 3840 23330
22 71 0.127326 2956 23216
22 71.1 0.0962631 2236 23228
22 71.2 0.0672663 1563 23236
22 71.3 0.0451641 1053 23315
22 71.4 0.0232996 545 23391
22 71.5 0.0111529 261 23402
22 71.6 0.00102731 24 23362
22 71.7 0 0 23351
22 71.8 0 0 23310
22 71.9 0 0 23249
22 72 0 0 23245
22 72.1 0 0 23403
22 72.2 0 0 23460
22 72.3 0 0 23145
22 72.4 0 0 23529
22 72.5 0 0 23448
22 72.6 0 0 23184
22 72.7 0 0 23266
22 72.8 0 0 23223
22 72.9 0 0 23462
22 73 0 0 23411
22 73.1 0 0 23495
22 73.2 0 0 23067
22 73.3 0 0 23283
22 73.4 0 0 23340
22 73.5 0 0 23363
22 73.6 0 0 23303
22 73.7 0 0 23414
22 73.8 0 0 23236
22 73.9 0 0 23550
22 74 0 0 23308
22 74.1 0 0 23244
22 74.2 0 0 23231
22 74.3 0 0 23336
22 74.4 0 0 23160
22 74.5 0 0 23495
22 74.6 0 0 23386
22 74.7 0 0 23363
22 74.8 0 0 23429
22 74.9 0 0 23330
22 75 0 0 23505

23 65 0 0 23212
23 65.1 0 0 23256
23 65.2 0 0 23558
23 65.3 0 0 23324
23 65.4 0 0 23371
23 65.5 0 0 23281
23 65.6 0 0 23435
23 65.7 0 0 23250
23 65.8 0 0 23340
23 65.9 0 0 23257
23 66 0 0 23117
23 66.1 0 0 23405
23 66.2 0 0 23238
23 66.3 0 0 23400
23 66.4 0 0 23460
23 66.5 0 0 23356
23 66.6 0 0 23527
23 66.7 0 0 23625
23 66.8 0 0 23255
23 66.9 0 0 23411
23 67 0 0 23091
23 67.1 0 0 23467
23 67.2 0 0 23343
23 67.3 0 0 23398
23 67.4 0 0 23351
23 67.5 0 0 23160
23 67.6 0 0 23154
23 67.7 0 0 23195
23 67.8 0.00649462 151 23250
23 67.9 0.0316953 734 23158
23 68 0.0597021 1403 23500
23 68.1 0.0975442 2272 23292
23 68.2 0.125127 2955 23616
23 68.3 0.164704 3860 23436
23 68.4 0.198298 4660 23500
23 68.5 0.23283 5458 23442
23 68.6 0.269289 6279 23317
23 68.7 0.302669 7100 23458
23 68.8 0.339851 7961 23425
23 68.9 0.373902 8682 23220
23 69 0.413689 9689 23421
23 69.1 0.445942 10357 23225
23 69.2 0.483709 11253 23264
23 69.3 0.517725 12078 23329
23 69.4 0.544537 12728 23374
23 69.5 0.563653 13079 23204
23 69.6 0.582682 13647 23421
23 69.7 0.597403 13800 23100
23 69.8 0.593315 13756 23185
23 69.9 0.592496 13801 23293
23 70 0.566058 13205 23328
23 70.1 0.544281 12648 23238
23 70.2 0.5134 12069 23508
23 70.3 0.470681 11069 23517
23 70.4 0.41845 9857 23556
23 70.5 0.365051 8471 23205
23 70.6 0.299672 7042 23499
23 70.7 0.251307 5863 23330
23 70.8 0.206889 4835 23370
23 70.9 0.15448 3619 23427
23 71 0.121753 2812 23096
23 71.1 0.0912395 2109 23115
23 71.2 0.0692407 1605 23180
23 71.3 0.0440067 1021 23201
23 71.4 0.0250235 586 23418
23 71.5 0.0105281 248 23556
23 71.6 0.00195603 46 23517
23 71.7 0 0 23475
23 71.8 0 0 23407
23 71.9 0 0 23249
23 72 0 0 23170
23 72.1 0 0 23379
23 72.2 0 0 23310
23 72.3 0 0 23413
23 72.4 0 0 23366
23 72.5 0 0 23338
23 72.6 0 0 23702
23 72.7 0 0 23327
23 72.8 0 0 23361
23 72.9 0 0 23326
23 73 0 0 23403
23 73.1 0 0 23509
23 73.2 0 0 23108
23 73.3 0 0 23204
23 73.4 0 0 23175
23 73.5 0 0 23224
23 73.6 0 0 23494
23 73.7 0 0 23265
23 73.8 0 0 23293
23 73.9 0 0 23523
23 74 0 0 23430
23 74.1 0 0 23184
23 74.2 0 0 23074
23 74.3 0 0 23329
23 74.4 0 0 23484
23 74.5 0 0 23619
23 74.6 0 0 23293
23 74.7 0 0 23429
23 74.8 0 0 23299
23 74.9 0 0 23488
23 75 0 0 23302

24 65 0 0 23413
24 65.1 0 0 23339
24 65.2 0 0 23285
24 65.3 0 0 23293
24 65.4 0 0 23315
24 65.5 0 0 23216
24 65.6 0 0 23319
24 65.7 0 0 23529
24 65.8 0 0 23354
24 65.9 0 0 23388
24 66 0 0 23399
24 66.1 0 0 23188
24 66.2 0 0 23400
24 66.3 0 0 23338
24 66.4 0 0 23442
24 66.5 0 0 23236
24 66.6 0 0 23332
24 66.7 0 0 23174
24 66.8 0 0 23476
24 66.9 0 0 23185
24 67 0 0 23332
24 67.1 0 0 23301
24 67.2 0 0 23205
24 67.3 0 0 23355
24 67.4 0 0 23290
24 67.5 0 0 23233
24 67.6 0 0 23411
24 67.7 0 0 23417
24 67.8 0.0166223 387 23282
24 67.9 0.0405004 955 23580
24 68 0.0706358 1642 23246
24 68.1 0.103674 2435 23487
24 68.2 0.136344 3164 23206
24 68.3 0.169974 3940 23180
24 68.4 0.206154 4784 23206
24 68.5 0.240981 5564 23089
24 68.6 0.272376 6339 23273
24 68.7 0.30631 7160 23375
24 68.8 0.340801 7910 23210
24 68.9 0.372098 8639 23217
24 69 0.397707 9228 23203
24 69.1 0.435633 10179 23366
24 69.2 0.474267 11095 23394
24 69.3 0.499202 11574 23185
24 69.4 0.528821 12312 23282
24 69.5 0.545353 12656 23207
24 69.6 0.561709 13176 23457
24 69.7 0.573781 13380 23319
24 69.8 0.573772 13362 23288
24 69.9 0.567945 13274 23372
24 70 0.54808 12773 23305
24 70.1 0.526109 12292 23364
24 70.2 0.489118 11439 23387
24 70.3 0.441814 10376 23485
24 70.4 0.390139 9123 23384
24 70.5 0.337214 7907 23448
24 70.6 0.281047 6581 23416
24 70.7 0.237889 5539 23284
24 70.8 0.191624 4429 23113
24 70.9 0.147975 3457 23362
24 71 0.115329 2710 23498
24 71.1 0.0945923 2211 23374
24 71.2 0.0652518 1525 23371
24 71.3 0.0465096 1092 23479
24 71.4 0.026585 621 23359
24 71.5 0.013149 310 23576
24 71.6 0.00259639 60 23109
24 71.7 0 0 23400
24 71.8 0 0 23226
24 71.9 0 0 23010
24 72 0 0 23316
24 72.1 0 0 23233
24 72.2 0 0 23379
24 72.3 0 0 23852
24 72.4 0 0 23525
24 72.5 0 0 23427
24 72.6 0 0 23287
24 72.7 0 0 23366
24 72.8 0 0 23321
24 72.9 0 0 23452
24 73 0 0 23245
24 73.1 0 0 23293
24 73.2 0 0 23402
24 73.3 0 0 23236
24 73.4 0 0 23428
24 73.5 0 0 23411
24 73.6 0 0 23298
24 73.7 0 0 23511
24 73.8 0 0 23521
24 73.9 0 0 23353
24 74 0 0 23422
24 74.1 0 0 23242
24 74.2 0 0 23377
24 74.3 0 0 23138
24 74.4 0 0 23371
24 74.5 0 0 23426
24 74.6 0 0 23167
24 74.7 0 0 23364
24 74.8 0 0 23431
24 74.9 0 0 23401
24 75 0 0 23344

25 65 0 0 23568
25 65.1 0 0 23280
25 65.2 0 0 23190
25 65.3 0 0 23157
25 65.4 0 0 23409
25 65.5 0 0 23532
25 65.6 0 0 23226
25 65.7 0 0 23509
25 65.8 0 0 23560
25 65.9 0 0 23433
25 66 0 0 23185
25 66.1 0 0 23446
25 66.2 0 0 23437
25 66.3 0 0 23405
25 66.4 0 0 23587
25 66.5 0 0 23218
25 66.6 0 0 23284
25 66.7 0 0 23211
25 66.8 0 0 23476
25 66.9 0 0 23408
25 67 0 0 23319
25 67.1 0 0 23224
25 67.2 0 0 23339
25 67.3 0 0 23252
25 67.4 0 0 23386
25 67.5 0 0 23352
25 67.6 0 0 23339
25 67.7 0.00293116 68 23199
25 67.8 0.0253646 593 23379
25 67.9 0.052679 1228 23311
25 68 0.0846852 1968 23239
25 68.1 0.11193 2611 23327
25 68.2 0.146785 3401 23170
25 68.3 0.174953 4096 23412
25 68.4 0.208651 4819 23096
25 68.5 0.248548 5821 23420
25 68.6 0.27728 6500 23442
25 68.7 0.307841 7145 23210
25 68.8 0.336531 7858 23350
25 68.9 0.360114 8503 23612
25 69 0.401118 9476 23624
25 69.1 0.434038 10084 23233
25 69.2 0.461761 10711 23196
25 69.3 0.490347 11505 23463
25 69.4 0.508086 11813 23250
25 69.5 0.532368 12352 23202
25 69.6 0.546074 12901 23625
25 69.7 0.545689 12696 23266
25 69.8 0.559156 13011 23269
25 69.9 0.545797 12764 23386
25 70 0.518409 12151 23439
25 70.1 0.50341 11810 23460
25 70.2 0.472652 11113 23512
25 70.3 0.421571 9807 23263
25 70.4 0.36461 8405 23052
25 70.5 0.31885 7419 23268
25 70.6 0.269854 6300 23346
25 70.7 0.223279 5189 23240
25 70.8 0.182154 4244 23299
25 70.9 0.141786 3310 23345
25 71 0.112042 2620 23384
25 71.1 0.0867625 2022 23305
25 71.2 0.0648306 1523 23492
25 71.3 0.043217 1007 23301
25 71.4 0.0261796 607 23186
25 71.5 0.0134677 314 23315
25 71.6 0.00396082 93 23480
25 71.7 0 0 23553
25 71.8 0 0 23263
25 71.9 0 0 23347
25 72 0 0 23319
25 72.1 0 0 23345
25 72.2 0 0 23537
25 72.3 0 0 23317
25 72.4 0 0 23324
25 72.5 0 0 23348
25 72.6 0 0 23401
25 72.7 0 0 23471
25 72.8 0 0 23548
25 72.9 0 0 23333
25 73 0 0 23300
25 73.1 0 0 23271
25 73.2 0 0 23423
25 73.3 0 0 23193
25 73.4 0 0 23331
25 73.5 0 0 23347
25 73.6 0 0 23282
25 73.7 0 0 23229
25 73.8 0 0 23256
25 73.9 0 0 23473
25 74 0 0 23452
25 74.1 0 0 23426
25 74.2 0 0 23295
25 74.3 0 0 23184
25 74.4 0 0 23254
25 74.5 0 0 23348
25 74.6 0 0 23054
25 74.7 0 0 23277
25 74.8 0 0 23284
25 74.9 0 0 23458
25 75 0 0 23241

26 65 0 0 23462
26 65.1 0 0 23382
26 65.2 0 0 23570
26 65.3 0 0 23197
26 65.4 0 0 23305
26 65.5 0 0 23559
26 65.6 0 0 23466
26 65.7 0 0 23313
26 65.8 0 0 23285
26 65.9 0 0 23450
26 66 0 0 23242
26 66.1 0 0 23336
26 66.2 0 0 23229
26 66.3 0 0 23304
26 66.4 0 0 23544
26 66.5 0 0 23289
26 66.6 0 0 23358
26 66.7 0 0 23411
26 66.8 0 0 23345
26 66.9 0 0 23226
26 67 0 0 23249
26 67.1 0 0 23438
26 67.2 0 0 23263
26 67.3 0 0 23505
26 67.4 0 0 23326
26 67.5 0 0 23155
26 67.6 0 0 23418
26 67.7 0.0116677 273 23398
26 67.8 0.0371016 873 23530
26 67.9 0.0618363 1450 23449
26 68 0.0906361 2113 23313
26 68.1 0.123519 2856 23122
26 68.2 0.150478 3475 23093
26 68.3 0.183772 4292 23355
26 68.4 0.214353 5033 23480
26 68.5 0.242452 5653 23316
26 68.6 0.274923 6398 23272
26 68.7 0.301507 7083 23492
26 68.8 0.339332 7920 23340
26 68.9 0.36336 8479 23335
26 69 0.392084 9134 23296
26 69.1 0.419017 9748 23264
26 69.2 0.456093 10611 23265
26 69.3 0.469733 10957 23326
26 69.4 0.494753 11504 23252
26 69.5 0.512882 12024 23444
26 69.6 0.525127 12257 23341
26 69.7 0.534818 12511 23393
26 69.8 0.528786 12381 23414
26 69.9 0.533691 12324 23092
26 70 0.505559 11869 23477
26 70.1 0.483161 11233 23249
26 70.2 0.448861 10423 23221
26 70.3 0.394962 9062 22944
26 70.4 0.344767 8031 23294
26 70.5 0.2993 6927 23144
26 70.6 0.247386 5773 23336
26 70.7 0.210782 4954 23503
26 70.8 0.168206 3951 23489
26 70.9 0.134672 3159 23457
26 71 0.108014 2503 23173
26 71.1 0.0832584 1945 23361
26 71.2 0.0630096 1476 23425
26 71.3 0.0437478 1016 23224
26 71.4 0.028134 656 23317
26 71.5 0.0135698 316 23287
26 71.6 0.0037581 87 23150
26 71.7 0 0 23479
26 71.8 0 0 23393
26 71.9 0 0 23544
26 72 0 0 23302
26 72.1 0 0 23668
26 72.2 0 0 23576
26 72.3 0 0 23230
26 72.4 0 0 23364
26 72.5 0 0 23346
26 72.6 0 0 23097
26 72.7 0 0 23312
26 72.8 0 0 23398
26 72.9 0 0 23509
26 73 0 0 23277
26 73.1 0 0 23576
26 73.2 0 0 23224
26 73.3 0 0 23557
26 73.4 0 0 23407
26 73.5 0 0 23022
26 73.6 0 0 23281
26 73.7 0 0 23143
26 73.8 0 0 23207
26 73.9 0 0 23266
26 74 0 0 23149
26 74.1 0 0 23522
26 74.2 0 0 23284
26 74.3 0 0 23297
26 74.4 0 0 23279
26 74.5 0 0 23504
26 74.6 0 0 23399
26 74.7 0 0 23299
26 74.8 0 0 23527
26 74.9 0 0 23521
26 75 0 0 23372

27 65 0 0 23139
27 65.1 0 0 23686
27 65.2 0 0 23534
27 65.3 0 0 23295
27 65.4 0 0 23104
27 65.5 0 0 23189
27 65.6 0 0 23176
27 65.7 0 0 23483
27 65.8 0 0 23144
27 65.9 0 0 23539
27 66 0 0 23480
27 66.1 0 0 23646
27 66.2 0 0 23511
27 66.3 0 0 23499
27 66.4 0 0 23415
27 66.5 0 0 23325
27 66.6 0 0 23170
27 66.7 0 0 23382
27 66.8 0 0 23492
27 66.9 0 0 23370
27 67 0 0 23312
27 67.1 0 0 23286
27 67.2 0 0 23268
27 67.3 0 0 23408
27 67.4 0 0 23321
27 67.5 0 0 23395
27 67.6 0 0 23295
27 67.7 0.0206617 484 23425
27 67.8 0.0442858 1030 23258
27 67.9 0.0734865 1714 23324
27 68 0.0964202 2249 23325
27 68.1 0.127374 2984 23427
27 68.2 0.152161 3591 23600
27 68.3 0.186672 4342 23260
27 68.4 0.219782 5193 23628
27 68.5 0.251124 5754 22913
27 68.6 0.271781 6345 23346
27 68.7 0.300464 6935 23081
27 68.8 0.327487 7637 23320
27 68.9 0.356594 8253 23144
27 69 0.383782 8997 23443
27 69.1 0.417377 9838 23571
27 69.2 0.441129 10217 23161
27 69.3 0.465195 10833 23287
27 69.4 0.482047 11237 23311
27 69.5 0.497448 11596 23311
27 69.6 0.507947 11760 23152
27 69.7 0.516639 12125 23469
27 69.8 0.515203 12081 23449
27 69.9 0.508344 11789 23191
27 70 0.490947 11442 23306
27 70.1 0.466618 10910 23381
27 70.2 0.413558 9779 23646
27 70.3 0.369278 8623 23351
27 70.4 0.326088 7666 23509
27 70.5 0.279312 6525 23361
27 70.6 0.237948 5533 23253
27 70.7 0.199327 4681 23484
27 70.8 0.16326 3834 23484
27 70.9 0.126118 2962 23486
27 71 0.105204 2452 23307
27 71.1 0.0851762 1972 23152
27 71.2 0.0602909 1397 23171
27 71.3 0.0404015 946 23415
27 71.4 0.0233857 540 23091
27 71.5 0.0112994 262 23187
27 71.6 0.00305929 71 23208
27 71.7 0 0 23397
27 71.8 0 0 23355
27 71.9 0 0 23254
27 72 0 0 23476
27 72.1 0 0 23349
27 72.2 0 0 23617
27 72.3 0 0 23278
27 72.4 0 0 23447
27 72.5 0 0 23215
27 72.6 0 0 23273
27 72.7 0 0 23332
27 72.8 0 0 23287
27 72.9 0 0 23053
27 73 0 0 23534
27 73.1 0 0 23392
27 73.2 0 0 23320
27 73.3 0 0 23299
27 73.4 0 0 23215
27 73.5 0 0 23473
27 73.6 0 0 23322
27 73.7 0 0 23307
27 73.8 0 0 23380
27 73.9 0 0 23544
27 74 0 0 23343
27 74.1 0 0 23306
27 74.2 0 0 23000
27 74.3 0 0 23542
27 74.4 0 0 23353
27 74.5 0 0 23268
27 74.6 0 0 23261
27 74.7 0 0 23361
27 74.8 0 0 23158
27 74.9 0 0 23223
27 75 0 0 23156

28 65 0 0 23494
28 65.1 0 0 23455
28 65.2 0 0 23265
28 65.3 0 0 23110
28 65.4 0 0 23197
28 65.5 0 0 23450
28 65.6 0 0 23425
28 65.7 0 0 23149
28 65.8 0 0 23342
28 65.9 0 0 23268
28 66 0 0 23377
28 66.1 0 0 23145
28 66.2 0 0 23400
28 66.3 0 0 23295
28 66.4 0 0 23618
28 66.5 0 0 23182
28 66.6 0 0 23362
28 66.7 0 0 23453
28 66.8 0 0 23304
28 66.9 0 0 23400
28 67 0 0 23443
28 67.1 0 0 23368
28 67.2 0 0 23339
28 67.3 0 0 23588
28 67.4 0 0 23542
28 67.5 0 0 23482
28 67.6 0.0078867 186 23584
28 67.7 0.0300604 702 23353
28 67.8 0.0543668 1278 23507
28 67.9 0.0784707 1837 23410
28 68 0.104885 2437 23235
28 68.1 0.132396 3088 23324
28 68.2 0.162321 3766 23201
28 68.3 0.191211 4451 23278
28 68.4 0.224408 5202 23181
28 68.5 0.244711 5703 23305
28 68.6 0.275466 6455 23433
28 68.7 0.2976 7018 23582
28 68.8 0.325121 7548 23216
28 68.9 0.357073 8343 23365
28 69 0.377405 8789 23288
28 69.1 0.405256 9376 23136
28 69.2 0.435376 10173 23366
28 69.3 0.453515 10566 23298
28 69.4 0.469681 10991 23401
28 69.5 0.481303 11314 23507
28 69.6 0.488555 11376 23285
28 69.7 0.494186 11433 23135
28 69.8 0.497041 11592 23322
28 69.9 0.484415 11298 23323
28 70 0.463709 10746 23174
28 70.1 0.434695 10151 23352
28 70.2 0.388318 9068 23352
28 70.3 0.347653 8125 23371
28 70.4 0.308478 7244 23483
28 70.5 0.26963 6346 23536
28 70.6 0.221622 5207 23495
28 70.7 0.186736 4356 23327
28 70.8 0.148038 3478 23494
28 70.9 0.124834 2907 23287
28 71 0.100132 2350 23469
28 71.1 0.0703384 1636 23259
28 71.2 0.0507806 1184 23316
28 71.3 0.0338699 789 23295
28 71.4 0.0194973 453 23234
28 71.5 0.00792045 184 23231
28 71.6 0.00223512 52 23265
28 71.7 0 0 23443
28 71.8 0 0 23189
28 71.9 0 0 23371
28 72 0 0 23420
28 72.1 0 0 23368
28 72.2 0 0 23529
28 72.3 0 0 23574
28 72.4 0 0 23139
28 72.5 0 0 23261
28 72.6 0 0 23328
28 72.7 0 0 23300
28 72.8 0 0 23425
28 72.9 0 0 23304
28 73 0 0 23655
28 73.1 0 0 23375
28 73.2 0 0 23123
28 73.3 0 0 23245
28 73.4 0 0 23335
28 73.5 0 0 23417
28 73.6 0 0 23346
28 73.7 0 0 23139
28 73.8 0 0 23419
28 73.9 0 0 23151
28 74 0 0 23354
28 74.1 0 0 23178
28 74.2 0 0 23273
28 74.3 0 0 23475
28 74.4 0 0 23503
28 74.5 0 0 23473
28 74.6 0 0 23412
28 74.7 0 0 23212
28 74.8 0 0 23335
28 74.9 0 0 23395
28 75 0 0 23569

29 65 0 0 23090
29 65.1 0 0 23250
29 65.2 0 0 23228
29 65.3 0 0 23467
29 65.4 0 0 23104
29 65.5 0 0 23318
29 65.6 0 0 23360
29 65.7 0 0 23071
29 65.8 0 0 23427
29 65.9 0 0 23371
29 66 0 0 23428
29 66.1 0 0 23231
29 66.2 0 0 23293
29 66.3 0 0 23232
29 66.4 0 0 23389
29 66.5 0 0 23187
29 66.6 0 0 23453
29 66.7 0 0 23307
29 66.8 0 0 23319
29 66.9 0 0 23332
29 67 0 0 23334
29 67.1 0 0 23232
29 67.2 0 0 23478
29 67.3 0 0 23412
29 67.4 0 0 23351
29 67.5 0 0 23215
29 67.6 0.0151037 354 23438
29 67.7 0.0353274 825 23353
29 67.8 0.0631126 1481 23466
29 67.9 0.0870314 2022 23233
29 68 0.111759 2625 23488
29 68.1 0.14086 3245 23037
29 68.2 0.164539 3815 23186
29 68.3 0.191985 4513 23507
29 68.4 0.221269 5131 23189
29 68.5 0.250161 5844 23361
29 68.6 0.272809 6372 23357
29 68.7 0.299349 7032 23491
29 68.8 0.324399 7589 23394
29 68.9 0.345686 8050 23287
29 69 0.370131 8533 23054
29 69.1 0.396967 9239 23274
29 69.2 0.426977 9946 23294
29 69.3 0.437177 10247 23439
29 69.4 0.455046 10578 23246
29 69.5 0.461866 10840 23470
29 69.6 0.473111 10997 23244
29 69.7 0.482197 11213 23254
29 69.8 0.478559 11171 23343
29 69.9 0.466997 10832 23195
29 70 0.448652 10485 23370
29 70.1 0.416019 9635 23160
29 70.2 0.368559 8562 23231
29 70.3 0.333475 7822 23456
29 70.4 0.295158 6907 23401
29 70.5 0.246827 5757 23324
29 70.6 0.213156 4948 23213
29 70.7 0.169256 3933 23237
29 70.8 0.13615 3158 23195
29 70.9 0.106877 2496 23354
29 71 0.0852647 1983 23257
29 71.1 0.0634155 1485 23417
29 71.2 0.0435666 1029 23619
29 71.3 0.0268445 628 23394
29 71.4 0.016084 380 23626
29 71.5 0.00633773 149 23510
29 71.6 0.00167583 39 23272
29 71.7 0 0 23347
29 71.8 0 0 23173
29 71.9 0 0 23247
29 72 0 0 23341
29 72.1 0 0 23299
29 72.2 0 0 23085
29 72.3 0 0 23171
29 72.4 0 0 23173
29 72.5 0 0 23293
29 72.6 0 0 23408
29 72.7 0 0 23235
29 72.8 0 0 23429
29 72.9 0 0 23276
29 73 0 0 23186
29 73.1 0 0 23547
29 73.2 0 0 23580
29 73.3 0 0 23240
29 73.4 0 0 23403
29 73.5 0 0 23481
29 73.6 0 0 23265
29 73.7 0 0 23483
29 73.8 0 0 23484
29 73.9 0 0 23350
29 74 0 0 23302
29 74.1 0 0 23507
29 74.2 0 0 23102
29 74.3 0 0 23138
29 74.4 0 0 23441
29 74.5 0 0 23130
29 74.6 0 0 23170
29 74.7 0 0 23227
29 74.8 0 0 23355
29 74.9 0 0 23415
29 75 0 0 23482

30 65 0 0 23199
30 65.1 0 0 23281
30 65.2 0 0 23369
30 65.3 0 0 23585
30 65.4 0 0 23371
30 65.5 0 0 23547
30 65.6 0 0 23371
30 65.7 0 0 23611
30 65.8 0 0 23357
30 65.9 0 0 23298
30 66 0 0 23271
30 66.1 0 0 23234
30 66.2 0 0 23421
30 66.3 0 0 23400
30 66.4 0 0 23457
30 66.5 0 0 23439
30 66.6 0 0 23564
30 66.7 0 0 23286
30 66.8 0 0 23521
30 66.9 0 0 23450
30 67 0 0 23291
30 67.1 0 0 23527
30 67.2 0 0 23133
30 67.3 0 0 23339
30 67.4 0 0 23365
30 67.5 0.0040533 94 23191
30 67.6 0.0191834 452 23562
30 67.7 0.0372772 868 23285
30 67.8 0.0625027 1461 23375
30 67.9 0.0914111 2152 23542
30 68 0.114056 2681 23506
30 68.1 0.140647 3309 23527
30 68.2 0.159344 3750 23534
30 68.3 0.189807 4469 23545
30 68.4 0.219544 5046 22984
30 68.5 0.244815 5737 23434
30 68.6 0.276361 6526 23614
30 68.7 0.291408 6756 23184
30 68.8 0.317483 7351 23154
30 68.9 0.34493 8031 23283
30 69 0.371397 8658 23312
30 69.1 0.392762 9160 23322
30 69.2 0.410501 9593 23369
30 69.3 0.425904 9944 23348
30 69.4 0.443974 10377 23373
30 69.5 0.456352 10701 23449
30 69.6 0.450732 10553 23413
30 69.7 0.461899 10753 23280
30 69.8 0.460372 10775 23405
30 69.9 0.447687 10432 23302
30 70 0.433057 10069 23251
30 70.1 0.390227 9152 23453
30 70.2 0.353273 8197 23203
30 70.3 0.314522 7329 23302
30 70.4 0.27055 6303 23297
30 70.5 0.23177 5378 23204
30 70.6 0.18637 4370 23448
30 70.7 0.150264 3524 23452
30 70.8 0.121469 2842 23397
30 70.9 0.0974126 2274 23344
30 71 0.0744561 1725 23168
30 71.1 0.0496338 1152 23210
30 71.2 0.0382193 892 23339
30 71.3 0.0213833 499 23336
30 71.4 0.0109212 255 23349
30 71.5 0.00515021 120 23300
30 71.6 0.00116179 27 23240
30 71.7 0 0 23413
30 71.8 0 0 23175
30 71.9 0 0 23279
30 72 0 0 23194
30 72.1 0 0 23343
30 72.2 0 0 23356
30 72.3 0 0 23416
30 72.4 0 0 23277
30 72.5 0 0 23561
30 72.6 0 0 23304
30 72.7 0 0 23358
30 72.8 0 0 23048
30 72.9 0 0 23150
30 73 0 0 23253
30 73.1 0 0 23396
30 73.2 0 0 23259
30 73.3 0 0 23368
30 73.4 0 0 23436
30 73.5 0 0 23206
30 73.6 0 0 23365
30 73.7 0 0 23406
30 73.8 0 0 23120
30 73.9 0 0 23249
30 74 0 0 23352
30 74.1 0 0 23369
30 74.2 0 0 23178
30 74.3 0 0 23565
30 74.4 0 0 23262
30 74.5 0 0 23440
30 74.6 0 0 23362
30 74.7 0 0 23403
30 74.8 0 0 23392
30 74.9 0 0 23297
30 75 0 0 23436

31 65 0 0 23215
31 65.1 0 0 23321
31 65.2 0 0 23264
31 65.3 0 0 23382
31 65.4 0 0 23291
31 65.5 0 0 23404
31 65.6 0 0 23307
31 65.7 0 0 23283
31 65.8 0 0 23352
31 65.9 0 0 23430
31 66 0 0 23300
31 66.1 0 0 23191
31 66.2 0 0 23422
31 66.3 0 0 23437
31 66.4 0 0 23327
31 66.5 0 0 23527
31 66.6 0 0 23273
31 66.7 0 0 23421
31 66.8 0 0 23342
31 66.9 0 0 23176
31 67 0 0 23247
31 67.1 0 0 23399
31 67.2 0 0 23493
31 67.3 0 0 23376
31 67.4 0 0 23254
31 67.5 0.00766086 178 23235
31 67.6 0.0224434 521 23214
31 67.7 0.0391246 910 23259
31 67.8 0.0587067 1389 23660
31 67.9 0.0882583 2031 23012
31 68 0.111602 2625 23521
31 68.1 0.138017 3206 23229
31 68.2 0.159906 3725 23295
31 68.3 0.18314 4269 23310
31 68.4 0.206971 4810 23240
31 68.5 0.237922 5496 23100
31 68.6 0.267895 6254 23345
31 68.7 0.290583 6804 23415
31 68.8 0.311617 7232 23208
31 68.9 0.33395 7763 23246
31 69 0.36145 8446 23367
31 69.1 0.381689 8888 23286
31 69.2 0.402942 9314 23115
31 69.3 0.416084 9815 23589
31 69.4 0.426559 9903 23216
31 69.5 0.436181 10228 23449
31 69.6 0.439917 10236 23268
31 69.7 0.441138 10331 23419
31 69.8 0.439718 10285 23390
31 69.9 0.429474 9996 23275
31 70 0.403235 9422 23366
31 70.1 0.369095 8563 23200
31 70.2 0.326966 7634 23348
31 70.3 0.282613 6614 23403
31 70.4 0.24429 5776 23644
31 70.5 0.202354 4659 23024
31 70.6 0.167063 3866 23141
31 70.7 0.133434 3097 23210
31 70.8 0.104282 2440 23398
31 70.9 0.0831578 1935 23269
31 71 0.0625133 1466 23451
31 71.1 0.0443801 1042 23479
31 71.2 0.0311359 725 23285
31 71.3 0.0175461 407 23196
31 71.4 0.00948896 223 23501
31 71.5 0.00434596 101 23240
31 71.6 0.00055979 13 23223
31 71.7 0 0 23392
31 71.8 0 0 23489
31 71.9 0 0 23328
31 72 0 0 23146
31 72.1 0 0 23324
31 72.2 0 0 23251
31 72.3 0 0 23482
31 72.4 0 0 23605
31 72.5 0 0 23211
31 72.6 0 0 23166
31 72.7 0 0 23552
31 72.8 0 0 23449
31 72.9 0 0 23200
31 73 0 0 23276
31 73.1 0 0 23343
31 73.2 0 0 23451
31 73.3 0 0 23480
31 73.4 0 0 23438
31 73.5 0 0 23395
31 73.6 0 0 23101
31 73.7 0 0 23322
31 73.8 0 0 23530
31 73.9 0 0 23229
31 74 0 0 23409
31 74.1 0 0 23521
31 74.2 0 0 23307
31 74.3 0 0 23310
31 74.4 0 0 23419
31 74.5 0 0 23451
31 74.6 0 0 23389
31 74.7 0 0 23221
31 74.8 0 0 23113
31 74.9 0 0 23341
31 75 0 0 23332

32 65 0 0 23319
32 65.1 0 0 23497
32 65.2 0 0 22970
32 65.3 0 0 23188
32 65.4 0 0 23340
32 65.5 0 0 23268
32 65.6 0 0 23550
32 65.7 0 0 23190
32 65.8 0 0 23400
32 65.9 0 0 23541
32 66 0 0 23488
32 66.1 0 0 23279
32 66.2 0 0 23265
32 66.3 0 0 23197
32 66.4 0 0 23207
32 66.5 0 0 23384
32 66.6 0 0 23612
32 66.7 0 0 23263
32 66.8 0 0 23242
32 66.9 0 0 23294
32 67 0 0 23509
32 67.1 0 0 23303
32 67.2 0 0 23165
32 67.3 0 0 23200
32 67.4 4.28357e-05 1 23345
32 67.5 0.00935984 218 23291
32 67.6 0.0208118 484 23256
32 67.7 0.0370292 870 23495
32 67.8 0.0530666 1239 23348
32 67.9 0.077064 1809 23474
32 68 0.10647 2480 23293
32 68.1 0.135927 3169 23314
32 68.2 0.153896 3567 23178
32 68.3 0.178541 4195 23496
32 68.4 0.199888 4653 23278
32 68.5 0.22227 5174 23278
32 68.6 0.249774 5797 23209
32 68.7 0.275354 6443 23399
32 68.8 0.304169 7113 23385
32 68.9 0.335604 7931 23632
32 69 0.352154 8214 23325
32 69.1 0.374821 8628 23019
32 69.2 0.391945 9148 23340
32 69.3 0.410939 9549 23237
32 69.4 0.414978 9725 23435
32 69.5 0.423118 9876 23341
32 69.6 0.427562 9981 23344
32 69.7 0.435672 10186 23380
32 69.8 0.428397 9833 22953
32 69.9 0.419231 9823 23431
32 70 0.370777 8681 23413
32 70.1 0.336441 7831 23276
32 70.2 0.294695 6849 23241
32 70.3 0.2431 5655 23262
32 70.4 0.213279 5040 23631
32 70.5 0.177636 4162 23430
32 70.6 0.145064 3362 23176
32 70.7 0.11916 2798 23481
32 70.8 0.0940196 2201 23410
32 70.9 0.0731686 1706 23316
32 71 0.055546 1293 23278
32 71.1 0.0401517 942 23461
32 71.2 0.0264119 615 23285
32 71.3 0.0147628 347 23505
32 71.4 0.00871731 203 23287
32 71.5 0.00307916 72 23383
32 71.6 0.000728457 17 23337
32 71.7 0 0 23295
32 71.8 0 0 23191
32 71.9 0 0 23175
32 72 0 0 23034
32 72.1 0 0 23409
32 72.2 0 0 23487
32 72.3 0 0 23099
32 72.4 0 0 23295
32 72.5 0 0 23419
32 72.6 0 0 23647
32 72.7 0 0 23128
32 72.8 0 0 23387
32 72.9 0 0 23201
32 73 0 0 23392
32 73.1 0 0 23254
32 73.2 0 0 23513
32 73.3 0 0 23316
32 73.4 0 0 23574
32 73.5 0 0 23365
32 73.6 0 0 23237
32 73.7 0 0 23317
32 73.8 0 0 23414
32 73.9 0 0 23256
32 74 0 0 23520
32 74.1 0 0 23320
32 74.2 0 0 23335
32 74.3 0 0 23294
32 74.4 0 0 23511
32 74.5 0 0 23054
32 74.6 0 0 23199
32 74.7 0 0 23380
32 74.8 0 0 23123
32 74.9 0 0 23400
32 75 0 0 23514

33 65 0 0 23353
33 65.1 0 0 23441
33 65.2 0 0 23335
33 65.3 0 0 23281
33 65.4 0 0 23436
33 65.5 0 0 23177
33 65.6 0 0 23453
33 65.7 0 0 23552
33 65.8 0 0 23491
33 65.9 0 0 23481
33 66 0 0 23223
33 66.1 0 0 23412
33 66.2 0 0 23448
33 66.3 0 0 23093
33 66.4 0 0 23426
33 66.5 0 0 23578
33 66.6 0 0 23226
33 66.7 0 0 23382
33 66.8 0 0 23140
33 66.9 0 0 23266
33 67 0 0 23254
33 67.1 0 0 23144
33 67.2 0 0 23363
33 67.3 0 0 23073
33 67.4 0.00230641 54 23413
33 67.5 0.0108922 256 23503
33 67.6 0.0212101 489 23055
33 67.7 0.0336319 781 23222
33 67.8 0.04879 1131 23181
33 67.9 0.0724725 1676 23126
33 68 0.0988457 2312 23390
33 68.1 0.1294 2996 23153
33 68.2 0.150426 3498 23254
33 68.3 0.175555 4059 23121
33 68.4 0.190853 4415 23133
33 68.5 0.216209 5002 23135
33 68.6 0.23685 5516 23289
33 68.7 0.258497 6054 23420
33 68.8 0.293231 6844 23340
33 68.9 0.319734 7500 23457
33 69 0.340776 7997 23467
33 69.1 0.366269 8526 23278
33 69.2 0.39163 9105 23249
33 69.3 0.392681 9164 23337
33 69.4 0.401122 9367 23352
33 69.5 0.410032 9482 23125
33 69.6 0.412026 9538 23149
33 69.7 0.409791 9551 23307
33 69.8 0.398389 9345 23457
33 69.9 0.38048 8869 23310
33 70 0.341181 7884 23108
33 70.1 0.30255 7106 23487
33 70.2 0.265087 6211 23430
33 70.3 0.226917 5306 23383
33 70.4 0.197045 4588 23284
33 70.5 0.161165 3779 23448
33 70.6 0.129383 2996 23156
33 70.7 0.107214 2491 23234
33 70.8 0.0831198 1946 23412
33 70.9 0.0655688 1525 23258
33 71 0.0493394 1154 23389
33 71.1 0.0346875 812 23409
33 71.2 0.0227176 533 23462
33 71.3 0.0118012 278 23557
33 71.4 0.00677337 157 23179
33 71.5 0.00312513 73 23359
33 71.6 0.000688883 16 23226
33 71.7 0 0 23364
33 71.8 0 0 23184
33 71.9 0 0 23287
33 72 0 0 23399
33 72.1 0 0 23271
33 72.2 0 0 23478
33 72.3 0 0 23243
33 72.4 0 0 23517
33 72.5 0 0 23435
33 72.6 0 0 23216
33 72.7 0 0 23472
33 72.8 0 0 23156
33 72.9 0 0 23517
33 73 0 0 23438
33 73.1 0 0 23345
33 73.2 0 0 23034
33 73.3 0 0 23484
33 73.4 0 0 23431
33 73.5 0 0 23317
33 73.6 0 0 23546
33 73.7 0 0 23296
33 73.8 0 0 23423
33 73.9 0 0 23369
33 74 0 0 23435
33 74.1 0 0 23365
33 74.2 0 0 23109
33 74.3 0 0 23426
33 74.4 0 0 23408
33 74.5 0 0 23170
33 74.6 0 0 23316
33 74.7 0 0 23388
33 74.8 0 0 23121
33 74.9 0 0 23461
33 75 0 0 23433

34 65 0 0 23223
34 65.1 0 0 23100
34 65.2 0 0 23189
34 65.3 0 0 23346
34 65.4 0 0 23211
34 65.5 0 0 23186
34 65.6 0 0 23623
34 65.7 0 0 23195
34 65.8 0 0 23246
34 65.9 0 0 23305
34 66 0 0 23329
34 66.1 0 0 23596
34 66.2 0 0 23235
34 66.3 0 0 23291
34 66.4 0 0 23426
34 66.5 0 0 23350
34 66.6 0 0 23152
34 66.7 0 0 23269
34 66.8 0 0 23424
34 66.9 0 0 23167
34 67 0 0 23431
34 67.1 0 0 23160
34 67.2 0 0 23484
34 67.3 0 0 23493
34 67.4 0.00321419 75 23334
34 67.5 0.0103938 241 23187
34 67.6 0.0187541 432 23035
34 67.7 0.031991 742 23194
34 67.8 0.0436482 1016 23277
34 67.9 0.0639393 1491 23319
34 68 0.0895145 2089 23337
34 68.1 0.117295 2744 23394
34 68.2 0.148142 3432 23167
34 68.3 0.16666 3878 23269
34 68.4 0.190728 4513 23662
34 68.5 0.202912 4766 23488
34 68.6 0.228853 5319 23242
34 68.7 0.251537 5849 23253
34 68.8 0.276379 6420 23229
34 68.9 0.29622 6896 23280
34 69 0.320278 7499 23414
34 69.1 0.34502 8079 23416
34 69.2 0.363068 8531 23497
34 69.3 0.38515 8974 23300
34 69.4 0.392528 9162 23341
34 69.5 0.392979 9213 23444
34 69.6 0.396561 9201 23202
34 69.7 0.38982 9114 23380
34 69.8 0.373869 8762 23436
34 69.9 0.344995 8086 23438
34 70 0.314857 7390 23471
34 70.1 0.281529 6592 23415
34 70.2 0.238313 5587 23444
34 70.3 0.210391 4924 23404
34 70.4 0.178176 4180 23460
34 70.5 0.143968 3333 23151
34 70.6 0.117682 2744 23317
34 70.7 0.0921299 2168 23532
34 70.8 0.071725 1659 23130
34 70.9 0.0557414 1300 23322
34 71 0.0405012 947 23382
34 71.1 0.0272135 631 23187
34 71.2 0.0193606 453 23398
34 71.3 0.0118141 276 23362
34 71.4 0.00490985 116 23626
34 71.5 0.00249398 58 23256
34 71.6 0.000425387 10 23508
34 71.7 0 0 23450
34 71.8 0 0 23134
34 71.9 0 0 23512
34 72 0 0 23325
34 72.1 0 0 23325
34 72.2 0 0 23270
34 72.3 0 0 23258
34 72.4 0 0 23215
34 72.5 0 0 23378
34 72.6 0 0 23336
34 72.7 0 0 23385
34 72.8 0 0 23412
34 72.9 0 0 23531
34 73 0 0 23348
34 73.1 0 0 23237
34 73.2 0 0 23224
34 73.3 0 0 23151
34 73.4 0 0 23268
34 73.5 0 0 23272
34 73.6 0 0 23234
34 73.7 0 0 23277
34 73.8 0 0 23370
34 73.9 0 0 23250
34 74 0 0 23493
34 74.1 0 0 23332
34 74.2 0 0 23440
34 74.3 0 0 23297
34 74.4 0 0 23264
34 74.5 0 0 23467
34 74.6 0 0 23285
34 74.7 0 0 23429
34 74.8 0 0 23342
34 74.9 0 0 23353
34 75 0 0 23327

35 65 0 0 23371
35 65.1 0 0 23527
35 65.2 0 0 22950
35 65.3 0 0 23243
35 65.4 0 0 23520
35 65.5 0 0 23464
35 65.6 0 0 23412
35 65.7 0 0 23208
35 65.8 0 0 23054
35 65.9 0 0 23435
35 66 0 0 23287
35 66.1 0 0 23249
35 66.2 0 0 23340
35 66.3 0 0 23394
35 66.4 0 0 23383
35 66.5 0 0 23411
35 66.6 0 0 23212
35 66.7 0 0 23148
35 66.8 0 0 23245
35 66.9 0 0 23065
35 67 0 0 23422
35 67.1 0 0 23318
35 67.2 0 0 23136
35 67.3 0 0 23438
35 67.4 0.00220788 52 23552
35 67.5 0.00846484 199 23509
35 67.6 0.016952 397 23419
35 67.7 0.0278954 652 23373
35 67.8 0.0409647 958 23386
35 67.9 0.0585174 1372 23446
35 68 0.0768209 1792 23327
35 68.1 0.100644 2344 23290
35 68.2 0.130815 3054 23346
35 68.3 0.163064 3802 23316
35 68.4 0.182133 4259 23384
35 68.5 0.194005 4524 23319
35 68.6 0.207055 4819 23274
35 68.7 0.233111 5476 23491
35 68.8 0.257328 6031 23437
35 68.9 0.277654 6496 23396
35 69 0.303871 7034 23148
35 69.1 0.323444 7544 23324
35 69.2 0.340135 7968 23426
35 69.3 0.365479 8637 23632
35 69.4 0.371484 8585 23110
35 69.5 0.384304 8834 22987
35 69.6 0.373152 8756 23465
35 69.7 0.363347 8438 23223
35 69.8 0.345256 8050 23316
35 69.9 0.317385 7390 23284
35 70 0.28483 6628 23270
35 70.1 0.25251 5859 23203
35 70.2 0.224743 5299 23578
35 70.3 0.187744 4433 23612
35 70.4 0.164613 3821 23212
35 70.5 0.128617 3027 23535
35 70.6 0.104983 2469 23518
35 70.7 0.0821254 1915 23318
35 70.8 0.063227 1473 23297
35 70.9 0.0455345 1061 23301
35 71 0.035766 839 23458
35 71.1 0.0233812 542 23181
35 71.2 0.0144791 339 23413
35 71.3 0.00924341 216 23368
35 71.4 0.00427168 100 23410
35 71.5 0.00249613 58 23236
35 71.6 0.000429461 10 23285
35 71.7 0 0 23361
35 71.8 0 0 23463
35 71.9 0 0 23396
35 72 0 0 23294
35 72.1 0 0 23471
35 72.2 0 0 23366
35 72.3 0 0 23446
35 72.4 0 0 23564
35 72.5 0 0 23279
35 72.6 0 0 23427
35 72.7 0 0 23351
35 72.8 0 0 23538
35 72.9 0 0 23480
35 73 0 0 23236
35 73.1 0 0 23250
35 73.2 0 0 23384
35 73.3 0 0 23150
35 73.4 0 0 23346
35 73.5 0 0 23354
35 73.6 0 0 23514
35 73.7 0 0 23433
35 73.8 0 0 23152
35 73.9 0 0 23218
35 74 0 0 23311
35 74.1 0 0 23294
35 74.2 0 0 23550
35 74.3 0 0 23467
35 74.4 0 0 23207
35 74.5 0 0 23440
35 74.6 0 0 23305
35 74.7 0 0 23156
35 74.8 0 0 23426
35 74.9 0 0 23173
35 75 0 0 23363

36 65 0 0 23434
36 65.1 0 0 23159
36 65.2 0 0 23219
36 65.3 0 0 23209
36 65.4 0 0 23506
36 65.5 0 0 23144
36 65.6 0 0 23530
36 65.7 0 0 23415
36 65.8 0 0 23601
36 65.9 0 0 23478
36 66 0 0 23349
36 66.1 0 0 23252
36 66.2 0 0 23397
36 66.3 0 0 23177
36 66.4 0 0 23470
36 66.5 0 0 23204
36 66.6 0 0 23380
36 66.7 0 0 23303
36 66.8 0 0 23263
36 66.9 0 0 23309
36 67 0 0 23242
36 67.1 0 0 23135
36 67.2 0 0 23139
36 67.3 0 0 23283
36 67.4 0.00178329 42 23552
36 67.5 0.0057508 135 23475
36 67.6 0.0150741 351 23285
36 67.7 0.0247257 577 23336
36 67.8 0.0374743 876 23376
36 67.9 0.0485192 1137 23434
36 68 0.0687977 1597 23213
36 68.1 0.0899274 2107 23430
36 68.2 0.113216 2624 23177
