-545 -5.87675
-535 -17.168
-525 -8.81711
-515 -3.28615
-505 6.14024
-495 11.8633
-485 15.677
-475 18.699
-465 28.736
-455 50.4698
-445 38.1556
-435 48.1084
-425 44.2959
-415 55.5225
-405 60.6468
-395 66.9393
-385 74.8728
-375 85.105
-365 80.8126
-355 85.7878
-345 94.0344
-335 98.9801
-325 102.611
-315 109.604
-305 115.623
-295 121.709
-285 124.887
-275 144.351
-265 140.316
-255 148.417
-245 147.258
-235 154.482
-225 158.963
-215 169.3
-205 174.317
-195 174.066
-185 183.244
-175 189.191
-165 189.376
-155 197.079
-145 204.298
-135 205.195
-125 215.879
-115 217.696
-105 222.974
-95 234.411
-85 235.804
-75 239.815
-65 248.3
-55 251.822
-45 256.531
-35 260.526
-25 268.702
-15 272.888
-5 278.63
5 286.644
15 290.236
25 293.78
35 300.165
45 303.264
55 312.396
65 324.024
75 317.681
85 322.405
95 332.004
105 336.257
115 343.434
125 346.456
135 353.843
145 373.141
155 363.972
165 367.141
175 371.497
185 382.171
195 383.883
205 395.592
215 396.371
225 401.387
235 403.832
245 410.581
255 419.052
265 418.899
275 426.352
285 431.345
295 432.799
305 443.335
315 446.005
325 455.523
335 460.249
345 464.53
355 479.646
365 474.552
375 481.457
385 488.296
395 489.892
405 496.185
415 503.585
425 508.484
435 511.103
445 512.265
455 526.18
465 528.855
475 535.041
485 541.681
