-1589.9 0
-1589.7 1
-1589.5 0
-1589.3 3
-1589.1 0
-1588.9 3
-1588.7 0
-1588.5 2
-1588.3 2
-1588.1 1
-1587.9 0
-1587.7 2
-1587.5 2
-1587.3 3
-1587.1 0
-1586.9 2
-1586.7 0
-1586.5 0
-1586.3 5
-1586.1 0
-1585.9 2
-1585.7 2
-1585.5 2
-1585.3 1
-1585.1 1
-1584.9 0
-1584.7 0
-1584.5 1
-1584.3 2
-1584.1 4
-1583.9 1
-1583.7 0
-1583.5 2
-1583.3 0
-1583.1 0
-1582.9 0
-1582.7 2
-1582.5 5
-1582.3 0
-1582.1 3
-1581.9 2
-1581.7 1
-1581.5 3
-1581.3 4
-1581.1 2
-1580.9 3
-1580.7 1
-1580.5 3
-1580.3 1
-1580.1 3
-1579.9 2
-1579.7 0
-1579.5 4
-1579.3 4
-1579.1 3
-1578.9 0
-1578.7 1
-1578.5 3
-1578.3 1
-1578.1 2
-1577.9 2
-1577.7 1
-1577.5 1
-1577.3 3
-1577.1 5
-1576.9 6
-1576.7 3
-1576.5 2
-1576.3 4
-1576.1 5
-1575.9 3
-1575.7 2
-1575.5 6
-1575.3 6
-1575.1 6
-1574.9 12
-1574.7 4
-1574.5 7
-1574.3 7
-1574.1 7
-1573.9 10
-1573.7 11
-1573.5 6
-1573.3 9
-1573.1 12
-1572.9 15
-1572.7 15
-1572.5 14
-1572.3 21
-1572.1 18
-1571.9 18
-1571.7 17
-1571.5 32
-1571.3 38
-1571.1 27
-1570.9 36
-1570.7 29
-1570.5 44
-1570.3 31
-1570.1 37
-1569.9 42
-1569.7 40
-1569.5 53
-1569.3 44
-1569.1 62
-1568.9 73
-1568.7 84
-1568.5 66
-1568.3 71
-1568.1 79
-1567.9 89
-1567.7 98
-1567.5 107
-1567.3 89
-1567.1 114
-1566.9 99
-1566.7 113
-1566.5 120
-1566.3 110
-1566.1 125
-1565.9 129
-1565.7 137
-1565.5 137
-1565.3 153
-1565.1 172
-1564.9 148
-1564.7 155
-1564.5 145
-1564.3 181
-1564.1 199
-1563.9 170
-1563.7 185
-1563.5 195
-1563.3 201
-1563.1 206
-1562.9 238
-1562.7 246
-1562.5 279
-1562.3 281
-1562.1 248
-1561.9 276
-1561.7 299
-1561.5 320
-1561.3 326
-1561.1 385
-1560.9 351
-1560.7 338
-1560.5 420
-1560.3 396
-1560.1 402
-1559.9 371
-1559.7 427
-1559.5 427
-1559.3 463
-1559.1 460
-1558.9 457
-1558.7 483
-1558.5 503
-1558.3 554
-1558.1 558
-1557.9 511
-1557.7 571
-1557.5 562
-1557.3 593
-1557.1 579
-1556.9 615
-1556.7 609
-1556.5 608
-1556.3 636
-1556.1 635
-1555.9 676
-1555.7 671
-1555.5 658
-1555.3 662
-1555.1 672
-1554.9 641
-1554.7 713
-1554.5 696
-1554.3 746
-1554.1 701
-1553.9 760
-1553.7 742
-1553.5 749
-1553.3 802
-1553.1 746
-1552.9 765
-1552.7 759
-1552.5 732
-1552.3 748
-1552.1 802
-1551.9 819
-1551.7 851
-1551.5 822
-1551.3 804
-1551.1 816
-1550.9 809
-1550.7 831
-1550.5 834
-1550.3 789
-1550.1 856
-1549.9 791
-1549.7 866
-1549.5 874
-1549.3 896
-1549.1 832
-1548.9 843
-1548.7 873
-1548.5 880
-1548.3 857
-1548.1 915
-1547.9 870
-1547.7 876
-1547.5 877
-1547.3 975
-1547.1 865
-1546.9 908
-1546.7 956
-1546.5 957
-1546.3 887
-1546.1 944
-1545.9 875
-1545.7 918
-1545.5 983
-1545.3 966
-1545.1 956
-1544.9 896
-1544.7 952
-1544.5 972
-1544.3 990
-1544.1 1022
-1543.9 972
-1543.7 976
-1543.5 976
-1543.3 986
-1543.1 984
-1542.9 1028
-1542.7 979
-1542.5 1048
-1542.3 1036
-1542.1 1018
-1541.9 1086
-1541.7 1023
-1541.5 1039
-1541.3 973
-1541.1 1067
-1540.9 1065
-1540.7 1029
-1540.5 1065
-1540.3 1048
-1540.1 1077
-1539.9 1140
-1539.7 1076
-1539.5 1103
-1539.3 1099
-1539.1 1121
-1538.9 1091
-1538.7 1077
-1538.5 1079
-1538.3 1153
-1538.1 1104
-1537.9 1085
-1537.7 1114
-1537.5 1114
-1537.3 1151
-1537.1 1055
-1536.9 1082
-1536.7 1113
-1536.5 1120
-1536.3 1140
-1536.1 1123
-1535.9 1119
-1535.7 1195
-1535.5 1202
-1535.3 1140
-1535.1 1122
-1534.9 1154
-1534.7 1128
-1534.5 1163
-1534.3 1174
-1534.1 1170
-1533.9 1154
-1533.7 1178
-1533.5 1162
-1533.3 1151
-1533.1 1127
-1532.9 1197
-1532.7 1206
-1532.5 1164
-1532.3 1144
-1532.1 1202
-1531.9 1187
-1531.7 1092
-1531.5 1199
-1531.3 1248
-1531.1 1171
-1530.9 1133
-1530.7 1181
-1530.5 1230
-1530.3 1181
-1530.1 1160
-1529.9 1144
-1529.7 1224
-1529.5 1155
-1529.3 1148
-1529.1 1193
-1528.9 1158
-1528.7 1166
-1528.5 1117
-1528.3 1110
-1528.1 1161
-1527.9 1164
-1527.7 1112
-1527.5 1165
-1527.3 1226
-1527.1 1042
-1526.9 1159
-1526.7 1174
-1526.5 1201
-1526.3 1163
-1526.1 1139
-1525.9 1100
-1525.7 1142
-1525.5 1122
-1525.3 1114
-1525.1 1085
-1524.9 1036
-1524.7 1108
-1524.5 1084
-1524.3 1049
-1524.1 1067
-1523.9 1050
-1523.7 1103
-1523.5 1019
-1523.3 1039
-1523.1 1051
-1522.9 1019
-1522.7 1068
-1522.5 1016
-1522.3 1060
-1522.1 966
-1521.9 1048
-1521.7 1029
-1521.5 1003
-1521.3 1012
-1521.1 1079
-1520.9 1105
-1520.7 1079
-1520.5 1109
-1520.3 1112
-1520.1 1080
-1519.9 1066
-1519.7 1093
-1519.5 1108
-1519.3 1069
-1519.1 1103
-1518.9 1137
-1518.7 1101
-1518.5 1112
-1518.3 1211
-1518.1 1118
-1517.9 1189
-1517.7 1178
-1517.5 1164
-1517.3 1282
-1517.1 1169
-1516.9 1279
-1516.7 1224
-1516.5 1273
-1516.3 1297
-1516.1 1308
-1515.9 1317
-1515.7 1334
-1515.5 1248
-1515.3 1324
-1515.1 1324
-1514.9 1336
-1514.7 1286
-1514.5 1344
-1514.3 1350
-1514.1 1327
-1513.9 1374
-1513.7 1312
-1513.5 1265
-1513.3 1312
-1513.1 1245
-1512.9 1257
-1512.7 1270
-1512.5 1247
-1512.3 1249
-1512.1 1193
-1511.9 1158
-1511.7 1169
-1511.5 1178
-1511.3 1097
-1511.1 1106
-1510.9 1146
-1510.7 1118
-1510.5 1078
-1510.3 1146
-1510.1 1074
-1509.9 1009
-1509.7 1066
-1509.5 1085
-1509.3 1013
-1509.1 1032
-1508.9 971
-1508.7 1024
-1508.5 1048
-1508.3 1009
-1508.1 955
-1507.9 980
-1507.7 983
-1507.5 960
-1507.3 911
-1507.1 898
-1506.9 931
-1506.7 923
-1506.5 917
-1506.3 891
-1506.1 956
-1505.9 971
-1505.7 913
-1505.5 915
-1505.3 884
-1505.1 882
-1504.9 874
-1504.7 909
-1504.5 883
-1504.3 946
-1504.1 907
-1503.9 918
-1503.7 935
-1503.5 948
-1503.3 1033
-1503.1 975
-1502.9 1028
-1502.7 1010
-1502.5 1022
-1502.3 1060
-1502.1 1061
-1501.9 1047
-1501.7 1085
-1501.5 1186
-1501.3 1237
-1501.1 1273
-1500.9 1284
-1500.7 1260
-1500.5 1362
-1500.3 1324
-1500.1 1316
-1499.9 1431
-1499.7 1452
-1499.5 1523
-1499.3 1495
-1499.1 1539
-1498.9 1543
-1498.7 1555
-1498.5 1557
-1498.3 1603
-1498.1 1612
-1497.9 1517
-1497.7 1597
-1497.5 1523
-1497.3 1518
-1497.1 1516
-1496.9 1441
-1496.7 1384
-1496.5 1354
-1496.3 1352
-1496.1 1274
-1495.9 1255
-1495.7 1184
-1495.5 1080
-1495.3 1112
-1495.1 1142
-1494.9 992
-1494.7 1060
-1494.5 994
-1494.3 1001
-1494.1 989
-1493.9 1032
-1493.7 981
-1493.5 911
-1493.3 1004
-1493.1 1014
-1492.9 1008
-1492.7 1001
-1492.5 992
-1492.3 951
-1492.1 967
-1491.9 972
-1491.7 932
-1491.5 969
-1491.3 946
-1491.1 972
-1490.9 964
-1490.7 997
-1490.5 957
-1490.3 968
-1490.1 1005
-1489.9 963
-1489.7 948
-1489.5 937
-1489.3 991
-1489.1 963
-1488.9 905
-1488.7 966
-1488.5 966
-1488.3 930
-1488.1 901
-1487.9 956
-1487.7 903
-1487.5 927
-1487.3 945
-1487.1 907
-1486.9 952
-1486.7 901
-1486.5 917
-1486.3 912
-1486.1 959
-1485.9 968
-1485.7 1013
-1485.5 1021
-1485.3 1039
-1485.1 1072
-1484.9 1061
-1484.7 1143
-1484.5 1184
-1484.3 1242
-1484.1 1301
-1483.9 1193
-1483.7 1411
-1483.5 1456
-1483.3 1469
-1483.1 1524
-1482.9 1535
-1482.7 1687
-1482.5 1679
-1482.3 1697
-1482.1 1715
-1481.9 1721
-1481.7 1744
-1481.5 1810
-1481.3 1783
-1481.1 1857
-1480.9 1729
-1480.7 1668
-1480.5 1625
-1480.3 1685
-1480.1 1554
-1479.9 1547
-1479.7 1482
-1479.5 1461
-1479.3 1371
-1479.1 1342
-1478.9 1274
-1478.7 1285
-1478.5 1200
-1478.3 1211
-1478.1 1155
-1477.9 1144
-1477.7 1082
-1477.5 1035
-1477.3 1030
-1477.1 1108
-1476.9 1060
-1476.7 931
-1476.5 929
-1476.3 995
-1476.1 929
-1475.9 941
-1475.7 944
-1475.5 943
-1475.3 887
-1475.1 884
-1474.9 897
-1474.7 952
-1474.5 894
-1474.3 976
-1474.1 954
-1473.9 908
-1473.7 940
-1473.5 904
-1473.3 951
-1473.1 958
-1472.9 936
-1472.7 939
-1472.5 947
-1472.3 984
-1472.1 1029
-1471.9 1003
-1471.7 1013
-1471.5 1063
-1471.3 1038
-1471.1 1027
-1470.9 1041
-1470.7 1105
-1470.5 995
-1470.3 973
-1470.1 956
-1469.9 946
-1469.7 893
-1469.5 928
-1469.3 896
-1469.1 861
-1468.9 899
-1468.7 881
-1468.5 863
-1468.3 893
-1468.1 916
-1467.9 955
-1467.7 981
-1467.5 1012
-1467.3 1056
-1467.1 1071
-1466.9 1104
-1466.7 1203
-1466.5 1185
-1466.3 1203
-1466.1 1299
-1465.9 1344
-1465.7 1353
-1465.5 1371
-1465.3 1457
-1465.1 1505
-1464.9 1537
-1464.7 1542
-1464.5 1579
-1464.3 1571
-1464.1 1531
-1463.9 1652
-1463.7 1589
-1463.5 1625
-1463.3 1606
-1463.1 1546
-1462.9 1633
-1462.7 1529
-1462.5 1497
-1462.3 1485
-1462.1 1436
-1461.9 1335
-1461.7 1366
-1461.5 1302
-1461.3 1315
-1461.1 1183
-1460.9 1220
-1460.7 1174
-1460.5 1157
-1460.3 1066
-1460.1 1047
-1459.9 1010
-1459.7 963
-1459.5 978
-1459.3 948
-1459.1 975
-1458.9 927
-1458.7 878
-1458.5 903
-1458.3 907
-1458.1 877
-1457.9 823
-1457.7 852
-1457.5 834
-1457.3 834
-1457.1 825
-1456.9 811
-1456.7 847
-1456.5 849
-1456.3 870
-1456.1 884
-1455.9 849
-1455.7 818
-1455.5 904
-1455.3 869
-1455.1 969
-1454.9 877
-1454.7 971
-1454.5 986
-1454.3 947
-1454.1 1004
-1453.9 970
-1453.7 951
-1453.5 960
-1453.3 1020
-1453.1 1023
-1452.9 987
-1452.7 1057
-1452.5 1088
-1452.3 1009
-1452.1 1015
-1451.9 1074
-1451.7 1085
-1451.5 1078
-1451.3 1069
-1451.1 1074
-1450.9 1075
-1450.7 1095
-1450.5 1053
-1450.3 1067
-1450.1 1023
-1449.9 1094
-1449.7 1088
-1449.5 1074
-1449.3 1077
-1449.1 1127
-1448.9 1077
-1448.7 1094
-1448.5 1242
-1448.3 1216
-1448.1 1247
-1447.9 1188
-1447.7 1263
-1447.5 1256
-1447.3 1285
-1447.1 1320
-1446.9 1317
-1446.7 1459
-1446.5 1402
-1446.3 1435
-1446.1 1339
-1445.9 1481
-1445.7 1428
-1445.5 1410
-1445.3 1449
-1445.1 1434
-1444.9 1494
-1444.7 1363
-1444.5 1430
-1444.3 1332
-1444.1 1358
-1443.9 1358
-1443.7 1257
-1443.5 1286
-1443.3 1238
-1443.1 1200
-1442.9 1181
-1442.7 1075
-1442.5 1109
-1442.3 1064
-1442.1 994
-1441.9 1028
-1441.7 994
-1441.5 971
-1441.3 972
-1441.1 934
-1440.9 943
-1440.7 938
-1440.5 862
-1440.3 927
-1440.1 899
-1439.9 910
-1439.7 866
-1439.5 934
-1439.3 940
-1439.1 966
-1438.9 948
-1438.7 906
-1438.5 950
-1438.3 958
-1438.1 1007
-1437.9 1062
-1437.7 989
-1437.5 1053
-1437.3 1023
-1437.1 1066
-1436.9 1015
-1436.7 1104
-1436.5 1101
-1436.3 1088
-1436.1 1119
-1435.9 1111
-1435.7 1087
-1435.5 1029
-1435.3 1046
-1435.1 1055
-1434.9 1056
-1434.7 1116
-1434.5 1112
-1434.3 1108
-1434.1 1079
-1433.9 1090
-1433.7 1044
-1433.5 1069
-1433.3 1002
-1433.1 1046
-1432.9 1028
-1432.7 1022
-1432.5 1032
-1432.3 948
-1432.1 1011
-1431.9 986
-1431.7 938
-1431.5 968
-1431.3 951
-1431.1 917
-1430.9 1025
-1430.7 949
-1430.5 1082
-1430.3 958
-1430.1 968
-1429.9 1038
-1429.7 1011
-1429.5 1046
-1429.3 1046
-1429.1 1046
-1428.9 1045
-1428.7 1111
-1428.5 1165
-1428.3 1134
-1428.1 1126
-1427.9 1184
-1427.7 1178
-1427.5 1259
-1427.3 1158
-1427.1 1281
-1426.9 1267
-1426.7 1207
-1426.5 1209
-1426.3 1214
-1426.1 1276
-1425.9 1182
-1425.7 1179
-1425.5 1207
-1425.3 1213
-1425.1 1164
-1424.9 1202
-1424.7 1208
-1424.5 1169
-1424.3 1090
-1424.1 1139
-1423.9 1087
-1423.7 1094
-1423.5 1097
-1423.3 1092
-1423.1 1079
-1422.9 1040
-1422.7 1030
-1422.5 1043
-1422.3 952
-1422.1 1031
-1421.9 1023
-1421.7 1004
-1421.5 987
-1421.3 983
-1421.1 950
-1420.9 994
-1420.7 1030
-1420.5 1020
-1420.3 1038
-1420.1 990
-1419.9 976
-1419.7 990
-1419.5 953
-1419.3 969
-1419.1 1033
-1418.9 981
-1418.7 987
-1418.5 954
-1418.3 976
-1418.1 956
-1417.9 1013
-1417.7 1089
-1417.5 994
-1417.3 1012
-1417.1 989
-1416.9 994
-1416.7 960
-1416.5 989
-1416.3 921
-1416.1 953
-1415.9 1002
-1415.7 959
-1415.5 905
-1415.3 932
-1415.1 889
-1414.9 955
-1414.7 871
-1414.5 930
-1414.3 905
-1414.1 923
-1413.9 926
-1413.7 886
-1413.5 926
-1413.3 938
-1413.1 916
-1412.9 945
-1412.7 935
-1412.5 880
-1412.3 896
-1412.1 981
-1411.9 876
-1411.7 938
-1411.5 951
-1411.3 957
-1411.1 932
-1410.9 1003
-1410.7 1033
-1410.5 991
-1410.3 1030
-1410.1 1040
-1409.9 1036
-1409.7 1130
-1409.5 1076
-1409.3 1134
-1409.1 1100
-1408.9 1121
-1408.7 1132
-1408.5 1167
-1408.3 1211
-1408.1 1143
-1407.9 1159
-1407.7 1100
-1407.5 1187
-1407.3 1157
-1407.1 1212
-1406.9 1199
-1406.7 1121
-1406.5 1118
-1406.3 1129
-1406.1 1069
-1405.9 1046
-1405.7 1111
-1405.5 1102
-1405.3 1040
-1405.1 1054
-1404.9 1015
-1404.7 1040
-1404.5 1053
-1404.3 986
-1404.1 1044
-1403.9 1001
-1403.7 960
-1403.5 966
-1403.3 995
-1403.1 1045
-1402.9 971
-1402.7 942
-1402.5 977
-1402.3 997
-1402.1 997
-1401.9 1042
-1401.7 935
-1401.5 956
-1401.3 993
-1401.1 1018
-1400.9 987
-1400.7 962
-1400.5 996
-1400.3 962
-1400.1 978
-1399.9 1003
-1399.7 931
-1399.5 983
-1399.3 979
-1399.1 958
-1398.9 931
-1398.7 927
-1398.5 977
-1398.3 911
-1398.1 927
-1397.9 899
-1397.7 872
-1397.5 918
-1397.3 842
-1397.1 907
-1396.9 905
-1396.7 876
-1396.5 840
-1396.3 873
-1396.1 881
-1395.9 862
-1395.7 866
-1395.5 864
-1395.3 859
-1395.1 905
-1394.9 874
-1394.7 921
-1394.5 850
-1394.3 939
-1394.1 872
-1393.9 914
-1393.7 952
-1393.5 917
-1393.3 945
-1393.1 926
-1392.9 967
-1392.7 934
-1392.5 928
-1392.3 936
-1392.1 980
-1391.9 960
-1391.7 962
-1391.5 1061
-1391.3 1015
-1391.1 990
-1390.9 1078
-1390.7 1038
-1390.5 1079
-1390.3 1072
-1390.1 1026
-1389.9 1122
-1389.7 1120
-1389.5 1125
-1389.3 1145
-1389.1 1067
-1388.9 1164
-1388.7 1111
-1388.5 1066
-1388.3 1104
-1388.1 1167
-1387.9 1116
-1387.7 1118
-1387.5 1124
-1387.3 1091
-1387.1 1148
-1386.9 1181
-1386.7 1118
-1386.5 1089
-1386.3 1037
-1386.1 1062
-1385.9 1092
-1385.7 1031
-1385.5 1035
-1385.3 1040
-1385.1 1069
-1384.9 1033
-1384.7 1023
-1384.5 981
-1384.3 1025
-1384.1 930
-1383.9 1001
-1383.7 997
-1383.5 970
-1383.3 958
-1383.1 974
-1382.9 1040
-1382.7 958
-1382.5 959
-1382.3 898
-1382.1 923
-1381.9 888
-1381.7 947
-1381.5 867
-1381.3 907
-1381.1 916
-1380.9 921
-1380.7 884
-1380.5 898
-1380.3 856
-1380.1 894
-1379.9 846
-1379.7 902
-1379.5 861
-1379.3 894
-1379.1 849
-1378.9 913
-1378.7 881
-1378.5 883
-1378.3 933
-1378.1 860
-1377.9 926
-1377.7 929
-1377.5 912
-1377.3 887
-1377.1 910
-1376.9 865
-1376.7 867
-1376.5 957
-1376.3 934
-1376.1 939
-1375.9 992
-1375.7 1015
-1375.5 949
-1375.3 930
-1375.1 1033
-1374.9 935
-1374.7 996
-1374.5 985
-1374.3 980
-1374.1 983
-1373.9 996
-1373.7 1030
-1373.5 1023
-1373.3 1012
-1373.1 1048
-1372.9 996
-1372.7 1033
-1372.5 1031
-1372.3 1051
-1372.1 1025
-1371.9 1030
-1371.7 1115
-1371.5 1060
-1371.3 1128
-1371.1 1057
-1370.9 1097
-1370.7 1104
-1370.5 1120
-1370.3 1024
-1370.1 1059
-1369.9 1028
-1369.7 1029
-1369.5 1087
-1369.3 1040
-1369.1 1033
-1368.9 1029
-1368.7 1081
-1368.5 1026
-1368.3 1011
-1368.1 996
-1367.9 1013
-1367.7 1037
-1367.5 1043
-1367.3 983
-1367.1 981
-1366.9 997
-1366.7 957
-1366.5 965
-1366.3 980
-1366.1 915
-1365.9 880
-1365.7 959
-1365.5 936
-1365.3 940
-1365.1 903
-1364.9 929
-1364.7 972
-1364.5 926
-1364.3 911
-1364.1 906
-1363.9 938
-1363.7 915
-1363.5 885
-1363.3 915
-1363.1 873
-1362.9 913
-1362.7 872
-1362.5 865
-1362.3 936
-1362.1 939
-1361.9 937
-1361.7 866
-1361.5 876
-1361.3 937
-1361.1 865
-1360.9 955
-1360.7 917
-1360.5 894
-1360.3 929
-1360.1 870
-1359.9 918
-1359.7 912
-1359.5 918
-1359.3 899
-1359.1 908
-1358.9 948
-1358.7 924
-1358.5 929
-1358.3 954
-1358.1 858
-1357.9 933
-1357.7 921
-1357.5 888
-1357.3 899
-1357.1 912
-1356.9 974
-1356.7 936
-1356.5 908
-1356.3 955
-1356.1 914
-1355.9 963
-1355.7 1007
-1355.5 905
-1355.3 955
-1355.1 942
-1354.9 1031
-1354.7 942
-1354.5 954
-1354.3 1043
-1354.1 1017
-1353.9 1065
-1353.7 1002
-1353.5 1088
-1353.3 967
-1353.1 1013
-1352.9 1049
-1352.7 1027
-1352.5 1010
-1352.3 1066
-1352.1 1039
-1351.9 1045
-1351.7 1007
-1351.5 968
-1351.3 1016
-1351.1 1039
-1350.9 976
-1350.7 963
-1350.5 1000
-1350.3 1051
-1350.1 955
-1349.9 987
-1349.7 993
-1349.5 1030
-1349.3 938
-1349.1 913
-1348.9 991
-1348.7 928
-1348.5 972
-1348.3 942
-1348.1 912
-1347.9 939
-1347.7 968
-1347.5 971
-1347.3 947
-1347.1 877
-1346.9 903
-1346.7 893
-1346.5 847
-1346.3 875
-1346.1 837
-1345.9 862
-1345.7 848
-1345.5 900
-1345.3 891
-1345.1 899
-1344.9 889
-1344.7 871
-1344.5 859
-1344.3 816
-1344.1 794
-1343.9 818
-1343.7 877
-1343.5 816
-1343.3 778
-1343.1 785
-1342.9 791
-1342.7 830
-1342.5 827
-1342.3 827
-1342.1 823
-1341.9 781
-1341.7 762
-1341.5 799
-1341.3 793
-1341.1 794
-1340.9 790
-1340.7 796
-1340.5 754
-1340.3 765
-1340.1 742
-1339.9 811
-1339.7 778
-1339.5 756
-1339.3 742
-1339.1 765
-1338.9 735
-1338.7 759
-1338.5 709
-1338.3 758
-1338.1 723
-1337.9 755
-1337.7 688
-1337.5 750
-1337.3 745
-1337.1 731
-1336.9 684
-1336.7 665
-1336.5 680
-1336.3 721
-1336.1 670
-1335.9 665
-1335.7 669
-1335.5 662
-1335.3 618
-1335.1 690
-1334.9 665
-1334.7 664
-1334.5 656
-1334.3 698
-1334.1 600
-1333.9 651
-1333.7 614
-1333.5 640
-1333.3 612
-1333.1 582
-1332.9 567
-1332.7 566
-1332.5 570
-1332.3 588
-1332.1 586
-1331.9 534
-1331.7 587
-1331.5 524
-1331.3 526
-1331.1 532
-1330.9 517
-1330.7 529
-1330.5 490
-1330.3 525
-1330.1 530
-1329.9 455
-1329.7 448
-1329.5 471
-1329.3 458
-1329.1 428
-1328.9 494
-1328.7 441
-1328.5 413
-1328.3 451
-1328.1 410
-1327.9 386
-1327.7 433
-1327.5 377
-1327.3 354
-1327.1 354
-1326.9 394
-1326.7 387
-1326.5 348
-1326.3 342
-1326.1 330
-1325.9 332
-1325.7 320
-1325.5 289
-1325.3 308
-1325.1 297
-1324.9 283
-1324.7 300
-1324.5 284
-1324.3 243
-1324.1 255
-1323.9 238
-1323.7 250
-1323.5 247
-1323.3 189
-1323.1 229
-1322.9 209
-1322.7 210
-1322.5 222
-1322.3 211
-1322.1 172
-1321.9 195
-1321.7 191
-1321.5 174
-1321.3 181
-1321.1 164
-1320.9 170
-1320.7 154
-1320.5 170
-1320.3 162
-1320.1 159
-1319.9 166
-1319.7 134
-1319.5 105
-1319.3 132
-1319.1 145
-1318.9 100
-1318.7 125
-1318.5 113
-1318.3 107
-1318.1 108
-1317.9 125
-1317.7 96
-1317.5 116
-1317.3 115
-1317.1 114
-1316.9 89
-1316.7 96
-1316.5 87
-1316.3 111
-1316.1 80
-1315.9 79
-1315.7 72
-1315.5 76
-1315.3 85
-1315.1 99
-1314.9 81
-1314.7 76
-1314.5 79
-1314.3 56
-1314.1 55
-1313.9 53
-1313.7 40
-1313.5 45
-1313.3 49
-1313.1 50
-1312.9 40
-1312.7 65
-1312.5 44
-1312.3 27
-1312.1 33
-1311.9 30
-1311.7 37
-1311.5 19
-1311.3 26
-1311.1 36
-1310.9 27
-1310.7 16
-1310.5 19
-1310.3 22
-1310.1 18
-1309.9 22
-1309.7 16
-1309.5 18
-1309.3 10
-1309.1 20
-1308.9 14
-1308.7 18
-1308.5 23
-1308.3 23
-1308.1 9
-1307.9 12
-1307.7 16
-1307.5 4
-1307.3 12
-1307.1 22
-1306.9 12
-1306.7 17
-1306.5 15
-1306.3 15
-1306.1 14
-1305.9 11
-1305.7 4
-1305.5 6
-1305.3 7
-1305.1 8
-1304.9 6
-1304.7 7
-1304.5 16
-1304.3 10
-1304.1 8
-1303.9 5
-1303.7 11
-1303.5 16
-1303.3 9
-1303.1 9
-1302.9 8
-1302.7 12
-1302.5 7
-1302.3 8
-1302.1 8
-1301.9 7
-1301.7 3
-1301.5 7
-1301.3 5
-1301.1 5
-1300.9 13
-1300.7 8
-1300.5 8
-1300.3 6
-1300.1 9
