-1589.9 0
-1589.7 4
-1589.5 5
-1589.3 12
-1589.1 13
-1588.9 11
-1588.7 12
-1588.5 14
-1588.3 14
-1588.1 10
-1587.9 8
-1587.7 9
-1587.5 7
-1587.3 11
-1587.1 20
-1586.9 17
-1586.7 19
-1586.5 5
-1586.3 19
-1586.1 16
-1585.9 21
-1585.7 26
-1585.5 26
-1585.3 19
-1585.1 23
-1584.9 33
-1584.7 24
-1584.5 29
-1584.3 30
-1584.1 37
-1583.9 31
-1583.7 42
-1583.5 39
-1583.3 47
-1583.1 53
-1582.9 47
-1582.7 57
-1582.5 55
-1582.3 63
-1582.1 64
-1581.9 55
-1581.7 66
-1581.5 57
-1581.3 89
-1581.1 85
-1580.9 73
-1580.7 89
-1580.5 89
-1580.3 106
-1580.1 88
-1579.9 121
-1579.7 109
-1579.5 105
-1579.3 112
-1579.1 109
-1578.9 126
-1578.7 119
-1578.5 114
-1578.3 168
-1578.1 134
-1577.9 167
-1577.7 162
-1577.5 162
-1577.3 165
-1577.1 178
-1576.9 160
-1576.7 166
-1576.5 191
-1576.3 198
-1576.1 188
-1575.9 210
-1575.7 218
-1575.5 207
-1575.3 220
-1575.1 229
-1574.9 229
-1574.7 253
-1574.5 257
-1574.3 271
-1574.1 290
-1573.9 243
-1573.7 269
-1573.5 283
-1573.3 287
-1573.1 306
-1572.9 336
-1572.7 313
-1572.5 352
-1572.3 310
-1572.1 336
-1571.9 365
-1571.7 347
-1571.5 410
-1571.3 392
-1571.1 391
-1570.9 409
-1570.7 436
-1570.5 414
-1570.3 414
-1570.1 439
-1569.9 500
-1569.7 441
-1569.5 477
-1569.3 452
-1569.1 492
-1568.9 514
-1568.7 497
-1568.5 519
-1568.3 517
-1568.1 498
-1567.9 541
-1567.7 592
-1567.5 566
-1567.3 557
-1567.1 521
-1566.9 597
-1566.7 560
-1566.5 578
-1566.3 600
-1566.1 585
-1565.9 598
-1565.7 599
-1565.5 632
-1565.3 601
-1565.1 613
-1564.9 630
-1564.7 631
-1564.5 576
-1564.3 662
-1564.1 699
-1563.9 641
-1563.7 673
-1563.5 645
-1563.3 693
-1563.1 685
-1562.9 672
-1562.7 694
-1562.5 752
-1562.3 682
-1562.1 686
-1561.9 680
-1561.7 778
-1561.5 730
-1561.3 729
-1561.1 793
-1560.9 664
-1560.7 714
-1560.5 707
-1560.3 737
-1560.1 730
-1559.9 777
-1559.7 788
-1559.5 743
-1559.3 772
-1559.1 733
-1558.9 711
-1558.7 732
-1558.5 804
-1558.3 795
-1558.1 777
-1557.9 788
-1557.7 719
-1557.5 808
-1557.3 767
-1557.1 779
-1556.9 805
-1556.7 811
-1556.5 825
-1556.3 805
-1556.1 831
-1555.9 822
-1555.7 821
-1555.5 853
-1555.3 862
-1555.1 863
-1554.9 867
-1554.7 829
-1554.5 793
-1554.3 850
-1554.1 891
-1553.9 830
-1553.7 852
-1553.5 877
-1553.3 913
-1553.1 862
-1552.9 830
-1552.7 906
-1552.5 899
-1552.3 917
-1552.1 956
-1551.9 906
-1551.7 867
-1551.5 928
-1551.3 923
-1551.1 951
-1550.9 945
-1550.7 875
-1550.5 862
-1550.3 951
-1550.1 899
-1549.9 910
-1549.7 966
-1549.5 933
-1549.3 920
-1549.1 1025
-1548.9 897
-1548.7 970
-1548.5 962
-1548.3 1008
-1548.1 921
-1547.9 977
-1547.7 963
-1547.5 922
-1547.3 1015
-1547.1 999
-1546.9 962
-1546.7 1006
-1546.5 953
-1546.3 1032
-1546.1 971
-1545.9 1036
-1545.7 952
-1545.5 956
-1545.3 1009
-1545.1 1029
-1544.9 1047
-1544.7 982
-1544.5 1013
-1544.3 994
-1544.1 1006
-1543.9 1063
-1543.7 1020
-1543.5 997
-1543.3 990
-1543.1 994
-1542.9 1018
-1542.7 1000
-1542.5 1028
-1542.3 1025
-1542.1 989
-1541.9 1002
-1541.7 968
-1541.5 1032
-1541.3 1039
-1541.1 1039
-1540.9 961
-1540.7 978
-1540.5 985
-1540.3 1000
-1540.1 978
-1539.9 1005
-1539.7 991
-1539.5 1020
-1539.3 1005
-1539.1 1039
-1538.9 998
-1538.7 1010
-1538.5 1055
-1538.3 967
-1538.1 1072
-1537.9 1012
-1537.7 1030
-1537.5 958
-1537.3 1023
-1537.1 1042
-1536.9 1013
-1536.7 1031
-1536.5 1012
-1536.3 1031
-1536.1 997
-1535.9 989
-1535.7 1006
-1535.5 946
-1535.3 979
-1535.1 1076
-1534.9 991
-1534.7 990
-1534.5 932
-1534.3 1016
-1534.1 926
-1533.9 1002
-1533.7 971
-1533.5 945
-1533.3 928
-1533.1 934
-1532.9 957
-1532.7 912
-1532.5 925
-1532.3 853
-1532.1 891
-1531.9 902
-1531.7 903
-1531.5 919
-1531.3 896
-1531.1 982
-1530.9 923
-1530.7 913
-1530.5 872
-1530.3 938
-1530.1 959
-1529.9 875
-1529.7 930
-1529.5 896
-1529.3 861
-1529.1 922
-1528.9 918
-1528.7 881
-1528.5 922
-1528.3 885
-1528.1 885
-1527.9 845
-1527.7 893
-1527.5 783
-1527.3 907
-1527.1 870
-1526.9 813
-1526.7 868
-1526.5 872
-1526.3 888
-1526.1 907
-1525.9 844
-1525.7 899
-1525.5 838
-1525.3 883
-1525.1 848
-1524.9 897
-1524.7 908
-1524.5 885
-1524.3 976
-1524.1 915
-1523.9 934
-1523.7 890
-1523.5 930
-1523.3 904
-1523.1 947
-1522.9 977
-1522.7 997
-1522.5 894
-1522.3 989
-1522.1 891
-1521.9 950
-1521.7 966
-1521.5 944
-1521.3 975
-1521.1 936
-1520.9 941
-1520.7 1007
-1520.5 927
-1520.3 973
-1520.1 890
-1519.9 972
-1519.7 990
-1519.5 927
-1519.3 923
-1519.1 939
-1518.9 928
-1518.7 908
-1518.5 962
-1518.3 942
-1518.1 884
-1517.9 899
-1517.7 903
-1517.5 954
-1517.3 940
-1517.1 902
-1516.9 903
-1516.7 899
-1516.5 854
-1516.3 876
-1516.1 862
-1515.9 845
-1515.7 777
-1515.5 905
-1515.3 864
-1515.1 863
-1514.9 819
-1514.7 847
-1514.5 817
-1514.3 804
-1514.1 805
-1513.9 845
-1513.7 784
-1513.5 753
-1513.3 750
-1513.1 761
-1512.9 845
-1512.7 729
-1512.5 793
-1512.3 800
-1512.1 739
-1511.9 784
-1511.7 755
-1511.5 763
-1511.3 729
-1511.1 744
-1510.9 780
-1510.7 813
-1510.5 752
-1510.3 772
-1510.1 798
-1509.9 801
-1509.7 767
-1509.5 781
-1509.3 863
-1509.1 820
-1508.9 817
-1508.7 807
-1508.5 922
-1508.3 840
-1508.1 872
-1507.9 816
-1507.7 892
-1507.5 937
-1507.3 910
-1507.1 931
-1506.9 895
-1506.7 941
-1506.5 1001
-1506.3 943
-1506.1 987
-1505.9 1010
-1505.7 971
-1505.5 977
-1505.3 966
-1505.1 1024
-1504.9 970
-1504.7 1027
-1504.5 991
-1504.3 953
-1504.1 944
-1503.9 996
-1503.7 1018
-1503.5 975
-1503.3 926
-1503.1 947
-1502.9 936
-1502.7 930
-1502.5 952
-1502.3 924
-1502.1 885
-1501.9 821
-1501.7 945
-1501.5 870
-1501.3 900
-1501.1 863
-1500.9 873
-1500.7 828
-1500.5 844
-1500.3 812
-1500.1 858
-1499.9 791
-1499.7 789
-1499.5 809
-1499.3 754
-1499.1 740
-1498.9 787
-1498.7 814
-1498.5 774
-1498.3 762
-1498.1 792
-1497.9 792
-1497.7 733
-1497.5 774
-1497.3 808
-1497.1 764
-1496.9 752
-1496.7 752
-1496.5 815
-1496.3 746
-1496.1 710
-1495.9 805
-1495.7 766
-1495.5 757
-1495.3 783
-1495.1 778
-1494.9 755
-1494.7 786
-1494.5 789
-1494.3 787
-1494.1 826
-1493.9 793
-1493.7 743
-1493.5 790
-1493.3 797
-1493.1 800
-1492.9 880
-1492.7 843
-1492.5 843
-1492.3 878
-1492.1 909
-1491.9 827
-1491.7 836
-1491.5 886
-1491.3 928
-1491.1 818
-1490.9 951
-1490.7 966
-1490.5 918
-1490.3 911
-1490.1 910
-1489.9 907
-1489.7 944
-1489.5 995
-1489.3 935
-1489.1 1045
-1488.9 963
-1488.7 959
-1488.5 1047
-1488.3 952
-1488.1 968
-1487.9 959
-1487.7 968
-1487.5 956
-1487.3 942
-1487.1 958
-1486.9 939
-1486.7 941
-1486.5 925
-1486.3 940
-1486.1 976
-1485.9 979
-1485.7 919
-1485.5 953
-1485.3 924
-1485.1 884
-1484.9 885
-1484.7 958
-1484.5 884
-1484.3 884
-1484.1 847
-1483.9 829
-1483.7 872
-1483.5 834
-1483.3 887
-1483.1 846
-1482.9 847
-1482.7 775
-1482.5 763
-1482.3 836
-1482.1 797
-1481.9 798
-1481.7 820
-1481.5 766
-1481.3 793
-1481.1 787
-1480.9 757
-1480.7 762
-1480.5 708
-1480.3 813
-1480.1 674
-1479.9 728
-1479.7 738
-1479.5 717
-1479.3 752
-1479.1 724
-1478.9 756
-1478.7 743
-1478.5 755
-1478.3 760
-1478.1 741
-1477.9 735
-1477.7 744
-1477.5 758
-1477.3 775
-1477.1 797
-1476.9 759
-1476.7 835
-1476.5 786
-1476.3 801
-1476.1 799
-1475.9 811
-1475.7 826
-1475.5 809
-1475.3 841
-1475.1 884
-1474.9 869
-1474.7 859
-1474.5 876
-1474.3 842
-1474.1 922
-1473.9 891
-1473.7 893
-1473.5 902
-1473.3 900
-1473.1 895
-1472.9 913
-1472.7 921
-1472.5 943
-1472.3 966
-1472.1 933
-1471.9 911
-1471.7 911
-1471.5 884
-1471.3 965
-1471.1 956
-1470.9 932
-1470.7 950
-1470.5 945
-1470.3 962
-1470.1 929
-1469.9 940
-1469.7 868
-1469.5 954
-1469.3 1018
-1469.1 881
-1468.9 937
-1468.7 898
-1468.5 886
-1468.3 941
-1468.1 900
-1467.9 880
-1467.7 914
-1467.5 890
-1467.3 868
-1467.1 856
-1466.9 884
-1466.7 870
-1466.5 857
-1466.3 883
-1466.1 846
-1465.9 823
-1465.7 873
-1465.5 791
-1465.3 819
-1465.1 806
-1464.9 807
-1464.7 808
-1464.5 777
-1464.3 775
-1464.1 792
-1463.9 803
-1463.7 780
-1463.5 833
-1463.3 771
-1463.1 727
-1462.9 761
-1462.7 774
-1462.5 738
-1462.3 764
-1462.1 784
-1461.9 741
-1461.7 741
-1461.5 807
-1461.3 807
-1461.1 785
-1460.9 814
-1460.7 779
-1460.5 757
-1460.3 792
-1460.1 781
-1459.9 863
-1459.7 822
-1459.5 868
-1459.3 887
-1459.1 842
-1458.9 885
-1458.7 798
-1458.5 811
-1458.3 889
-1458.1 861
-1457.9 870
-1457.7 908
-1457.5 922
-1457.3 900
-1457.1 871
-1456.9 852
-1456.7 929
-1456.5 852
-1456.3 920
-1456.1 947
-1455.9 895
-1455.7 893
-1455.5 861
-1455.3 911
-1455.1 872
-1454.9 946
-1454.7 922
-1454.5 904
-1454.3 858
-1454.1 879
-1453.9 857
-1453.7 846
-1453.5 901
-1453.3 811
-1453.1 852
-1452.9 874
-1452.7 877
-1452.5 890
-1452.3 871
-1452.1 842
-1451.9 881
-1451.7 829
-1451.5 831
-1451.3 858
-1451.1 873
-1450.9 869
-1450.7 891
-1450.5 855
-1450.3 876
-1450.1 842
-1449.9 853
-1449.7 895
-1449.5 818
-1449.3 848
-1449.1 908
-1448.9 835
-1448.7 956
-1448.5 843
-1448.3 891
-1448.1 821
-1447.9 877
-1447.7 836
-1447.5 822
-1447.3 888
-1447.1 840
-1446.9 758
-1446.7 864
-1446.5 835
-1446.3 845
-1446.1 858
-1445.9 831
-1445.7 827
-1445.5 884
-1445.3 802
-1445.1 834
-1444.9 834
-1444.7 832
-1444.5 850
-1444.3 834
-1444.1 818
-1443.9 866
-1443.7 881
-1443.5 896
-1443.3 840
-1443.1 850
-1442.9 854
-1442.7 871
-1442.5 850
-1442.3 817
-1442.1 888
-1441.9 881
-1441.7 836
-1441.5 803
-1441.3 877
-1441.1 853
-1440.9 811
-1440.7 904
-1440.5 819
-1440.3 842
-1440.1 871
-1439.9 872
-1439.7 917
-1439.5 827
-1439.3 846
-1439.1 858
-1438.9 801
-1438.7 759
-1438.5 836
-1438.3 830
-1438.1 819
-1437.9 821
-1437.7 816
-1437.5 846
-1437.3 828
-1437.1 870
-1436.9 826
-1436.7 818
-1436.5 789
-1436.3 807
-1436.1 858
-1435.9 816
-1435.7 852
-1435.5 843
-1435.3 835
-1435.1 858
-1434.9 842
-1434.7 840
-1434.5 799
-1434.3 874
-1434.1 848
-1433.9 839
-1433.7 883
-1433.5 858
-1433.3 855
-1433.1 826
-1432.9 870
-1432.7 900
-1432.5 880
-1432.3 918
-1432.1 915
-1431.9 871
-1431.7 892
-1431.5 899
-1431.3 913
-1431.1 923
-1430.9 957
-1430.7 905
-1430.5 899
-1430.3 869
-1430.1 864
-1429.9 933
-1429.7 886
-1429.5 823
-1429.3 895
-1429.1 831
-1428.9 872
-1428.7 931
-1428.5 897
-1428.3 896
-1428.1 910
-1427.9 928
-1427.7 887
-1427.5 871
-1427.3 869
-1427.1 837
-1426.9 912
-1426.7 889
-1426.5 840
-1426.3 875
-1426.1 859
-1425.9 833
-1425.7 784
-1425.5 818
-1425.3 825
-1425.1 877
-1424.9 879
-1424.7 790
-1424.5 796
-1424.3 786
-1424.1 779
-1423.9 812
-1423.7 850
-1423.5 805
-1423.3 801
-1423.1 766
-1422.9 791
-1422.7 840
-1422.5 806
-1422.3 788
-1422.1 754
-1421.9 804
-1421.7 775
-1421.5 779
-1421.3 806
-1421.1 786
-1420.9 852
-1420.7 809
-1420.5 843
-1420.3 835
-1420.1 807
-1419.9 791
-1419.7 818
-1419.5 818
-1419.3 871
-1419.1 800
-1418.9 841
-1418.7 877
-1418.5 865
-1418.3 847
-1418.1 815
-1417.9 878
-1417.7 852
-1417.5 860
-1417.3 889
-1417.1 878
-1416.9 909
-1416.7 871
-1416.5 898
-1416.3 852
-1416.1 873
-1415.9 856
-1415.7 886
-1415.5 868
-1415.3 851
-1415.1 857
-1414.9 895
-1414.7 864
-1414.5 871
-1414.3 862
-1414.1 853
-1413.9 858
-1413.7 892
-1413.5 893
-1413.3 895
-1413.1 851
-1412.9 869
-1412.7 844
-1412.5 858
-1412.3 853
-1412.1 859
-1411.9 906
-1411.7 842
-1411.5 889
-1411.3 857
-1411.1 861
-1410.9 849
-1410.7 844
-1410.5 878
-1410.3 841
-1410.1 818
-1409.9 845
-1409.7 802
-1409.5 848
-1409.3 840
-1409.1 788
-1408.9 800
-1408.7 800
-1408.5 796
-1408.3 772
-1408.1 812
-1407.9 777
-1407.7 800
-1407.5 762
-1407.3 812
-1407.1 823
-1406.9 782
-1406.7 775
-1406.5 841
-1406.3 784
-1406.1 803
-1405.9 764
-1405.7 800
-1405.5 791
-1405.3 839
-1405.1 827
-1404.9 769
-1404.7 756
-1404.5 842
-1404.3 818
-1404.1 806
-1403.9 800
-1403.7 799
-1403.5 830
-1403.3 819
-1403.1 797
-1402.9 841
-1402.7 841
-1402.5 791
-1402.3 840
-1402.1 784
-1401.9 815
-1401.7 826
-1401.5 832
-1401.3 799
-1401.1 849
-1400.9 853
-1400.7 843
-1400.5 852
-1400.3 879
-1400.1 864
-1399.9 906
-1399.7 865
-1399.5 848
-1399.3 871
-1399.1 883
-1398.9 879
-1398.7 858
-1398.5 890
-1398.3 849
-1398.1 885
-1397.9 864
-1397.7 871
-1397.5 870
-1397.3 834
-1397.1 801
-1396.9 888
-1396.7 886
-1396.5 936
-1396.3 903
-1396.1 895
-1395.9 882
-1395.7 849
-1395.5 879
-1395.3 910
-1395.1 854
-1394.9 865
-1394.7 850
-1394.5 903
-1394.3 874
-1394.1 892
-1393.9 841
-1393.7 870
-1393.5 786
-1393.3 839
-1393.1 819
-1392.9 830
-1392.7 803
-1392.5 832
-1392.3 813
-1392.1 822
-1391.9 794
-1391.7 829
-1391.5 887
-1391.3 832
-1391.1 773
-1390.9 809
-1390.7 815
-1390.5 806
-1390.3 795
-1390.1 795
-1389.9 819
-1389.7 810
-1389.5 811
-1389.3 803
-1389.1 765
-1388.9 817
-1388.7 803
-1388.5 865
-1388.3 822
-1388.1 801
-1387.9 787
-1387.7 733
-1387.5 777
-1387.3 813
-1387.1 789
-1386.9 803
-1386.7 816
-1386.5 832
-1386.3 834
-1386.1 798
-1385.9 787
-1385.7 824
-1385.5 796
-1385.3 798
-1385.1 817
-1384.9 817
-1384.7 808
-1384.5 837
-1384.3 836
-1384.1 858
-1383.9 806
-1383.7 817
-1383.5 811
-1383.3 848
-1383.1 806
-1382.9 793
-1382.7 859
-1382.5 829
-1382.3 782
-1382.1 851
-1381.9 874
-1381.7 872
-1381.5 900
-1381.3 867
-1381.1 843
-1380.9 869
-1380.7 876
-1380.5 829
-1380.3 849
-1380.1 925
-1379.9 825
-1379.7 826
-1379.5 827
-1379.3 849
-1379.1 898
-1378.9 853
-1378.7 854
-1378.5 857
-1378.3 842
-1378.1 858
-1377.9 838
-1377.7 893
-1377.5 850
-1377.3 837
-1377.1 856
-1376.9 838
-1376.7 867
-1376.5 882
-1376.3 876
-1376.1 846
-1375.9 844
-1375.7 880
-1375.5 842
-1375.3 832
-1375.1 842
-1374.9 871
-1374.7 849
-1374.5 780
-1374.3 825
-1374.1 801
-1373.9 805
-1373.7 814
-1373.5 813
-1373.3 808
-1373.1 788
-1372.9 795
-1372.7 824
-1372.5 754
-1372.3 800
-1372.1 750
-1371.9 814
-1371.7 791
-1371.5 816
-1371.3 789
-1371.1 826
-1370.9 782
-1370.7 796
-1370.5 789
-1370.3 824
-1370.1 808
-1369.9 824
-1369.7 768
-1369.5 804
-1369.3 831
-1369.1 846
-1368.9 825
-1368.7 818
-1368.5 805
-1368.3 775
-1368.1 824
-1367.9 810
-1367.7 786
-1367.5 806
-1367.3 787
-1367.1 827
-1366.9 804
-1366.7 775
-1366.5 780
-1366.3 801
-1366.1 759
-1365.9 800
-1365.7 796
-1365.5 783
-1365.3 831
-1365.1 750
-1364.9 748
-1364.7 799
-1364.5 794
-1364.3 785
-1364.1 753
-1363.9 807
-1363.7 770
-1363.5 791
-1363.3 822
-1363.1 813
-1362.9 797
-1362.7 843
-1362.5 832
-1362.3 791
-1362.1 737
-1361.9 792
-1361.7 820
-1361.5 786
-1361.3 820
-1361.1 780
-1360.9 765
-1360.7 781
-1360.5 837
-1360.3 714
-1360.1 806
-1359.9 846
-1359.7 809
-1359.5 822
-1359.3 734
-1359.1 772
-1358.9 778
-1358.7 743
-1358.5 746
-1358.3 778
-1358.1 708
-1357.9 742
-1357.7 799
-1357.5 763
-1357.3 801
-1357.1 793
-1356.9 732
-1356.7 762
-1356.5 747
-1356.3 793
-1356.1 788
-1355.9 733
-1355.7 725
-1355.5 700
-1355.3 751
-1355.1 726
-1354.9 773
-1354.7 730
-1354.5 736
-1354.3 770
-1354.1 704
-1353.9 682
-1353.7 665
-1353.5 684
-1353.3 652
-1353.1 632
-1352.9 666
-1352.7 630
-1352.5 622
-1352.3 654
-1352.1 630
-1351.9 626
-1351.7 628
-1351.5 677
-1351.3 605
-1351.1 613
-1350.9 586
-1350.7 602
-1350.5 606
-1350.3 563
-1350.1 623
-1349.9 559
-1349.7 557
-1349.5 570
-1349.3 533
-1349.1 504
-1348.9 547
-1348.7 573
-1348.5 577
-1348.3 525
-1348.1 533
-1347.9 518
-1347.7 550
-1347.5 562
-1347.3 536
-1347.1 536
-1346.9 497
-1346.7 534
-1346.5 502
-1346.3 522
-1346.1 525
-1345.9 494
-1345.7 549
-1345.5 488
-1345.3 483
-1345.1 463
-1344.9 470
-1344.7 481
-1344.5 502
-1344.3 438
-1344.1 428
-1343.9 458
-1343.7 453
-1343.5 451
-1343.3 463
-1343.1 404
-1342.9 411
-1342.7 396
-1342.5 408
-1342.3 405
-1342.1 364
-1341.9 409
-1341.7 404
-1341.5 380
-1341.3 356
-1341.1 366
-1340.9 369
-1340.7 340
-1340.5 349
-1340.3 305
-1340.1 377
-1339.9 325
-1339.7 340
-1339.5 294
-1339.3 306
-1339.1 309
-1338.9 290
-1338.7 258
-1338.5 288
-1338.3 258
-1338.1 280
-1337.9 268
-1337.7 267
-1337.5 263
-1337.3 249
-1337.1 222
-1336.9 273
-1336.7 212
-1336.5 215
-1336.3 210
-1336.1 223
-1335.9 188
-1335.7 228
-1335.5 186
-1335.3 190
-1335.1 162
-1334.9 152
-1334.7 193
-1334.5 169
-1334.3 168
-1334.1 141
-1333.9 168
-1333.7 129
-1333.5 138
-1333.3 157
-1333.1 146
-1332.9 111
-1332.7 137
-1332.5 114
-1332.3 121
-1332.1 134
-1331.9 118
-1331.7 116
-1331.5 92
-1331.3 99
-1331.1 105
-1330.9 84
-1330.7 92
-1330.5 99
-1330.3 90
-1330.1 90
-1329.9 78
-1329.7 80
-1329.5 75
-1329.3 74
-1329.1 78
-1328.9 83
-1328.7 63
-1328.5 63
-1328.3 74
-1328.1 66
-1327.9 54
-1327.7 66
-1327.5 64
-1327.3 54
-1327.1 58
-1326.9 65
-1326.7 54
-1326.5 48
-1326.3 50
-1326.1 47
-1325.9 30
-1325.7 40
-1325.5 46
-1325.3 44
-1325.1 36
-1324.9 45
-1324.7 31
-1324.5 32
-1324.3 38
-1324.1 31
-1323.9 28
-1323.7 31
-1323.5 25
-1323.3 20
-1323.1 28
-1322.9 37
-1322.7 28
-1322.5 20
-1322.3 22
-1322.1 16
-1321.9 21
-1321.7 28
-1321.5 21
-1321.3 14
-1321.1 22
-1320.9 26
-1320.7 21
-1320.5 21
-1320.3 17
-1320.1 16
-1319.9 11
-1319.7 16
-1319.5 10
-1319.3 16
-1319.1 11
-1318.9 14
-1318.7 7
-1318.5 10
-1318.3 9
-1318.1 8
-1317.9 11
-1317.7 19
-1317.5 8
-1317.3 13
-1317.1 7
-1316.9 13
-1316.7 5
-1316.5 10
-1316.3 7
-1316.1 11
-1315.9 9
-1315.7 11
-1315.5 9
-1315.3 5
-1315.1 9
-1314.9 6
-1314.7 9
-1314.5 9
-1314.3 8
-1314.1 7
-1313.9 8
-1313.7 8
-1313.5 1
-1313.3 8
-1313.1 8
-1312.9 8
-1312.7 2
-1312.5 10
-1312.3 4
-1312.1 2
-1311.9 2
-1311.7 4
-1311.5 9
-1311.3 6
-1311.1 5
-1310.9 9
-1310.7 4
-1310.5 3
-1310.3 7
-1310.1 7
-1309.9 14
-1309.7 3
-1309.5 5
-1309.3 3
-1309.1 9
-1308.9 2
-1308.7 2
-1308.5 5
-1308.3 8
-1308.1 4
-1307.9 10
-1307.7 5
-1307.5 8
-1307.3 7
-1307.1 10
-1306.9 5
-1306.7 2
-1306.5 3
-1306.3 8
-1306.1 4
-1305.9 2
-1305.7 5
-1305.5 8
-1305.3 7
-1305.1 3
-1304.9 2
-1304.7 10
-1304.5 4
-1304.3 0
-1304.1 12
-1303.9 7
-1303.7 5
-1303.5 4
-1303.3 5
-1303.1 7
-1302.9 7
-1302.7 11
-1302.5 7
-1302.3 3
-1302.1 11
-1301.9 2
-1301.7 1
-1301.5 7
-1301.3 5
-1301.1 7
-1300.9 8
-1300.7 4
-1300.5 4
-1300.3 11
-1300.1 7
