-1589.9 0
-1589.7 2
-1589.5 2
-1589.3 1
-1589.1 1
-1588.9 3
-1588.7 0
-1588.5 1
-1588.3 4
-1588.1 0
-1587.9 1
-1587.7 2
-1587.5 2
-1587.3 1
-1587.1 2
-1586.9 2
-1586.7 2
-1586.5 2
-1586.3 3
-1586.1 1
-1585.9 0
-1585.7 1
-1585.5 2
-1585.3 0
-1585.1 3
-1584.9 1
-1584.7 1
-1584.5 1
-1584.3 3
-1584.1 1
-1583.9 1
-1583.7 4
-1583.5 2
-1583.3 2
-1583.1 3
-1582.9 0
-1582.7 1
-1582.5 0
-1582.3 1
-1582.1 1
-1581.9 1
-1581.7 1
-1581.5 2
-1581.3 1
-1581.1 5
-1580.9 0
-1580.7 2
-1580.5 4
-1580.3 1
-1580.1 2
-1579.9 0
-1579.7 2
-1579.5 4
-1579.3 2
-1579.1 1
-1578.9 3
-1578.7 2
-1578.5 4
-1578.3 2
-1578.1 3
-1577.9 2
-1577.7 4
-1577.5 1
-1577.3 4
-1577.1 3
-1576.9 6
-1576.7 3
-1576.5 2
-1576.3 5
-1576.1 7
-1575.9 6
-1575.7 2
-1575.5 4
-1575.3 4
-1575.1 6
-1574.9 6
-1574.7 3
-1574.5 4
-1574.3 5
-1574.1 6
-1573.9 5
-1573.7 6
-1573.5 8
-1573.3 5
-1573.1 8
-1572.9 6
-1572.7 12
-1572.5 9
-1572.3 7
-1572.1 11
-1571.9 11
-1571.7 14
-1571.5 11
-1571.3 19
-1571.1 16
-1570.9 11
-1570.7 22
-1570.5 20
-1570.3 27
-1570.1 25
-1569.9 22
-1569.7 29
-1569.5 21
-1569.3 34
-1569.1 41
-1568.9 33
-1568.7 52
-1568.5 43
-1568.3 60
-1568.1 48
-1567.9 47
-1567.7 67
-1567.5 66
-1567.3 71
-1567.1 72
-1566.9 85
-1566.7 76
-1566.5 73
-1566.3 87
-1566.1 110
-1565.9 95
-1565.7 106
-1565.5 129
-1565.3 111
-1565.1 114
-1564.9 113
-1564.7 145
-1564.5 111
-1564.3 121
-1564.1 133
-1563.9 146
-1563.7 148
-1563.5 173
-1563.3 172
-1563.1 168
-1562.9 175
-1562.7 181
-1562.5 198
-1562.3 214
-1562.1 206
-1561.9 207
-1561.7 246
-1561.5 256
-1561.3 284
-1561.1 278
-1560.9 307
-1560.7 308
-1560.5 351
-1560.3 338
-1560.1 351
-1559.9 382
-1559.7 376
-1559.5 399
-1559.3 436
-1559.1 443
-1558.9 447
-1558.7 440
-1558.5 450
-1558.3 493
-1558.1 466
-1557.9 492
-1557.7 550
-1557.5 530
-1557.3 551
-1557.1 563
-1556.9 565
-1556.7 567
-1556.5 590
-1556.3 579
-1556.1 612
-1555.9 609
-1555.7 654
-1555.5 639
-1555.3 609
-1555.1 708
-1554.9 667
-1554.7 675
-1554.5 712
-1554.3 726
-1554.1 720
-1553.9 751
-1553.7 759
-1553.5 729
-1553.3 758
-1553.1 794
-1552.9 769
-1552.7 815
-1552.5 836
-1552.3 798
-1552.1 803
-1551.9 835
-1551.7 847
-1551.5 794
-1551.3 801
-1551.1 857
-1550.9 770
-1550.7 896
-1550.5 844
-1550.3 884
-1550.1 863
-1549.9 834
-1549.7 859
-1549.5 864
-1549.3 918
-1549.1 839
-1548.9 934
-1548.7 864
-1548.5 864
-1548.3 907
-1548.1 921
-1547.9 902
-1547.7 866
-1547.5 909
-1547.3 915
-1547.1 916
-1546.9 981
-1546.7 934
-1546.5 950
-1546.3 929
-1546.1 971
-1545.9 955
-1545.7 961
-1545.5 955
-1545.3 993
-1545.1 957
-1544.9 1025
-1544.7 1002
-1544.5 986
-1544.3 1041
-1544.1 1001
-1543.9 996
-1543.7 1093
-1543.5 1077
-1543.3 1076
-1543.1 976
-1542.9 1083
-1542.7 1047
-1542.5 1014
-1542.3 1097
-1542.1 1137
-1541.9 1052
-1541.7 1020
-1541.5 1118
-1541.3 1060
-1541.1 1150
-1540.9 1153
-1540.7 1161
-1540.5 1176
-1540.3 1124
-1540.1 1166
-1539.9 1100
-1539.7 1143
-1539.5 1179
-1539.3 1146
-1539.1 1116
-1538.9 1072
-1538.7 1202
-1538.5 1193
-1538.3 1157
-1538.1 1218
-1537.9 1165
-1537.7 1177
-1537.5 1228
-1537.3 1196
-1537.1 1232
-1536.9 1206
-1536.7 1223
-1536.5 1214
-1536.3 1255
-1536.1 1322
-1535.9 1240
-1535.7 1197
-1535.5 1249
-1535.3 1196
-1535.1 1299
-1534.9 1259
-1534.7 1217
-1534.5 1205
-1534.3 1264
-1534.1 1297
-1533.9 1201
-1533.7 1241
-1533.5 1239
-1533.3 1285
-1533.1 1319
-1532.9 1225
-1532.7 1222
-1532.5 1251
-1532.3 1156
-1532.1 1188
-1531.9 1158
-1531.7 1190
-1531.5 1225
-1531.3 1180
-1531.1 1199
-1530.9 1193
-1530.7 1227
-1530.5 1254
-1530.3 1247
-1530.1 1229
-1529.9 1185
-1529.7 1219
-1529.5 1259
-1529.3 1254
-1529.1 1176
-1528.9 1226
-1528.7 1199
-1528.5 1192
-1528.3 1213
-1528.1 1137
-1527.9 1207
-1527.7 1218
-1527.5 1137
-1527.3 1144
-1527.1 1245
-1526.9 1210
-1526.7 1184
-1526.5 1170
-1526.3 1265
-1526.1 1213
-1525.9 1243
-1525.7 1249
-1525.5 1260
-1525.3 1349
-1525.1 1418
-1524.9 1339
-1524.7 1336
-1524.5 1324
-1524.3 1360
-1524.1 1396
-1523.9 1329
-1523.7 1464
-1523.5 1448
-1523.3 1360
-1523.1 1416
-1522.9 1452
-1522.7 1465
-1522.5 1413
-1522.3 1523
-1522.1 1441
-1521.9 1418
-1521.7 1461
-1521.5 1459
-1521.3 1466
-1521.1 1502
-1520.9 1400
-1520.7 1444
-1520.5 1448
-1520.3 1376
-1520.1 1444
-1519.9 1407
-1519.7 1390
-1519.5 1384
-1519.3 1277
-1519.1 1359
-1518.9 1317
-1518.7 1259
-1518.5 1288
-1518.3 1280
-1518.1 1221
-1517.9 1260
-1517.7 1288
-1517.5 1255
-1517.3 1246
-1517.1 1183
-1516.9 1138
-1516.7 1116
-1516.5 1089
-1516.3 1084
-1516.1 1149
-1515.9 1110
-1515.7 1086
-1515.5 1069
-1515.3 1043
-1515.1 1041
-1514.9 981
-1514.7 1002
-1514.5 1025
-1514.3 988
-1514.1 941
-1513.9 924
-1513.7 931
-1513.5 876
-1513.3 886
-1513.1 909
-1512.9 862
-1512.7 838
-1512.5 862
-1512.3 852
-1512.1 888
-1511.9 884
-1511.7 846
-1511.5 900
-1511.3 878
-1511.1 877
-1510.9 907
-1510.7 893
-1510.5 951
-1510.3 978
-1510.1 935
-1509.9 979
-1509.7 1073
-1509.5 1085
-1509.3 1139
-1509.1 1039
-1508.9 1177
-1508.7 1190
-1508.5 1357
-1508.3 1316
-1508.1 1306
-1507.9 1385
-1507.7 1415
-1507.5 1422
-1507.3 1481
-1507.1 1499
-1506.9 1583
-1506.7 1470
-1506.5 1536
-1506.3 1634
-1506.1 1530
-1505.9 1596
-1505.7 1621
-1505.5 1644
-1505.3 1595
-1505.1 1632
-1504.9 1649
-1504.7 1659
-1504.5 1647
-1504.3 1588
-1504.1 1574
-1503.9 1538
-1503.7 1526
-1503.5 1498
-1503.3 1512
-1503.1 1453
-1502.9 1369
-1502.7 1411
-1502.5 1298
-1502.3 1363
-1502.1 1337
-1501.9 1310
-1501.7 1198
-1501.5 1144
-1501.3 1189
-1501.1 1104
-1500.9 1058
-1500.7 1115
-1500.5 1036
-1500.3 1032
-1500.1 981
-1499.9 933
-1499.7 1009
-1499.5 931
-1499.3 990
-1499.1 963
-1498.9 938
-1498.7 930
-1498.5 923
-1498.3 921
-1498.1 883
-1497.9 822
-1497.7 793
-1497.5 820
-1497.3 846
-1497.1 917
-1496.9 809
-1496.7 901
-1496.5 853
-1496.3 850
-1496.1 812
-1495.9 814
-1495.7 903
-1495.5 847
-1495.3 885
-1495.1 868
-1494.9 849
-1494.7 916
-1494.5 944
-1494.3 1022
-1494.1 1152
-1493.9 1173
-1493.7 1256
-1493.5 1389
-1493.3 1523
-1493.1 1646
-1492.9 1681
-1492.7 1693
-1492.5 1722
-1492.3 1641
-1492.1 1634
-1491.9 1599
-1491.7 1550
-1491.5 1471
-1491.3 1393
-1491.1 1462
-1490.9 1407
-1490.7 1465
-1490.5 1524
-1490.3 1607
-1490.1 1528
-1489.9 1677
-1489.7 1659
-1489.5 1754
-1489.3 1789
-1489.1 1799
-1488.9 1833
-1488.7 1860
-1488.5 1911
-1488.3 1933
-1488.1 1851
-1487.9 1905
-1487.7 1815
-1487.5 1863
-1487.3 1900
-1487.1 1814
-1486.9 1788
-1486.7 1675
-1486.5 1691
-1486.3 1653
-1486.1 1625
-1485.9 1531
-1485.7 1441
-1485.5 1444
-1485.3 1399
-1485.1 1333
-1484.9 1347
-1484.7 1176
-1484.5 1197
-1484.3 1167
-1484.1 1092
-1483.9 1088
-1483.7 1088
-1483.5 1016
-1483.3 1103
-1483.1 1056
-1482.9 1024
-1482.7 978
-1482.5 975
-1482.3 937
-1482.1 965
-1481.9 934
-1481.7 926
-1481.5 940
-1481.3 912
-1481.1 978
-1480.9 940
-1480.7 934
-1480.5 907
-1480.3 932
-1480.1 947
-1479.9 918
-1479.7 948
-1479.5 982
-1479.3 1045
-1479.1 1071
-1478.9 1135
-1478.7 1113
-1478.5 1180
-1478.3 1112
-1478.1 1135
-1477.9 1128
-1477.7 1022
-1477.5 995
-1477.3 1002
-1477.1 964
-1476.9 920
-1476.7 956
-1476.5 936
-1476.3 924
-1476.1 975
-1475.9 950
-1475.7 966
-1475.5 967
-1475.3 978
-1475.1 1032
-1474.9 1039
-1474.7 1020
-1474.5 1137
-1474.3 1110
-1474.1 1221
-1473.9 1212
-1473.7 1222
-1473.5 1291
-1473.3 1349
-1473.1 1366
-1472.9 1395
-1472.7 1419
-1472.5 1543
-1472.3 1574
-1472.1 1582
-1471.9 1599
-1471.7 1686
-1471.5 1721
-1471.3 1764
-1471.1 1767
-1470.9 1720
-1470.7 1708
-1470.5 1742
-1470.3 1772
-1470.1 1627
-1469.9 1597
-1469.7 1644
-1469.5 1586
-1469.3 1554
-1469.1 1525
-1468.9 1482
-1468.7 1411
-1468.5 1372
-1468.3 1333
-1468.1 1257
-1467.9 1206
-1467.7 1236
-1467.5 1204
-1467.3 1166
-1467.1 1134
-1466.9 1109
-1466.7 1074
-1466.5 1020
-1466.3 1036
-1466.1 1038
-1465.9 1015
-1465.7 992
-1465.5 974
-1465.3 1030
-1465.1 929
-1464.9 996
-1464.7 956
-1464.5 1022
-1464.3 946
-1464.1 975
-1463.9 996
-1463.7 969
-1463.5 982
-1463.3 1010
-1463.1 1016
-1462.9 974
-1462.7 983
-1462.5 1041
-1462.3 983
-1462.1 983
-1461.9 1006
-1461.7 986
-1461.5 1028
-1461.3 1032
-1461.1 1035
-1460.9 1003
-1460.7 988
-1460.5 997
-1460.3 1008
-1460.1 1043
-1459.9 974
-1459.7 1034
-1459.5 971
-1459.3 962
-1459.1 1032
-1458.9 1020
-1458.7 990
-1458.5 1041
-1458.3 969
-1458.1 1036
-1457.9 963
-1457.7 1022
-1457.5 1021
-1457.3 1060
-1457.1 1049
-1456.9 1076
-1456.7 1115
-1456.5 1111
-1456.3 1087
-1456.1 1152
-1455.9 1163
-1455.7 1178
-1455.5 1157
-1455.3 1264
-1455.1 1294
-1454.9 1310
-1454.7 1271
-1454.5 1309
-1454.3 1415
-1454.1 1414
-1453.9 1442
-1453.7 1362
-1453.5 1471
-1453.3 1383
-1453.1 1446
-1452.9 1449
-1452.7 1404
-1452.5 1471
-1452.3 1488
-1452.1 1472
-1451.9 1474
-1451.7 1423
-1451.5 1419
-1451.3 1434
-1451.1 1354
-1450.9 1374
-1450.7 1312
-1450.5 1275
-1450.3 1400
-1450.1 1295
-1449.9 1222
-1449.7 1276
-1449.5 1258
-1449.3 1158
-1449.1 1167
-1448.9 1121
-1448.7 1175
-1448.5 1177
-1448.3 1112
-1448.1 1097
-1447.9 1156
-1447.7 1034
-1447.5 1135
-1447.3 1147
-1447.1 1085
-1446.9 1143
-1446.7 1100
-1446.5 1101
-1446.3 1158
-1446.1 1096
-1445.9 1132
-1445.7 1065
-1445.5 1085
-1445.3 1050
-1445.1 1049
-1444.9 1100
-1444.7 1094
-1444.5 1091
-1444.3 1057
-1444.1 1048
-1443.9 1071
-1443.7 1028
-1443.5 1017
-1443.3 1011
-1443.1 1038
-1442.9 978
-1442.7 951
-1442.5 950
-1442.3 947
-1442.1 982
-1441.9 992
-1441.7 967
-1441.5 932
-1441.3 990
-1441.1 916
-1440.9 967
-1440.7 983
-1440.5 991
-1440.3 978
-1440.1 966
-1439.9 963
-1439.7 957
-1439.5 938
-1439.3 900
-1439.1 953
-1438.9 989
-1438.7 967
-1438.5 1012
-1438.3 1069
-1438.1 1004
-1437.9 990
-1437.7 1019
-1437.5 1095
-1437.3 1074
-1437.1 1030
-1436.9 1116
-1436.7 1117
-1436.5 1081
-1436.3 1224
-1436.1 1232
-1435.9 1184
-1435.7 1266
-1435.5 1282
-1435.3 1310
-1435.1 1338
-1434.9 1358
-1434.7 1376
-1434.5 1320
-1434.3 1347
-1434.1 1327
-1433.9 1416
-1433.7 1358
-1433.5 1337
-1433.3 1370
-1433.1 1363
-1432.9 1330
-1432.7 1401
-1432.5 1418
-1432.3 1361
-1432.1 1388
-1431.9 1326
-1431.7 1305
-1431.5 1323
-1431.3 1320
-1431.1 1283
-1430.9 1294
-1430.7 1229
-1430.5 1269
-1430.3 1243
-1430.1 1214
-1429.9 1191
-1429.7 1205
-1429.5 1258
-1429.3 1115
-1429.1 1211
-1428.9 1140
-1428.7 1173
-1428.5 1149
-1428.3 1151
-1428.1 1083
-1427.9 1081
-1427.7 1101
-1427.5 1045
-1427.3 1026
-1427.1 1064
-1426.9 973
-1426.7 1041
-1426.5 1028
-1426.3 984
-1426.1 1038
-1425.9 960
-1425.7 1012
-1425.5 978
-1425.3 985
-1425.1 975
-1424.9 964
-1424.7 995
-1424.5 959
-1424.3 915
-1424.1 911
-1423.9 964
-1423.7 937
-1423.5 965
-1423.3 1045
-1423.1 947
-1422.9 959
-1422.7 997
-1422.5 979
-1422.3 901
-1422.1 998
-1421.9 964
-1421.7 970
-1421.5 1017
-1421.3 950
-1421.1 911
-1420.9 1014
-1420.7 1011
-1420.5 1037
-1420.3 962
-1420.1 1019
-1419.9 1070
-1419.7 1083
-1419.5 1077
-1419.3 1043
-1419.1 1078
-1418.9 1138
-1418.7 1118
-1418.5 1129
-1418.3 1110
-1418.1 1131
-1417.9 1216
-1417.7 1153
-1417.5 1200
-1417.3 1199
-1417.1 1227
-1416.9 1251
-1416.7 1273
-1416.5 1268
-1416.3 1269
-1416.1 1294
-1415.9 1324
-1415.7 1302
-1415.5 1267
-1415.3 1275
-1415.1 1244
-1414.9 1281
-1414.7 1316
-1414.5 1259
-1414.3 1315
-1414.1 1262
-1413.9 1272
-1413.7 1284
-1413.5 1176
-1413.3 1181
-1413.1 1206
-1412.9 1247
-1412.7 1197
-1412.5 1174
-1412.3 1163
-1412.1 1207
-1411.9 1106
-1411.7 1114
-1411.5 1107
-1411.3 1116
-1411.1 1071
-1410.9 1073
-1410.7 1038
-1410.5 998
-1410.3 1054
-1410.1 1044
-1409.9 980
-1409.7 982
-1409.5 1014
-1409.3 968
-1409.1 996
-1408.9 989
-1408.7 984
-1408.5 934
-1408.3 929
-1408.1 948
-1407.9 965
-1407.7 969
-1407.5 954
-1407.3 962
-1407.1 951
-1406.9 957
-1406.7 1002
-1406.5 932
-1406.3 973
-1406.1 1055
-1405.9 949
-1405.7 995
-1405.5 1025
-1405.3 1035
-1405.1 954
-1404.9 980
-1404.7 965
-1404.5 1054
-1404.3 1008
-1404.1 1015
-1403.9 1040
-1403.7 991
-1403.5 1023
-1403.3 1004
-1403.1 975
-1402.9 1067
-1402.7 1018
-1402.5 1026
-1402.3 1017
-1402.1 1049
-1401.9 976
-1401.7 1057
-1401.5 1102
-1401.3 1055
-1401.1 1010
-1400.9 1067
-1400.7 1096
-1400.5 1107
-1400.3 1043
-1400.1 1139
-1399.9 1079
-1399.7 1160
-1399.5 1132
-1399.3 1144
-1399.1 1170
-1398.9 1175
-1398.7 1176
-1398.5 1151
-1398.3 1159
-1398.1 1199
-1397.9 1224
-1397.7 1218
-1397.5 1216
-1397.3 1189
-1397.1 1193
-1396.9 1167
-1396.7 1228
-1396.5 1214
-1396.3 1215
-1396.1 1241
-1395.9 1248
-1395.7 1237
-1395.5 1164
-1395.3 1194
-1395.1 1212
-1394.9 1188
-1394.7 1217
-1394.5 1192
-1394.3 1112
-1394.1 1126
-1393.9 1088
-1393.7 1107
-1393.5 1048
-1393.3 1037
-1393.1 1092
-1392.9 1004
-1392.7 1034
-1392.5 1036
-1392.3 1000
-1392.1 1046
-1391.9 984
-1391.7 1043
-1391.5 991
-1391.3 1095
-1391.1 971
-1390.9 957
-1390.7 972
-1390.5 985
-1390.3 970
-1390.1 973
-1389.9 937
-1389.7 939
-1389.5 971
-1389.3 939
-1389.1 984
-1388.9 968
-1388.7 970
-1388.5 1002
-1388.3 968
-1388.1 976
-1387.9 1029
-1387.7 1003
-1387.5 962
-1387.3 1003
-1387.1 976
-1386.9 998
-1386.7 987
-1386.5 979
-1386.3 931
-1386.1 970
-1385.9 1028
-1385.7 1001
-1385.5 1030
-1385.3 987
-1385.1 1003
-1384.9 1042
-1384.7 1030
-1384.5 1033
-1384.3 1002
-1384.1 1050
-1383.9 995
-1383.7 980
-1383.5 987
-1383.3 1031
-1383.1 1047
-1382.9 1064
-1382.7 1076
-1382.5 1103
-1382.3 1093
-1382.1 1119
-1381.9 1156
-1381.7 1090
-1381.5 1134
-1381.3 1184
-1381.1 1179
-1380.9 1159
-1380.7 1134
-1380.5 1120
-1380.3 1188
-1380.1 1232
-1379.9 1192
-1379.7 1197
-1379.5 1158
-1379.3 1214
-1379.1 1232
-1378.9 1215
-1378.7 1203
-1378.5 1147
-1378.3 1170
-1378.1 1216
-1377.9 1177
-1377.7 1137
-1377.5 1160
-1377.3 1124
-1377.1 1156
-1376.9 1169
-1376.7 1147
-1376.5 1154
-1376.3 1186
-1376.1 1092
-1375.9 1123
-1375.7 1068
-1375.5 1085
-1375.3 1080
-1375.1 985
-1374.9 1049
-1374.7 1069
-1374.5 1027
-1374.3 1059
-1374.1 1004
-1373.9 1008
-1373.7 1020
-1373.5 994
-1373.3 1038
-1373.1 960
-1372.9 985
-1372.7 972
-1372.5 1021
-1372.3 966
-1372.1 1005
-1371.9 940
-1371.7 978
-1371.5 975
-1371.3 956
-1371.1 991
-1370.9 1007
-1370.7 991
-1370.5 940
-1370.3 927
-1370.1 991
-1369.9 1009
-1369.7 1021
-1369.5 978
-1369.3 921
-1369.1 1002
-1368.9 936
-1368.7 1019
-1368.5 936
-1368.3 1003
-1368.1 1019
-1367.9 984
-1367.7 1033
-1367.5 1050
-1367.3 998
-1367.1 1002
-1366.9 1079
-1366.7 1043
-1366.5 1028
-1366.3 1027
-1366.1 1029
-1365.9 1002
-1365.7 1082
-1365.5 1111
-1365.3 1067
-1365.1 1066
-1364.9 1120
-1364.7 1076
-1364.5 1180
-1364.3 1064
-1364.1 1120
-1363.9 1126
-1363.7 1139
-1363.5 1150
-1363.3 1135
-1363.1 1149
-1362.9 1073
-1362.7 1129
-1362.5 1156
-1362.3 1192
-1362.1 1189
-1361.9 1174
-1361.7 1114
-1361.5 1138
-1361.3 1200
-1361.1 1166
-1360.9 1197
-1360.7 1160
-1360.5 1161
-1360.3 1198
-1360.1 1153
-1359.9 1156
-1359.7 1134
-1359.5 1161
-1359.3 1175
-1359.1 1165
-1358.9 1141
-1358.7 1133
-1358.5 1124
-1358.3 1114
-1358.1 1193
-1357.9 1113
-1357.7 1116
-1357.5 1145
-1357.3 1144
-1357.1 1111
-1356.9 1095
-1356.7 1121
-1356.5 1115
-1356.3 1147
-1356.1 1040
-1355.9 1077
-1355.7 1081
-1355.5 1043
-1355.3 989
-1355.1 977
-1354.9 1067
-1354.7 1028
-1354.5 1027
-1354.3 1067
-1354.1 985
-1353.9 992
-1353.7 1025
-1353.5 1017
-1353.3 1044
-1353.1 1053
-1352.9 1026
-1352.7 997
-1352.5 1001
-1352.3 1021
-1352.1 956
-1351.9 961
-1351.7 936
-1351.5 955
-1351.3 972
-1351.1 951
-1350.9 991
-1350.7 974
-1350.5 966
-1350.3 995
-1350.1 967
-1349.9 996
-1349.7 994
-1349.5 966
-1349.3 1058
-1349.1 976
-1348.9 980
-1348.7 965
-1348.5 1021
-1348.3 951
-1348.1 972
-1347.9 935
-1347.7 979
-1347.5 982
-1347.3 991
-1347.1 1046
-1346.9 1004
-1346.7 943
-1346.5 971
-1346.3 975
-1346.1 1021
-1345.9 993
-1345.7 965
-1345.5 951
-1345.3 987
-1345.1 900
-1344.9 1029
-1344.7 1000
-1344.5 966
-1344.3 1007
-1344.1 911
-1343.9 935
-1343.7 962
-1343.5 974
-1343.3 979
-1343.1 960
-1342.9 964
-1342.7 946
-1342.5 935
-1342.3 945
-1342.1 938
-1341.9 906
-1341.7 979
-1341.5 912
-1341.3 885
-1341.1 914
-1340.9 894
-1340.7 943
-1340.5 863
-1340.3 905
-1340.1 926
-1339.9 861
-1339.7 904
-1339.5 860
-1339.3 797
-1339.1 848
-1338.9 849
-1338.7 833
-1338.5 869
-1338.3 817
-1338.1 818
-1337.9 854
-1337.7 769
-1337.5 820
-1337.3 809
-1337.1 789
-1336.9 776
-1336.7 810
-1336.5 748
-1336.3 754
-1336.1 721
-1335.9 743
-1335.7 752
-1335.5 754
-1335.3 704
-1335.1 673
-1334.9 727
-1334.7 666
-1334.5 707
-1334.3 704
-1334.1 701
-1333.9 631
-1333.7 652
-1333.5 646
-1333.3 678
-1333.1 650
-1332.9 627
-1332.7 623
-1332.5 557
-1332.3 605
-1332.1 582
-1331.9 620
-1331.7 599
-1331.5 527
-1331.3 573
-1331.1 600
-1330.9 538
-1330.7 570
-1330.5 536
-1330.3 563
-1330.1 520
-1329.9 517
-1329.7 492
-1329.5 493
-1329.3 482
-1329.1 477
-1328.9 485
-1328.7 482
-1328.5 466
-1328.3 469
-1328.1 446
-1327.9 434
-1327.7 440
-1327.5 434
-1327.3 444
-1327.1 424
-1326.9 433
-1326.7 391
-1326.5 416
-1326.3 450
-1326.1 401
-1325.9 410
-1325.7 398
-1325.5 422
-1325.3 383
-1325.1 393
-1324.9 322
-1324.7 351
-1324.5 357
-1324.3 383
-1324.1 336
-1323.9 332
-1323.7 319
-1323.5 343
-1323.3 298
-1323.1 302
-1322.9 320
-1322.7 276
-1322.5 280
-1322.3 282
-1322.1 261
-1321.9 281
-1321.7 261
-1321.5 268
-1321.3 247
-1321.1 240
-1320.9 220
-1320.7 228
-1320.5 216
-1320.3 224
-1320.1 181
-1319.9 183
-1319.7 195
-1319.5 196
-1319.3 192
-1319.1 174
-1318.9 171
-1318.7 170
-1318.5 176
-1318.3 129
-1318.1 142
-1317.9 157
-1317.7 127
-1317.5 136
-1317.3 143
-1317.1 129
-1316.9 115
-1316.7 116
-1316.5 112
-1316.3 94
-1316.1 93
-1315.9 96
-1315.7 94
-1315.5 105
-1315.3 93
-1315.1 71
-1314.9 88
-1314.7 61
-1314.5 65
-1314.3 59
-1314.1 67
-1313.9 50
-1313.7 63
-1313.5 57
-1313.3 44
-1313.1 51
-1312.9 39
-1312.7 52
-1312.5 51
-1312.3 47
-1312.1 58
-1311.9 34
-1311.7 37
-1311.5 41
-1311.3 37
-1311.1 36
-1310.9 29
-1310.7 26
-1310.5 28
-1310.3 36
-1310.1 34
-1309.9 35
-1309.7 35
-1309.5 28
-1309.3 30
-1309.1 25
-1308.9 32
-1308.7 21
-1308.5 27
-1308.3 21
-1308.1 19
-1307.9 26
-1307.7 23
-1307.5 23
-1307.3 31
-1307.1 21
-1306.9 11
-1306.7 23
-1306.5 12
-1306.3 17
-1306.1 14
-1305.9 20
-1305.7 12
-1305.5 12
-1305.3 17
-1305.1 13
-1304.9 14
-1304.7 8
-1304.5 10
-1304.3 17
-1304.1 9
-1303.9 16
-1303.7 9
-1303.5 11
-1303.3 10
-1303.1 5
-1302.9 12
-1302.7 18
-1302.5 15
-1302.3 10
-1302.1 17
-1301.9 13
-1301.7 6
-1301.5 8
-1301.3 11
-1301.1 11
-1300.9 7
-1300.7 7
-1300.5 11
-1300.3 8
-1300.1 7
