-1589.9 0
-1589.7 10
-1589.5 9
-1589.3 12
-1589.1 10
-1588.9 12
-1588.7 20
-1588.5 12
-1588.3 15
-1588.1 15
-1587.9 8
-1587.7 24
-1587.5 14
-1587.3 19
-1587.1 19
-1586.9 21
-1586.7 18
-1586.5 38
-1586.3 38
-1586.1 30
-1585.9 39
-1585.7 31
-1585.5 37
-1585.3 37
-1585.1 42
-1584.9 33
-1584.7 41
-1584.5 42
-1584.3 45
-1584.1 57
-1583.9 52
-1583.7 53
-1583.5 58
-1583.3 55
-1583.1 72
-1582.9 84
-1582.7 60
-1582.5 90
-1582.3 76
-1582.1 84
-1581.9 90
-1581.7 78
-1581.5 97
-1581.3 112
-1581.1 116
-1580.9 134
-1580.7 123
-1580.5 122
-1580.3 125
-1580.1 124
-1579.9 143
-1579.7 143
-1579.5 160
-1579.3 137
-1579.1 125
-1578.9 165
-1578.7 172
-1578.5 162
-1578.3 147
-1578.1 186
-1577.9 194
-1577.7 172
-1577.5 170
-1577.3 203
-1577.1 203
-1576.9 213
-1576.7 209
-1576.5 221
-1576.3 244
-1576.1 240
-1575.9 262
-1575.7 245
-1575.5 274
-1575.3 253
-1575.1 276
-1574.9 296
-1574.7 287
-1574.5 307
-1574.3 324
-1574.1 369
-1573.9 317
-1573.7 372
-1573.5 349
-1573.3 360
-1573.1 368
-1572.9 399
-1572.7 396
-1572.5 414
-1572.3 416
-1572.1 415
-1571.9 463
-1571.7 445
-1571.5 469
-1571.3 454
-1571.1 473
-1570.9 463
-1570.7 486
-1570.5 492
-1570.3 494
-1570.1 522
-1569.9 540
-1569.7 534
-1569.5 536
-1569.3 578
-1569.1 592
-1568.9 570
-1568.7 585
-1568.5 599
-1568.3 592
-1568.1 662
-1567.9 632
-1567.7 663
-1567.5 563
-1567.3 694
-1567.1 599
-1566.9 609
-1566.7 660
-1566.5 683
-1566.3 713
-1566.1 653
-1565.9 672
-1565.7 715
-1565.5 693
-1565.3 711
-1565.1 681
-1564.9 760
-1564.7 688
-1564.5 726
-1564.3 748
-1564.1 768
-1563.9 760
-1563.7 720
-1563.5 752
-1563.3 725
-1563.1 789
-1562.9 742
-1562.7 780
-1562.5 805
-1562.3 770
-1562.1 783
-1561.9 810
-1561.7 791
-1561.5 789
-1561.3 792
-1561.1 831
-1560.9 801
-1560.7 773
-1560.5 787
-1560.3 795
-1560.1 893
-1559.9 829
-1559.7 813
-1559.5 819
-1559.3 855
-1559.1 824
-1558.9 861
-1558.7 844
-1558.5 870
-1558.3 911
-1558.1 874
-1557.9 847
-1557.7 824
-1557.5 904
-1557.3 912
-1557.1 882
-1556.9 887
-1556.7 853
-1556.5 890
-1556.3 931
-1556.1 853
-1555.9 884
-1555.7 899
-1555.5 846
-1555.3 877
-1555.1 941
-1554.9 939
-1554.7 930
-1554.5 959
-1554.3 910
-1554.1 901
-1553.9 993
-1553.7 980
-1553.5 987
-1553.3 923
-1553.1 982
-1552.9 980
-1552.7 895
-1552.5 977
-1552.3 997
-1552.1 1030
-1551.9 960
-1551.7 983
-1551.5 1009
-1551.3 972
-1551.1 1026
-1550.9 1001
-1550.7 962
-1550.5 1007
-1550.3 986
-1550.1 1078
-1549.9 1041
-1549.7 1047
-1549.5 1005
-1549.3 1004
-1549.1 1081
-1548.9 1020
-1548.7 944
-1548.5 1035
-1548.3 1001
-1548.1 1013
-1547.9 995
-1547.7 1038
-1547.5 1076
-1547.3 1031
-1547.1 1056
-1546.9 1012
-1546.7 1033
-1546.5 1088
-1546.3 1061
-1546.1 1105
-1545.9 1020
-1545.7 1029
-1545.5 1044
-1545.3 1089
-1545.1 1043
-1544.9 1048
-1544.7 1087
-1544.5 1018
-1544.3 1043
-1544.1 1037
-1543.9 1055
-1543.7 1076
-1543.5 1002
-1543.3 1067
-1543.1 981
-1542.9 1074
-1542.7 1032
-1542.5 1058
-1542.3 1056
-1542.1 1011
-1541.9 1039
-1541.7 1064
-1541.5 1005
-1541.3 1017
-1541.1 1068
-1540.9 1053
-1540.7 989
-1540.5 1061
-1540.3 1058
-1540.1 1050
-1539.9 1095
-1539.7 1023
-1539.5 1078
-1539.3 1019
-1539.1 1061
-1538.9 1074
-1538.7 1022
-1538.5 1053
-1538.3 1075
-1538.1 1062
-1537.9 1059
-1537.7 1067
-1537.5 1133
-1537.3 1015
-1537.1 1007
-1536.9 1056
-1536.7 1067
-1536.5 1031
-1536.3 1002
-1536.1 1035
-1535.9 1034
-1535.7 972
-1535.5 1006
-1535.3 1048
-1535.1 1017
-1534.9 1031
-1534.7 1004
-1534.5 1037
-1534.3 977
-1534.1 1030
-1533.9 1016
-1533.7 1015
-1533.5 1004
-1533.3 1035
-1533.1 1048
-1532.9 987
-1532.7 1055
-1532.5 1018
-1532.3 1032
-1532.1 1003
-1531.9 1012
-1531.7 909
-1531.5 963
-1531.3 979
-1531.1 924
-1530.9 1000
-1530.7 1018
-1530.5 999
-1530.3 978
-1530.1 1000
-1529.9 1014
-1529.7 992
-1529.5 955
-1529.3 992
-1529.1 1028
-1528.9 933
-1528.7 978
-1528.5 1024
-1528.3 994
-1528.1 973
-1527.9 991
-1527.7 993
-1527.5 970
-1527.3 990
-1527.1 1010
-1526.9 979
-1526.7 976
-1526.5 976
-1526.3 1056
-1526.1 996
-1525.9 947
-1525.7 948
-1525.5 939
-1525.3 944
-1525.1 1003
-1524.9 897
-1524.7 991
-1524.5 988
-1524.3 963
-1524.1 958
-1523.9 933
-1523.7 1005
-1523.5 931
-1523.3 962
-1523.1 987
-1522.9 891
-1522.7 908
-1522.5 914
-1522.3 923
-1522.1 958
-1521.9 887
-1521.7 969
-1521.5 926
-1521.3 940
-1521.1 892
-1520.9 897
-1520.7 898
-1520.5 889
-1520.3 913
-1520.1 926
-1519.9 871
-1519.7 835
-1519.5 911
-1519.3 850
-1519.1 903
-1518.9 930
-1518.7 939
-1518.5 885
-1518.3 897
-1518.1 915
-1517.9 904
-1517.7 907
-1517.5 936
-1517.3 903
-1517.1 942
-1516.9 891
-1516.7 884
-1516.5 924
-1516.3 888
-1516.1 913
-1515.9 946
-1515.7 924
-1515.5 923
-1515.3 942
-1515.1 945
-1514.9 971
-1514.7 987
-1514.5 987
-1514.3 954
-1514.1 963
-1513.9 981
-1513.7 960
-1513.5 1005
-1513.3 940
-1513.1 1014
-1512.9 981
-1512.7 991
-1512.5 975
-1512.3 987
-1512.1 942
-1511.9 971
-1511.7 902
-1511.5 944
-1511.3 959
-1511.1 922
-1510.9 903
-1510.7 971
-1510.5 958
-1510.3 894
-1510.1 904
-1509.9 894
-1509.7 952
-1509.5 942
-1509.3 889
-1509.1 927
-1508.9 942
-1508.7 891
-1508.5 936
-1508.3 954
-1508.1 948
-1507.9 928
-1507.7 886
-1507.5 905
-1507.3 928
-1507.1 891
-1506.9 930
-1506.7 921
-1506.5 916
-1506.3 887
-1506.1 918
-1505.9 849
-1505.7 911
-1505.5 880
-1505.3 940
-1505.1 921
-1504.9 856
-1504.7 882
-1504.5 880
-1504.3 908
-1504.1 914
-1503.9 943
-1503.7 895
-1503.5 916
-1503.3 955
-1503.1 858
-1502.9 891
-1502.7 895
-1502.5 921
-1502.3 832
-1502.1 876
-1501.9 906
-1501.7 865
-1501.5 905
-1501.3 862
-1501.1 907
-1500.9 911
-1500.7 870
-1500.5 839
-1500.3 867
-1500.1 919
-1499.9 892
-1499.7 882
-1499.5 966
-1499.3 900
-1499.1 981
-1498.9 942
-1498.7 904
-1498.5 957
-1498.3 967
-1498.1 909
-1497.9 894
-1497.7 960
-1497.5 986
-1497.3 957
-1497.1 913
-1496.9 951
-1496.7 953
-1496.5 913
-1496.3 945
-1496.1 966
-1495.9 895
-1495.7 933
-1495.5 930
-1495.3 903
-1495.1 909
-1494.9 963
-1494.7 932
-1494.5 918
-1494.3 910
-1494.1 946
-1493.9 923
-1493.7 924
-1493.5 916
-1493.3 911
-1493.1 886
-1492.9 884
-1492.7 905
-1492.5 948
-1492.3 926
-1492.1 952
-1491.9 933
-1491.7 900
-1491.5 917
-1491.3 931
-1491.1 911
-1490.9 910
-1490.7 907
-1490.5 928
-1490.3 937
-1490.1 919
-1489.9 977
-1489.7 972
-1489.5 973
-1489.3 962
-1489.1 937
-1488.9 932
-1488.7 925
-1488.5 935
-1488.3 928
-1488.1 936
-1487.9 899
-1487.7 887
-1487.5 904
-1487.3 887
-1487.1 878
-1486.9 908
-1486.7 893
-1486.5 879
-1486.3 928
-1486.1 903
-1485.9 906
-1485.7 858
-1485.5 832
-1485.3 833
-1485.1 906
-1484.9 867
-1484.7 883
-1484.5 849
-1484.3 862
-1484.1 856
-1483.9 842
-1483.7 839
-1483.5 850
-1483.3 874
-1483.1 866
-1482.9 892
-1482.7 912
-1482.5 871
-1482.3 906
-1482.1 864
-1481.9 891
-1481.7 925
-1481.5 902
-1481.3 915
-1481.1 958
-1480.9 866
-1480.7 900
-1480.5 945
-1480.3 907
-1480.1 909
-1479.9 928
-1479.7 950
-1479.5 905
-1479.3 943
-1479.1 930
-1478.9 932
-1478.7 974
-1478.5 925
-1478.3 899
-1478.1 932
-1477.9 881
-1477.7 893
-1477.5 962
-1477.3 874
-1477.1 977
-1476.9 924
-1476.7 886
-1476.5 919
-1476.3 965
-1476.1 930
-1475.9 999
-1475.7 875
-1475.5 929
-1475.3 952
-1475.1 982
-1474.9 952
-1474.7 928
-1474.5 929
-1474.3 999
-1474.1 968
-1473.9 875
-1473.7 939
-1473.5 907
-1473.3 922
-1473.1 867
-1472.9 972
-1472.7 915
-1472.5 937
-1472.3 974
-1472.1 921
-1471.9 908
-1471.7 935
-1471.5 958
-1471.3 930
-1471.1 902
-1470.9 913
-1470.7 927
-1470.5 930
-1470.3 905
-1470.1 930
-1469.9 923
-1469.7 856
-1469.5 941
-1469.3 888
-1469.1 878
-1468.9 830
-1468.7 862
-1468.5 890
-1468.3 888
-1468.1 835
-1467.9 887
-1467.7 876
-1467.5 858
-1467.3 875
-1467.1 914
-1466.9 893
-1466.7 924
-1466.5 877
-1466.3 901
-1466.1 926
-1465.9 848
-1465.7 863
-1465.5 915
-1465.3 946
-1465.1 945
-1464.9 962
-1464.7 873
-1464.5 922
-1464.3 914
-1464.1 963
-1463.9 947
-1463.7 931
-1463.5 918
-1463.3 889
-1463.1 949
-1462.9 935
-1462.7 941
-1462.5 939
-1462.3 960
-1462.1 943
-1461.9 935
-1461.7 918
-1461.5 866
-1461.3 935
-1461.1 966
-1460.9 911
-1460.7 907
-1460.5 944
-1460.3 910
-1460.1 949
-1459.9 929
-1459.7 925
-1459.5 950
-1459.3 928
-1459.1 922
-1458.9 877
-1458.7 874
-1458.5 917
-1458.3 892
-1458.1 854
-1457.9 907
-1457.7 888
-1457.5 884
-1457.3 917
-1457.1 857
-1456.9 899
-1456.7 850
-1456.5 898
-1456.3 851
-1456.1 915
-1455.9 864
-1455.7 852
-1455.5 892
-1455.3 878
-1455.1 919
-1454.9 843
-1454.7 908
-1454.5 908
-1454.3 885
-1454.1 879
-1453.9 858
-1453.7 871
-1453.5 876
-1453.3 890
-1453.1 950
-1452.9 837
-1452.7 851
-1452.5 919
-1452.3 847
-1452.1 908
-1451.9 896
-1451.7 937
-1451.5 906
-1451.3 861
-1451.1 909
-1450.9 931
-1450.7 935
-1450.5 902
-1450.3 923
-1450.1 942
-1449.9 895
-1449.7 906
-1449.5 930
-1449.3 916
-1449.1 951
-1448.9 947
-1448.7 935
-1448.5 934
-1448.3 924
-1448.1 942
-1447.9 970
-1447.7 968
-1447.5 932
-1447.3 931
-1447.1 989
-1446.9 947
-1446.7 1005
-1446.5 890
-1446.3 975
-1446.1 932
-1445.9 1034
-1445.7 927
-1445.5 923
-1445.3 919
-1445.1 921
-1444.9 958
-1444.7 925
-1444.5 933
-1444.3 958
-1444.1 952
-1443.9 897
-1443.7 971
-1443.5 974
-1443.3 884
-1443.1 841
-1442.9 953
-1442.7 939
-1442.5 867
-1442.3 904
-1442.1 887
-1441.9 877
-1441.7 839
-1441.5 864
-1441.3 868
-1441.1 882
-1440.9 877
-1440.7 815
-1440.5 875
-1440.3 811
-1440.1 851
-1439.9 868
-1439.7 903
-1439.5 902
-1439.3 891
-1439.1 891
-1438.9 866
-1438.7 912
-1438.5 875
-1438.3 829
-1438.1 834
-1437.9 862
-1437.7 872
-1437.5 863
-1437.3 910
-1437.1 902
-1436.9 881
-1436.7 846
-1436.5 884
-1436.3 906
-1436.1 886
-1435.9 880
-1435.7 845
-1435.5 843
-1435.3 941
-1435.1 887
-1434.9 917
-1434.7 892
-1434.5 939
-1434.3 921
-1434.1 905
-1433.9 873
-1433.7 892
-1433.5 954
-1433.3 933
-1433.1 942
-1432.9 919
-1432.7 927
-1432.5 954
-1432.3 922
-1432.1 954
-1431.9 914
-1431.7 988
-1431.5 947
-1431.3 956
-1431.1 990
-1430.9 976
-1430.7 978
-1430.5 927
-1430.3 1002
-1430.1 961
-1429.9 911
-1429.7 950
-1429.5 917
-1429.3 991
-1429.1 928
-1428.9 944
-1428.7 996
-1428.5 908
-1428.3 953
-1428.1 940
-1427.9 918
-1427.7 884
-1427.5 924
-1427.3 966
-1427.1 915
-1426.9 929
-1426.7 910
-1426.5 931
-1426.3 887
-1426.1 920
-1425.9 922
-1425.7 906
-1425.5 920
-1425.3 906
-1425.1 900
-1424.9 889
-1424.7 853
-1424.5 854
-1424.3 878
-1424.1 887
-1423.9 896
-1423.7 915
-1423.5 881
-1423.3 911
-1423.1 873
-1422.9 889
-1422.7 840
-1422.5 847
-1422.3 909
-1422.1 874
-1421.9 855
-1421.7 875
-1421.5 910
-1421.3 891
-1421.1 827
-1420.9 928
-1420.7 944
-1420.5 910
-1420.3 884
-1420.1 908
-1419.9 914
-1419.7 860
-1419.5 889
-1419.3 919
-1419.1 908
-1418.9 833
-1418.7 914
-1418.5 936
-1418.3 911
-1418.1 924
-1417.9 931
-1417.7 904
-1417.5 885
-1417.3 999
-1417.1 934
-1416.9 914
-1416.7 914
-1416.5 992
-1416.3 944
-1416.1 901
-1415.9 902
-1415.7 958
-1415.5 965
-1415.3 963
-1415.1 906
-1414.9 920
-1414.7 899
-1414.5 960
-1414.3 954
-1414.1 952
-1413.9 959
-1413.7 931
-1413.5 916
-1413.3 1013
-1413.1 935
-1412.9 909
-1412.7 986
-1412.5 923
-1412.3 877
-1412.1 976
-1411.9 920
-1411.7 895
-1411.5 877
-1411.3 898
-1411.1 897
-1410.9 872
-1410.7 898
-1410.5 904
-1410.3 959
-1410.1 920
-1409.9 902
-1409.7 875
-1409.5 870
-1409.3 867
-1409.1 916
-1408.9 901
-1408.7 907
-1408.5 856
-1408.3 903
-1408.1 898
-1407.9 842
-1407.7 905
-1407.5 833
-1407.3 878
-1407.1 878
-1406.9 956
-1406.7 865
-1406.5 870
-1406.3 890
-1406.1 863
-1405.9 896
-1405.7 868
-1405.5 853
-1405.3 858
-1405.1 922
-1404.9 909
-1404.7 863
-1404.5 903
-1404.3 886
-1404.1 915
-1403.9 908
-1403.7 897
-1403.5 901
-1403.3 887
-1403.1 900
-1402.9 916
-1402.7 933
-1402.5 891
-1402.3 901
-1402.1 890
-1401.9 913
-1401.7 912
-1401.5 920
-1401.3 892
-1401.1 952
-1400.9 892
-1400.7 896
-1400.5 881
-1400.3 909
-1400.1 939
-1399.9 862
-1399.7 947
-1399.5 938
-1399.3 916
-1399.1 891
-1398.9 964
-1398.7 924
-1398.5 914
-1398.3 876
-1398.1 933
-1397.9 898
-1397.7 931
-1397.5 924
-1397.3 906
-1397.1 936
-1396.9 916
-1396.7 884
-1396.5 860
-1396.3 866
-1396.1 933
-1395.9 943
-1395.7 908
-1395.5 953
-1395.3 897
-1395.1 901
-1394.9 847
-1394.7 958
-1394.5 903
-1394.3 877
-1394.1 901
-1393.9 906
-1393.7 916
-1393.5 962
-1393.3 953
-1393.1 862
-1392.9 980
-1392.7 886
-1392.5 920
-1392.3 880
-1392.1 880
-1391.9 909
-1391.7 864
-1391.5 897
-1391.3 888
-1391.1 872
-1390.9 870
-1390.7 955
-1390.5 940
-1390.3 941
-1390.1 930
-1389.9 933
-1389.7 891
-1389.5 896
-1389.3 907
-1389.1 839
-1388.9 895
-1388.7 929
-1388.5 925
-1388.3 955
-1388.1 869
-1387.9 865
-1387.7 904
-1387.5 937
-1387.3 853
-1387.1 922
-1386.9 873
-1386.7 942
-1386.5 919
-1386.3 935
-1386.1 884
-1385.9 897
-1385.7 875
-1385.5 921
-1385.3 887
-1385.1 850
-1384.9 906
-1384.7 874
-1384.5 892
-1384.3 875
-1384.1 867
-1383.9 907
-1383.7 904
-1383.5 899
-1383.3 891
-1383.1 854
-1382.9 908
-1382.7 888
-1382.5 879
-1382.3 875
-1382.1 876
-1381.9 833
-1381.7 903
-1381.5 842
-1381.3 868
-1381.1 866
-1380.9 834
-1380.7 877
-1380.5 840
-1380.3 925
-1380.1 877
-1379.9 825
-1379.7 849
-1379.5 912
-1379.3 924
-1379.1 865
-1378.9 927
-1378.7 885
-1378.5 905
-1378.3 876
-1378.1 854
-1377.9 912
-1377.7 780
-1377.5 939
-1377.3 888
-1377.1 891
-1376.9 911
-1376.7 895
-1376.5 863
-1376.3 888
-1376.1 897
-1375.9 864
-1375.7 878
-1375.5 925
-1375.3 877
-1375.1 938
-1374.9 887
-1374.7 871
-1374.5 848
-1374.3 884
-1374.1 929
-1373.9 910
-1373.7 897
-1373.5 895
-1373.3 857
-1373.1 906
-1372.9 932
-1372.7 942
-1372.5 901
-1372.3 922
-1372.1 887
-1371.9 932
-1371.7 878
-1371.5 895
-1371.3 909
-1371.1 946
-1370.9 919
-1370.7 859
-1370.5 884
-1370.3 866
-1370.1 935
-1369.9 886
-1369.7 898
-1369.5 887
-1369.3 892
-1369.1 905
-1368.9 907
-1368.7 894
-1368.5 896
-1368.3 882
-1368.1 841
-1367.9 875
-1367.7 879
-1367.5 897
-1367.3 871
-1367.1 859
-1366.9 881
-1366.7 886
-1366.5 776
-1366.3 854
-1366.1 891
-1365.9 927
-1365.7 838
-1365.5 852
-1365.3 892
-1365.1 844
-1364.9 884
-1364.7 879
-1364.5 864
-1364.3 845
-1364.1 877
-1363.9 828
-1363.7 843
-1363.5 873
-1363.3 839
-1363.1 856
-1362.9 863
-1362.7 848
-1362.5 894
-1362.3 866
-1362.1 790
-1361.9 819
-1361.7 841
-1361.5 831
-1361.3 790
-1361.1 820
-1360.9 820
-1360.7 811
-1360.5 846
-1360.3 841
-1360.1 821
-1359.9 801
-1359.7 807
-1359.5 826
-1359.3 751
-1359.1 796
-1358.9 829
-1358.7 795
-1358.5 783
-1358.3 767
-1358.1 782
-1357.9 776
-1357.7 805
-1357.5 758
-1357.3 759
-1357.1 763
-1356.9 688
-1356.7 751
-1356.5 778
-1356.3 768
-1356.1 727
-1355.9 719
-1355.7 746
-1355.5 747
-1355.3 718
-1355.1 695
-1354.9 728
-1354.7 714
-1354.5 715
-1354.3 711
-1354.1 702
-1353.9 681
-1353.7 646
-1353.5 689
-1353.3 645
-1353.1 685
-1352.9 635
-1352.7 673
-1352.5 677
-1352.3 677
-1352.1 688
-1351.9 642
-1351.7 619
-1351.5 654
-1351.3 615
-1351.1 649
-1350.9 567
-1350.7 628
-1350.5 630
-1350.3 585
-1350.1 610
-1349.9 594
-1349.7 626
-1349.5 612
-1349.3 567
-1349.1 609
-1348.9 553
-1348.7 546
-1348.5 566
-1348.3 538
-1348.1 548
-1347.9 528
-1347.7 521
-1347.5 502
-1347.3 477
-1347.1 560
-1346.9 544
-1346.7 494
-1346.5 462
-1346.3 502
-1346.1 441
-1345.9 437
-1345.7 482
-1345.5 473
-1345.3 442
-1345.1 508
-1344.9 406
-1344.7 446
-1344.5 389
-1344.3 427
-1344.1 405
-1343.9 436
-1343.7 387
-1343.5 399
-1343.3 400
-1343.1 386
-1342.9 363
-1342.7 381
-1342.5 371
-1342.3 336
-1342.1 310
-1341.9 339
-1341.7 327
-1341.5 331
-1341.3 326
-1341.1 342
-1340.9 325
-1340.7 276
-1340.5 286
-1340.3 288
-1340.1 274
-1339.9 274
-1339.7 253
-1339.5 250
-1339.3 271
-1339.1 265
-1338.9 244
-1338.7 227
-1338.5 252
-1338.3 230
-1338.1 226
-1337.9 226
-1337.7 230
-1337.5 203
-1337.3 218
-1337.1 230
-1336.9 196
-1336.7 188
-1336.5 183
-1336.3 177
-1336.1 163
-1335.9 174
-1335.7 168
-1335.5 164
-1335.3 172
-1335.1 156
-1334.9 144
-1334.7 142
-1334.5 133
-1334.3 114
-1334.1 133
-1333.9 139
-1333.7 129
-1333.5 108
-1333.3 110
-1333.1 111
-1332.9 117
-1332.7 111
-1332.5 111
-1332.3 108
-1332.1 112
-1331.9 102
-1331.7 89
-1331.5 85
-1331.3 89
-1331.1 96
-1330.9 69
-1330.7 85
-1330.5 80
-1330.3 81
-1330.1 74
-1329.9 55
-1329.7 68
-1329.5 53
-1329.3 53
-1329.1 63
-1328.9 53
-1328.7 64
-1328.5 61
-1328.3 51
-1328.1 46
-1327.9 46
-1327.7 44
-1327.5 37
-1327.3 35
-1327.1 30
-1326.9 36
-1326.7 37
-1326.5 30
-1326.3 39
-1326.1 31
-1325.9 23
-1325.7 32
-1325.5 26
-1325.3 24
-1325.1 16
-1324.9 25
-1324.7 40
-1324.5 26
-1324.3 23
-1324.1 23
-1323.9 15
-1323.7 21
-1323.5 20
-1323.3 24
-1323.1 18
-1322.9 18
-1322.7 17
-1322.5 17
-1322.3 16
-1322.1 10
-1321.9 11
-1321.7 14
-1321.5 10
-1321.3 11
-1321.1 11
-1320.9 14
-1320.7 6
-1320.5 15
-1320.3 14
-1320.1 13
-1319.9 9
-1319.7 13
-1319.5 7
-1319.3 9
-1319.1 12
-1318.9 8
-1318.7 7
-1318.5 8
-1318.3 12
-1318.1 16
-1317.9 6
-1317.7 9
-1317.5 8
-1317.3 9
-1317.1 5
-1316.9 5
-1316.7 2
-1316.5 9
-1316.3 5
-1316.1 6
-1315.9 4
-1315.7 10
-1315.5 5
-1315.3 10
-1315.1 6
-1314.9 7
-1314.7 5
-1314.5 5
-1314.3 3
-1314.1 3
-1313.9 7
-1313.7 6
-1313.5 8
-1313.3 8
-1313.1 8
-1312.9 3
-1312.7 4
-1312.5 6
-1312.3 9
-1312.1 6
-1311.9 2
-1311.7 4
-1311.5 6
-1311.3 4
-1311.1 4
-1310.9 8
-1310.7 3
-1310.5 8
-1310.3 8
-1310.1 9
-1309.9 5
-1309.7 4
-1309.5 3
-1309.3 6
-1309.1 4
-1308.9 8
-1308.7 5
-1308.5 10
-1308.3 6
-1308.1 5
-1307.9 4
-1307.7 8
-1307.5 4
-1307.3 5
-1307.1 2
-1306.9 4
-1306.7 3
-1306.5 9
-1306.3 3
-1306.1 6
-1305.9 2
-1305.7 1
-1305.5 7
-1305.3 7
-1305.1 4
-1304.9 7
-1304.7 4
-1304.5 5
-1304.3 0
-1304.1 6
-1303.9 4
-1303.7 2
-1303.5 5
-1303.3 7
-1303.1 3
-1302.9 3
-1302.7 4
-1302.5 3
-1302.3 4
-1302.1 4
-1301.9 2
-1301.7 3
-1301.5 4
-1301.3 3
-1301.1 10
-1300.9 6
-1300.7 4
-1300.5 7
-1300.3 1
-1300.1 2
