1450
-1589.7 2.18973e-06
-1589.5 5.10937e-06
-1589.3 6.56918e-06
-1589.1 6.56918e-06
-1588.9 8.029e-06
-1588.7 1.02187e-05
-1588.5 1.24085e-05
-1588.3 1.38683e-05
-1588.1 1.67879e-05
-1587.9 1.97076e-05
-1587.7 2.18973e-05
-1587.5 2.48169e-05
-1587.3 2.84665e-05
-1587.1 2.99263e-05
-1586.9 3.35758e-05
-1586.7 3.64955e-05
-1586.5 3.94151e-05
-1586.3 4.16048e-05
-1586.1 4.52544e-05
-1585.9 4.96338e-05
-1585.7 5.18236e-05
-1585.5 5.47432e-05
-1585.3 5.6203e-05
-1585.1 5.83928e-05
-1584.9 5.98526e-05
-1584.7 5.98526e-05
-1584.5 6.13124e-05
-1584.3 6.27722e-05
-1584.1 6.4232e-05
-1583.9 6.56918e-05
-1583.7 6.86115e-05
-1583.5 6.86115e-05
-1583.3 7.37209e-05
-1583.1 7.51807e-05
-1582.9 7.95601e-05
-1582.7 8.17499e-05
-1582.5 8.39396e-05
-1582.3 8.68592e-05
-1582.1 8.97789e-05
-1581.9 9.05088e-05
-1581.7 9.05088e-05
-1581.5 9.26985e-05
-1581.3 9.34284e-05
-1581.1 9.41583e-05
-1580.9 9.56181e-05
-1580.7 9.6348e-05
-1580.5 9.85378e-05
-1580.3 0.000101457
-1580.1 0.000103647
-1579.9 0.000105837
-1579.7 0.000108027
-1579.5 0.000109486
-1579.3 0.000111676
-1579.1 0.000112406
-1578.9 0.000118245
-1578.7 0.000121895
-1578.5 0.000124815
-1578.3 0.000127734
-1578.1 0.000130654
-1577.9 0.000132114
-1577.7 0.000135033
-1577.5 0.000135763
-1577.3 0.000139413
-1577.1 0.000140873
-1576.9 0.000140873
-1576.7 0.000143792
-1576.5 0.000146712
-1576.3 0.000150361
-1576.1 0.000155471
-1575.9 0.00015985
-1575.7 0.0001635
-1575.5 0.000167149
-1575.3 0.000172259
-1575.1 0.000177368
-1574.9 0.000183937
-1574.7 0.000188317
-1574.5 0.000197076
-1574.3 0.000205105
-1574.1 0.000210944
-1573.9 0.000218973
-1573.7 0.000226272
-1573.5 0.000234301
-1573.3 0.0002416
-1573.1 0.000254008
-1572.9 0.000267147
-1572.7 0.000279555
-1572.5 0.000289044
-1572.3 0.000298533
-1572.1 0.000310941
-1571.9 0.000329919
-1571.7 0.000343057
-1571.5 0.000356926
-1571.3 0.000374444
-1571.1 0.000397071
-1570.9 0.000430647
-1570.7 0.000457653
-1570.5 0.00048101
-1570.3 0.000503638
-1570.1 0.000527725
-1569.9 0.000551812
-1569.7 0.000583198
-1569.5 0.000609474
-1569.3 0.000653999
-1569.1 0.000702903
-1568.9 0.000749617
-1568.7 0.00080217
-1568.5 0.000866402
-1568.3 0.000932094
-1568.1 0.00103063
-1567.9 0.00112552
-1567.7 0.00123866
-1567.5 0.00134814
-1567.3 0.00149266
-1567.1 0.00167222
-1566.9 0.00187003
-1566.7 0.00210944
-1566.5 0.00233717
-1566.3 0.00259848
-1566.1 0.00290723
-1565.9 0.0032262
-1565.7 0.0036021
-1565.5 0.00397217
-1565.3 0.00441157
-1565.1 0.00489988
-1564.9 0.0054152
-1564.7 0.00598672
-1564.5 0.00660203
-1564.3 0.00731807
-1564.1 0.0080874
-1563.9 0.00894723
-1563.7 0.00983407
-1563.5 0.0108253
-1563.3 0.011891
-1563.1 0.013034
-1562.9 0.0142267
-1562.7 0.015485
-1562.5 0.0168054
-1562.3 0.0181653
-1562.1 0.0195557
-1561.9 0.0209681
-1561.7 0.0224703
-1561.5 0.0239753
-1561.3 0.0254884
-1561.1 0.0270066
-1560.9 0.0285176
-1560.7 0.0300161
-1560.5 0.0315642
-1560.3 0.0330999
-1560.1 0.0346656
-1559.9 0.0362137
-1559.7 0.037737
-1559.5 0.0392757
-1559.3 0.0407815
-1559.1 0.0422785
-1558.9 0.0437873
-1558.7 0.0452996
-1558.5 0.046777
-1558.3 0.0482295
-1558.1 0.0497105
-1557.9 0.051198
-1557.7 0.0526119
-1557.5 0.0540403
-1557.3 0.0554293
-1557.1 0.056795
-1556.9 0.0582154
-1556.7 0.0596234
-1556.5 0.0609693
-1556.3 0.0623226
-1556.1 0.0637204
-1555.9 0.0650597
-1555.7 0.0663261
-1555.5 0.0676626
-1555.3 0.0690122
-1555.1 0.0703158
-1554.9 0.0715975
-1554.7 0.0728858
-1554.5 0.0741785
-1554.3 0.0754661
-1554.1 0.0767171
-1553.9 0.0780091
-1553.7 0.0792572
-1553.5 0.0804769
-1553.3 0.0817214
-1553.1 0.0828987
-1552.9 0.0841279
-1552.7 0.0853651
-1552.5 0.0865585
-1552.3 0.0877986
-1552.1 0.0890453
-1551.9 0.0901927
-1551.7 0.0913956
-1551.5 0.0925978
-1551.3 0.0937554
-1551.1 0.0948817
-1550.9 0.0960991
-1550.7 0.0971787
-1550.5 0.0983297
-1550.3 0.0995312
-1550.1 0.100633
-1549.9 0.101769
-1549.7 0.102849
-1549.5 0.10396
-1549.3 0.105066
-1549.1 0.106123
-1548.9 0.10721
-1548.7 0.108244
-1548.5 0.109293
-1548.3 0.110344
-1548.1 0.111363
-1547.9 0.112408
-1547.7 0.113473
-1547.5 0.114493
-1547.3 0.115564
-1547.1 0.116548
-1546.9 0.117529
-1546.7 0.118521
-1546.5 0.119508
-1546.3 0.120516
-1546.1 0.121547
-1545.9 0.122596
-1545.7 0.123619
-1545.5 0.12462
-1545.3 0.12562
-1545.1 0.12661
-1544.9 0.127585
-1544.7 0.12856
-1544.5 0.129565
-1544.3 0.130492
-1544.1 0.131461
-1543.9 0.132438
-1543.7 0.133379
-1543.5 0.134352
-1543.3 0.135285
-1543.1 0.136241
-1542.9 0.13716
-1542.7 0.13809
-1542.5 0.1391
-1542.3 0.140025
-1542.1 0.140935
-1541.9 0.141909
-1541.7 0.142875
-1541.5 0.143842
-1541.3 0.144803
-1541.1 0.14574
-1540.9 0.14664
-1540.7 0.147547
-1540.5 0.148481
-1540.3 0.149422
-1540.1 0.150331
-1539.9 0.151234
-1539.7 0.152215
-1539.5 0.153143
-1539.3 0.154053
-1539.1 0.155062
-1538.9 0.155965
-1538.7 0.156926
-1538.5 0.157858
-1538.3 0.158811
-1538.1 0.159663
-1537.9 0.160552
-1537.7 0.161423
-1537.5 0.16237
-1537.3 0.163354
-1537.1 0.164243
-1536.9 0.165143
-1536.7 0.166116
-1536.5 0.166984
-1536.3 0.167865
-1536.1 0.168773
-1535.9 0.169659
-1535.7 0.170575
-1535.5 0.17151
-1535.3 0.172418
-1535.1 0.173306
-1534.9 0.174243
-1534.7 0.175172
-1534.5 0.17608
-1534.3 0.176992
-1534.1 0.177853
-1533.9 0.178769
-1533.7 0.179666
-1533.5 0.180561
-1533.3 0.181471
-1533.1 0.182358
-1532.9 0.183275
-1532.7 0.18419
-1532.5 0.185041
-1532.3 0.185936
-1532.1 0.186836
-1531.9 0.187712
-1531.7 0.188586
-1531.5 0.189517
-1531.3 0.190357
-1531.1 0.191233
-1530.9 0.192137
-1530.7 0.193015
-1530.5 0.193875
-1530.3 0.194777
-1530.1 0.19565
-1529.9 0.19654
-1529.7 0.197469
-1529.5 0.198359
-1529.3 0.199249
-1529.1 0.200066
-1528.9 0.20094
-1528.7 0.201868
-1528.5 0.202781
-1528.3 0.203674
-1528.1 0.204556
-1527.9 0.205456
-1527.7 0.20629
-1527.5 0.207142
-1527.3 0.207977
-1527.1 0.208827
-1526.9 0.209712
-1526.7 0.210583
-1526.5 0.211453
-1526.3 0.21235
-1526.1 0.213242
-1525.9 0.214121
-1525.7 0.215029
-1525.5 0.215909
-1525.3 0.21674
-1525.1 0.217579
-1524.9 0.21846
-1524.7 0.219304
-1524.5 0.220179
-1524.3 0.220983
-1524.1 0.221836
-1523.9 0.2227
-1523.7 0.223563
-1523.5 0.224408
-1523.3 0.225271
-1523.1 0.226123
-1522.9 0.227006
-1522.7 0.227868
-1522.5 0.228756
-1522.3 0.229643
-1522.1 0.230545
-1521.9 0.231419
-1521.7 0.2323
-1521.5 0.233198
-1521.3 0.234051
-1521.1 0.234932
-1520.9 0.235813
-1520.7 0.236688
-1520.5 0.237538
-1520.3 0.238434
-1520.1 0.239287
-1519.9 0.24023
-1519.7 0.241108
-1519.5 0.242004
-1519.3 0.24288
-1519.1 0.243734
-1518.9 0.244616
-1518.7 0.245499
-1518.5 0.246328
-1518.3 0.247144
-1518.1 0.248013
-1517.9 0.24881
-1517.7 0.249679
-1517.5 0.250552
-1517.3 0.251447
-1517.1 0.252277
-1516.9 0.253152
-1516.7 0.253995
-1516.5 0.254838
-1516.3 0.255719
-1516.1 0.256583
-1515.9 0.257437
-1515.7 0.258273
-1515.5 0.259097
-1515.3 0.259926
-1515.1 0.260805
-1514.9 0.261626
-1514.7 0.262378
-1514.5 0.263172
-1514.3 0.264024
-1514.1 0.264816
-1513.9 0.265599
-1513.7 0.266379
-1513.5 0.267231
-1513.3 0.268008
-1513.1 0.268779
-1512.9 0.269599
-1512.7 0.270391
-1512.5 0.271199
-1512.3 0.271998
-1512.1 0.27276
-1511.9 0.273579
-1511.7 0.274418
-1511.5 0.275225
-1511.3 0.276019
-1511.1 0.27682
-1510.9 0.27765
-1510.7 0.278445
-1510.5 0.279266
-1510.3 0.280074
-1510.1 0.280863
-1509.9 0.281683
-1509.7 0.282494
-1509.5 0.283334
-1509.3 0.284171
-1509.1 0.284992
-1508.9 0.285816
-1508.7 0.286671
-1508.5 0.287527
-1508.3 0.288358
-1508.1 0.289213
-1507.9 0.29007
-1507.7 0.2909
-1507.5 0.291735
-1507.3 0.292618
-1507.1 0.29345
-1506.9 0.294321
-1506.7 0.295186
-1506.5 0.296044
-1506.3 0.296878
-1506.1 0.297736
-1505.9 0.298602
-1505.7 0.299434
-1505.5 0.300292
-1505.3 0.30118
-1505.1 0.302072
-1504.9 0.302954
-1504.7 0.303841
-1504.5 0.304742
-1504.3 0.305621
-1504.1 0.306499
-1503.9 0.307342
-1503.7 0.308198
-1503.5 0.309096
-1503.3 0.31
-1503.1 0.310847
-1502.9 0.311705
-1502.7 0.312528
-1502.5 0.313389
-1502.3 0.314225
-1502.1 0.315062
-1501.9 0.315912
-1501.7 0.316743
-1501.5 0.317568
-1501.3 0.318384
-1501.1 0.319209
-1500.9 0.320025
-1500.7 0.320856
-1500.5 0.321635
-1500.3 0.322424
-1500.1 0.323215
-1499.9 0.324043
-1499.7 0.324835
-1499.5 0.325646
-1499.3 0.326426
-1499.1 0.327191
-1498.9 0.328023
-1498.7 0.328842
-1498.5 0.329645
-1498.3 0.330426
-1498.1 0.331272
-1497.9 0.332069
-1497.7 0.332886
-1497.5 0.333684
-1497.3 0.33453
-1497.1 0.335342
-1496.9 0.336155
-1496.7 0.337004
-1496.5 0.337866
-1496.3 0.338704
-1496.1 0.339622
-1495.9 0.340407
-1495.7 0.341214
-1495.5 0.342089
-1495.3 0.34293
-1495.1 0.343784
-1494.9 0.344638
-1494.7 0.345476
-1494.5 0.34632
-1494.3 0.347172
-1494.1 0.34805
-1493.9 0.348894
-1493.7 0.349754
-1493.5 0.350627
-1493.3 0.351502
-1493.1 0.352401
-1492.9 0.35328
-1492.7 0.354119
-1492.5 0.354993
-1492.3 0.355808
-1492.1 0.356648
-1491.9 0.357532
-1491.7 0.358461
-1491.5 0.359299
-1491.3 0.360214
-1491.1 0.361102
-1490.9 0.36201
-1490.7 0.362872
-1490.5 0.36375
-1490.3 0.364653
-1490.1 0.365563
-1489.9 0.366452
-1489.7 0.367379
-1489.5 0.368269
-1489.3 0.369172
-1489.1 0.370044
-1488.9 0.37093
-1488.7 0.371801
-1488.5 0.372637
-1488.3 0.373543
-1488.1 0.374435
-1487.9 0.375289
-1487.7 0.37618
-1487.5 0.377076
-1487.3 0.377956
-1487.1 0.378855
-1486.9 0.379695
-1486.7 0.380539
-1486.5 0.381405
-1486.3 0.382304
-1486.1 0.383164
-1485.9 0.384044
-1485.7 0.384932
-1485.5 0.385835
-1485.3 0.386649
-1485.1 0.387493
-1484.9 0.388407
-1484.7 0.38927
-1484.5 0.390109
-1484.3 0.390985
-1484.1 0.39181
-1483.9 0.392679
-1483.7 0.393441
-1483.5 0.39428
-1483.3 0.395048
-1483.1 0.395849
-1482.9 0.396688
-1482.7 0.397515
-1482.5 0.39834
-1482.3 0.399182
-1482.1 0.400052
-1481.9 0.400914
-1481.7 0.401718
-1481.5 0.402557
-1481.3 0.403358
-1481.1 0.404195
-1480.9 0.405049
-1480.7 0.405935
-1480.5 0.406803
-1480.3 0.407638
-1480.1 0.408493
-1479.9 0.409378
-1479.7 0.410259
-1479.5 0.411123
-1479.3 0.412007
-1479.1 0.412847
-1478.9 0.413705
-1478.7 0.414545
-1478.5 0.415393
-1478.3 0.416259
-1478.1 0.417105
-1477.9 0.417964
-1477.7 0.418865
-1477.5 0.419722
-1477.3 0.42054
-1477.1 0.421434
-1476.9 0.422343
-1476.7 0.423208
-1476.5 0.424047
-1476.3 0.424915
-1476.1 0.425788
-1475.9 0.426656
-1475.7 0.427571
-1475.5 0.428414
-1475.3 0.429292
-1475.1 0.430124
-1474.9 0.430981
-1474.7 0.431852
-1474.5 0.432683
-1474.3 0.433556
-1474.1 0.434427
-1473.9 0.435284
-1473.7 0.436175
-1473.5 0.437047
-1473.3 0.43789
-1473.1 0.438773
-1472.9 0.439597
-1472.7 0.440492
-1472.5 0.441375
-1472.3 0.442261
-1472.1 0.443138
-1471.9 0.444011
-1471.7 0.44491
-1471.5 0.445783
-1471.3 0.446642
-1471.1 0.447513
-1470.9 0.448416
-1470.7 0.449293
-1470.5 0.450152
-1470.3 0.451053
-1470.1 0.451929
-1469.9 0.452783
-1469.7 0.453653
-1469.5 0.454493
-1469.3 0.455307
-1469.1 0.456126
-1468.9 0.456982
-1468.7 0.457858
-1468.5 0.458723
-1468.3 0.459562
-1468.1 0.460413
-1467.9 0.461245
-1467.7 0.462064
-1467.5 0.462919
-1467.3 0.463758
-1467.1 0.464611
-1466.9 0.465441
-1466.7 0.466314
-1466.5 0.467169
-1466.3 0.467985
-1466.1 0.468849
-1465.9 0.469699
-1465.7 0.470568
-1465.5 0.471412
-1465.3 0.472239
-1465.1 0.47306
-1464.9 0.473927
-1464.7 0.474745
-1464.5 0.475551
-1464.3 0.476386
-1464.1 0.477232
-1463.9 0.478086
-1463.7 0.478909
-1463.5 0.479762
-1463.3 0.480604
-1463.1 0.481418
-1462.9 0.48227
-1462.7 0.483099
-1462.5 0.483958
-1462.3 0.484802
-1462.1 0.485627
-1461.9 0.486443
-1461.7 0.487255
-1461.5 0.488136
-1461.3 0.488963
-1461.1 0.489805
-1460.9 0.490623
-1460.7 0.491484
-1460.5 0.49235
-1460.3 0.493161
-1460.1 0.493985
-1459.9 0.494799
-1459.7 0.495619
-1459.5 0.496501
-1459.3 0.497366
-1459.1 0.49824
-1458.9 0.499092
-1458.7 0.499934
-1458.5 0.500798
-1458.3 0.501654
-1458.1 0.50254
-1457.9 0.503384
-1457.7 0.504252
-1457.5 0.50512
-1457.3 0.50599
-1457.1 0.506843
-1456.9 0.507677
-1456.7 0.508535
-1456.5 0.509423
-1456.3 0.510295
-1456.1 0.511163
-1455.9 0.512018
-1455.7 0.512843
-1455.5 0.513651
-1455.3 0.51452
-1455.1 0.515433
-1454.9 0.516333
-1454.7 0.517218
-1454.5 0.518096
-1454.3 0.518954
-1454.1 0.519823
-1453.9 0.52065
-1453.7 0.521514
-1453.5 0.522382
-1453.3 0.523235
-1453.1 0.52409
-1452.9 0.524978
-1452.7 0.525876
-1452.5 0.526689
-1452.3 0.52756
-1452.1 0.528417
-1451.9 0.529341
-1451.7 0.530209
-1451.5 0.531059
-1451.3 0.531899
-1451.1 0.532755
-1450.9 0.533608
-1450.7 0.534449
-1450.5 0.535278
-1450.3 0.536156
-1450.1 0.537024
-1449.9 0.537875
-1449.7 0.538696
-1449.5 0.539555
-1449.3 0.540392
-1449.1 0.541258
-1448.9 0.542148
-1448.7 0.542993
-1448.5 0.543856
-1448.3 0.544713
-1448.1 0.545574
-1447.9 0.54642
-1447.7 0.547286
-1447.5 0.548136
-1447.3 0.548937
-1447.1 0.549813
-1446.9 0.550672
-1446.7 0.551486
-1446.5 0.552333
-1446.3 0.553136
-1446.1 0.554001
-1445.9 0.554833
-1445.7 0.555675
-1445.5 0.556495
-1445.3 0.557362
-1445.1 0.558245
-1444.9 0.559087
-1444.7 0.559897
-1444.5 0.560699
-1444.3 0.561483
-1444.1 0.562311
-1443.9 0.563153
-1443.7 0.563977
-1443.5 0.564832
-1443.3 0.565673
-1443.1 0.566587
-1442.9 0.567437
-1442.7 0.56828
-1442.5 0.569098
-1442.3 0.569935
-1442.1 0.57083
-1441.9 0.571606
-1441.7 0.572453
-1441.5 0.57328
-1441.3 0.574112
-1441.1 0.574999
-1440.9 0.575886
-1440.7 0.576783
-1440.5 0.5776
-1440.3 0.578456
-1440.1 0.579286
-1439.9 0.580099
-1439.7 0.580921
-1439.5 0.581775
-1439.3 0.582614
-1439.1 0.58347
-1438.9 0.584362
-1438.7 0.585197
-1438.5 0.586082
-1438.3 0.586979
-1438.1 0.58783
-1437.9 0.588654
-1437.7 0.589533
-1437.5 0.590375
-1437.3 0.591244
-1437.1 0.592103
-1436.9 0.59295
-1436.7 0.593802
-1436.5 0.594668
-1436.3 0.595483
-1436.1 0.596311
-1435.9 0.597132
-1435.7 0.597976
-1435.5 0.59887
-1435.3 0.599732
-1435.1 0.600603
-1434.9 0.601453
-1434.7 0.602295
-1434.5 0.603139
-1434.3 0.603977
-1434.1 0.604828
-1433.9 0.605718
-1433.7 0.60655
-1433.5 0.607437
-1433.3 0.608256
-1433.1 0.609124
-1432.9 0.609969
-1432.7 0.610834
-1432.5 0.611687
-1432.3 0.612553
-1432.1 0.613394
-1431.9 0.614249
-1431.7 0.615114
-1431.5 0.615918
-1431.3 0.61679
-1431.1 0.617665
-1430.9 0.618519
-1430.7 0.619387
-1430.5 0.620226
-1430.3 0.621079
-1430.1 0.621953
-1429.9 0.62283
-1429.7 0.623685
-1429.5 0.624511
-1429.3 0.625346
-1429.1 0.626202
-1428.9 0.627075
-1428.7 0.627932
-1428.5 0.628779
-1428.3 0.629596
-1428.1 0.630462
-1427.9 0.63132
-1427.7 0.632184
-1427.5 0.632973
-1427.3 0.633855
-1427.1 0.634669
-1426.9 0.63548
-1426.7 0.636293
-1426.5 0.637119
-1426.3 0.637993
-1426.1 0.638873
-1425.9 0.639748
-1425.7 0.640575
-1425.5 0.641413
-1425.3 0.642266
-1425.1 0.643154
-1424.9 0.643993
-1424.7 0.644869
-1424.5 0.645668
-1424.3 0.646502
-1424.1 0.647367
-1423.9 0.648181
-1423.7 0.649071
-1423.5 0.649906
-1423.3 0.65078
-1423.1 0.651646
-1422.9 0.652454
-1422.7 0.653313
-1422.5 0.654124
-1422.3 0.654997
-1422.1 0.655861
-1421.9 0.656701
-1421.7 0.657524
-1421.5 0.658386
-1421.3 0.659247
-1421.1 0.660132
-1420.9 0.660988
-1420.7 0.661814
-1420.5 0.662696
-1420.3 0.663537
-1420.1 0.66441
-1419.9 0.665267
-1419.7 0.666099
-1419.5 0.666955
-1419.3 0.667781
-1419.1 0.668593
-1418.9 0.669464
-1418.7 0.670287
-1418.5 0.671146
-1418.3 0.67199
-1418.1 0.672837
-1417.9 0.673705
-1417.7 0.674571
-1417.5 0.675446
-1417.3 0.67632
-1417.1 0.677206
-1416.9 0.678052
-1416.7 0.678887
-1416.5 0.679743
-1416.3 0.680597
-1416.1 0.681424
-1415.9 0.682295
-1415.7 0.683168
-1415.5 0.683997
-1415.3 0.684875
-1415.1 0.685729
-1414.9 0.686539
-1414.7 0.687372
-1414.5 0.688289
-1414.3 0.689083
-1414.1 0.689983
-1413.9 0.690824
-1413.7 0.691715
-1413.5 0.692569
-1413.3 0.693441
-1413.1 0.694298
-1412.9 0.695122
-1412.7 0.695973
-1412.5 0.696826
-1412.3 0.697655
-1412.1 0.698453
-1411.9 0.699303
-1411.7 0.700125
-1411.5 0.70099
-1411.3 0.701801
-1411.1 0.702649
-1410.9 0.703501
-1410.7 0.704309
-1410.5 0.705121
-1410.3 0.705996
-1410.1 0.706807
-1409.9 0.707632
-1409.7 0.708427
-1409.5 0.709311
-1409.3 0.710084
-1409.1 0.710957
-1408.9 0.711779
-1408.7 0.712613
-1408.5 0.713478
-1408.3 0.714335
-1408.1 0.715129
-1407.9 0.71597
-1407.7 0.716787
-1407.5 0.717598
-1407.3 0.718441
-1407.1 0.719259
-1406.9 0.720082
-1406.7 0.720886
-1406.5 0.721718
-1406.3 0.722523
-1406.1 0.723387
-1405.9 0.724209
-1405.7 0.725066
-1405.5 0.725925
-1405.3 0.726733
-1405.1 0.727496
-1404.9 0.728356
-1404.7 0.729188
-1404.5 0.73005
-1404.3 0.730852
-1404.1 0.731664
-1403.9 0.732523
-1403.7 0.733377
-1403.5 0.734238
-1403.3 0.73509
-1403.1 0.735957
-1402.9 0.736768
-1402.7 0.737654
-1402.5 0.738537
-1402.3 0.739373
-1402.1 0.740246
-1401.9 0.74113
-1401.7 0.742002
-1401.5 0.742846
-1401.3 0.743711
-1401.1 0.744592
-1400.9 0.745412
-1400.7 0.746235
-1400.5 0.747105
-1400.3 0.747987
-1400.1 0.748831
-1399.9 0.749697
-1399.7 0.750586
-1399.5 0.751494
-1399.3 0.752401
-1399.1 0.753259
-1398.9 0.754123
-1398.7 0.755029
-1398.5 0.755874
-1398.3 0.756683
-1398.1 0.757564
-1397.9 0.758383
-1397.7 0.759223
-1397.5 0.760087
-1397.3 0.760951
-1397.1 0.761823
-1396.9 0.762663
-1396.7 0.763538
-1396.5 0.764367
-1396.3 0.765187
-1396.1 0.766049
-1395.9 0.766885
-1395.7 0.767759
-1395.5 0.768592
-1395.3 0.769455
-1395.1 0.770279
-1394.9 0.771111
-1394.7 0.771963
-1394.5 0.772794
-1394.3 0.773618
-1394.1 0.77447
-1393.9 0.775298
-1393.7 0.776155
-1393.5 0.776998
-1393.3 0.777867
-1393.1 0.778705
-1392.9 0.779556
-1392.7 0.780332
-1392.5 0.781151
-1392.3 0.78195
-1392.1 0.782773
-1391.9 0.783622
-1391.7 0.784424
-1391.5 0.785273
-1391.3 0.786101
-1391.1 0.786918
-1390.9 0.787718
-1390.7 0.788583
-1390.5 0.789418
-1390.3 0.79025
-1390.1 0.79109
-1389.9 0.791871
-1389.7 0.792658
-1389.5 0.793493
-1389.3 0.794341
-1389.1 0.795209
-1388.9 0.796053
-1388.7 0.79686
-1388.5 0.797644
-1388.3 0.798481
-1388.1 0.799308
-1387.9 0.800122
-1387.7 0.800938
-1387.5 0.801811
-1387.3 0.80265
-1387.1 0.803501
-1386.9 0.804338
-1386.7 0.805164
-1386.5 0.805952
-1386.3 0.806751
-1386.1 0.80757
-1385.9 0.808364
-1385.7 0.809253
-1385.5 0.810083
-1385.3 0.8109
-1385.1 0.811737
-1384.9 0.812597
-1384.7 0.813414
-1384.5 0.814267
-1384.3 0.815133
-1384.1 0.815962
-1383.9 0.816783
-1383.7 0.817604
-1383.5 0.818449
-1383.3 0.819236
-1383.1 0.820044
-1382.9 0.820874
-1382.7 0.821698
-1382.5 0.822535
-1382.3 0.823405
-1382.1 0.824267
-1381.9 0.825117
-1381.7 0.825917
-1381.5 0.826799
-1381.3 0.827628
-1381.1 0.828519
-1380.9 0.82937
-1380.7 0.83024
-1380.5 0.831087
-1380.3 0.831938
-1380.1 0.832746
-1379.9 0.833573
-1379.7 0.834465
-1379.5 0.835327
-1379.3 0.836178
-1379.1 0.837051
-1378.9 0.837891
-1378.7 0.838708
-1378.5 0.839526
-1378.3 0.840378
-1378.1 0.841203
-1377.9 0.84201
-1377.7 0.842853
-1377.5 0.843696
-1377.3 0.844513
-1377.1 0.845355
-1376.9 0.846237
-1376.7 0.84706
-1376.5 0.847899
-1376.3 0.848731
-1376.1 0.849565
-1375.9 0.850404
-1375.7 0.851186
-1375.5 0.852003
-1375.3 0.852813
-1375.1 0.853608
-1374.9 0.854439
-1374.7 0.855298
-1374.5 0.856133
-1374.3 0.856992
-1374.1 0.857803
-1373.9 0.858617
-1373.7 0.859468
-1373.5 0.860284
-1373.3 0.861098
-1373.1 0.861878
-1372.9 0.862706
-1372.7 0.863551
-1372.5 0.864358
-1372.3 0.865119
-1372.1 0.865939
-1371.9 0.866724
-1371.7 0.867577
-1371.5 0.868362
-1371.3 0.869131
-1371.1 0.869975
-1370.9 0.870762
-1370.7 0.871575
-1370.5 0.872388
-1370.3 0.873149
-1370.1 0.873932
-1369.9 0.874742
-1369.7 0.875611
-1369.5 0.876431
-1369.3 0.877272
-1369.1 0.878059
-1368.9 0.878873
-1368.7 0.879668
-1368.5 0.88047
-1368.3 0.88128
-1368.1 0.882082
-1367.9 0.882884
-1367.7 0.88372
-1367.5 0.88452
-1367.3 0.88533
-1367.1 0.886126
-1366.9 0.886971
-1366.7 0.887803
-1366.5 0.888608
-1366.3 0.88947
-1366.1 0.890289
-1365.9 0.891105
-1365.7 0.8919
-1365.5 0.892757
-1365.3 0.893578
-1365.1 0.894429
-1364.9 0.895266
-1364.7 0.896062
-1364.5 0.896893
-1364.3 0.897735
-1364.1 0.898562
-1363.9 0.899381
-1363.7 0.900222
-1363.5 0.901058
-1363.3 0.901841
-1363.1 0.902655
-1362.9 0.903499
-1362.7 0.904323
-1362.5 0.905158
-1362.3 0.905983
-1362.1 0.906823
-1361.9 0.907671
-1361.7 0.90849
-1361.5 0.909287
-1361.3 0.910107
-1361.1 0.910945
-1360.9 0.91175
-1360.7 0.912593
-1360.5 0.913471
-1360.3 0.914276
-1360.1 0.915047
-1359.9 0.915879
-1359.7 0.916666
-1359.5 0.917465
-1359.3 0.918277
-1359.1 0.919085
-1358.9 0.919865
-1358.7 0.920634
-1358.5 0.921484
-1358.3 0.922267
-1358.1 0.923068
-1357.9 0.923846
-1357.7 0.924624
-1357.5 0.92544
-1357.3 0.926237
-1357.1 0.927048
-1356.9 0.927858
-1356.7 0.928651
-1356.5 0.929454
-1356.3 0.930308
-1356.1 0.931059
-1355.9 0.931845
-1355.7 0.932607
-1355.5 0.933435
-1355.3 0.934197
-1355.1 0.934948
-1354.9 0.935719
-1354.7 0.936482
-1354.5 0.937213
-1354.3 0.937967
-1354.1 0.93872
-1353.9 0.939539
-1353.7 0.940307
-1353.5 0.941006
-1353.3 0.941747
-1353.1 0.942504
-1352.9 0.943244
-1352.7 0.943978
-1352.5 0.944695
-1352.3 0.945411
-1352.1 0.946095
-1351.9 0.946763
-1351.7 0.947466
-1351.5 0.948139
-1351.3 0.948828
-1351.1 0.949481
-1350.9 0.950131
-1350.7 0.950784
-1350.5 0.951418
-1350.3 0.952092
-1350.1 0.952762
-1349.9 0.953394
-1349.7 0.95403
-1349.5 0.954669
-1349.3 0.955301
-1349.1 0.955955
-1348.9 0.956575
-1348.7 0.95717
-1348.5 0.957789
-1348.3 0.958429
-1348.1 0.959019
-1347.9 0.959608
-1347.7 0.960208
-1347.5 0.960778
-1347.3 0.961346
-1347.1 0.961918
-1346.9 0.962464
-1346.7 0.962988
-1346.5 0.963548
-1346.3 0.964095
-1346.1 0.964655
-1345.9 0.965169
-1345.7 0.965698
-1345.5 0.966265
-1345.3 0.966814
-1345.1 0.967334
-1344.9 0.967818
-1344.7 0.968307
-1344.5 0.968834
-1344.3 0.969337
-1344.1 0.969846
-1343.9 0.970318
-1343.7 0.970804
-1343.5 0.971275
-1343.3 0.971734
-1343.1 0.972171
-1342.9 0.972637
-1342.7 0.9731
-1342.5 0.973541
-1342.3 0.973927
-1342.1 0.974358
-1341.9 0.974798
-1341.7 0.97522
-1341.5 0.975634
-1341.3 0.97602
-1341.1 0.976434
-1340.9 0.976854
-1340.7 0.977248
-1340.5 0.977627
-1340.3 0.977994
-1340.1 0.978352
-1339.9 0.978701
-1339.7 0.979066
-1339.5 0.979407
-1339.3 0.979782
-1339.1 0.980125
-1338.9 0.980469
-1338.7 0.980814
-1338.5 0.981143
-1338.3 0.981472
-1338.1 0.981815
-1337.9 0.982133
-1337.7 0.982438
-1337.5 0.982738
-1337.3 0.983043
-1337.1 0.983338
-1336.9 0.98364
-1336.7 0.983928
-1336.5 0.984222
-1336.3 0.984513
-1336.1 0.984791
-1335.9 0.98508
-1335.7 0.985335
-1335.5 0.985601
-1335.3 0.985862
-1335.1 0.986116
-1334.9 0.986376
-1334.7 0.986628
-1334.5 0.986847
-1334.3 0.987104
-1334.1 0.987329
-1333.9 0.987566
-1333.7 0.987763
-1333.5 0.987994
-1333.3 0.988227
-1333.1 0.988451
-1332.9 0.988678
-1332.7 0.988906
-1332.5 0.989105
-1332.3 0.989296
-1332.1 0.98952
-1331.9 0.98973
-1331.7 0.989939
-1331.5 0.990124
-1331.3 0.990304
-1331.1 0.990527
-1330.9 0.990726
-1330.7 0.990894
-1330.5 0.991085
-1330.3 0.991251
-1330.1 0.991439
-1329.9 0.991613
-1329.7 0.991775
-1329.5 0.991937
-1329.3 0.992078
-1329.1 0.992228
-1328.9 0.992378
-1328.7 0.992553
-1328.5 0.992721
-1328.3 0.99287
-1328.1 0.993031
-1327.9 0.993187
-1327.7 0.993332
-1327.5 0.993506
-1327.3 0.993642
-1327.1 0.993773
-1326.9 0.993928
-1326.7 0.994065
-1326.5 0.994194
-1326.3 0.994323
-1326.1 0.99444
-1325.9 0.994572
-1325.7 0.994683
-1325.5 0.994805
-1325.3 0.994929
-1325.1 0.995051
-1324.9 0.995165
-1324.7 0.995276
-1324.5 0.995403
-1324.3 0.995514
-1324.1 0.995613
-1323.9 0.995713
-1323.7 0.995813
-1323.5 0.995905
-1323.3 0.996005
-1323.1 0.996104
-1322.9 0.996202
-1322.7 0.996281
-1322.5 0.996394
-1322.3 0.996494
-1322.1 0.996583
-1321.9 0.996664
-1321.7 0.99675
-1321.5 0.996829
-1321.3 0.996913
-1321.1 0.997
-1320.9 0.997067
-1320.7 0.997144
-1320.5 0.997205
-1320.3 0.99728
-1320.1 0.997353
-1319.9 0.997429
-1319.7 0.99749
-1319.5 0.997551
-1319.3 0.997616
-1319.1 0.997685
-1318.9 0.997748
-1318.7 0.997808
-1318.5 0.99786
-1318.3 0.99792
-1318.1 0.997966
-1317.9 0.998024
-1317.7 0.99808
-1317.5 0.998137
-1317.3 0.998178
-1317.1 0.998233
-1316.9 0.998284
-1316.7 0.998336
-1316.5 0.998391
-1316.3 0.998441
-1316.1 0.998485
-1315.9 0.998533
-1315.7 0.998587
-1315.5 0.998635
-1315.3 0.998679
-1315.1 0.998723
-1314.9 0.998774
-1314.7 0.998823
-1314.5 0.998853
-1314.3 0.998897
-1314.1 0.998923
-1313.9 0.998955
-1313.7 0.998984
-1313.5 0.999035
-1313.3 0.999063
-1313.1 0.999101
-1312.9 0.999131
-1312.7 0.999161
-1312.5 0.99918
-1312.3 0.999204
-1312.1 0.999225
-1311.9 0.999258
-1311.7 0.99928
-1311.5 0.999303
-1311.3 0.999326
-1311.1 0.999353
-1310.9 0.999383
-1310.7 0.999401
-1310.5 0.999426
-1310.3 0.999453
-1310.1 0.999475
-1309.9 0.999496
-1309.7 0.999513
-1309.5 0.999529
-1309.3 0.999544
-1309.1 0.999563
-1308.9 0.999579
-1308.7 0.999594
-1308.5 0.999607
-1308.3 0.999624
-1308.1 0.999642
-1307.9 0.999654
-1307.7 0.999666
-1307.5 0.99968
-1307.3 0.999696
-1307.1 0.999707
-1306.9 0.99972
-1306.7 0.999734
-1306.5 0.999743
-1306.3 0.999753
-1306.1 0.999767
-1305.9 0.999774
-1305.7 0.999783
-1305.5 0.999792
-1305.3 0.999802
-1305.1 0.999811
-1304.9 0.999824
-1304.7 0.999834
-1304.5 0.999846
-1304.3 0.999853
-1304.1 0.999859
-1303.9 0.999865
-1303.7 0.999874
-1303.5 0.999887
-1303.3 0.999891
-1303.1 0.9999
-1302.9 0.999909
-1302.7 0.999918
-1302.5 0.999926
-1302.3 0.999932
-1302.1 0.999939
-1301.9 0.999947
-1301.7 0.999953
-1301.5 0.999959
-1301.3 0.999964
-1301.1 0.999969
-1300.9 0.999974
-1300.7 0.99998
-1300.5 0.999985
-1300.3 0.99999
-1300.1 0.999996
-1299.9 1
