0.00 -318.549 -0.02516
0.00 -318.443 -0.02484
0.00 -318.353 -0.02452
0.00 -318.398 -0.0242
0.00 -318.392 -0.02388
0.00 -318.371 -0.02356
0.00 -318.352 -0.02324
0.00 -318.328 -0.02292
0.00 -318.336 -0.0226
0.00 -318.291 -0.02228
0.00 -318.317 -0.02196
0.00 -318.275 -0.02164
0.00 -318.3 -0.02132
0.00 -318.208 -0.021
0.00 -318.173 -0.02068
0.00 -318.222 -0.02036
0.00 -318.217 -0.02004
0.00 -318.199 -0.01972
0.00 -318.146 -0.0194
0.00 -318.051 -0.01908
0.00 -318.103 -0.01876
0.00 -318.062 -0.01844
0.00 -318.079 -0.01812
0.00 -318.017 -0.0178
0.00 -318.028 -0.01748
0.00 -317.942 -0.01716
0.00 -317.941 -0.01684
0.00 -317.935 -0.01652
0.00 -317.911 -0.0162
0.00 -317.871 -0.01588
0.00 -317.897 -0.01556
0.00 -317.849 -0.01524
0.00 -317.855 -0.01492
0.00 -317.845 -0.0146
0.00 -317.722 -0.01428
0.00 -317.731 -0.01396
0.00 -317.681 -0.01364
0.00 -317.729 -0.01332
0.00 -317.727 -0.013
0.00 -317.656 -0.01268
0.00 -317.647 -0.01236
0.00 -317.627 -0.01204
0.00 -317.562 -0.01172
0.00 -317.601 -0.0114
0.00 -317.486 -0.01108
0.00 -317.568 -0.01076
0.00 -317.468 -0.01044
0.00 -317.512 -0.01012
0.00 -317.531 -0.0098
0.00 -317.404 -0.00948
0.00 -317.387 -0.00916
0.00 -317.445 -0.00884
0.00 -317.359 -0.00852
0.00 -317.344 -0.0082
0.00 -317.345 -0.00788
0.00 -317.316 -0.00756
0.00 -317.271 -0.00724
0.00 -317.25 -0.00692
0.00 -317.232 -0.0066
0.00 -317.221 -0.00628
0.00 -317.195 -0.00596
0.00 -317.224 -0.00564
0.00 -317.165 -0.00532
0.00 -317.114 -0.005
0.00 -317.091 -0.00468
0.00 -317.013 -0.00436
0.00 -317.028 -0.00404
0.00 -316.993 -0.00372
0.00 -316.952 -0.0034
0.00 -317.028 -0.00308
0.00 -316.9 -0.00276
0.00 -316.957 -0.00244
0.00 -316.889 -0.00212
0.00 -316.827 -0.0018
0.00 -316.875 -0.00148
0.00 -316.803 -0.00116
0.00 -316.713 -0.00084
0.00 -316.675 -0.00052
0.00 -316.67 -0.0002
0.00 -316.74 0.00012
0.00 -316.661 0.00044
0.00 -316.685 0.00076
0.00 -316.625 0.00108
0.00 -316.58 0.0014
0.00 -316.603 0.00172
0.00 -316.585 0.00204
0.00 -316.549 0.00236
0.00 -316.485 0.00268
0.00 -316.494 0.003
0.00 -316.404 0.00332
0.00 -316.428 0.00364
0.00 -316.412 0.00396
0.00 -316.379 0.00428
0.00 -316.363 0.0046
0.00 -316.342 0.00492
0.00 -316.311 0.00524
0.00 -316.305 0.00556
0.00 -316.291 0.00588
0.00 -316.221 0.0062
0.00 -316.215 0.00652
0.00 -316.166 0.00684
0.00 -316.172 0.00716
0.00 -316.134 0.00748
0.00 -316.119 0.0078
0.00 -316.115 0.00812
0.00 -316.07 0.00844
0.00 -316.047 0.00876
0.00 -316.03 0.00908
0.00 -315.989 0.0094
0.00 -315.978 0.00972
0.00 -315.953 0.01004
0.00 -315.935 0.01036
0.00 -315.865 0.01068
0.00 -315.798 0.011
0.00 -315.834 0.01132
0.00 -315.823 0.01164
0.00 -315.784 0.01196
0.00 -315.764 0.01228
0.00 -315.737 0.0126
0.00 -315.7 0.01292
0.00 -315.711 0.01324
0.00 -315.656 0.01356
0.00 -315.588 0.01388
0.00 -315.562 0.0142
0.00 -315.61 0.01452
0.00 -315.525 0.01484
0.00 -315.537 0.01516
0.00 -315.504 0.01548
0.00 -315.489 0.0158
0.00 -315.417 0.01612
0.00 -315.416 0.01644
0.00 -315.381 0.01676
0.00 -315.346 0.01708
0.00 -315.32 0.0174
0.00 -315.284 0.01772
0.00 -315.276 0.01804
0.00 -315.275 0.01836
0.00 -315.237 0.01868
0.00 -315.179 0.019
0.00 -315.197 0.01932
0.00 -315.152 0.01964
0.00 -315.163 0.01996
0.00 -315.092 0.02028
0.00 -315.076 0.0206
0.00 -315.076 0.02092
0.00 -314.985 0.02124
0.00 -315.023 0.02156
0.00 -314.958 0.02188
0.00 -314.906 0.0222
0.00 -314.923 0.02252
0.00 -314.885 0.02284
0.00 -314.904 0.02316
0.00 -314.837 0.02348
0.00 -314.835 0.0238
0.00 -314.739 0.02412
0.00 -314.706 0.02444
0.00 -314.692 0.02476
0.00 -314.723 0.02508
0.00 -314.669 0.0254
0.00 -314.599 0.02572
0.00 -314.626 0.02604
0.00 -314.572 0.02636
0.00 -314.611 0.02668
0.00 -314.54 0.027
0.00 -314.529 0.02732
0.00 -314.455 0.02764
0.00 -314.425 0.02796
0.00 -314.397 0.02828
0.00 -314.391 0.0286
0.00 -314.374 0.02892
0.00 -314.302 0.02924
0.00 -314.348 0.02956
0.00 -314.294 0.02988
0.00 -314.246 0.0302
0.00 -314.24 0.03052
0.00 -314.141 0.03084
0.00 -314.21 0.03116
0.00 -314.091 0.03148
0.00 -314.101 0.0318
0.00 -314.103 0.03212
0.00 -314.09 0.03244
0.00 -314.021 0.03276
0.00 -314.051 0.03308
0.00 -314.059 0.0334
0.00 -313.969 0.03372
0.00 -313.957 0.03404
0.00 -313.942 0.03436
0.00 -313.908 0.03468
0.00 -313.888 0.035
0.00 -313.753 0.03532
0.00 -313.805 0.03564
0.00 -313.758 0.03596
0.00 -313.768 0.03628
0.00 -313.758 0.0366
0.00 -313.685 0.03692
0.00 -313.732 0.03724
0.00 -313.651 0.03756
0.00 -313.66 0.03788
0.00 -313.595 0.0382
0.00 -313.582 0.03852
0.00 -313.537 0.03884
0.00 -313.463 0.03916
0.00 -313.509 0.03948
0.00 -313.422 0.0398
0.00 -313.413 0.04012
0.00 -313.4 0.04044
0.00 -313.386 0.04076
0.00 -313.387 0.04108
0.00 -313.332 0.0414
0.00 -313.341 0.04172
0.00 -313.232 0.04204
0.00 -313.242 0.04236
0.00 -313.151 0.04268
0.00 -313.211 0.043
0.00 -313.161 0.04332
0.00 -313.129 0.04364
0.00 -313.07 0.04396
0.00 -313.046 0.04428
0.00 -312.989 0.0446
0.00 -312.968 0.04492
0.00 -312.988 0.04524
0.00 -312.931 0.04556
0.00 -312.909 0.04588
0.00 -312.985 0.0462
0.00 -312.843 0.04652
0.00 -312.745 0.04684
0.00 -312.796 0.04716
0.00 -312.821 0.04748
0.00 -312.744 0.0478
0.00 -312.73 0.04812
0.00 -312.712 0.04844
0.00 -312.693 0.04876
0.00 -312.579 0.04908
0.00 -312.623 0.0494
0.00 -312.581 0.04972
0.00 -312.531 0.05004
0.00 -312.548 0.05036
0.00 -312.485 0.05068
0.00 -312.448 0.051
0.00 -312.467 0.05132
0.00 -312.42 0.05164
0.00 -312.397 0.05196
0.00 -312.398 0.05228
0.00 -312.345 0.0526
0.00 -312.333 0.05292
0.00 -312.315 0.05324
0.00 -312.269 0.05356
0.00 -312.24 0.05388
0.00 -312.209 0.0542
0.00 -312.15 0.05452
