1263
-204.7 1.24162e-06
-204.5 2.48324e-06
-204.3 2.48324e-06
-204.1 4.96649e-06
-203.9 1.24162e-05
-203.7 1.86243e-05
-203.5 2.11076e-05
-203.3 2.85573e-05
-203.1 3.6007e-05
-202.9 3.97319e-05
-202.7 5.09065e-05
-202.5 5.83562e-05
-202.3 6.33227e-05
-202.1 7.5739e-05
-201.9 8.31887e-05
-201.7 9.188e-05
-201.5 0.000112988
-201.3 0.00013037
-201.1 0.000148995
-200.9 0.000182518
-200.7 0.000225975
-200.5 0.000258257
-200.3 0.000345171
-200.1 0.000410977
-199.9 0.000494166
-199.7 0.000615845
-199.5 0.000764839
-199.3 0.00092625
-199.1 0.00115719
-198.9 0.00143159
-198.7 0.00179042
-198.5 0.00223864
-198.3 0.00281352
-198.1 0.0035349
-197.9 0.00440155
-197.7 0.00540106
-197.5 0.00656694
-197.3 0.00794887
-197.1 0.00942764
-196.9 0.0110442
-196.7 0.0128731
-196.5 0.0148846
-196.3 0.0169941
-196.1 0.0191557
-195.9 0.0213658
-195.7 0.023679
-195.5 0.0260008
-195.3 0.0282072
-195.1 0.0305191
-194.9 0.0327739
-194.7 0.0350162
-194.5 0.0372536
-194.3 0.0394525
-194.1 0.0415757
-193.9 0.0436914
-193.7 0.0456979
-193.5 0.0478422
-193.3 0.0498586
-193.1 0.051829
-192.9 0.0537672
-192.7 0.0557315
-192.5 0.05761
-192.3 0.0595854
-192.1 0.0614802
-191.9 0.0632904
-191.7 0.0650362
-191.5 0.0668415
-191.3 0.0686555
-191.1 0.0704074
-190.9 0.0721867
-190.7 0.0738778
-190.5 0.0756645
-190.3 0.0773692
-190.1 0.0791472
-189.9 0.0808805
-189.7 0.082543
-189.5 0.0842316
-189.3 0.0858321
-189.1 0.0874934
-188.9 0.0891596
-188.7 0.0908271
-188.5 0.0925157
-188.3 0.0942739
-188.1 0.0959153
-187.9 0.0975418
-187.7 0.0991808
-187.5 0.100754
-187.3 0.102385
-187.1 0.104012
-186.9 0.105578
-186.7 0.107137
-186.5 0.108679
-186.3 0.110273
-186.1 0.111811
-185.9 0.113406
-185.7 0.114879
-185.5 0.11633
-185.3 0.117893
-185.1 0.11942
-184.9 0.120939
-184.7 0.122448
-184.5 0.123908
-184.3 0.12536
-184.1 0.126762
-183.9 0.128125
-183.7 0.129557
-183.5 0.130986
-183.3 0.132358
-183.1 0.133728
-182.9 0.135117
-182.7 0.136465
-182.5 0.137801
-182.3 0.139098
-182.1 0.140429
-181.9 0.141636
-181.7 0.142867
-181.5 0.144085
-181.3 0.145283
-181.1 0.146499
-180.9 0.147741
-180.7 0.1489
-180.5 0.150038
-180.3 0.151283
-180.1 0.152395
-179.9 0.153539
-179.7 0.154681
-179.5 0.155734
-179.3 0.156777
-179.1 0.157942
-178.9 0.158952
-178.7 0.159999
-178.5 0.161115
-178.3 0.162121
-178.1 0.163135
-177.9 0.164089
-177.7 0.165128
-177.5 0.166204
-177.3 0.167177
-177.1 0.168198
-176.9 0.169154
-176.7 0.17013
-176.5 0.171176
-176.3 0.172161
-176.1 0.173176
-175.9 0.174201
-175.7 0.175236
-175.5 0.176191
-175.3 0.177184
-175.1 0.178167
-174.9 0.179109
-174.7 0.180069
-174.5 0.181035
-174.3 0.181968
-174.1 0.18288
-173.9 0.183811
-173.7 0.184787
-173.5 0.185729
-173.3 0.186646
-173.1 0.187573
-172.9 0.188513
-172.7 0.189424
-172.5 0.190336
-172.3 0.191259
-172.1 0.192141
-171.9 0.193136
-171.7 0.194063
-171.5 0.194953
-171.3 0.195849
-171.1 0.196796
-170.9 0.197672
-170.7 0.198633
-170.5 0.199495
-170.3 0.200464
-170.1 0.201422
-169.9 0.202315
-169.7 0.203143
-169.5 0.204115
-169.3 0.205041
-169.1 0.205944
-168.9 0.206797
-168.7 0.207741
-168.5 0.208599
-168.3 0.209508
-168.1 0.210415
-167.9 0.211235
-167.7 0.212131
-167.5 0.213042
-167.3 0.21393
-167.1 0.214818
-166.9 0.215686
-166.7 0.216586
-166.5 0.217515
-166.3 0.218383
-166.1 0.219262
-165.9 0.220138
-165.7 0.221005
-165.5 0.221858
-165.3 0.222754
-165.1 0.223648
-164.9 0.224499
-164.7 0.225393
-164.5 0.226359
-164.3 0.227275
-164.1 0.228103
-163.9 0.228966
-163.7 0.229866
-163.5 0.230752
-163.3 0.231648
-163.1 0.232511
-162.9 0.233292
-162.7 0.23421
-162.5 0.235097
-162.3 0.235964
-162.1 0.236798
-161.9 0.237664
-161.7 0.238542
-161.5 0.23947
-161.3 0.240255
-161.1 0.241101
-160.9 0.241996
-160.7 0.242885
-160.5 0.243692
-160.3 0.244545
-160.1 0.2454
-159.9 0.246231
-159.7 0.247099
-159.5 0.247978
-159.3 0.248847
-159.1 0.249701
-158.9 0.250537
-158.7 0.251342
-158.5 0.252216
-158.3 0.253025
-158.1 0.253906
-157.9 0.254739
-157.7 0.255595
-157.5 0.256421
-157.3 0.257241
-157.1 0.258044
-156.9 0.258892
-156.7 0.259727
-156.5 0.260533
-156.3 0.261395
-156.1 0.26219
-155.9 0.263048
-155.7 0.263837
-155.5 0.264619
-155.3 0.265414
-155.1 0.266139
-154.9 0.266935
-154.7 0.267711
-154.5 0.268523
-154.3 0.269293
-154.1 0.270069
-153.9 0.27084
-153.7 0.2716
-153.5 0.272375
-153.3 0.273081
-153.1 0.273815
-152.9 0.274533
-152.7 0.275242
-152.5 0.275959
-152.3 0.276744
-152.1 0.277531
-151.9 0.278256
-151.7 0.279022
-151.5 0.279796
-151.3 0.280495
-151.1 0.281255
-150.9 0.282027
-150.7 0.282763
-150.5 0.283558
-150.3 0.28431
-150.1 0.285063
-149.9 0.285829
-149.7 0.286588
-149.5 0.287332
-149.3 0.288096
-149.1 0.288885
-148.9 0.289701
-148.7 0.290466
-148.5 0.291309
-148.3 0.292073
-148.1 0.292864
-147.9 0.293659
-147.7 0.294394
-147.5 0.295147
-147.3 0.295916
-147.1 0.296769
-146.9 0.297582
-146.7 0.298441
-146.5 0.299268
-146.3 0.300055
-146.1 0.300889
-145.9 0.301744
-145.7 0.302596
-145.5 0.303447
-145.3 0.3043
-145.1 0.305147
-144.9 0.305947
-144.7 0.306814
-144.5 0.307614
-144.3 0.308529
-144.1 0.30936
-143.9 0.310227
-143.7 0.311093
-143.5 0.311934
-143.3 0.312812
-143.1 0.313662
-142.9 0.314543
-142.7 0.315434
-142.5 0.316333
-142.3 0.317202
-142.1 0.318084
-141.9 0.318945
-141.7 0.319795
-141.5 0.320669
-141.3 0.321533
-141.1 0.322354
-140.9 0.323271
-140.7 0.324188
-140.5 0.325068
-140.3 0.32599
-140.1 0.326927
-139.9 0.327832
-139.7 0.328733
-139.5 0.329633
-139.3 0.33054
-139.1 0.331424
-138.9 0.332341
-138.7 0.333325
-138.5 0.334195
-138.3 0.335039
-138.1 0.335936
-137.9 0.336838
-137.7 0.337741
-137.5 0.338613
-137.3 0.33952
-137.1 0.34036
-136.9 0.341231
-136.7 0.342113
-136.5 0.342993
-136.3 0.343916
-136.1 0.344806
-135.9 0.345658
-135.7 0.346558
-135.5 0.347457
-135.3 0.348398
-135.1 0.349265
-134.9 0.350116
-134.7 0.351035
-134.5 0.351907
-134.3 0.352817
-134.1 0.353702
-133.9 0.354616
-133.7 0.355479
-133.5 0.356344
-133.3 0.357284
-133.1 0.358172
-132.9 0.359068
-132.7 0.359959
-132.5 0.360849
-132.3 0.361763
-132.1 0.362678
-131.9 0.363556
-131.7 0.364421
-131.5 0.365321
-131.3 0.366197
-131.1 0.367102
-130.9 0.36796
-130.7 0.368821
-130.5 0.369674
-130.3 0.370582
-130.1 0.371465
-129.9 0.372348
-129.7 0.373214
-129.5 0.37405
-129.3 0.374997
-129.1 0.375902
-128.9 0.376773
-128.7 0.377658
-128.5 0.378551
-128.3 0.379426
-128.1 0.380296
-127.9 0.381152
-127.7 0.381986
-127.5 0.382868
-127.3 0.383728
-127.1 0.384547
-126.9 0.385372
-126.7 0.386239
-126.5 0.387114
-126.3 0.387971
-126.1 0.38879
-125.9 0.389627
-125.7 0.390594
-125.5 0.391457
-125.3 0.392282
-125.1 0.393139
-124.9 0.39408
-124.7 0.394892
-124.5 0.39571
-124.3 0.396511
-124.1 0.39736
-123.9 0.398213
-123.7 0.399004
-123.5 0.399845
-123.3 0.400653
-123.1 0.401512
-122.9 0.402392
-122.7 0.403261
-122.5 0.404026
-122.3 0.404833
-122.1 0.405703
-121.9 0.406585
-121.7 0.407442
-121.5 0.408257
-121.3 0.40908
-121.1 0.409884
-120.9 0.41069
-120.7 0.411567
-120.5 0.41242
-120.3 0.413264
-120.1 0.414072
-119.9 0.414933
-119.7 0.415786
-119.5 0.416634
-119.3 0.417438
-119.1 0.418285
-118.9 0.419169
-118.7 0.420033
-118.5 0.420855
-118.3 0.421765
-118.1 0.422608
-117.9 0.42346
-117.7 0.424278
-117.5 0.425113
-117.3 0.425916
-117.1 0.426738
-116.9 0.427587
-116.7 0.428438
-116.5 0.429223
-116.3 0.430016
-116.1 0.430844
-115.9 0.431664
-115.7 0.432483
-115.5 0.43335
-115.3 0.43417
-115.1 0.435018
-114.9 0.435821
-114.7 0.436672
-114.5 0.437468
-114.3 0.438311
-114.1 0.439144
-113.9 0.440005
-113.7 0.440829
-113.5 0.441687
-113.3 0.442532
-113.1 0.443341
-112.9 0.444142
-112.7 0.444939
-112.5 0.445746
-112.3 0.44665
-112.1 0.447446
-111.9 0.448311
-111.7 0.449137
-111.5 0.449929
-111.3 0.45071
-111.1 0.451543
-110.9 0.452395
-110.7 0.453229
-110.5 0.454061
-110.3 0.454924
-110.1 0.455791
-109.9 0.456635
-109.7 0.457456
-109.5 0.458381
-109.3 0.459244
-109.1 0.460105
-108.9 0.460927
-108.7 0.461758
-108.5 0.462556
-108.3 0.463397
-108.1 0.464205
-107.9 0.465009
-107.7 0.465849
-107.5 0.466649
-107.3 0.467468
-107.1 0.468278
-106.9 0.469064
-106.7 0.469911
-106.5 0.470723
-106.3 0.471558
-106.1 0.472381
-105.9 0.473241
-105.7 0.47406
-105.5 0.474837
-105.3 0.475659
-105.1 0.476511
-104.9 0.477286
-104.7 0.478139
-104.5 0.478958
-104.3 0.479816
-104.1 0.480622
-103.9 0.481403
-103.7 0.482203
-103.5 0.483041
-103.3 0.48389
-103.1 0.484662
-102.9 0.485459
-102.7 0.486271
-102.5 0.487111
-102.3 0.487933
-102.1 0.488724
-101.9 0.489549
-101.7 0.490329
-101.5 0.491175
-101.3 0.491956
-101.1 0.492781
-100.9 0.493608
-100.7 0.49446
-100.5 0.495317
-100.3 0.496156
-100.1 0.496969
-99.9 0.4978
-99.7 0.498623
-99.5 0.499409
-99.3 0.5002
-99.1 0.500965
-98.9 0.501785
-98.7 0.50265
-98.5 0.503437
-98.3 0.504284
-98.1 0.505057
-97.9 0.505868
-97.7 0.50666
-97.5 0.507463
-97.3 0.50828
-97.1 0.509127
-96.9 0.509967
-96.7 0.510751
-96.5 0.511499
-96.3 0.512327
-96.1 0.513213
-95.9 0.514058
-95.7 0.514898
-95.5 0.515757
-95.3 0.516569
-95.1 0.517409
-94.9 0.518239
-94.7 0.519023
-94.5 0.519809
-94.3 0.520603
-94.1 0.521413
-93.9 0.522219
-93.7 0.523062
-93.5 0.523871
-93.3 0.524678
-93.1 0.5255
-92.9 0.526304
-92.7 0.527087
-92.5 0.527814
-92.3 0.528608
-92.1 0.529378
-91.9 0.530217
-91.7 0.531001
-91.5 0.531779
-91.3 0.532632
-91.1 0.533441
-90.9 0.534212
-90.7 0.534962
-90.5 0.535775
-90.3 0.536629
-90.1 0.537458
-89.9 0.538179
-89.7 0.539007
-89.5 0.539793
-89.3 0.54055
-89.1 0.541346
-88.9 0.542153
-88.7 0.542994
-88.5 0.543876
-88.3 0.544655
-88.1 0.545446
-87.9 0.546259
-87.7 0.547118
-87.5 0.547919
-87.3 0.54875
-87.1 0.549585
-86.9 0.550405
-86.7 0.551216
-86.5 0.552034
-86.3 0.552829
-86.1 0.553629
-85.9 0.554404
-85.7 0.555184
-85.5 0.555986
-85.3 0.556808
-85.1 0.557615
-84.9 0.558405
-84.7 0.559266
-84.5 0.560108
-84.3 0.560969
-84.1 0.561747
-83.9 0.562606
-83.7 0.563395
-83.5 0.564234
-83.3 0.565046
-83.1 0.565877
-82.9 0.566748
-82.7 0.567589
-82.5 0.568454
-82.3 0.569266
-82.1 0.570092
-81.9 0.570936
-81.7 0.571745
-81.5 0.572559
-81.3 0.573395
-81.1 0.574292
-80.9 0.575124
-80.7 0.575918
-80.5 0.576719
-80.3 0.577522
-80.1 0.578402
-79.9 0.579208
-79.7 0.580078
-79.5 0.580923
-79.3 0.581763
-79.1 0.582579
-78.9 0.583392
-78.7 0.584218
-78.5 0.585086
-78.3 0.585939
-78.1 0.586748
-77.9 0.587596
-77.7 0.588437
-77.5 0.589341
-77.3 0.590119
-77.1 0.59099
-76.9 0.591811
-76.7 0.592698
-76.5 0.593549
-76.3 0.594389
-76.1 0.595255
-75.9 0.596113
-75.7 0.596951
-75.5 0.597767
-75.3 0.598576
-75.1 0.599404
-74.9 0.600282
-74.7 0.601097
-74.5 0.601947
-74.3 0.602747
-74.1 0.603594
-73.9 0.604389
-73.7 0.605234
-73.5 0.606013
-73.3 0.606837
-73.1 0.607659
-72.9 0.608498
-72.7 0.609315
-72.5 0.610103
-72.3 0.610931
-72.1 0.611817
-71.9 0.612598
-71.7 0.613435
-71.5 0.614245
-71.3 0.615126
-71.1 0.61596
-70.9 0.616772
-70.7 0.617624
-70.5 0.618522
-70.3 0.619337
-70.1 0.620264
-69.9 0.621121
-69.7 0.622019
-69.5 0.622835
-69.3 0.623669
-69.1 0.624532
-68.9 0.625381
-68.7 0.626243
-68.5 0.627056
-68.3 0.627863
-68.1 0.628762
-67.9 0.629639
-67.7 0.630455
-67.5 0.631285
-67.3 0.632152
-67.1 0.633058
-66.9 0.633911
-66.7 0.63469
-66.5 0.635485
-66.3 0.636393
-66.1 0.637217
-65.9 0.638077
-65.7 0.638895
-65.5 0.639694
-65.3 0.640467
-65.1 0.641264
-64.9 0.642069
-64.7 0.642897
-64.5 0.643707
-64.3 0.644542
-64.1 0.64535
-63.9 0.646153
-63.7 0.646975
-63.5 0.647821
-63.3 0.648604
-63.1 0.649414
-62.9 0.650308
-62.7 0.651172
-62.5 0.652019
-62.3 0.652912
-62.1 0.653693
-61.9 0.654499
-61.7 0.655347
-61.5 0.656153
-61.3 0.656963
-61.1 0.657759
-60.9 0.658558
-60.7 0.659396
-60.5 0.660219
-60.3 0.660973
-60.1 0.661772
-59.9 0.662644
-59.7 0.663424
-59.5 0.664236
-59.3 0.665098
-59.1 0.665901
-58.9 0.666775
-58.7 0.667604
-58.5 0.668421
-58.3 0.669233
-58.1 0.670086
-57.9 0.670855
-57.7 0.671667
-57.5 0.672517
-57.3 0.673383
-57.1 0.674192
-56.9 0.675024
-56.7 0.675806
-56.5 0.676643
-56.3 0.677422
-56.1 0.678255
-55.9 0.679015
-55.7 0.679951
-55.5 0.680805
-55.3 0.681607
-55.1 0.682418
-54.9 0.683221
-54.7 0.684037
-54.5 0.684892
-54.3 0.685724
-54.1 0.686515
-53.9 0.687315
-53.7 0.688169
-53.5 0.689001
-53.3 0.689784
-53.1 0.69061
-52.9 0.691412
-52.7 0.692301
-52.5 0.693162
-52.3 0.693945
-52.1 0.694739
-51.9 0.695549
-51.7 0.696405
-51.5 0.697252
-51.3 0.698108
-51.1 0.698905
-50.9 0.699742
-50.7 0.700554
-50.5 0.701396
-50.3 0.702242
-50.1 0.703018
-49.9 0.703867
-49.7 0.704709
-49.5 0.7055
-49.3 0.706297
-49.1 0.707105
-48.9 0.707927
-48.7 0.708751
-48.5 0.709633
-48.3 0.710449
-48.1 0.711247
-47.9 0.712093
-47.7 0.712928
-47.5 0.713687
-47.3 0.714516
-47.1 0.715366
-46.9 0.716176
-46.7 0.717005
-46.5 0.717795
-46.3 0.71864
-46.1 0.719483
-45.9 0.720248
-45.7 0.721062
-45.5 0.721864
-45.3 0.722696
-45.1 0.723518
-44.9 0.724361
-44.7 0.725158
-44.5 0.726016
-44.3 0.726838
-44.1 0.727673
-43.9 0.728517
-43.7 0.729354
-43.5 0.730169
-43.3 0.73101
-43.1 0.731873
-42.9 0.732694
-42.7 0.733538
-42.5 0.73439
-42.3 0.735204
-42.1 0.736017
-41.9 0.736821
-41.7 0.737634
-41.5 0.738465
-41.3 0.739264
-41.1 0.740119
-40.9 0.740903
-40.7 0.74171
-40.5 0.742486
-40.3 0.743286
-40.1 0.744153
-39.9 0.744924
-39.7 0.745721
-39.5 0.746507
-39.3 0.747335
-39.1 0.748194
-38.9 0.749037
-38.7 0.749935
-38.5 0.750773
-38.3 0.751601
-38.1 0.752404
-37.9 0.753167
-37.7 0.754001
-37.5 0.754862
-37.3 0.755701
-37.1 0.756456
-36.9 0.757278
-36.7 0.758091
-36.5 0.758942
-36.3 0.759788
-36.1 0.760629
-35.9 0.761466
-35.7 0.762314
-35.5 0.763136
-35.3 0.763898
-35.1 0.76471
-34.9 0.765485
-34.7 0.766261
-34.5 0.767079
-34.3 0.767835
-34.1 0.768593
-33.9 0.76939
-33.7 0.770237
-33.5 0.771049
-33.3 0.771849
-33.1 0.772686
-32.9 0.773462
-32.7 0.774276
-32.5 0.775121
-32.3 0.77597
-32.1 0.776816
-31.9 0.77765
-31.7 0.778498
-31.5 0.779277
-31.3 0.780045
-31.1 0.780866
-30.9 0.781705
-30.7 0.782573
-30.5 0.783378
-30.3 0.784166
-30.1 0.785019
-29.9 0.785789
-29.7 0.78655
-29.5 0.787355
-29.3 0.788172
-29.1 0.789012
-28.9 0.789868
-28.7 0.790689
-28.5 0.791455
-28.3 0.79226
-28.1 0.793029
-27.9 0.793805
-27.7 0.794622
-27.5 0.795404
-27.3 0.796244
-27.1 0.796996
-26.9 0.797811
-26.7 0.798606
-26.5 0.799436
-26.3 0.800268
-26.1 0.801052
-25.9 0.801826
-25.7 0.802663
-25.5 0.80348
-25.3 0.804278
-25.1 0.805075
-24.9 0.805898
-24.7 0.806694
-24.5 0.807457
-24.3 0.808225
-24.1 0.808978
-23.9 0.809802
-23.7 0.810634
-23.5 0.811444
-23.3 0.812228
-23.1 0.813076
-22.9 0.813871
-22.7 0.814685
-22.5 0.81542
-22.3 0.816228
-22.1 0.81703
-21.9 0.817897
-21.7 0.818681
-21.5 0.819528
-21.3 0.820325
-21.1 0.821091
-20.9 0.821961
-20.7 0.822761
-20.5 0.823548
-20.3 0.824288
-20.1 0.825157
-19.9 0.826016
-19.7 0.826826
-19.5 0.827673
-19.3 0.828434
-19.1 0.829233
-18.9 0.830062
-18.7 0.830839
-18.5 0.831603
-18.3 0.832424
-18.1 0.833218
-17.9 0.833978
-17.7 0.834791
-17.5 0.835604
-17.3 0.836465
-17.1 0.837272
-16.9 0.838086
-16.7 0.838857
-16.5 0.839689
-16.3 0.840474
-16.1 0.84127
-15.9 0.842112
-15.7 0.842893
-15.5 0.843697
-15.3 0.844514
-15.1 0.845283
-14.9 0.846103
-14.7 0.846871
-14.5 0.847674
-14.3 0.848477
-14.1 0.849217
-13.9 0.850037
-13.7 0.850827
-13.5 0.851626
-13.3 0.852489
-13.1 0.853264
-12.9 0.854082
-12.7 0.854938
-12.5 0.855808
-12.3 0.856622
-12.1 0.85742
-11.9 0.858156
-11.7 0.859009
-11.5 0.8599
-11.3 0.86073
-11.1 0.861541
-10.9 0.862279
-10.7 0.863112
-10.5 0.863891
-10.3 0.864717
-10.1 0.865565
-9.9 0.866409
-9.7 0.867297
-9.5 0.868162
-9.3 0.868952
-9.1 0.869792
-8.9 0.870679
-8.7 0.871513
-8.5 0.872322
-8.3 0.873115
-8.1 0.873948
-7.9 0.874754
-7.7 0.875616
-7.5 0.876399
-7.3 0.877223
-7.1 0.878034
-6.9 0.878823
-6.7 0.87961
-6.5 0.880473
-6.3 0.881226
-6.1 0.882076
-5.9 0.882849
-5.7 0.883717
-5.5 0.884554
-5.3 0.88533
-5.1 0.886169
-4.9 0.886996
-4.7 0.887824
-4.5 0.888615
-4.3 0.88941
-4.1 0.890242
-3.9 0.89103
-3.7 0.891834
-3.5 0.892674
-3.3 0.893545
-3.1 0.89437
-2.9 0.895167
-2.7 0.896022
-2.5 0.896872
-2.3 0.89775
-2.1 0.898579
-1.9 0.899388
-1.7 0.900213
-1.5 0.901022
-1.3 0.901831
-1.1 0.902636
-0.899999 0.903396
-0.699999 0.904246
-0.499999 0.905069
-0.299999 0.905871
-0.0999994 0.906708
0.100001 0.907564
0.300001 0.908365
0.500001 0.909162
0.700001 0.910036
0.900001 0.910879
1.1 0.911728
1.3 0.912577
1.5 0.913386
1.7 0.914151
1.9 0.914956
2.1 0.915784
2.3 0.916559
2.5 0.917395
2.7 0.918193
2.9 0.918985
3.1 0.919828
3.3 0.920623
3.5 0.921441
3.7 0.922231
3.9 0.923031
4.1 0.923835
4.3 0.924621
4.5 0.925434
4.7 0.926296
4.9 0.927057
5.1 0.927908
5.3 0.928684
5.5 0.929492
5.7 0.930261
5.9 0.931074
6.1 0.931895
6.3 0.932734
6.5 0.933552
6.7 0.93435
6.9 0.93515
7.1 0.935912
7.3 0.936654
7.5 0.937438
7.7 0.938218
7.9 0.938969
8.1 0.939766
8.3 0.940577
8.5 0.941289
8.7 0.942081
8.9 0.942894
9.1 0.943637
9.3 0.944362
9.5 0.945144
9.7 0.94595
9.9 0.946733
10.1 0.947503
10.3 0.948294
10.5 0.949036
10.7 0.949802
10.9 0.950576
11.1 0.951348
11.3 0.952144
11.5 0.952874
11.7 0.953642
11.9 0.954359
12.1 0.95511
12.3 0.955853
12.5 0.956571
12.7 0.957294
12.9 0.958006
13.1 0.95875
13.3 0.959451
13.5 0.960146
13.7 0.960873
13.9 0.961602
14.1 0.962332
14.3 0.963074
14.5 0.963786
14.7 0.96446
14.9 0.965141
15.1 0.965864
15.3 0.966562
15.5 0.967193
15.7 0.96791
15.9 0.968567
16.1 0.969228
16.3 0.969879
16.5 0.970554
16.7 0.971161
16.9 0.97179
17.1 0.972432
17.3 0.973056
17.5 0.973705
17.7 0.974303
17.9 0.974889
18.1 0.975504
18.3 0.976093
18.5 0.976697
18.7 0.977244
18.9 0.977832
19.1 0.978381
19.3 0.978884
19.5 0.97945
19.7 0.979974
19.9 0.980497
20.1 0.981032
20.3 0.981553
20.5 0.982113
20.7 0.98264
20.9 0.983149
21.1 0.983601
21.3 0.984123
21.5 0.984575
21.7 0.985043
21.9 0.985485
22.1 0.985914
22.3 0.986357
22.5 0.986774
22.7 0.987199
22.9 0.987624
23.1 0.98801
23.3 0.988401
23.5 0.988758
23.7 0.989176
23.9 0.989532
24.1 0.989901
24.3 0.990262
24.5 0.990577
24.7 0.990883
24.9 0.991202
25.1 0.991499
25.3 0.991807
25.5 0.992138
25.7 0.992411
25.9 0.992722
26.1 0.992995
26.3 0.993229
26.5 0.993498
26.7 0.993737
26.9 0.993984
27.1 0.994239
27.3 0.994471
27.5 0.994682
27.7 0.994894
27.9 0.995127
28.1 0.995336
28.3 0.995545
28.5 0.995752
28.7 0.995924
28.9 0.996096
29.1 0.996288
29.3 0.996475
29.5 0.99664
29.7 0.996803
29.9 0.996953
30.1 0.997095
30.3 0.997246
30.5 0.997403
30.7 0.997537
30.9 0.997667
31.1 0.997789
31.3 0.997914
31.5 0.998026
31.7 0.998129
31.9 0.998213
32.1 0.998308
32.3 0.998411
32.5 0.998505
32.7 0.998581
32.9 0.998649
33.1 0.998731
33.3 0.998813
33.5 0.99888
33.7 0.998948
33.9 0.999007
34.1 0.999075
34.3 0.999148
34.5 0.999207
34.7 0.999258
34.9 0.999302
35.1 0.999343
35.3 0.999375
35.5 0.999423
35.7 0.999457
35.9 0.999495
36.1 0.999527
36.3 0.999557
36.5 0.99959
36.7 0.999624
36.9 0.999656
37.1 0.999678
37.3 0.999692
37.5 0.999717
37.7 0.999748
37.9 0.999762
38.1 0.999789
38.3 0.999808
38.5 0.999826
38.7 0.999839
38.9 0.999851
39.1 0.999863
39.3 0.999872
39.5 0.999889
39.7 0.999893
39.9 0.999901
40.1 0.999906
40.3 0.999912
40.5 0.999918
40.7 0.999932
40.9 0.999935
41.1 0.999944
41.3 0.999948
41.5 0.999953
41.7 0.999955
41.9 0.999958
42.1 0.999962
42.3 0.999964
42.5 0.999965
42.7 0.999968
42.9 0.999969
43.1 0.999971
43.3 0.999973
43.5 0.999975
43.7 0.999978
43.9 0.999978
44.1 0.999978
44.3 0.999978
44.5 0.999981
44.7 0.999983
44.9 0.999985
45.1 0.999986
45.3 0.999986
45.5 0.999991
45.7 0.999991
45.9 0.999991
46.1 0.999991
46.3 0.999991
46.5 0.999996
46.7 0.999996
46.9 0.999996
47.1 0.999996
47.3 0.999996
47.5 0.999998
47.7 1
