1249
-199.9 1.24942e-06
-199.7 1.24942e-06
-199.5 3.74825e-06
-199.3 3.74825e-06
-199.1 8.74592e-06
-198.9 1.4993e-05
-198.7 2.74872e-05
-198.5 4.24802e-05
-198.3 6.62191e-05
-198.1 9.49557e-05
-197.9 0.000129939
-197.7 0.00021365
-197.5 0.000316103
-197.3 0.000453539
-197.1 0.000650946
-196.9 0.000915823
-196.7 0.00125067
-196.5 0.00164049
-196.3 0.00218398
-196.1 0.00282868
-195.9 0.00366454
-195.7 0.0047203
-195.5 0.00585727
-195.3 0.00722288
-195.1 0.00871469
-194.9 0.0105064
-194.7 0.0123143
-194.5 0.0142309
-194.3 0.0163249
-194.1 0.0184801
-193.9 0.0207641
-193.7 0.023128
-193.5 0.0254169
-193.3 0.0277471
-193.1 0.0300785
-192.9 0.0323649
-192.7 0.0346351
-192.5 0.0368366
-192.3 0.0389656
-192.1 0.0410721
-191.9 0.0431686
-191.7 0.0452252
-191.5 0.0472692
-191.3 0.0492283
-191.1 0.0513061
-190.9 0.053174
-190.7 0.0550518
-190.5 0.0569197
-190.3 0.0587539
-190.1 0.0605905
-189.9 0.0623284
-189.7 0.0641164
-189.5 0.0660267
-189.3 0.0678184
-189.1 0.0695563
-188.9 0.0712993
-188.7 0.0731297
-188.5 0.0747889
-188.3 0.0765206
-188.1 0.0782285
-187.9 0.0799352
-187.7 0.0816482
-187.5 0.0833411
-187.3 0.0850129
-187.1 0.0866796
-186.9 0.0882514
-186.7 0.0898444
-186.5 0.0914624
-186.3 0.0931566
-186.1 0.0947971
-185.9 0.0963763
-185.7 0.0979681
-185.5 0.0996398
-185.3 0.101312
-185.1 0.102912
-184.9 0.104466
-184.7 0.105987
-184.5 0.10751
-184.3 0.109102
-184.1 0.110656
-183.9 0.1122
-183.7 0.113831
-183.5 0.11545
-183.3 0.116942
-183.1 0.118456
-182.9 0.120037
-182.7 0.121595
-182.5 0.123115
-182.3 0.124576
-182.1 0.126
-181.9 0.127391
-181.7 0.128824
-181.5 0.130237
-181.3 0.131692
-181.1 0.13313
-180.9 0.134509
-180.7 0.135942
-180.5 0.137268
-180.3 0.138697
-180.1 0.140045
-179.9 0.141413
-179.7 0.14267
-179.5 0.143952
-179.3 0.145176
-179.1 0.14639
-178.9 0.147685
-178.7 0.148883
-178.5 0.15008
-178.3 0.151259
-178.1 0.152406
-177.9 0.153596
-177.7 0.15472
-177.5 0.155874
-177.3 0.156994
-177.1 0.158113
-176.9 0.159176
-176.7 0.160269
-176.5 0.161359
-176.3 0.162427
-176.1 0.163485
-175.9 0.164547
-175.7 0.16558
-175.5 0.166685
-175.3 0.167798
-175.1 0.168781
-174.9 0.16982
-174.7 0.170847
-174.5 0.171851
-174.3 0.172841
-174.1 0.173823
-173.9 0.174823
-173.7 0.175799
-173.5 0.176749
-173.3 0.177733
-173.1 0.178772
-172.9 0.179747
-172.7 0.180713
-172.5 0.181745
-172.3 0.182705
-172.1 0.183672
-171.9 0.184629
-171.7 0.185595
-171.5 0.186572
-171.3 0.187486
-171.1 0.188463
-170.9 0.1894
-170.7 0.19027
-170.5 0.191203
-170.3 0.192139
-170.1 0.193081
-169.9 0.19399
-169.7 0.194904
-169.5 0.195851
-169.3 0.19674
-169.1 0.19763
-168.9 0.198509
-168.7 0.199476
-168.5 0.200347
-168.3 0.201209
-168.1 0.202143
-167.9 0.203033
-167.7 0.203957
-167.5 0.204884
-167.3 0.205805
-167.1 0.206765
-166.9 0.207634
-166.7 0.208502
-166.5 0.209414
-166.3 0.210348
-166.1 0.211284
-165.9 0.212214
-165.7 0.213184
-165.5 0.214065
-165.3 0.214916
-165.1 0.215818
-164.9 0.216745
-164.7 0.21763
-164.5 0.218514
-164.3 0.219428
-164.1 0.220355
-163.9 0.221257
-163.7 0.222133
-163.5 0.222984
-163.3 0.223872
-163.1 0.224719
-162.9 0.225577
-162.7 0.226426
-162.5 0.227314
-162.3 0.228197
-162.1 0.229099
-161.9 0.230019
-161.7 0.230949
-161.5 0.231823
-161.3 0.232723
-161.1 0.233579
-160.9 0.234474
-160.7 0.235372
-160.5 0.236227
-160.3 0.237124
-160.1 0.237985
-159.9 0.238917
-159.7 0.239813
-159.5 0.240652
-159.3 0.241502
-159.1 0.242364
-158.9 0.24327
-158.7 0.244151
-158.5 0.245067
-158.3 0.245949
-158.1 0.246825
-157.9 0.24766
-157.7 0.248528
-157.5 0.249352
-157.3 0.250222
-157.1 0.251069
-156.9 0.251906
-156.7 0.252763
-156.5 0.253677
-156.3 0.254564
-156.1 0.255382
-155.9 0.256236
-155.7 0.25704
-155.5 0.257912
-155.3 0.258716
-155.1 0.259528
-154.9 0.260377
-154.7 0.261279
-154.5 0.262133
-154.3 0.26295
-154.1 0.263751
-153.9 0.26454
-153.7 0.265353
-153.5 0.26617
-153.3 0.266957
-153.1 0.267778
-152.9 0.268539
-152.7 0.269341
-152.5 0.27007
-152.3 0.270829
-152.1 0.271646
-151.9 0.272387
-151.7 0.273131
-151.5 0.273932
-151.3 0.274704
-151.1 0.275472
-150.9 0.276247
-150.7 0.276993
-150.5 0.277752
-150.3 0.278499
-150.1 0.279235
-149.9 0.279999
-149.7 0.280842
-149.5 0.281662
-149.3 0.28241
-149.1 0.283165
-148.9 0.284014
-148.7 0.284747
-148.5 0.285478
-148.3 0.286237
-148.1 0.286974
-147.9 0.287755
-147.7 0.288487
-147.5 0.289235
-147.3 0.289987
-147.1 0.290777
-146.9 0.291585
-146.7 0.292352
-146.5 0.293208
-146.3 0.294018
-146.1 0.294835
-145.9 0.295675
-145.7 0.296509
-145.5 0.297339
-145.3 0.298101
-145.1 0.298869
-144.9 0.29968
-144.7 0.300476
-144.5 0.301285
-144.3 0.302092
-144.1 0.302908
-143.9 0.303728
-143.7 0.304579
-143.5 0.305445
-143.3 0.306308
-143.1 0.307136
-142.9 0.30796
-142.7 0.308821
-142.5 0.309621
-142.3 0.310531
-142.1 0.311395
-141.9 0.312211
-141.7 0.31304
-141.5 0.313939
-141.3 0.314876
-141.1 0.315809
-140.9 0.31668
-140.7 0.317578
-140.5 0.318458
-140.3 0.319355
-140.1 0.320198
-139.9 0.321062
-139.7 0.321984
-139.5 0.322893
-139.3 0.323838
-139.1 0.324704
-138.9 0.325537
-138.7 0.326403
-138.5 0.327301
-138.3 0.328213
-138.1 0.32914
-137.9 0.330076
-137.7 0.330941
-137.5 0.331804
-137.3 0.332685
-137.1 0.333583
-136.9 0.334419
-136.7 0.335356
-136.5 0.336283
-136.3 0.33721
-136.1 0.338106
-135.9 0.338954
-135.7 0.339863
-135.5 0.340791
-135.3 0.341678
-135.1 0.342587
-134.9 0.343551
-134.7 0.344441
-134.5 0.345278
-134.3 0.346166
-134.1 0.347051
-133.9 0.347925
-133.7 0.348849
-133.5 0.349777
-133.3 0.350684
-133.1 0.35162
-132.9 0.352556
-132.7 0.353438
-132.5 0.354347
-132.3 0.355242
-132.1 0.356141
-131.9 0.357021
-131.7 0.357904
-131.5 0.358815
-131.3 0.359681
-131.1 0.360602
-130.9 0.361488
-130.7 0.362361
-130.5 0.363273
-130.3 0.364186
-130.1 0.365099
-129.9 0.366012
-129.7 0.366879
-129.5 0.36782
-129.3 0.368696
-129.1 0.369563
-128.9 0.370467
-128.7 0.371331
-128.5 0.372291
-128.3 0.373202
-128.1 0.374138
-127.9 0.375028
-127.7 0.375851
-127.5 0.376722
-127.3 0.377658
-127.1 0.378477
-126.9 0.379423
-126.7 0.380291
-126.5 0.381177
-126.3 0.382064
-126.1 0.382938
-125.9 0.383776
-125.7 0.384607
-125.5 0.385425
-125.3 0.386342
-125.1 0.387229
-124.9 0.388128
-124.7 0.388939
-124.5 0.389797
-124.3 0.390627
-124.1 0.3915
-123.9 0.392347
-123.7 0.393227
-123.5 0.39409
-123.3 0.394951
-123.1 0.395793
-122.9 0.396688
-122.7 0.397542
-122.5 0.398452
-122.3 0.399321
-122.1 0.400171
-121.9 0.401026
-121.7 0.401894
-121.5 0.402788
-121.3 0.403629
-121.1 0.404439
-120.9 0.405299
-120.7 0.406171
-120.5 0.406942
-120.3 0.407781
-120.1 0.408598
-119.9 0.40941
-119.7 0.410286
-119.5 0.411182
-119.3 0.411994
-119.1 0.412865
-118.9 0.413675
-118.7 0.414502
-118.5 0.415371
-118.3 0.416233
-118.1 0.417072
-117.9 0.417899
-117.7 0.418788
-117.5 0.419659
-117.3 0.420473
-117.1 0.421332
-116.9 0.422174
-116.7 0.423018
-116.5 0.423839
-116.3 0.424662
-116.1 0.425469
-115.9 0.42634
-115.7 0.427138
-115.5 0.428013
-115.3 0.428828
-115.1 0.42968
-114.9 0.430529
-114.7 0.431379
-114.5 0.432188
-114.3 0.433034
-114.1 0.433833
-113.9 0.434652
-113.7 0.435513
-113.5 0.436354
-113.3 0.437194
-113.1 0.438065
-112.9 0.438925
-112.7 0.439781
-112.5 0.440655
-112.3 0.44151
-112.1 0.442371
-111.9 0.443203
-111.7 0.444087
-111.5 0.444974
-111.3 0.445821
-111.1 0.446724
-110.9 0.447584
-110.7 0.448426
-110.5 0.449272
-110.3 0.450143
-110.1 0.450977
-109.9 0.451798
-109.7 0.452628
-109.5 0.453469
-109.3 0.454292
-109.1 0.455127
-108.9 0.455925
-108.7 0.456752
-108.5 0.457594
-108.3 0.458399
-108.1 0.4593
-107.9 0.460108
-107.7 0.460945
-107.5 0.461796
-107.3 0.462627
-107.1 0.463504
-106.9 0.464351
-106.7 0.465192
-106.5 0.466
-106.3 0.46681
-106.1 0.467622
-105.9 0.468458
-105.7 0.469287
-105.5 0.470086
-105.3 0.47087
-105.1 0.471724
-104.9 0.472588
-104.7 0.473401
-104.5 0.474275
-104.3 0.475067
-104.1 0.475878
-103.9 0.476743
-103.7 0.477535
-103.5 0.478354
-103.3 0.47915
-103.1 0.479895
-102.9 0.480666
-102.7 0.481478
-102.5 0.482328
-102.3 0.483145
-102.1 0.483962
-101.9 0.484788
-101.7 0.485632
-101.5 0.486453
-101.3 0.487283
-101.1 0.488089
-100.9 0.488896
-100.7 0.489742
-100.5 0.490568
-100.3 0.491436
-100.1 0.492282
-99.9 0.493024
-99.7 0.493784
-99.5 0.494593
-99.3 0.495403
-99.1 0.496201
-98.9 0.496983
-98.7 0.497724
-98.5 0.498583
-98.3 0.499396
-98.1 0.500263
-97.9 0.50113
-97.7 0.501902
-97.5 0.502734
-97.3 0.50358
-97.1 0.50435
-96.9 0.505134
-96.7 0.505982
-96.5 0.50676
-96.3 0.507592
-96.1 0.508393
-95.9 0.5092
-95.7 0.510043
-95.5 0.510841
-95.3 0.511701
-95.1 0.512529
-94.9 0.513344
-94.7 0.514128
-94.5 0.514985
-94.3 0.515797
-94.1 0.51657
-93.9 0.517447
-93.7 0.518326
-93.5 0.519162
-93.3 0.519984
-93.1 0.520801
-92.9 0.521586
-92.7 0.522395
-92.5 0.523167
-92.3 0.523988
-92.1 0.524837
-91.9 0.525626
-91.7 0.526435
-91.5 0.527207
-91.3 0.528018
-91.1 0.528788
-90.9 0.529609
-90.7 0.530465
-90.5 0.531276
-90.3 0.532088
-90.1 0.532872
-89.9 0.533671
-89.7 0.534453
-89.5 0.535227
-89.3 0.535986
-89.1 0.536776
-88.9 0.537563
-88.7 0.538319
-88.5 0.539135
-88.3 0.539896
-88.1 0.54065
-87.9 0.541435
-87.7 0.542215
-87.5 0.543013
-87.3 0.543839
-87.1 0.54462
-86.9 0.545407
-86.7 0.546257
-86.5 0.547019
-86.3 0.547792
-86.1 0.548619
-85.9 0.549394
-85.7 0.550171
-85.5 0.550992
-85.3 0.551858
-85.1 0.552674
-84.9 0.553461
-84.7 0.554259
-84.5 0.555156
-84.3 0.555942
-84.1 0.556694
-83.9 0.557525
-83.7 0.558345
-83.5 0.559136
-83.3 0.559994
-83.1 0.560819
-82.9 0.561687
-82.7 0.562535
-82.5 0.56331
-82.3 0.564121
-82.1 0.564955
-81.9 0.565759
-81.7 0.566591
-81.5 0.567428
-81.3 0.5682
-81.1 0.569055
-80.9 0.569898
-80.7 0.570674
-80.5 0.571491
-80.3 0.572368
-80.1 0.573193
-79.9 0.574006
-79.7 0.574867
-79.5 0.575714
-79.3 0.576542
-79.1 0.57734
-78.9 0.578118
-78.7 0.578943
-78.5 0.579793
-78.3 0.580639
-78.1 0.581459
-77.9 0.582282
-77.7 0.583084
-77.5 0.58389
-77.3 0.584684
-77.1 0.585547
-76.9 0.586344
-76.7 0.587214
-76.5 0.588058
-76.3 0.588913
-76.1 0.589775
-75.9 0.590627
-75.7 0.591427
-75.5 0.592286
-75.3 0.593086
-75.1 0.593949
-74.9 0.594791
-74.7 0.59559
-74.5 0.596391
-74.3 0.597217
-74.1 0.598022
-73.9 0.598866
-73.7 0.599639
-73.5 0.600483
-73.3 0.601302
-73.1 0.602073
-72.9 0.602871
-72.7 0.603656
-72.5 0.604499
-72.3 0.605337
-72.1 0.606155
-71.9 0.606986
-71.7 0.607843
-71.5 0.608715
-71.3 0.609498
-71.1 0.610357
-70.9 0.611195
-70.7 0.612006
-70.5 0.612783
-70.3 0.613605
-70.1 0.614419
-69.9 0.615187
-69.7 0.616042
-69.5 0.616885
-69.3 0.617712
-69.1 0.618569
-68.9 0.619362
-68.7 0.620218
-68.5 0.621052
-68.3 0.62188
-68.1 0.622733
-67.9 0.623559
-67.7 0.624409
-67.5 0.625257
-67.3 0.626092
-67.1 0.626924
-66.9 0.627737
-66.7 0.628588
-66.5 0.62945
-66.3 0.630337
-66.1 0.631204
-65.9 0.632008
-65.7 0.632864
-65.5 0.633675
-65.3 0.634564
-65.1 0.635374
-64.9 0.636228
-64.7 0.637069
-64.5 0.637888
-64.3 0.638727
-64.1 0.639553
-63.9 0.640426
-63.7 0.64122
-63.5 0.642086
-63.3 0.64291
-63.1 0.643816
-62.9 0.644652
-62.7 0.645498
-62.5 0.646306
-62.3 0.647128
-62.1 0.647963
-61.9 0.648793
-61.7 0.649637
-61.5 0.650478
-61.3 0.651271
-61.1 0.652106
-60.9 0.652888
-60.7 0.653711
-60.5 0.654614
-60.3 0.655463
-60.1 0.65634
-59.9 0.657259
-59.7 0.658054
-59.5 0.658892
-59.3 0.659772
-59.1 0.660623
-58.9 0.661439
-58.7 0.662306
-58.5 0.663171
-58.3 0.663927
-58.1 0.664753
-57.9 0.665571
-57.7 0.666401
-57.5 0.667221
-57.3 0.668037
-57.1 0.668849
-56.9 0.669702
-56.7 0.670571
-56.5 0.671417
-56.3 0.672257
-56.1 0.673139
-55.9 0.674004
-55.7 0.674828
-55.5 0.675705
-55.3 0.676522
-55.1 0.677379
-54.9 0.678221
-54.7 0.67905
-54.5 0.679902
-54.3 0.680765
-54.1 0.681626
-53.9 0.682426
-53.7 0.683289
-53.5 0.684066
-53.3 0.684917
-53.1 0.685755
-52.9 0.686645
-52.7 0.687472
-52.5 0.688239
-52.3 0.689102
-52.1 0.689895
-51.9 0.690738
-51.7 0.69161
-51.5 0.692438
-51.3 0.693259
-51.1 0.69411
-50.9 0.694946
-50.7 0.695713
-50.5 0.696519
-50.3 0.697339
-50.1 0.698148
-49.9 0.698982
-49.7 0.699827
-49.5 0.700681
-49.3 0.701472
-49.1 0.702281
-48.9 0.703138
-48.7 0.703986
-48.5 0.704811
-48.3 0.705667
-48.1 0.706447
-47.9 0.707288
-47.7 0.708157
-47.5 0.708977
-47.3 0.709814
-47.1 0.710624
-46.9 0.711427
-46.7 0.712304
-46.5 0.713145
-46.3 0.713968
-46.1 0.714788
-45.9 0.71566
-45.7 0.716456
-45.5 0.717337
-45.3 0.718068
-45.1 0.718935
-44.9 0.719704
-44.7 0.720544
-44.5 0.72139
-44.3 0.722227
-44.1 0.723015
-43.9 0.723843
-43.7 0.724653
-43.5 0.725442
-43.3 0.726265
-43.1 0.727041
-42.9 0.727884
-42.7 0.728701
-42.5 0.729535
-42.3 0.730309
-42.1 0.73114
-41.9 0.731889
-41.7 0.732743
-41.5 0.733489
-41.3 0.734316
-41.1 0.735096
-40.9 0.735951
-40.7 0.736764
-40.5 0.737581
-40.3 0.738409
-40.1 0.739207
-39.9 0.740039
-39.7 0.74087
-39.5 0.741697
-39.3 0.74253
-39.1 0.743277
-38.9 0.744056
-38.7 0.744911
-38.5 0.745784
-38.3 0.746569
-38.1 0.747437
-37.9 0.748224
-37.7 0.749005
-37.5 0.749873
-37.3 0.750646
-37.1 0.751537
-36.9 0.752404
-36.7 0.753218
-36.5 0.754107
-36.3 0.754937
-36.1 0.755763
-35.9 0.756555
-35.7 0.757379
-35.5 0.758226
-35.3 0.759059
-35.1 0.759891
-34.9 0.760673
-34.7 0.76149
-34.5 0.762285
-34.3 0.76311
-34.1 0.763959
-33.9 0.76477
-33.7 0.765549
-33.5 0.766348
-33.3 0.767195
-33.1 0.768033
-32.9 0.768824
-32.7 0.769605
-32.5 0.770437
-32.3 0.771253
-32.1 0.772099
-31.9 0.772928
-31.7 0.773717
-31.5 0.774595
-31.3 0.775358
-31.1 0.776183
-30.9 0.777029
-30.7 0.777871
-30.5 0.778734
-30.3 0.779564
-30.1 0.780424
-29.9 0.781207
-29.7 0.781989
-29.5 0.782799
-29.3 0.783606
-29.1 0.784424
-28.9 0.785175
-28.7 0.786014
-28.5 0.786834
-28.3 0.787587
-28.1 0.788426
-27.9 0.789243
-27.7 0.790065
-27.5 0.790909
-27.3 0.791766
-27.1 0.792605
-26.9 0.793408
-26.7 0.794231
-26.5 0.795039
-26.3 0.795815
-26.1 0.796586
-25.9 0.797436
-25.7 0.798247
-25.5 0.799107
-25.3 0.799883
-25.1 0.800692
-24.9 0.801548
-24.7 0.802398
-24.5 0.803234
-24.3 0.80405
-24.1 0.80487
-23.9 0.805706
-23.7 0.806496
-23.5 0.807316
-23.3 0.808161
-23.1 0.808957
-22.9 0.80975
-22.7 0.810558
-22.5 0.811435
-22.3 0.812235
-22.1 0.813018
-21.9 0.813867
-21.7 0.814685
-21.5 0.815499
-21.3 0.816334
-21.1 0.817163
-20.9 0.818005
-20.7 0.818811
-20.5 0.819623
-20.3 0.82044
-20.1 0.82124
-19.9 0.822052
-19.7 0.822901
-19.5 0.823766
-19.3 0.824572
-19.1 0.82547
-18.9 0.826313
-18.7 0.827158
-18.5 0.827974
-18.3 0.828784
-18.1 0.829659
-17.9 0.830492
-17.7 0.831315
-17.5 0.832157
-17.3 0.832983
-17.1 0.833756
-16.9 0.834611
-16.7 0.835444
-16.5 0.836229
-16.3 0.837022
-16.1 0.837834
-15.9 0.838686
-15.7 0.83947
-15.5 0.84018
-15.3 0.840998
-15.1 0.841815
-14.9 0.842623
-14.7 0.843384
-14.5 0.84421
-14.3 0.844997
-14.1 0.845883
-13.9 0.846627
-13.7 0.847471
-13.5 0.848238
-13.3 0.84906
-13.1 0.849886
-12.9 0.850692
-12.7 0.851488
-12.5 0.85233
-12.3 0.853191
-12.1 0.853956
-11.9 0.854773
-11.7 0.855581
-11.5 0.856411
-11.3 0.85732
-11.1 0.858144
-10.9 0.858966
-10.7 0.859787
-10.5 0.8606
-10.3 0.861347
-10.1 0.862164
-9.9 0.86299
-9.7 0.863789
-9.5 0.864632
-9.3 0.865428
-9.1 0.866276
-8.9 0.867104
-8.7 0.867933
-8.5 0.868726
-8.3 0.869547
-8.1 0.870367
-7.9 0.871151
-7.7 0.871928
-7.5 0.872737
-7.3 0.873521
-7.1 0.874291
-6.9 0.875083
-6.7 0.875887
-6.5 0.876695
-6.3 0.87756
-6.1 0.878397
-5.9 0.879224
-5.7 0.880026
-5.5 0.880836
-5.3 0.881638
-5.1 0.882497
-4.9 0.883284
-4.7 0.884115
-4.5 0.884955
-4.3 0.885727
-4.1 0.886539
-3.9 0.887361
-3.7 0.888123
-3.5 0.888956
-3.3 0.889754
-3.1 0.890575
-2.9 0.891392
-2.7 0.892226
-2.5 0.893009
-2.3 0.893815
-2.1 0.894634
-1.9 0.895433
-1.7 0.89626
-1.5 0.897029
-1.3 0.897883
-1.1 0.898677
-0.899999 0.899526
-0.699999 0.900349
-0.499999 0.901172
-0.299999 0.901929
-0.0999994 0.902722
0.100001 0.903571
0.300001 0.90438
0.500001 0.905159
0.700001 0.905963
0.900001 0.90679
1.1 0.907608
1.3 0.908453
1.5 0.909321
1.7 0.910123
1.9 0.910923
2.1 0.91168
2.3 0.912527
2.5 0.913324
2.7 0.914189
2.9 0.915042
3.1 0.915808
3.3 0.916624
3.5 0.91747
3.7 0.918259
3.9 0.919076
4.1 0.919916
4.3 0.920718
4.5 0.921543
4.7 0.922326
4.9 0.9231
5.1 0.92396
5.3 0.924773
5.5 0.925608
5.7 0.926461
5.9 0.927219
6.1 0.928021
6.3 0.928782
6.5 0.929619
6.7 0.930397
6.9 0.931187
7.1 0.931998
7.3 0.932791
7.5 0.933602
7.7 0.934391
7.9 0.935211
8.1 0.936034
8.3 0.936879
8.5 0.937683
8.7 0.938502
8.9 0.939306
9.1 0.940132
9.3 0.940941
9.5 0.941753
9.7 0.942593
9.9 0.943395
10.1 0.94418
10.3 0.944946
10.5 0.94578
10.7 0.946605
10.9 0.947385
11.1 0.948165
11.3 0.9489
11.5 0.949707
11.7 0.950486
11.9 0.951293
12.1 0.952012
12.3 0.952791
12.5 0.953532
12.7 0.954341
12.9 0.955121
13.1 0.955882
13.3 0.956636
13.5 0.957442
13.7 0.958158
13.9 0.958903
14.1 0.959713
14.3 0.960445
14.5 0.961207
14.7 0.96193
14.9 0.962675
15.1 0.9634
15.3 0.964158
15.5 0.964874
15.7 0.96556
15.9 0.966236
16.1 0.966944
16.3 0.967668
16.5 0.968341
16.7 0.969019
16.9 0.969692
17.1 0.970364
17.3 0.971025
17.5 0.971671
17.7 0.972329
17.9 0.97295
18.1 0.973589
18.3 0.974247
18.5 0.974879
18.7 0.975539
18.9 0.976146
19.1 0.976752
19.3 0.977312
19.5 0.977955
19.7 0.978523
19.9 0.979102
20.1 0.979647
20.3 0.98017
20.5 0.980784
20.7 0.981311
20.9 0.981795
21.1 0.982308
21.3 0.982798
21.5 0.983269
21.7 0.983769
21.9 0.984257
22.1 0.984741
22.3 0.985238
22.5 0.985698
22.7 0.986131
22.9 0.98656
23.1 0.987007
23.3 0.987415
23.5 0.987816
23.7 0.988283
23.9 0.988658
24.1 0.989018
24.3 0.989396
24.5 0.989765
24.7 0.990122
24.9 0.990462
25.1 0.990797
25.3 0.991133
25.5 0.991484
25.7 0.991793
25.9 0.99213
26.1 0.992464
26.3 0.99277
26.5 0.993086
26.7 0.993374
26.9 0.993647
27.1 0.993882
27.3 0.994146
27.5 0.994381
27.7 0.99465
27.9 0.994871
28.1 0.9951
28.3 0.995303
28.5 0.995471
28.7 0.995673
28.9 0.995854
29.1 0.996051
29.3 0.996223
29.5 0.996412
29.7 0.996564
29.9 0.99676
30.1 0.996921
30.3 0.997059
30.5 0.99721
30.7 0.997349
30.9 0.99748
31.1 0.997599
31.3 0.997721
31.5 0.997857
31.7 0.99799
31.9 0.998117
32.1 0.998225
32.3 0.998328
32.5 0.998443
32.7 0.998539
32.9 0.998628
33.1 0.998713
33.3 0.998791
33.5 0.998856
33.7 0.998934
33.9 0.999
34.1 0.999069
34.3 0.999127
34.5 0.999188
34.7 0.999238
34.9 0.999287
35.1 0.999319
35.3 0.999372
35.5 0.999404
35.7 0.999443
35.9 0.999473
36.1 0.9995
36.3 0.999538
36.5 0.99958
36.7 0.999619
36.9 0.999655
37.1 0.999694
37.3 0.999711
37.5 0.999731
37.7 0.999748
37.9 0.999769
38.1 0.999785
38.3 0.999804
38.5 0.999811
38.7 0.999826
38.9 0.99984
39.1 0.999849
39.3 0.99986
39.5 0.999874
39.7 0.99988
39.9 0.999885
40.1 0.999898
40.3 0.999906
40.5 0.99992
40.7 0.999926
40.9 0.999931
41.1 0.999931
41.3 0.999941
41.5 0.999946
41.7 0.99995
41.9 0.999953
42.1 0.999953
42.3 0.999955
42.5 0.99996
42.7 0.999965
42.9 0.99997
43.1 0.999973
43.3 0.999975
43.5 0.999975
43.7 0.999979
43.9 0.999979
44.1 0.999979
44.3 0.99998
44.5 0.999984
44.7 0.999985
44.9 0.999986
45.1 0.999988
45.3 0.999988
45.5 0.999988
45.7 0.999991
45.9 0.999993
46.1 0.999994
46.3 0.999995
46.5 0.999995
46.7 0.999995
46.9 0.999996
47.1 0.999996
47.3 0.999996
47.5 0.999998
47.7 0.999998
47.9 0.999998
48.1 0.999998
48.3 0.999998
48.5 0.999998
48.7 0.999998
48.9 0.999998
49.1 0.999998
49.3 0.999998
49.5 0.999999
49.7 1
