1247
-200.3 1.34559e-06
-200.1 1.34559e-06
-199.9 2.69117e-06
-199.7 4.03676e-06
-199.5 6.72794e-06
-199.3 1.21103e-05
-199.1 2.2875e-05
-198.9 2.69117e-05
-198.7 5.38235e-05
-198.5 8.88088e-05
-198.3 0.000135904
-198.1 0.000199147
-197.9 0.000313522
-197.7 0.000444044
-197.5 0.000616279
-197.3 0.000834264
-197.1 0.00110204
-196.9 0.00142632
-196.7 0.00190939
-196.5 0.00245435
-196.3 0.00313387
-196.1 0.00395064
-195.9 0.00488717
-195.7 0.00600805
-195.5 0.00718544
-195.3 0.00844356
-195.1 0.00989948
-194.9 0.011342
-194.7 0.0129903
-194.5 0.0145404
-194.3 0.0163004
-194.1 0.0179972
-193.9 0.019651
-193.7 0.0214648
-193.5 0.0232517
-193.3 0.0251087
-193.1 0.0269481
-192.9 0.0287471
-192.7 0.0305314
-192.5 0.0322753
-192.3 0.0340151
-192.1 0.0357321
-191.9 0.037406
-191.7 0.0390732
-191.5 0.0407794
-191.3 0.0424452
-191.1 0.0440128
-190.9 0.045645
-190.7 0.047214
-190.5 0.0488018
-190.3 0.0503546
-190.1 0.0518509
-189.9 0.0533498
-189.7 0.0548865
-189.5 0.0564043
-189.3 0.0579235
-189.1 0.0594911
-188.9 0.0610089
-188.7 0.0624487
-188.5 0.0638939
-188.3 0.0653471
-188.1 0.0667532
-187.9 0.0682536
-187.7 0.0696476
-187.5 0.0710147
-187.3 0.0724208
-187.1 0.0738149
-186.9 0.0752439
-186.7 0.0766097
-186.5 0.078005
-186.3 0.0793843
-186.1 0.0807702
-185.9 0.082136
-185.7 0.0834775
-185.5 0.0847989
-185.3 0.0861108
-185.1 0.087408
-184.9 0.0888276
-184.7 0.0901664
-184.5 0.0914448
-184.3 0.0927392
-184.1 0.0940633
-183.9 0.0953954
-183.7 0.0966374
-183.5 0.0979655
-183.3 0.0992061
-183.1 0.100517
-182.9 0.101743
-182.7 0.102978
-182.5 0.104213
-182.3 0.105429
-182.1 0.106614
-181.9 0.107881
-181.7 0.109063
-181.5 0.110209
-181.3 0.111437
-181.1 0.112658
-180.9 0.113874
-180.7 0.115018
-180.5 0.116132
-180.3 0.117307
-180.1 0.1184
-179.9 0.119603
-179.7 0.120729
-179.5 0.121879
-179.3 0.122962
-179.1 0.124035
-178.9 0.125153
-178.7 0.126251
-178.5 0.127349
-178.3 0.128407
-178.1 0.129429
-177.9 0.130459
-177.7 0.131514
-177.5 0.132548
-177.3 0.133578
-177.1 0.134653
-176.9 0.135669
-176.7 0.136729
-176.5 0.137775
-176.3 0.138781
-176.1 0.139809
-175.9 0.140884
-175.7 0.141939
-175.5 0.142927
-175.3 0.143841
-175.1 0.144848
-174.9 0.145856
-174.7 0.146824
-174.5 0.147852
-174.3 0.148854
-174.1 0.149826
-173.9 0.15084
-173.7 0.151874
-173.5 0.152843
-173.3 0.153864
-173.1 0.154874
-172.9 0.155873
-172.7 0.156766
-172.5 0.157738
-172.3 0.158697
-172.1 0.159647
-171.9 0.160627
-171.7 0.161608
-171.5 0.162556
-171.3 0.163545
-171.1 0.164623
-170.9 0.165553
-170.7 0.166449
-170.5 0.16739
-170.3 0.168353
-170.1 0.169314
-169.9 0.170242
-169.7 0.171172
-169.5 0.172117
-169.3 0.173056
-169.1 0.174005
-168.9 0.174906
-168.7 0.175917
-168.5 0.176794
-168.3 0.177745
-168.1 0.178671
-167.9 0.179596
-167.7 0.180567
-167.5 0.181415
-167.3 0.182382
-167.1 0.183242
-166.9 0.18418
-166.7 0.185095
-166.5 0.185987
-166.3 0.186897
-166.1 0.187809
-165.9 0.188672
-165.7 0.189667
-165.5 0.190571
-165.3 0.191516
-165.1 0.192431
-164.9 0.193318
-164.7 0.194203
-164.5 0.195055
-164.3 0.195942
-164.1 0.196851
-163.9 0.197729
-163.7 0.198559
-163.5 0.199447
-163.3 0.200359
-163.1 0.201301
-162.9 0.202244
-162.7 0.203057
-162.5 0.203957
-162.3 0.204848
-162.1 0.205758
-161.9 0.206638
-161.7 0.207523
-161.5 0.208448
-161.3 0.209369
-161.1 0.210255
-160.9 0.211084
-160.7 0.211958
-160.5 0.212865
-160.3 0.213716
-160.1 0.214643
-159.9 0.215532
-159.7 0.216373
-159.5 0.217291
-159.3 0.2182
-159.1 0.219074
-158.9 0.219934
-158.7 0.220784
-158.5 0.221702
-158.3 0.22261
-158.1 0.223506
-157.9 0.224395
-157.7 0.225385
-157.5 0.226258
-157.3 0.227111
-157.1 0.227967
-156.9 0.228874
-156.7 0.229805
-156.5 0.230689
-156.3 0.231531
-156.1 0.232425
-155.9 0.233341
-155.7 0.234265
-155.5 0.235127
-155.3 0.236013
-155.1 0.236911
-154.9 0.237777
-154.7 0.2387
-154.5 0.239606
-154.3 0.240513
-154.1 0.241361
-153.9 0.242277
-153.7 0.243187
-153.5 0.244127
-153.3 0.245007
-153.1 0.245942
-152.9 0.246809
-152.7 0.247627
-152.5 0.248475
-152.3 0.249328
-152.1 0.250228
-151.9 0.251131
-151.7 0.252043
-151.5 0.252878
-151.3 0.253702
-151.1 0.254527
-150.9 0.255445
-150.7 0.256395
-150.5 0.257299
-150.3 0.258179
-150.1 0.259086
-149.9 0.260005
-149.7 0.260851
-149.5 0.261729
-149.3 0.262602
-149.1 0.263473
-148.9 0.26437
-148.7 0.265287
-148.5 0.266214
-148.3 0.267048
-148.1 0.267871
-147.9 0.268811
-147.7 0.269635
-147.5 0.270544
-147.3 0.27146
-147.1 0.272294
-146.9 0.273122
-146.7 0.273988
-146.5 0.274868
-146.3 0.275639
-146.1 0.27651
-145.9 0.277331
-145.7 0.27816
-145.5 0.279032
-145.3 0.27987
-145.1 0.280685
-144.9 0.281552
-144.7 0.282363
-144.5 0.283219
-144.3 0.284039
-144.1 0.284829
-143.9 0.285674
-143.7 0.286541
-143.5 0.287353
-143.3 0.288152
-143.1 0.288968
-142.9 0.289741
-142.7 0.290597
-142.5 0.291434
-142.3 0.292267
-142.1 0.293096
-141.9 0.293913
-141.7 0.294732
-141.5 0.295572
-141.3 0.296427
-141.1 0.297248
-140.9 0.298058
-140.7 0.29893
-140.5 0.299697
-140.3 0.300513
-140.1 0.301315
-139.9 0.302137
-139.7 0.302959
-139.5 0.303843
-139.3 0.304707
-139.1 0.305533
-138.9 0.306401
-138.7 0.30728
-138.5 0.308096
-138.3 0.308923
-138.1 0.309801
-137.9 0.310677
-137.7 0.311548
-137.5 0.312457
-137.3 0.313358
-137.1 0.3142
-136.9 0.315065
-136.7 0.315921
-136.5 0.316794
-136.3 0.317713
-136.1 0.318608
-135.9 0.319479
-135.7 0.320337
-135.5 0.321259
-135.3 0.322234
-135.1 0.323105
-134.9 0.324007
-134.7 0.324868
-134.5 0.325804
-134.3 0.326668
-134.1 0.327546
-133.9 0.328416
-133.7 0.32938
-133.5 0.330264
-133.3 0.331226
-133.1 0.332107
-132.9 0.332984
-132.7 0.333842
-132.5 0.334689
-132.3 0.335585
-132.1 0.336487
-131.9 0.337398
-131.7 0.338317
-131.5 0.339341
-131.3 0.340276
-131.1 0.341153
-130.9 0.342126
-130.7 0.343026
-130.5 0.343913
-130.3 0.344856
-130.1 0.345796
-129.9 0.346756
-129.7 0.347611
-129.5 0.348561
-129.3 0.349485
-129.1 0.350356
-128.9 0.351237
-128.7 0.352096
-128.5 0.353016
-128.3 0.353947
-128.1 0.354812
-127.9 0.355714
-127.7 0.356613
-127.5 0.357481
-127.3 0.358397
-127.1 0.359281
-126.9 0.360206
-126.7 0.361111
-126.5 0.361964
-126.3 0.3628
-126.1 0.363735
-125.9 0.364611
-125.7 0.365472
-125.5 0.36632
-125.3 0.367121
-125.1 0.368032
-124.9 0.368902
-124.7 0.369778
-124.5 0.370664
-124.3 0.371529
-124.1 0.37242
-123.9 0.37331
-123.7 0.374225
-123.5 0.37513
-123.3 0.376022
-123.1 0.376929
-122.9 0.377848
-122.7 0.378718
-122.5 0.379548
-122.3 0.380415
-122.1 0.381306
-121.9 0.382194
-121.7 0.383004
-121.5 0.383834
-121.3 0.384748
-121.1 0.385608
-120.9 0.386431
-120.7 0.387308
-120.5 0.388248
-120.3 0.389098
-120.1 0.389958
-119.9 0.390787
-119.7 0.391639
-119.5 0.392501
-119.3 0.393365
-119.1 0.394201
-118.9 0.395056
-118.7 0.395928
-118.5 0.396861
-118.3 0.397721
-118.1 0.39861
-117.9 0.399526
-117.7 0.400421
-117.5 0.401265
-117.3 0.402121
-117.1 0.402929
-116.9 0.403808
-116.7 0.404711
-116.5 0.405564
-116.3 0.406354
-116.1 0.407203
-115.9 0.408065
-115.7 0.408929
-115.5 0.409781
-115.3 0.410712
-115.1 0.41159
-114.9 0.412433
-114.7 0.413354
-114.5 0.414189
-114.3 0.41508
-114.1 0.415952
-113.9 0.416863
-113.7 0.417664
-113.5 0.418519
-113.3 0.419393
-113.1 0.420216
-112.9 0.421122
-112.7 0.421992
-112.5 0.422774
-112.3 0.423666
-112.1 0.42451
-111.9 0.425424
-111.7 0.426265
-111.5 0.427215
-111.3 0.428077
-111.1 0.428907
-110.9 0.429742
-110.7 0.430585
-110.5 0.431415
-110.3 0.432305
-110.1 0.433136
-109.9 0.434023
-109.7 0.434987
-109.5 0.435879
-109.3 0.436739
-109.1 0.437668
-108.9 0.438543
-108.7 0.439388
-108.5 0.440207
-108.3 0.441083
-108.1 0.441969
-107.9 0.442846
-107.7 0.44376
-107.5 0.44462
-107.3 0.445504
-107.1 0.446355
-106.9 0.44732
-106.7 0.448161
-106.5 0.449037
-106.3 0.449886
-106.1 0.450747
-105.9 0.451599
-105.7 0.452419
-105.5 0.453246
-105.3 0.45409
-105.1 0.454966
-104.9 0.455823
-104.7 0.456694
-104.5 0.457586
-104.3 0.458498
-104.1 0.459342
-103.9 0.460181
-103.7 0.461044
-103.5 0.461863
-103.3 0.462772
-103.1 0.463704
-102.9 0.464551
-102.7 0.465433
-102.5 0.466242
-102.3 0.467188
-102.1 0.4681
-101.9 0.468971
-101.7 0.469818
-101.5 0.470696
-101.3 0.471616
-101.1 0.472415
-100.9 0.473239
-100.7 0.47408
-100.5 0.474929
-100.3 0.475833
-100.1 0.476713
-99.9 0.477627
-99.7 0.478534
-99.5 0.479365
-99.3 0.480303
-99.1 0.481186
-98.9 0.48209
-98.7 0.482947
-98.5 0.483814
-98.3 0.484631
-98.1 0.485488
-97.9 0.486329
-97.7 0.487202
-97.5 0.488131
-97.3 0.488937
-97.1 0.48977
-96.9 0.490594
-96.7 0.491542
-96.5 0.492348
-96.3 0.493187
-96.1 0.494044
-95.9 0.494962
-95.7 0.495842
-95.5 0.496703
-95.3 0.497566
-95.1 0.498381
-94.9 0.499276
-94.7 0.500143
-94.5 0.501032
-94.3 0.501892
-94.1 0.502806
-93.9 0.503718
-93.7 0.504654
-93.5 0.505521
-93.3 0.506377
-93.1 0.507181
-92.9 0.508048
-92.7 0.508945
-92.5 0.509821
-92.3 0.510662
-92.1 0.51151
-91.9 0.51232
-91.7 0.513203
-91.5 0.514053
-91.3 0.514964
-91.1 0.515886
-90.9 0.516809
-90.7 0.517662
-90.5 0.518482
-90.3 0.519308
-90.1 0.520191
-89.9 0.52108
-89.7 0.521961
-89.5 0.522823
-89.3 0.523686
-89.1 0.524526
-88.9 0.525372
-88.7 0.526271
-88.5 0.52721
-88.3 0.52807
-88.1 0.528887
-87.9 0.529697
-87.7 0.53053
-87.5 0.531403
-87.3 0.532252
-87.1 0.533124
-86.9 0.533968
-86.7 0.534835
-86.5 0.535721
-86.3 0.536616
-86.1 0.537461
-85.9 0.53827
-85.7 0.539173
-85.5 0.540019
-85.3 0.540891
-85.1 0.541736
-84.9 0.542581
-84.7 0.543461
-84.5 0.544303
-84.3 0.545158
-84.1 0.546066
-83.9 0.546882
-83.7 0.547743
-83.5 0.548533
-83.3 0.549378
-83.1 0.550266
-82.9 0.551112
-82.7 0.551987
-82.5 0.552797
-82.3 0.553611
-82.1 0.554455
-81.9 0.555349
-81.7 0.556192
-81.5 0.55708
-81.3 0.557926
-81.1 0.558785
-80.9 0.55967
-80.7 0.560508
-80.5 0.561328
-80.3 0.56211
-80.1 0.562922
-79.9 0.563786
-79.7 0.56461
-79.5 0.565452
-79.3 0.566308
-79.1 0.567195
-78.9 0.568079
-78.7 0.568914
-78.5 0.569715
-78.3 0.570569
-78.1 0.571441
-77.9 0.572273
-77.7 0.573177
-77.5 0.574026
-77.3 0.574854
-77.1 0.57566
-76.9 0.576514
-76.7 0.577393
-76.5 0.578197
-76.3 0.579065
-76.1 0.579909
-75.9 0.580784
-75.7 0.581602
-75.5 0.58242
-75.3 0.583296
-75.1 0.58415
-74.9 0.585009
-74.7 0.585901
-74.5 0.586743
-74.3 0.587591
-74.1 0.58847
-73.9 0.589358
-73.7 0.590251
-73.5 0.591125
-73.3 0.591998
-73.1 0.592885
-72.9 0.59377
-72.7 0.594649
-72.5 0.595526
-72.3 0.596418
-72.1 0.597259
-71.9 0.598193
-71.7 0.599097
-71.5 0.599941
-71.3 0.600803
-71.1 0.601666
-70.9 0.602481
-70.7 0.603332
-70.5 0.604233
-70.3 0.605088
-70.1 0.605992
-69.9 0.606822
-69.7 0.607699
-69.5 0.608594
-69.3 0.609497
-69.1 0.61035
-68.9 0.61121
-68.7 0.612117
-68.5 0.612988
-68.3 0.613816
-68.1 0.614608
-67.9 0.615473
-67.7 0.616353
-67.5 0.617168
-67.3 0.618015
-67.1 0.618887
-66.9 0.619802
-66.7 0.620644
-66.5 0.621497
-66.3 0.622365
-66.1 0.623182
-65.9 0.624074
-65.7 0.624938
-65.5 0.62579
-65.3 0.626702
-65.1 0.627579
-64.9 0.628477
-64.7 0.629341
-64.5 0.630208
-64.3 0.631074
-64.1 0.631931
-63.9 0.632848
-63.7 0.633763
-63.5 0.634712
-63.3 0.635538
-63.1 0.636453
-62.9 0.637379
-62.7 0.638172
-62.5 0.639015
-62.3 0.639883
-62.1 0.640785
-61.9 0.641635
-61.7 0.642496
-61.5 0.643306
-61.3 0.644172
-61.1 0.645049
-60.9 0.645911
-60.7 0.646794
-60.5 0.647654
-60.3 0.648519
-60.1 0.649411
-59.9 0.650295
-59.7 0.651179
-59.5 0.652065
-59.3 0.652913
-59.1 0.653758
-58.9 0.654663
-58.7 0.655579
-58.5 0.656433
-58.3 0.6573
-58.1 0.65814
-57.9 0.658954
-57.7 0.659842
-57.5 0.660689
-57.3 0.66154
-57.1 0.662384
-56.9 0.66331
-56.7 0.664175
-56.5 0.665008
-56.3 0.665897
-56.1 0.666741
-55.9 0.667579
-55.7 0.66845
-55.5 0.669329
-55.3 0.670237
-55.1 0.671106
-54.9 0.67197
-54.7 0.672865
-54.5 0.673762
-54.3 0.674656
-54.1 0.675485
-53.9 0.676432
-53.7 0.677281
-53.5 0.678189
-53.3 0.679038
-53.1 0.67987
-52.9 0.680731
-52.7 0.681621
-52.5 0.68246
-52.3 0.683338
-52.1 0.68427
-51.9 0.685164
-51.7 0.686005
-51.5 0.686885
-51.3 0.687723
-51.1 0.688552
-50.9 0.689464
-50.7 0.690321
-50.5 0.691122
-50.3 0.691992
-50.1 0.692806
-49.9 0.693711
-49.7 0.69456
-49.5 0.695367
-49.3 0.696204
-49.1 0.697046
-48.9 0.697898
-48.7 0.698741
-48.5 0.699567
-48.3 0.700441
-48.1 0.70129
-47.9 0.702135
-47.7 0.703024
-47.5 0.703867
-47.3 0.704763
-47.1 0.705579
-46.9 0.706457
-46.7 0.707344
-46.5 0.708205
-46.3 0.708998
-46.1 0.709904
-45.9 0.71073
-45.7 0.711592
-45.5 0.712461
-45.3 0.713398
-45.1 0.714316
-44.9 0.715208
-44.7 0.716061
-44.5 0.716946
-44.3 0.717783
-44.1 0.718659
-43.9 0.719512
-43.7 0.720364
-43.5 0.721272
-43.3 0.722093
-43.1 0.722968
-42.9 0.723853
-42.7 0.724709
-42.5 0.72551
-42.3 0.726386
-42.1 0.72726
-41.9 0.728167
-41.7 0.728981
-41.5 0.729861
-41.3 0.730732
-41.1 0.731647
-40.9 0.73252
-40.7 0.733375
-40.5 0.734267
-40.3 0.735123
-40.1 0.735958
-39.9 0.736795
-39.7 0.73766
-39.5 0.738503
-39.3 0.739362
-39.1 0.740248
-38.9 0.741092
-38.7 0.74198
-38.5 0.742841
-38.3 0.743672
-38.1 0.744565
-37.9 0.745408
-37.7 0.746182
-37.5 0.747077
-37.3 0.747918
-37.1 0.748826
-36.9 0.749728
-36.7 0.750578
-36.5 0.751426
-36.3 0.752307
-36.1 0.753161
-35.9 0.754051
-35.7 0.754947
-35.5 0.755826
-35.3 0.756629
-35.1 0.757514
-34.9 0.758386
-34.7 0.759257
-34.5 0.760111
-34.3 0.760987
-34.1 0.761843
-33.9 0.762684
-33.7 0.763535
-33.5 0.764373
-33.3 0.765299
-33.1 0.766164
-32.9 0.767055
-32.7 0.767921
-32.5 0.768751
-32.3 0.769684
-32.1 0.770514
-31.9 0.771405
-31.7 0.772292
-31.5 0.773146
-31.3 0.77404
-31.1 0.77494
-30.9 0.775833
-30.7 0.776701
-30.5 0.777461
-30.3 0.778305
-30.1 0.779103
-29.9 0.779941
-29.7 0.780796
-29.5 0.781677
-29.3 0.782585
-29.1 0.783422
-28.9 0.784227
-28.7 0.785077
-28.5 0.785857
-28.3 0.786696
-28.1 0.787598
-27.9 0.788484
-27.7 0.789413
-27.5 0.79032
-27.3 0.79126
-27.1 0.792143
-26.9 0.792971
-26.7 0.79379
-26.5 0.794618
-26.3 0.795387
-26.1 0.796243
-25.9 0.797094
-25.7 0.797949
-25.5 0.798771
-25.3 0.799617
-25.1 0.800466
-24.9 0.801332
-24.7 0.802189
-24.5 0.802994
-24.3 0.803832
-24.1 0.80463
-23.9 0.805458
-23.7 0.80625
-23.5 0.80707
-23.3 0.807965
-23.1 0.808812
-22.9 0.809677
-22.7 0.810512
-22.5 0.81135
-22.3 0.812176
-22.1 0.812981
-21.9 0.813845
-21.7 0.814703
-21.5 0.815547
-21.3 0.816372
-21.1 0.817189
-20.9 0.817981
-20.7 0.818815
-20.5 0.819619
-20.3 0.820445
-20.1 0.821287
-19.9 0.822171
-19.7 0.823046
-19.5 0.823934
-19.3 0.824776
-19.1 0.825604
-18.9 0.826453
-18.7 0.82731
-18.5 0.828142
-18.3 0.829059
-18.1 0.829885
-17.9 0.830696
-17.7 0.831527
-17.5 0.832373
-17.3 0.833225
-17.1 0.834094
-16.9 0.834964
-16.7 0.835794
-16.5 0.836662
-16.3 0.837532
-16.1 0.83836
-15.9 0.839171
-15.7 0.840027
-15.5 0.840879
-15.3 0.841732
-15.1 0.842648
-14.9 0.843516
-14.7 0.84433
-14.5 0.845204
-14.3 0.846059
-14.1 0.846915
-13.9 0.847776
-13.7 0.848617
-13.5 0.84948
-13.3 0.85038
-13.1 0.851288
-12.9 0.852088
-12.7 0.852925
-12.5 0.853782
-12.3 0.854674
-12.1 0.855479
-11.9 0.856318
-11.7 0.857131
-11.5 0.857969
-11.3 0.858804
-11.1 0.859661
-10.9 0.860523
-10.7 0.861406
-10.5 0.862353
-10.3 0.863214
-10.1 0.864041
-9.9 0.864995
-9.7 0.865818
-9.5 0.866694
-9.3 0.867515
-9.1 0.868376
-8.9 0.869237
-8.7 0.870081
-8.5 0.870947
-8.3 0.871817
-8.1 0.872732
-7.9 0.873633
-7.7 0.874508
-7.5 0.875377
-7.3 0.876281
-7.1 0.877161
-6.9 0.878053
-6.7 0.878901
-6.5 0.879769
-6.3 0.880641
-6.1 0.881493
-5.9 0.882304
-5.7 0.883136
-5.5 0.883996
-5.3 0.884857
-5.1 0.885729
-4.9 0.886519
-4.7 0.887302
-4.5 0.888197
-4.3 0.889044
-4.1 0.889913
-3.9 0.890791
-3.7 0.89162
-3.5 0.892493
-3.3 0.89335
-3.1 0.894237
-2.9 0.895105
-2.7 0.895994
-2.5 0.896882
-2.3 0.897746
-2.1 0.898629
-1.9 0.899454
-1.7 0.900296
-1.5 0.901192
-1.3 0.902057
-1.1 0.902839
-0.899999 0.903743
-0.699999 0.904633
-0.499999 0.905467
-0.299999 0.906293
-0.0999994 0.907175
0.100001 0.90809
0.300001 0.908916
0.500001 0.909789
0.700001 0.910606
0.900001 0.911417
1.1 0.912287
1.3 0.913099
1.5 0.913956
1.7 0.914795
1.9 0.915645
2.1 0.916465
2.3 0.917365
2.5 0.918184
2.7 0.919103
2.9 0.920021
3.1 0.920819
3.3 0.921641
3.5 0.922522
3.7 0.9234
3.9 0.92425
4.1 0.925064
4.3 0.925835
4.5 0.926727
4.7 0.927637
4.9 0.928423
5.1 0.929273
5.3 0.930136
5.5 0.930979
5.7 0.931876
5.9 0.932749
6.1 0.933583
6.3 0.934434
6.5 0.935252
6.7 0.936095
6.9 0.936908
7.1 0.937742
7.3 0.938587
7.5 0.93948
7.7 0.940343
7.9 0.941176
8.1 0.941972
8.3 0.942874
8.5 0.943633
8.7 0.944365
8.9 0.945204
9.1 0.946059
9.3 0.946892
9.5 0.947713
9.7 0.948521
9.9 0.949309
10.1 0.950108
10.3 0.950898
10.5 0.951724
10.7 0.952542
10.9 0.953344
11.1 0.954155
11.3 0.954955
11.5 0.95568
11.7 0.956508
11.9 0.957306
12.1 0.958078
12.3 0.958809
12.5 0.959522
12.7 0.960301
12.9 0.961033
13.1 0.961836
13.3 0.962594
13.5 0.963354
13.7 0.964054
13.9 0.964768
14.1 0.965453
14.3 0.966183
14.5 0.966927
14.7 0.967647
14.9 0.968326
15.1 0.969003
15.3 0.969621
15.5 0.970275
15.7 0.970981
15.9 0.971688
16.1 0.972351
16.3 0.972977
16.5 0.973626
16.7 0.974271
16.9 0.974899
17.1 0.975528
17.3 0.976145
17.5 0.976759
17.7 0.97732
17.9 0.977864
18.1 0.978384
18.3 0.978955
18.5 0.979515
18.7 0.980079
18.9 0.980597
19.1 0.981121
19.3 0.981625
19.5 0.982143
19.7 0.982684
19.9 0.983208
20.1 0.98369
20.3 0.984199
20.5 0.984678
20.7 0.985115
20.9 0.985542
21.1 0.985932
21.3 0.986375
21.5 0.986825
21.7 0.987271
21.9 0.987661
22.1 0.988054
22.3 0.988478
22.5 0.988836
22.7 0.98921
22.9 0.989569
23.1 0.989878
23.3 0.990251
23.5 0.990612
23.7 0.990917
23.9 0.991228
24.1 0.991527
24.3 0.991857
24.5 0.992134
24.7 0.992423
24.9 0.992687
25.1 0.992976
25.3 0.993233
25.5 0.993485
25.7 0.993755
25.9 0.994
26.1 0.994231
26.3 0.994462
26.5 0.994685
26.7 0.994912
26.9 0.995121
27.1 0.995336
27.3 0.995535
27.5 0.995753
27.7 0.99595
27.9 0.996138
28.1 0.996296
28.3 0.996464
28.5 0.99666
28.7 0.996824
28.9 0.996968
29.1 0.997096
29.3 0.997238
29.5 0.997364
29.7 0.997489
29.9 0.997629
30.1 0.997754
30.3 0.997851
30.5 0.997955
30.7 0.99808
30.9 0.99817
31.1 0.998275
31.3 0.998366
31.5 0.998454
31.7 0.998539
31.9 0.998607
32.1 0.998691
32.3 0.998763
32.5 0.998859
32.7 0.998926
32.9 0.999003
33.1 0.999062
33.3 0.999127
33.5 0.999172
33.7 0.999218
33.9 0.999273
34.1 0.999312
34.3 0.999346
34.5 0.999393
34.7 0.99944
34.9 0.999475
35.1 0.999506
35.3 0.999555
35.5 0.999594
35.7 0.99963
35.9 0.999668
36.1 0.999691
36.3 0.999721
36.5 0.999744
36.7 0.999767
36.9 0.999789
37.1 0.999814
37.3 0.999832
37.5 0.999849
37.7 0.99986
37.9 0.999869
38.1 0.999869
38.3 0.999871
38.5 0.999882
38.7 0.999888
38.9 0.999894
39.1 0.999903
39.3 0.99991
39.5 0.999919
39.7 0.999927
39.9 0.999935
40.1 0.999941
40.3 0.999946
40.5 0.999956
40.7 0.999962
40.9 0.999966
41.1 0.999969
41.3 0.99997
41.5 0.999974
41.7 0.99998
41.9 0.999984
42.1 0.999985
42.3 0.999985
42.5 0.999987
42.7 0.999987
42.9 0.999989
43.1 0.999989
43.3 0.999991
43.5 0.999992
43.7 0.999993
43.9 0.999993
44.1 0.999993
44.3 0.999995
44.5 0.999996
44.7 0.999996
44.9 0.999996
45.1 0.999996
45.3 0.999997
45.5 0.999997
45.7 0.999997
45.9 0.999997
46.1 0.999997
46.3 0.999997
46.5 0.999997
46.7 0.999997
46.9 0.999997
47.1 0.999999
47.3 0.999999
47.5 0.999999
47.7 0.999999
47.9 0.999999
48.1 0.999999
48.3 0.999999
48.5 0.999999
48.7 0.999999
48.9 1
