1450
-1589.7 5.05183e-06
-1589.5 6.06219e-06
-1589.3 1.1114e-05
-1589.1 1.61658e-05
-1588.9 2.02073e-05
-1588.7 2.2228e-05
-1588.5 2.32384e-05
-1588.3 2.52591e-05
-1588.1 2.72799e-05
-1587.9 2.93006e-05
-1587.7 3.63732e-05
-1587.5 3.73835e-05
-1587.3 4.1425e-05
-1587.1 4.54664e-05
-1586.9 4.95079e-05
-1586.7 5.15286e-05
-1586.5 5.65805e-05
-1586.3 5.96116e-05
-1586.1 6.26427e-05
-1585.9 6.3653e-05
-1585.7 6.66841e-05
-1585.5 7.37567e-05
-1585.3 7.67878e-05
-1585.1 8.18396e-05
-1584.9 8.48707e-05
-1584.7 8.58811e-05
-1584.5 8.99225e-05
-1584.3 9.3964e-05
-1584.1 9.80054e-05
-1583.9 0.000101037
-1583.7 0.000102047
-1583.5 0.000104068
-1583.3 0.00011013
-1583.1 0.00011114
-1582.9 0.000112151
-1582.7 0.000117202
-1582.5 0.000119223
-1582.3 0.000120233
-1582.1 0.000126296
-1581.9 0.000129327
-1581.7 0.00013741
-1581.5 0.00013741
-1581.3 0.000142462
-1581.1 0.000145493
-1580.9 0.000151555
-1580.7 0.000153576
-1580.5 0.000161658
-1580.3 0.000162669
-1580.1 0.00016671
-1579.9 0.000171762
-1579.7 0.000172772
-1579.5 0.000177824
-1579.3 0.000179845
-1579.1 0.000183886
-1578.9 0.000185907
-1578.7 0.000195001
-1578.5 0.000200052
-1578.3 0.000209146
-1578.1 0.000219249
-1577.9 0.000228343
-1577.7 0.000246529
-1577.5 0.000260674
-1577.3 0.000280882
-1577.1 0.000296037
-1576.9 0.000317255
-1576.7 0.000338472
-1576.5 0.0003607
-1576.3 0.000380908
-1576.1 0.000425364
-1575.9 0.000475882
-1575.7 0.000522359
-1575.5 0.000578939
-1575.3 0.000641582
-1575.1 0.000704225
-1574.9 0.00080223
-1574.7 0.00088609
-1574.5 0.000985106
-1574.3 0.00110332
-1574.1 0.00122254
-1573.9 0.00135692
-1573.7 0.00148423
-1573.5 0.00163578
-1573.3 0.00181664
-1573.1 0.00202174
-1572.9 0.00222786
-1572.7 0.00244104
-1572.5 0.00266837
-1572.3 0.00292501
-1572.1 0.00322206
-1571.9 0.0035191
-1571.7 0.00387374
-1571.5 0.00423949
-1571.3 0.00456382
-1571.1 0.00497302
-1570.9 0.00535696
-1570.7 0.00580152
-1570.5 0.00623294
-1570.3 0.00672196
-1570.1 0.00724836
-1569.9 0.00779194
-1569.7 0.00838098
-1569.5 0.00900033
-1569.3 0.00962171
-1569.1 0.0102451
-1568.9 0.0109311
-1568.7 0.011599
-1568.5 0.0123345
-1568.3 0.0130863
-1568.1 0.0138895
-1567.9 0.0146937
-1567.7 0.0155121
-1567.5 0.0164255
-1567.3 0.0172671
-1567.1 0.0181573
-1566.9 0.0191606
-1566.7 0.0201204
-1566.5 0.0211308
-1566.3 0.0221563
-1566.1 0.023201
-1565.9 0.024274
-1565.7 0.0253076
-1565.5 0.026413
-1565.3 0.0275122
-1565.1 0.0286782
-1564.9 0.0298644
-1564.7 0.0310334
-1564.5 0.0321882
-1564.3 0.0333623
-1564.1 0.0345707
-1563.9 0.035771
-1563.7 0.0370036
-1563.5 0.0382393
-1563.3 0.0394709
-1563.1 0.0407804
-1562.9 0.0420241
-1562.7 0.0433134
-1562.5 0.0446238
-1562.3 0.0459666
-1562.1 0.04728
-1561.9 0.0486814
-1561.7 0.0499858
-1561.5 0.0512366
-1561.3 0.0525511
-1561.1 0.0538575
-1560.9 0.0552538
-1560.7 0.0565734
-1560.5 0.0578667
-1560.3 0.0591852
-1560.1 0.0605765
-1559.9 0.0619657
-1559.7 0.0632448
-1559.5 0.0645088
-1559.3 0.0658243
-1559.1 0.0671176
-1558.9 0.0684906
-1558.7 0.0697708
-1558.5 0.0710843
-1558.3 0.0723937
-1558.1 0.0737041
-1557.9 0.0750025
-1557.7 0.0763179
-1557.5 0.0775637
-1557.3 0.0787853
-1557.1 0.0800654
-1556.9 0.0813041
-1556.7 0.0826014
-1556.5 0.0838492
-1556.3 0.085094
-1556.1 0.0862741
-1555.9 0.0874885
-1555.7 0.0887222
-1555.5 0.0898467
-1555.3 0.0910228
-1555.1 0.0922383
-1554.9 0.093477
-1554.7 0.0946773
-1554.5 0.0959281
-1554.3 0.0971032
-1554.1 0.0983247
-1553.9 0.0994674
-1553.7 0.1006
-1553.5 0.101729
-1553.3 0.10287
-1553.1 0.104
-1552.9 0.105063
-1552.7 0.106183
-1552.5 0.107264
-1552.3 0.108323
-1552.1 0.10942
-1551.9 0.110522
-1551.7 0.111634
-1551.5 0.11272
-1551.3 0.113775
-1551.1 0.114816
-1550.9 0.115896
-1550.7 0.116859
-1550.5 0.117874
-1550.3 0.118952
-1550.1 0.119976
-1549.9 0.120992
-1549.7 0.12203
-1549.5 0.12306
-1549.3 0.124072
-1549.1 0.125148
-1548.9 0.126187
-1548.7 0.127218
-1548.5 0.128215
-1548.3 0.12916
-1548.1 0.130148
-1547.9 0.13119
-1547.7 0.132221
-1547.5 0.133165
-1547.3 0.134157
-1547.1 0.135128
-1546.9 0.136058
-1546.7 0.137045
-1546.5 0.13801
-1546.3 0.138937
-1546.1 0.139936
-1545.9 0.140961
-1545.7 0.141926
-1545.5 0.142888
-1545.3 0.143828
-1545.1 0.144796
-1544.9 0.14578
-1544.7 0.146786
-1544.5 0.147665
-1544.3 0.14866
-1544.1 0.149557
-1543.9 0.150514
-1543.7 0.151468
-1543.5 0.152443
-1543.3 0.153369
-1543.1 0.154319
-1542.9 0.155312
-1542.7 0.156301
-1542.5 0.157246
-1542.3 0.158169
-1542.1 0.159149
-1541.9 0.160061
-1541.7 0.160999
-1541.5 0.1619
-1541.3 0.162784
-1541.1 0.16364
-1540.9 0.164595
-1540.7 0.165514
-1540.5 0.166452
-1540.3 0.167347
-1540.1 0.168287
-1539.9 0.169222
-1539.7 0.170108
-1539.5 0.171098
-1539.3 0.172045
-1539.1 0.173008
-1538.9 0.173862
-1538.7 0.174756
-1538.5 0.175686
-1538.3 0.176622
-1538.1 0.177508
-1537.9 0.178423
-1537.7 0.179313
-1537.5 0.180233
-1537.3 0.181144
-1537.1 0.182094
-1536.9 0.183015
-1536.7 0.183931
-1536.5 0.184902
-1536.3 0.185863
-1536.1 0.186715
-1535.9 0.187608
-1535.7 0.188541
-1535.5 0.18943
-1535.3 0.19032
-1535.1 0.191258
-1534.9 0.192196
-1534.7 0.193177
-1534.5 0.194099
-1534.3 0.195017
-1534.1 0.195946
-1533.9 0.196881
-1533.7 0.197829
-1533.5 0.198776
-1533.3 0.199766
-1533.1 0.200656
-1532.9 0.201601
-1532.7 0.202532
-1532.5 0.203433
-1532.3 0.204403
-1532.1 0.205336
-1531.9 0.206258
-1531.7 0.207139
-1531.5 0.208032
-1531.3 0.208984
-1531.1 0.209934
-1530.9 0.210813
-1530.7 0.211743
-1530.5 0.212625
-1530.3 0.213485
-1530.1 0.214365
-1529.9 0.215273
-1529.7 0.216186
-1529.5 0.217028
-1529.3 0.217946
-1529.1 0.218819
-1528.9 0.219699
-1528.7 0.220562
-1528.5 0.221417
-1528.3 0.222281
-1528.1 0.223169
-1527.9 0.224064
-1527.7 0.224915
-1527.5 0.225785
-1527.3 0.226686
-1527.1 0.227456
-1526.9 0.228332
-1526.7 0.2292
-1526.5 0.230053
-1526.3 0.230945
-1526.1 0.231804
-1525.9 0.232655
-1525.7 0.233531
-1525.5 0.234421
-1525.3 0.235224
-1525.1 0.236079
-1524.9 0.236934
-1524.7 0.237862
-1524.5 0.238686
-1524.3 0.239596
-1524.1 0.24042
-1523.9 0.241265
-1523.7 0.242129
-1523.5 0.242999
-1523.3 0.243886
-1523.1 0.244773
-1522.9 0.245682
-1522.7 0.24655
-1522.5 0.247408
-1522.3 0.248258
-1522.1 0.249187
-1521.9 0.250102
-1521.7 0.250919
-1521.5 0.251765
-1521.3 0.252627
-1521.1 0.253504
-1520.9 0.254404
-1520.7 0.255331
-1520.5 0.256206
-1520.3 0.257103
-1520.1 0.257932
-1519.9 0.258782
-1519.7 0.259679
-1519.5 0.260568
-1519.3 0.261448
-1519.1 0.262324
-1518.9 0.2632
-1518.7 0.264063
-1518.5 0.26496
-1518.3 0.265866
-1518.1 0.266753
-1517.9 0.267672
-1517.7 0.268519
-1517.5 0.269432
-1517.3 0.270313
-1517.1 0.271228
-1516.9 0.272074
-1516.7 0.272918
-1516.5 0.273842
-1516.3 0.274747
-1516.1 0.275604
-1515.9 0.276492
-1515.7 0.277371
-1515.5 0.278248
-1515.3 0.27909
-1515.1 0.280013
-1514.9 0.280868
-1514.7 0.281723
-1514.5 0.282568
-1514.3 0.283455
-1514.1 0.284344
-1513.9 0.285184
-1513.7 0.286057
-1513.5 0.286896
-1513.3 0.287727
-1513.1 0.2886
-1512.9 0.289416
-1512.7 0.290302
-1512.5 0.29119
-1512.3 0.292045
-1512.1 0.292941
-1511.9 0.293807
-1511.7 0.294663
-1511.5 0.295514
-1511.3 0.29638
-1511.1 0.297265
-1510.9 0.298103
-1510.7 0.298963
-1510.5 0.299834
-1510.3 0.300735
-1510.1 0.301602
-1509.9 0.302401
-1509.7 0.303268
-1509.5 0.304135
-1509.3 0.304955
-1509.1 0.305806
-1508.9 0.306619
-1508.7 0.307514
-1508.5 0.308322
-1508.3 0.309216
-1508.1 0.310087
-1507.9 0.310934
-1507.7 0.311843
-1507.5 0.312692
-1507.3 0.313565
-1507.1 0.314443
-1506.9 0.315261
-1506.7 0.31612
-1506.5 0.317021
-1506.3 0.317834
-1506.1 0.318673
-1505.9 0.319545
-1505.7 0.320427
-1505.5 0.321255
-1505.3 0.322123
-1505.1 0.322967
-1504.9 0.323821
-1504.7 0.324659
-1504.5 0.325495
-1504.3 0.326336
-1504.1 0.327213
-1503.9 0.328046
-1503.7 0.328883
-1503.5 0.32975
-1503.3 0.330566
-1503.1 0.331438
-1502.9 0.332319
-1502.7 0.333188
-1502.5 0.334044
-1502.3 0.334913
-1502.1 0.335761
-1501.9 0.336641
-1501.7 0.337496
-1501.5 0.338383
-1501.3 0.339241
-1501.1 0.3401
-1500.9 0.340964
-1500.7 0.341854
-1500.5 0.342719
-1500.3 0.343589
-1500.1 0.34442
-1499.9 0.345264
-1499.7 0.346145
-1499.5 0.347018
-1499.3 0.34791
-1499.1 0.348757
-1498.9 0.349671
-1498.7 0.350562
-1498.5 0.351449
-1498.3 0.352359
-1498.1 0.353244
-1497.9 0.354147
-1497.7 0.35502
-1497.5 0.355925
-1497.3 0.356777
-1497.1 0.357648
-1496.9 0.358525
-1496.7 0.359394
-1496.5 0.360292
-1496.3 0.361209
-1496.1 0.362123
-1495.9 0.363052
-1495.7 0.36395
-1495.5 0.36484
-1495.3 0.365753
-1495.1 0.366637
-1494.9 0.367557
-1494.7 0.368442
-1494.5 0.369294
-1494.3 0.370253
-1494.1 0.371149
-1493.9 0.372099
-1493.7 0.373033
-1493.5 0.373967
-1493.3 0.374821
-1493.1 0.375716
-1492.9 0.376635
-1492.7 0.377536
-1492.5 0.378439
-1492.3 0.379314
-1492.1 0.380195
-1491.9 0.38116
-1491.7 0.382053
-1491.5 0.382964
-1491.3 0.383812
-1491.1 0.384708
-1490.9 0.385604
-1490.7 0.386485
-1490.5 0.387358
-1490.3 0.388276
-1490.1 0.389181
-1489.9 0.390052
-1489.7 0.390911
-1489.5 0.391774
-1489.3 0.392627
-1489.1 0.393516
-1488.9 0.394414
-1488.7 0.395287
-1488.5 0.396214
-1488.3 0.397037
-1488.1 0.397875
-1487.9 0.39875
-1487.7 0.399629
-1487.5 0.400503
-1487.3 0.40133
-1487.1 0.402192
-1486.9 0.403065
-1486.7 0.40389
-1486.5 0.404803
-1486.3 0.405681
-1486.1 0.406541
-1485.9 0.407427
-1485.7 0.408305
-1485.5 0.409128
-1485.3 0.409988
-1485.1 0.410839
-1484.9 0.411709
-1484.7 0.412611
-1484.5 0.413492
-1484.3 0.414368
-1484.1 0.415279
-1483.9 0.416163
-1483.7 0.417031
-1483.5 0.417933
-1483.3 0.418831
-1483.1 0.419719
-1482.9 0.420624
-1482.7 0.421515
-1482.5 0.422462
-1482.3 0.423374
-1482.1 0.42428
-1481.9 0.425152
-1481.7 0.426051
-1481.5 0.426872
-1481.3 0.427717
-1481.1 0.428655
-1480.9 0.42958
-1480.7 0.430543
-1480.5 0.431521
-1480.3 0.4325
-1480.1 0.433434
-1479.9 0.434353
-1479.7 0.43533
-1479.5 0.436261
-1479.3 0.437181
-1479.1 0.438028
-1478.9 0.438912
-1478.7 0.43984
-1478.5 0.440794
-1478.3 0.44172
-1478.1 0.442626
-1477.9 0.44357
-1477.7 0.444469
-1477.5 0.445448
-1477.3 0.446354
-1477.1 0.447244
-1476.9 0.448135
-1476.7 0.448991
-1476.5 0.449907
-1476.3 0.450825
-1476.1 0.451768
-1475.9 0.452655
-1475.7 0.453577
-1475.5 0.454512
-1475.3 0.455383
-1475.1 0.456275
-1474.9 0.457212
-1474.7 0.458128
-1474.5 0.459048
-1474.3 0.459934
-1474.1 0.460809
-1473.9 0.461729
-1473.7 0.462668
-1473.5 0.463518
-1473.3 0.464389
-1473.1 0.465268
-1472.9 0.466169
-1472.7 0.467055
-1472.5 0.467976
-1472.3 0.468926
-1472.1 0.46982
-1471.9 0.470754
-1471.7 0.471595
-1471.5 0.472471
-1471.3 0.473317
-1471.1 0.474216
-1470.9 0.475151
-1470.7 0.476067
-1470.5 0.476953
-1470.3 0.477844
-1470.1 0.478722
-1469.9 0.479613
-1469.7 0.480504
-1469.5 0.481394
-1469.3 0.482269
-1469.1 0.483155
-1468.9 0.484098
-1468.7 0.484988
-1468.5 0.485871
-1468.3 0.486758
-1468.1 0.487636
-1467.9 0.488585
-1467.7 0.489503
-1467.5 0.490396
-1467.3 0.491332
-1467.1 0.492265
-1466.9 0.493184
-1466.7 0.494101
-1466.5 0.494984
-1466.3 0.495874
-1466.1 0.496742
-1465.9 0.497638
-1465.7 0.49852
-1465.5 0.499453
-1465.3 0.500375
-1465.1 0.50128
-1464.9 0.502222
-1464.7 0.503124
-1464.5 0.503986
-1464.3 0.50489
-1464.1 0.505799
-1463.9 0.506725
-1463.7 0.507646
-1463.5 0.508534
-1463.3 0.509395
-1463.1 0.510351
-1462.9 0.511234
-1462.7 0.512138
-1462.5 0.513082
-1462.3 0.513982
-1462.1 0.514915
-1461.9 0.515811
-1461.7 0.516716
-1461.5 0.517656
-1461.3 0.518567
-1461.1 0.519428
-1460.9 0.520315
-1460.7 0.521239
-1460.5 0.52217
-1460.3 0.523069
-1460.1 0.52396
-1459.9 0.524847
-1459.7 0.525739
-1459.5 0.526674
-1459.3 0.527584
-1459.1 0.528503
-1458.9 0.529393
-1458.7 0.53038
-1458.5 0.531324
-1458.3 0.532257
-1458.1 0.53317
-1457.9 0.534101
-1457.7 0.535007
-1457.5 0.53591
-1457.3 0.536795
-1457.1 0.53766
-1456.9 0.538568
-1456.7 0.539494
-1456.5 0.540358
-1456.3 0.541204
-1456.1 0.542139
-1455.9 0.543071
-1455.7 0.54395
-1455.5 0.544864
-1455.3 0.545718
-1455.1 0.546628
-1454.9 0.547509
-1454.7 0.548447
-1454.5 0.549359
-1454.3 0.550242
-1454.1 0.55117
-1453.9 0.552071
-1453.7 0.552975
-1453.5 0.553872
-1453.3 0.55474
-1453.1 0.555652
-1452.9 0.556528
-1452.7 0.55743
-1452.5 0.558304
-1452.3 0.559158
-1452.1 0.560085
-1451.9 0.560985
-1451.7 0.561873
-1451.5 0.562744
-1451.3 0.563629
-1451.1 0.564545
-1450.9 0.565462
-1450.7 0.566343
-1450.5 0.567236
-1450.3 0.568207
-1450.1 0.569116
-1449.9 0.569972
-1449.7 0.570855
-1449.5 0.571755
-1449.3 0.572672
-1449.1 0.573581
-1448.9 0.574448
-1448.7 0.575286
-1448.5 0.576208
-1448.3 0.577091
-1448.1 0.577956
-1447.9 0.578914
-1447.7 0.579801
-1447.5 0.580682
-1447.3 0.581559
-1447.1 0.58248
-1446.9 0.583407
-1446.7 0.584337
-1446.5 0.585196
-1446.3 0.586052
-1446.1 0.586916
-1445.9 0.58784
-1445.7 0.588715
-1445.5 0.589598
-1445.3 0.59051
-1445.1 0.591425
-1444.9 0.592306
-1444.7 0.593261
-1444.5 0.59413
-1444.3 0.595041
-1444.1 0.595946
-1443.9 0.596802
-1443.7 0.597727
-1443.5 0.598696
-1443.3 0.599585
-1443.1 0.600502
-1442.9 0.601409
-1442.7 0.602299
-1442.5 0.603268
-1442.3 0.604183
-1442.1 0.605065
-1441.9 0.605947
-1441.7 0.606829
-1441.5 0.607698
-1441.3 0.608545
-1441.1 0.609417
-1440.9 0.610298
-1440.7 0.611162
-1440.5 0.612025
-1440.3 0.612936
-1440.1 0.613799
-1439.9 0.614694
-1439.7 0.615581
-1439.5 0.616453
-1439.3 0.617368
-1439.1 0.618271
-1438.9 0.619194
-1438.7 0.620131
-1438.5 0.621037
-1438.3 0.621927
-1438.1 0.622805
-1437.9 0.623661
-1437.7 0.624544
-1437.5 0.6255
-1437.3 0.626424
-1437.1 0.627307
-1436.9 0.628184
-1436.7 0.629079
-1436.5 0.630013
-1436.3 0.630886
-1436.1 0.631744
-1435.9 0.632636
-1435.7 0.633493
-1435.5 0.634407
-1435.3 0.635358
-1435.1 0.636229
-1434.9 0.637112
-1434.7 0.638013
-1434.5 0.638891
-1434.3 0.639772
-1434.1 0.640687
-1433.9 0.641513
-1433.7 0.64238
-1433.5 0.643262
-1433.3 0.644186
-1433.1 0.645078
-1432.9 0.646
-1432.7 0.646861
-1432.5 0.64773
-1432.3 0.648672
-1432.1 0.649551
-1431.9 0.650403
-1431.7 0.651303
-1431.5 0.652207
-1431.3 0.653095
-1431.1 0.653976
-1430.9 0.654903
-1430.7 0.655839
-1430.5 0.656741
-1430.3 0.65767
-1430.1 0.658515
-1429.9 0.659435
-1429.7 0.660314
-1429.5 0.661212
-1429.3 0.6621
-1429.1 0.662998
-1428.9 0.66385
-1428.7 0.664754
-1428.5 0.665637
-1428.3 0.666528
-1428.1 0.667366
-1427.9 0.668228
-1427.7 0.669155
-1427.5 0.670035
-1427.3 0.670931
-1427.1 0.671848
-1426.9 0.672711
-1426.7 0.673541
-1426.5 0.674395
-1426.3 0.675296
-1426.1 0.676149
-1425.9 0.677013
-1425.7 0.677938
-1425.5 0.678848
-1425.3 0.679748
-1425.1 0.680613
-1424.9 0.681536
-1424.7 0.682424
-1424.5 0.683339
-1424.3 0.684299
-1424.1 0.685197
-1423.9 0.686098
-1423.7 0.686998
-1423.5 0.687858
-1423.3 0.688777
-1423.1 0.689637
-1422.9 0.690563
-1422.7 0.69143
-1422.5 0.692379
-1422.3 0.693235
-1422.1 0.694142
-1421.9 0.69499
-1421.7 0.695857
-1421.5 0.69674
-1421.3 0.69762
-1421.1 0.69851
-1420.9 0.699363
-1420.7 0.700245
-1420.5 0.70111
-1420.3 0.702011
-1420.1 0.702927
-1419.9 0.70382
-1419.7 0.704688
-1419.5 0.705599
-1419.3 0.706494
-1419.1 0.707453
-1418.9 0.708337
-1418.7 0.709263
-1418.5 0.71019
-1418.3 0.711059
-1418.1 0.711984
-1417.9 0.712871
-1417.7 0.713752
-1417.5 0.714636
-1417.3 0.715498
-1417.1 0.716385
-1416.9 0.717248
-1416.7 0.718104
-1416.5 0.719025
-1416.3 0.71993
-1416.1 0.720847
-1415.9 0.721761
-1415.7 0.722669
-1415.5 0.723526
-1415.3 0.724378
-1415.1 0.725253
-1414.9 0.726167
-1414.7 0.727046
-1414.5 0.727927
-1414.3 0.728843
-1414.1 0.729741
-1413.9 0.730603
-1413.7 0.731483
-1413.5 0.732311
-1413.3 0.73322
-1413.1 0.734155
-1412.9 0.735022
-1412.7 0.735885
-1412.5 0.736778
-1412.3 0.73769
-1412.1 0.738545
-1411.9 0.739473
-1411.7 0.740313
-1411.5 0.741165
-1411.3 0.742103
-1411.1 0.742998
-1410.9 0.743844
-1410.7 0.744738
-1410.5 0.745641
-1410.3 0.746495
-1410.1 0.747341
-1409.9 0.748211
-1409.7 0.749082
-1409.5 0.749926
-1409.3 0.750755
-1409.1 0.751628
-1408.9 0.752545
-1408.7 0.753418
-1408.5 0.754298
-1408.3 0.75518
-1408.1 0.756029
-1407.9 0.756892
-1407.7 0.757744
-1407.5 0.758627
-1407.3 0.759496
-1407.1 0.760342
-1406.9 0.761206
-1406.7 0.762073
-1406.5 0.762898
-1406.3 0.763766
-1406.1 0.764624
-1405.9 0.765502
-1405.7 0.766338
-1405.5 0.767194
-1405.3 0.76811
-1405.1 0.769022
-1404.9 0.769962
-1404.7 0.770864
-1404.5 0.77172
-1404.3 0.772579
-1404.1 0.773524
-1403.9 0.774423
-1403.7 0.775296
-1403.5 0.776167
-1403.3 0.777024
-1403.1 0.777859
-1402.9 0.778724
-1402.7 0.779571
-1402.5 0.780435
-1402.3 0.781319
-1402.1 0.782181
-1401.9 0.78308
-1401.7 0.783916
-1401.5 0.784772
-1401.3 0.785656
-1401.1 0.78656
-1400.9 0.787438
-1400.7 0.788324
-1400.5 0.789214
-1400.3 0.790113
-1400.1 0.791024
-1399.9 0.791903
-1399.7 0.792765
-1399.5 0.793639
-1399.3 0.79457
-1399.1 0.79545
-1398.9 0.79629
-1398.7 0.797184
-1398.5 0.798099
-1398.3 0.798992
-1398.1 0.799842
-1397.9 0.800726
-1397.7 0.801586
-1397.5 0.802487
-1397.3 0.80336
-1397.1 0.80423
-1396.9 0.805159
-1396.7 0.806056
-1396.5 0.806935
-1396.3 0.807842
-1396.1 0.808762
-1395.9 0.809661
-1395.7 0.810561
-1395.5 0.811442
-1395.3 0.812282
-1395.1 0.813171
-1394.9 0.814032
-1394.7 0.814931
-1394.5 0.815822
-1394.3 0.816731
-1394.1 0.817602
-1393.9 0.818561
-1393.7 0.819446
-1393.5 0.820329
-1393.3 0.821174
-1393.1 0.8221
-1392.9 0.82296
-1392.7 0.823894
-1392.5 0.824782
-1392.3 0.825676
-1392.1 0.826574
-1391.9 0.827445
-1391.7 0.82835
-1391.5 0.829274
-1391.3 0.830184
-1391.1 0.831101
-1390.9 0.832021
-1390.7 0.83292
-1390.5 0.833806
-1390.3 0.834744
-1390.1 0.83569
-1389.9 0.836599
-1389.7 0.837482
-1389.5 0.838379
-1389.3 0.839295
-1389.1 0.840152
-1388.9 0.84104
-1388.7 0.841955
-1388.5 0.842788
-1388.3 0.843661
-1388.1 0.84454
-1387.9 0.845468
-1387.7 0.846367
-1387.5 0.84724
-1387.3 0.848148
-1387.1 0.849028
-1386.9 0.849922
-1386.7 0.850832
-1386.5 0.851736
-1386.3 0.852691
-1386.1 0.853532
-1385.9 0.854411
-1385.7 0.855343
-1385.5 0.856188
-1385.3 0.857063
-1385.1 0.857949
-1384.9 0.858809
-1384.7 0.859715
-1384.5 0.860637
-1384.3 0.861524
-1384.1 0.862368
-1383.9 0.863254
-1383.7 0.864161
-1383.5 0.865019
-1383.3 0.865887
-1383.1 0.866798
-1382.9 0.867699
-1382.7 0.868577
-1382.5 0.869436
-1382.3 0.870319
-1382.1 0.871227
-1381.9 0.872076
-1381.7 0.872945
-1381.5 0.873815
-1381.3 0.874669
-1381.1 0.875556
-1380.9 0.876455
-1380.7 0.877319
-1380.5 0.878218
-1380.3 0.879076
-1380.1 0.880031
-1379.9 0.880921
-1379.7 0.881764
-1379.5 0.882639
-1379.3 0.883569
-1379.1 0.88447
-1378.9 0.885405
-1378.7 0.886286
-1378.5 0.887222
-1378.3 0.888115
-1378.1 0.889055
-1377.9 0.889936
-1377.7 0.890816
-1377.5 0.891743
-1377.3 0.892623
-1377.1 0.893461
-1376.9 0.894358
-1376.7 0.895234
-1376.5 0.896109
-1376.3 0.896992
-1376.1 0.897876
-1375.9 0.898714
-1375.7 0.899532
-1375.5 0.900462
-1375.3 0.901327
-1375.1 0.902203
-1374.9 0.903058
-1374.7 0.903914
-1374.5 0.904784
-1374.3 0.905665
-1374.1 0.906555
-1373.9 0.907449
-1373.7 0.908294
-1373.5 0.909186
-1373.3 0.909984
-1373.1 0.910862
-1372.9 0.911721
-1372.7 0.912611
-1372.5 0.913509
-1372.3 0.914332
-1372.1 0.915241
-1371.9 0.916118
-1371.7 0.917048
-1371.5 0.917984
-1371.3 0.918838
-1371.1 0.919659
-1370.9 0.920565
-1370.7 0.921428
-1370.5 0.922295
-1370.3 0.923159
-1370.1 0.923995
-1369.9 0.924825
-1369.7 0.925655
-1369.5 0.926499
-1369.3 0.92739
-1369.1 0.928184
-1368.9 0.929026
-1368.7 0.929844
-1368.5 0.930699
-1368.3 0.931525
-1368.1 0.932424
-1367.9 0.93327
-1367.7 0.93413
-1367.5 0.934973
-1367.3 0.935775
-1367.1 0.936624
-1366.9 0.937398
-1366.7 0.938212
-1366.5 0.939039
-1366.3 0.939802
-1366.1 0.940586
-1365.9 0.941394
-1365.7 0.942166
-1365.5 0.943011
-1365.3 0.943789
-1365.1 0.944581
-1364.9 0.945352
-1364.7 0.946094
-1364.5 0.946864
-1364.3 0.947672
-1364.1 0.948408
-1363.9 0.949122
-1363.7 0.949884
-1363.5 0.95065
-1363.3 0.951355
-1363.1 0.952075
-1362.9 0.952772
-1362.7 0.953534
-1362.5 0.954243
-1362.3 0.955006
-1362.1 0.955674
-1361.9 0.956379
-1361.7 0.957037
-1361.5 0.957713
-1361.3 0.958445
-1361.1 0.959104
-1360.9 0.959754
-1360.7 0.96042
-1360.5 0.961073
-1360.3 0.961698
-1360.1 0.962305
-1359.9 0.96288
-1359.7 0.963489
-1359.5 0.964113
-1359.3 0.964707
-1359.1 0.96528
-1358.9 0.96586
-1358.7 0.966455
-1358.5 0.966994
-1358.3 0.967534
-1358.1 0.968057
-1357.9 0.968622
-1357.7 0.969117
-1357.5 0.969627
-1357.3 0.97016
-1357.1 0.970676
-1356.9 0.971139
-1356.7 0.971634
-1356.5 0.97209
-1356.3 0.972563
-1356.1 0.973046
-1355.9 0.97349
-1355.7 0.973949
-1355.5 0.974386
-1355.3 0.974837
-1355.1 0.975289
-1354.9 0.975732
-1354.7 0.976149
-1354.5 0.976584
-1354.3 0.976981
-1354.1 0.977394
-1353.9 0.977777
-1353.7 0.978183
-1353.5 0.978595
-1353.3 0.978966
-1353.1 0.979348
-1352.9 0.979749
-1352.7 0.980107
-1352.5 0.980491
-1352.3 0.980862
-1352.1 0.98121
-1351.9 0.981569
-1351.7 0.981938
-1351.5 0.982238
-1351.3 0.98254
-1351.1 0.982857
-1350.9 0.983144
-1350.7 0.983457
-1350.5 0.983749
-1350.3 0.984091
-1350.1 0.98437
-1349.9 0.984674
-1349.7 0.984964
-1349.5 0.985258
-1349.3 0.985535
-1349.1 0.985812
-1348.9 0.986103
-1348.7 0.986384
-1348.5 0.986644
-1348.3 0.986889
-1348.1 0.987146
-1347.9 0.987412
-1347.7 0.987665
-1347.5 0.987894
-1347.3 0.988124
-1347.1 0.988364
-1346.9 0.988587
-1346.7 0.9888
-1346.5 0.989027
-1346.3 0.989234
-1346.1 0.98943
-1345.9 0.989643
-1345.7 0.989843
-1345.5 0.990048
-1345.3 0.990254
-1345.1 0.99047
-1344.9 0.99066
-1344.7 0.99085
-1344.5 0.991016
-1344.3 0.991203
-1344.1 0.99138
-1343.9 0.991574
-1343.7 0.991747
-1343.5 0.991909
-1343.3 0.992078
-1343.1 0.992249
-1342.9 0.992415
-1342.7 0.992592
-1342.5 0.992744
-1342.3 0.992891
-1342.1 0.993047
-1341.9 0.993194
-1341.7 0.993335
-1341.5 0.993475
-1341.3 0.993617
-1341.1 0.99377
-1340.9 0.993902
-1340.7 0.994029
-1340.5 0.994175
-1340.3 0.994323
-1340.1 0.994441
-1339.9 0.99457
-1339.7 0.994692
-1339.5 0.994798
-1339.3 0.994911
-1339.1 0.995028
-1338.9 0.99512
-1338.7 0.995223
-1338.5 0.995328
-1338.3 0.995421
-1338.1 0.995506
-1337.9 0.995602
-1337.7 0.995688
-1337.5 0.995786
-1337.3 0.995863
-1337.1 0.995951
-1336.9 0.996026
-1336.7 0.996115
-1336.5 0.99618
-1336.3 0.99625
-1336.1 0.996336
-1335.9 0.996403
-1335.7 0.996471
-1335.5 0.996552
-1335.3 0.996624
-1335.1 0.996692
-1334.9 0.99675
-1334.7 0.996815
-1334.5 0.996872
-1334.3 0.996932
-1334.1 0.997006
-1333.9 0.997049
-1333.7 0.997106
-1333.5 0.997157
-1333.3 0.997213
-1333.1 0.997286
-1332.9 0.997346
-1332.7 0.997395
-1332.5 0.997435
-1332.3 0.997481
-1332.1 0.99753
-1331.9 0.99757
-1331.7 0.997614
-1331.5 0.997658
-1331.3 0.997707
-1331.1 0.99775
-1330.9 0.997795
-1330.7 0.997833
-1330.5 0.997873
-1330.3 0.997903
-1330.1 0.997928
-1329.9 0.997972
-1329.7 0.998001
-1329.5 0.998029
-1329.3 0.998065
-1329.1 0.998101
-1328.9 0.998128
-1328.7 0.998166
-1328.5 0.998201
-1328.3 0.998235
-1328.1 0.998262
-1327.9 0.998289
-1327.7 0.998313
-1327.5 0.99833
-1327.3 0.998355
-1327.1 0.99838
-1326.9 0.998407
-1326.7 0.998427
-1326.5 0.99845
-1326.3 0.998479
-1326.1 0.998503
-1325.9 0.998518
-1325.7 0.998541
-1325.5 0.998568
-1325.3 0.998588
-1325.1 0.998614
-1324.9 0.998636
-1324.7 0.998654
-1324.5 0.998672
-1324.3 0.998685
-1324.1 0.998702
-1323.9 0.998725
-1323.7 0.998751
-1323.5 0.998776
-1323.3 0.998791
-1323.1 0.998801
-1322.9 0.998825
-1322.7 0.998843
-1322.5 0.998862
-1322.3 0.998883
-1322.1 0.998903
-1321.9 0.998915
-1321.7 0.998927
-1321.5 0.998938
-1321.3 0.998959
-1321.1 0.998975
-1320.9 0.998995
-1320.7 0.999011
-1320.5 0.999025
-1320.3 0.999036
-1320.1 0.999051
-1319.9 0.999062
-1319.7 0.999076
-1319.5 0.999089
-1319.3 0.999103
-1319.1 0.999115
-1318.9 0.999123
-1318.7 0.999129
-1318.5 0.999139
-1318.3 0.999152
-1318.1 0.999166
-1317.9 0.999184
-1317.7 0.999197
-1317.5 0.999211
-1317.3 0.999222
-1317.1 0.999232
-1316.9 0.999244
-1316.7 0.999265
-1316.5 0.999275
-1316.3 0.999279
-1316.1 0.999288
-1315.9 0.999302
-1315.7 0.99931
-1315.5 0.999322
-1315.3 0.999331
-1315.1 0.999338
-1314.9 0.999343
-1314.7 0.999352
-1314.5 0.999361
-1314.3 0.999363
-1314.1 0.999369
-1313.9 0.999376
-1313.7 0.999384
-1313.5 0.999395
-1313.3 0.999405
-1313.1 0.999417
-1312.9 0.999423
-1312.7 0.999434
-1312.5 0.99944
-1312.3 0.999442
-1312.1 0.999452
-1311.9 0.999458
-1311.7 0.999466
-1311.5 0.999473
-1311.3 0.999478
-1311.1 0.999491
-1310.9 0.999499
-1310.7 0.999509
-1310.5 0.99952
-1310.3 0.99953
-1310.1 0.999533
-1309.9 0.999546
-1309.7 0.999554
-1309.5 0.99956
-1309.3 0.999572
-1309.1 0.999578
-1308.9 0.999584
-1308.7 0.999593
-1308.5 0.999601
-1308.3 0.999608
-1308.1 0.99961
-1307.9 0.999617
-1307.7 0.99962
-1307.5 0.999625
-1307.3 0.999631
-1307.1 0.999639
-1306.9 0.999644
-1306.7 0.999652
-1306.5 0.999661
-1306.3 0.999673
-1306.1 0.999677
-1305.9 0.999684
-1305.7 0.999692
-1305.5 0.999703
-1305.3 0.999708
-1305.1 0.999712
-1304.9 0.99972
-1304.7 0.999729
-1304.5 0.999738
-1304.3 0.99975
-1304.1 0.999759
-1303.9 0.999766
-1303.7 0.999777
-1303.5 0.999783
-1303.3 0.999798
-1303.1 0.999805
-1302.9 0.99982
-1302.7 0.999827
-1302.5 0.99984
-1302.3 0.999857
-1302.1 0.999871
-1301.9 0.999884
-1301.7 0.9999
-1301.5 0.999905
-1301.3 0.999923
-1301.1 0.999934
-1300.9 0.999955
-1300.7 0.999962
-1300.5 0.999977
-1300.3 0.999979
-1300.1 0.99999
-1299.9 1
