1448
-1589.3 9.99386e-07
-1589.1 1.99877e-06
-1588.9 3.99755e-06
-1588.7 6.9957e-06
-1588.5 7.99509e-06
-1588.3 1.09933e-05
-1588.1 1.49908e-05
-1587.9 1.59902e-05
-1587.7 1.69896e-05
-1587.5 1.89883e-05
-1587.3 1.89883e-05
-1587.1 2.39853e-05
-1586.9 2.5984e-05
-1586.7 2.99816e-05
-1586.5 3.29798e-05
-1586.3 3.59779e-05
-1586.1 3.69773e-05
-1585.9 3.99755e-05
-1585.7 4.3973e-05
-1585.5 4.49724e-05
-1585.3 4.99693e-05
-1585.1 5.39669e-05
-1584.9 6.09626e-05
-1584.7 6.69589e-05
-1584.5 6.9957e-05
-1584.3 7.09564e-05
-1584.1 7.59534e-05
-1583.9 8.19497e-05
-1583.7 8.89454e-05
-1583.5 9.59411e-05
-1583.3 0.000109933
-1583.1 0.000122925
-1582.9 0.000135917
-1582.7 0.000143912
-1582.5 0.000160901
-1582.3 0.000176891
-1582.1 0.00019488
-1581.9 0.000216867
-1581.7 0.000247848
-1581.5 0.000288823
-1581.3 0.000317805
-1581.1 0.000367774
-1580.9 0.000420742
-1580.7 0.000490699
-1580.5 0.000554659
-1580.3 0.000617621
-1580.1 0.00069957
-1579.9 0.000784518
-1579.7 0.000889454
-1579.5 0.000989393
-1579.3 0.00112131
-1579.1 0.00125023
-1578.9 0.00139215
-1578.7 0.00150907
-1578.5 0.00167897
-1578.3 0.00184387
-1578.1 0.00204075
-1577.9 0.00224862
-1577.7 0.00246449
-1577.5 0.00268735
-1577.3 0.00294619
-1577.1 0.00319204
-1576.9 0.00347187
-1576.7 0.0037437
-1576.5 0.00409249
-1576.3 0.00443827
-1576.1 0.00480405
-1575.9 0.00518082
-1575.7 0.00558757
-1575.5 0.00599432
-1575.3 0.00643405
-1575.1 0.00693374
-1574.9 0.00744143
-1574.7 0.00796911
-1574.5 0.00854275
-1574.3 0.00911041
-1574.1 0.00970904
-1573.9 0.0103147
-1573.7 0.0109633
-1573.5 0.0116708
-1573.3 0.0124054
-1573.1 0.013079
-1572.9 0.0138045
-1572.7 0.0145631
-1572.5 0.0153716
-1572.3 0.0161731
-1572.1 0.0169616
-1571.9 0.0178111
-1571.7 0.0187035
-1571.5 0.01957
-1571.3 0.0205144
-1571.1 0.0214808
-1570.9 0.0223903
-1570.7 0.0233287
-1570.5 0.0243001
-1570.3 0.0253155
-1570.1 0.0263408
-1569.9 0.0273042
-1569.7 0.0283336
-1569.5 0.029392
-1569.3 0.0304293
-1569.1 0.0315027
-1568.9 0.032631
-1568.7 0.0337283
-1568.5 0.0348656
-1568.3 0.0360019
-1568.1 0.0370942
-1567.9 0.0383105
-1567.7 0.0395767
-1567.5 0.040706
-1567.3 0.0419283
-1567.1 0.0431115
-1566.9 0.0443967
-1566.7 0.04564
-1566.5 0.0468472
-1566.3 0.0480105
-1566.1 0.0492787
-1565.9 0.050458
-1565.7 0.0516593
-1565.5 0.0528585
-1565.3 0.0540628
-1565.1 0.0552931
-1564.9 0.0565423
-1564.7 0.0578125
-1564.5 0.0591697
-1564.3 0.0603789
-1564.1 0.0615692
-1563.9 0.0628374
-1563.7 0.0640547
-1563.5 0.0653219
-1563.3 0.0665921
-1563.1 0.0678284
-1562.9 0.0690246
-1562.7 0.0701999
-1562.5 0.0713672
-1562.3 0.0725794
-1562.1 0.0737467
-1561.9 0.074911
-1561.7 0.0761203
-1561.5 0.0773115
-1561.3 0.0785528
-1561.1 0.079769
-1560.9 0.0809703
-1560.7 0.0820936
-1560.5 0.0833059
-1560.3 0.0844342
-1560.1 0.0855864
-1559.9 0.0867128
-1559.7 0.0878421
-1559.5 0.0890024
-1559.3 0.0901267
-1559.1 0.0912869
-1558.9 0.0923953
-1558.7 0.0935466
-1558.5 0.0946749
-1558.3 0.0957912
-1558.1 0.0968945
-1557.9 0.0979718
-1557.7 0.0990872
-1557.5 0.100133
-1557.3 0.101228
-1557.1 0.102353
-1556.9 0.103426
-1556.7 0.104494
-1556.5 0.105546
-1556.3 0.10658
-1556.1 0.107661
-1555.9 0.108697
-1555.7 0.109747
-1555.5 0.110811
-1555.3 0.111874
-1555.1 0.112895
-1554.9 0.113949
-1554.7 0.114986
-1554.5 0.116036
-1554.3 0.117055
-1554.1 0.118104
-1553.9 0.119117
-1553.7 0.120078
-1553.5 0.121128
-1553.3 0.122127
-1553.1 0.123114
-1552.9 0.124099
-1552.7 0.12506
-1552.5 0.126076
-1552.3 0.127099
-1552.1 0.128143
-1551.9 0.129172
-1551.7 0.130138
-1551.5 0.131121
-1551.3 0.132081
-1551.1 0.133069
-1550.9 0.134017
-1550.7 0.135
-1550.5 0.135984
-1550.3 0.136989
-1550.1 0.137909
-1549.9 0.138841
-1549.7 0.139796
-1549.5 0.140755
-1549.3 0.141744
-1549.1 0.142735
-1548.9 0.143709
-1548.7 0.144682
-1548.5 0.145651
-1548.3 0.146609
-1548.1 0.147599
-1547.9 0.148531
-1547.7 0.149524
-1547.5 0.15051
-1547.3 0.151456
-1547.1 0.152409
-1546.9 0.153293
-1546.7 0.154259
-1546.5 0.15518
-1546.3 0.156132
-1546.1 0.157098
-1545.9 0.158002
-1545.7 0.158957
-1545.5 0.15987
-1545.3 0.160807
-1545.1 0.161787
-1544.9 0.162723
-1544.7 0.163661
-1544.5 0.16461
-1544.3 0.165523
-1544.1 0.166436
-1543.9 0.167339
-1543.7 0.168249
-1543.5 0.169159
-1543.3 0.170066
-1543.1 0.170937
-1542.9 0.171851
-1542.7 0.172791
-1542.5 0.173757
-1542.3 0.174686
-1542.1 0.175617
-1541.9 0.176566
-1541.7 0.177466
-1541.5 0.178324
-1541.3 0.179205
-1541.1 0.180115
-1540.9 0.181031
-1540.7 0.181993
-1540.5 0.182932
-1540.3 0.18384
-1540.1 0.184723
-1539.9 0.18569
-1539.7 0.186564
-1539.5 0.187479
-1539.3 0.188349
-1539.1 0.189227
-1538.9 0.190135
-1538.7 0.191082
-1538.5 0.192038
-1538.3 0.192904
-1538.1 0.193816
-1537.9 0.194782
-1537.7 0.195721
-1537.5 0.196596
-1537.3 0.197526
-1537.1 0.198436
-1536.9 0.199346
-1536.7 0.200326
-1536.5 0.201228
-1536.3 0.202185
-1536.1 0.203126
-1535.9 0.204028
-1535.7 0.204981
-1535.5 0.205926
-1535.3 0.206819
-1535.1 0.207797
-1534.9 0.208726
-1534.7 0.20961
-1534.5 0.210598
-1534.3 0.211532
-1534.1 0.212513
-1533.9 0.21342
-1533.7 0.214356
-1533.5 0.215316
-1533.3 0.216243
-1533.1 0.217185
-1532.9 0.218156
-1532.7 0.21909
-1532.5 0.220016
-1532.3 0.220998
-1532.1 0.22194
-1531.9 0.22289
-1531.7 0.223795
-1531.5 0.224721
-1531.3 0.225595
-1531.1 0.226531
-1530.9 0.227424
-1530.7 0.228333
-1530.5 0.229244
-1530.3 0.230149
-1530.1 0.231028
-1529.9 0.231984
-1529.7 0.232834
-1529.5 0.233662
-1529.3 0.234503
-1529.1 0.235411
-1528.9 0.236285
-1528.7 0.237115
-1528.5 0.237944
-1528.3 0.238811
-1528.1 0.23962
-1527.9 0.240424
-1527.7 0.241236
-1527.5 0.242047
-1527.3 0.242831
-1527.1 0.243689
-1526.9 0.24448
-1526.7 0.245287
-1526.5 0.246066
-1526.3 0.246865
-1526.1 0.247699
-1525.9 0.248501
-1525.7 0.249314
-1525.5 0.250146
-1525.3 0.250957
-1525.1 0.251787
-1524.9 0.252611
-1524.7 0.253454
-1524.5 0.25431
-1524.3 0.25513
-1524.1 0.255974
-1523.9 0.256789
-1523.7 0.257611
-1523.5 0.258441
-1523.3 0.259244
-1523.1 0.260056
-1522.9 0.26092
-1522.7 0.2618
-1522.5 0.262648
-1522.3 0.263506
-1522.1 0.264354
-1521.9 0.265209
-1521.7 0.266027
-1521.5 0.2669
-1521.3 0.267712
-1521.1 0.268622
-1520.9 0.269563
-1520.7 0.270444
-1520.5 0.271371
-1520.3 0.272302
-1520.1 0.27325
-1519.9 0.274228
-1519.7 0.275173
-1519.5 0.276136
-1519.3 0.277131
-1519.1 0.278185
-1518.9 0.279168
-1518.7 0.280165
-1518.5 0.281094
-1518.3 0.282099
-1518.1 0.283116
-1517.9 0.28413
-1517.7 0.285087
-1517.5 0.286087
-1517.3 0.287111
-1517.1 0.288035
-1516.9 0.289027
-1516.7 0.29001
-1516.5 0.290948
-1516.3 0.291893
-1516.1 0.292882
-1515.9 0.293823
-1515.7 0.29475
-1515.5 0.295726
-1515.3 0.296671
-1515.1 0.297634
-1514.9 0.298553
-1514.7 0.299465
-1514.5 0.30039
-1514.3 0.301288
-1514.1 0.302186
-1513.9 0.303105
-1513.7 0.304001
-1513.5 0.304886
-1513.3 0.305737
-1513.1 0.306599
-1512.9 0.30742
-1512.7 0.308321
-1512.5 0.30915
-1512.3 0.310012
-1512.1 0.310886
-1511.9 0.311804
-1511.7 0.312714
-1511.5 0.313555
-1511.3 0.314376
-1511.1 0.31519
-1510.9 0.316059
-1510.7 0.316882
-1510.5 0.31776
-1510.3 0.318595
-1510.1 0.319393
-1509.9 0.320195
-1509.7 0.321034
-1509.5 0.321834
-1509.3 0.322586
-1509.1 0.323417
-1508.9 0.324231
-1508.7 0.325036
-1508.5 0.325826
-1508.3 0.326621
-1508.1 0.32739
-1507.9 0.328147
-1507.7 0.328934
-1507.5 0.329824
-1507.3 0.330587
-1507.1 0.3314
-1506.9 0.332196
-1506.7 0.333004
-1506.5 0.333848
-1506.3 0.334627
-1506.1 0.335402
-1505.9 0.336278
-1505.7 0.337072
-1505.5 0.33795
-1505.3 0.338799
-1505.1 0.339581
-1504.9 0.340397
-1504.7 0.341235
-1504.5 0.342111
-1504.3 0.34303
-1504.1 0.343903
-1503.9 0.344772
-1503.7 0.345688
-1503.5 0.346623
-1503.3 0.347529
-1503.1 0.34842
-1502.9 0.349325
-1502.7 0.350285
-1502.5 0.351245
-1502.3 0.352205
-1502.1 0.353204
-1501.9 0.354132
-1501.7 0.355117
-1501.5 0.356124
-1501.3 0.357162
-1501.1 0.358146
-1500.9 0.359151
-1500.7 0.360112
-1500.5 0.361104
-1500.3 0.362106
-1500.1 0.363107
-1499.9 0.364144
-1499.7 0.365096
-1499.5 0.3661
-1499.3 0.367081
-1499.1 0.368065
-1498.9 0.369066
-1498.7 0.370076
-1498.5 0.37112
-1498.3 0.372109
-1498.1 0.373144
-1497.9 0.374118
-1497.7 0.375116
-1497.5 0.37613
-1497.3 0.3771
-1497.1 0.378046
-1496.9 0.37904
-1496.7 0.380004
-1496.5 0.381011
-1496.3 0.381962
-1496.1 0.382908
-1495.9 0.383876
-1495.7 0.384808
-1495.5 0.385777
-1495.3 0.386694
-1495.1 0.387641
-1494.9 0.388458
-1494.7 0.389389
-1494.5 0.390298
-1494.3 0.391171
-1494.1 0.392065
-1493.9 0.393011
-1493.7 0.393885
-1493.5 0.394767
-1493.3 0.39562
-1493.1 0.396507
-1492.9 0.397357
-1492.7 0.398208
-1492.5 0.399088
-1492.3 0.399944
-1492.1 0.400802
-1491.9 0.401675
-1491.7 0.402487
-1491.5 0.403379
-1491.3 0.404184
-1491.1 0.404993
-1490.9 0.4058
-1490.7 0.406593
-1490.5 0.407441
-1490.3 0.408265
-1490.1 0.409114
-1489.9 0.409975
-1489.7 0.410792
-1489.5 0.411637
-1489.3 0.412498
-1489.1 0.413363
-1488.9 0.41424
-1488.7 0.415038
-1488.5 0.415898
-1488.3 0.416761
-1488.1 0.417612
-1487.9 0.418448
-1487.7 0.419259
-1487.5 0.420109
-1487.3 0.420968
-1487.1 0.42187
-1486.9 0.422801
-1486.7 0.423728
-1486.5 0.424581
-1486.3 0.425501
-1486.1 0.426397
-1485.9 0.42729
-1485.7 0.428214
-1485.5 0.42913
-1485.3 0.430054
-1485.1 0.430962
-1484.9 0.431945
-1484.7 0.432862
-1484.5 0.433819
-1484.3 0.434812
-1484.1 0.435868
-1483.9 0.436823
-1483.7 0.437788
-1483.5 0.438747
-1483.3 0.439745
-1483.1 0.440782
-1482.9 0.441743
-1482.7 0.442724
-1482.5 0.443703
-1482.3 0.444618
-1482.1 0.445571
-1481.9 0.446539
-1481.7 0.447529
-1481.5 0.448513
-1481.3 0.449486
-1481.1 0.450494
-1480.9 0.451418
-1480.7 0.452407
-1480.5 0.453395
-1480.3 0.45442
-1480.1 0.455377
-1479.9 0.456315
-1479.7 0.457281
-1479.5 0.458276
-1479.3 0.459198
-1479.1 0.460195
-1478.9 0.461135
-1478.7 0.462053
-1478.5 0.463009
-1478.3 0.463942
-1478.1 0.464804
-1477.9 0.465773
-1477.7 0.466709
-1477.5 0.467617
-1477.3 0.468573
-1477.1 0.469473
-1476.9 0.470379
-1476.7 0.471282
-1476.5 0.472182
-1476.3 0.473091
-1476.1 0.474048
-1475.9 0.474952
-1475.7 0.47584
-1475.5 0.476704
-1475.3 0.477588
-1475.1 0.478463
-1474.9 0.479307
-1474.7 0.480186
-1474.5 0.481044
-1474.3 0.481955
-1474.1 0.482789
-1473.9 0.483618
-1473.7 0.484499
-1473.5 0.4853
-1473.3 0.486151
-1473.1 0.486988
-1472.9 0.487869
-1472.7 0.488729
-1472.5 0.489606
-1472.3 0.490458
-1472.1 0.491329
-1471.9 0.49218
-1471.7 0.493024
-1471.5 0.493862
-1471.3 0.494711
-1471.1 0.495572
-1470.9 0.496508
-1470.7 0.497384
-1470.5 0.498223
-1470.3 0.499068
-1470.1 0.49996
-1469.9 0.5009
-1469.7 0.501806
-1469.5 0.502672
-1469.3 0.503558
-1469.1 0.504454
-1468.9 0.505316
-1468.7 0.506207
-1468.5 0.507115
-1468.3 0.508016
-1468.1 0.508878
-1467.9 0.509762
-1467.7 0.510697
-1467.5 0.511658
-1467.3 0.512592
-1467.1 0.513477
-1466.9 0.514412
-1466.7 0.515389
-1466.5 0.516317
-1466.3 0.517304
-1466.1 0.518309
-1465.9 0.519307
-1465.7 0.52023
-1465.5 0.521209
-1465.3 0.522156
-1465.1 0.523117
-1464.9 0.524113
-1464.7 0.525054
-1464.5 0.526021
-1464.3 0.526951
-1464.1 0.527842
-1463.9 0.528787
-1463.7 0.52975
-1463.5 0.530651
-1463.3 0.531598
-1463.1 0.532556
-1462.9 0.533511
-1462.7 0.534469
-1462.5 0.535458
-1462.3 0.536392
-1462.1 0.537339
-1461.9 0.538343
-1461.7 0.539219
-1461.5 0.540147
-1461.3 0.541114
-1461.1 0.541994
-1460.9 0.542916
-1460.7 0.543824
-1460.5 0.544739
-1460.3 0.545608
-1460.1 0.546491
-1459.9 0.547331
-1459.7 0.548241
-1459.5 0.549161
-1459.3 0.550048
-1459.1 0.55093
-1458.9 0.551795
-1458.7 0.552665
-1458.5 0.553548
-1458.3 0.554426
-1458.1 0.5553
-1457.9 0.556198
-1457.7 0.557075
-1457.5 0.557926
-1457.3 0.558827
-1457.1 0.559635
-1456.9 0.560549
-1456.7 0.561372
-1456.5 0.562219
-1456.3 0.563045
-1456.1 0.563907
-1455.9 0.564803
-1455.7 0.565681
-1455.5 0.566552
-1455.3 0.567407
-1455.1 0.568239
-1454.9 0.569129
-1454.7 0.569924
-1454.5 0.57077
-1454.3 0.571643
-1454.1 0.57253
-1453.9 0.57342
-1453.7 0.574317
-1453.5 0.575173
-1453.3 0.576043
-1453.1 0.576933
-1452.9 0.57784
-1452.7 0.578727
-1452.5 0.579614
-1452.3 0.58046
-1452.1 0.581341
-1451.9 0.582256
-1451.7 0.583157
-1451.5 0.584069
-1451.3 0.585002
-1451.1 0.585904
-1450.9 0.586795
-1450.7 0.587732
-1450.5 0.588628
-1450.3 0.589547
-1450.1 0.590414
-1449.9 0.591368
-1449.7 0.592289
-1449.5 0.593231
-1449.3 0.594194
-1449.1 0.595071
-1448.9 0.596032
-1448.7 0.596952
-1448.5 0.597923
-1448.3 0.598833
-1448.1 0.599778
-1447.9 0.600735
-1447.7 0.601656
-1447.5 0.602643
-1447.3 0.603529
-1447.1 0.604423
-1446.9 0.605401
-1446.7 0.606323
-1446.5 0.60725
-1446.3 0.608157
-1446.1 0.609118
-1445.9 0.61003
-1445.7 0.610974
-1445.5 0.611934
-1445.3 0.612829
-1445.1 0.613826
-1444.9 0.614777
-1444.7 0.61567
-1444.5 0.616626
-1444.3 0.617578
-1444.1 0.618492
-1443.9 0.619373
-1443.7 0.620268
-1443.5 0.621217
-1443.3 0.62214
-1443.1 0.623046
-1442.9 0.623951
-1442.7 0.624863
-1442.5 0.625764
-1442.3 0.626676
-1442.1 0.62759
-1441.9 0.628494
-1441.7 0.629358
-1441.5 0.630223
-1441.3 0.631118
-1441.1 0.632036
-1440.9 0.632927
-1440.7 0.63376
-1440.5 0.634661
-1440.3 0.635538
-1440.1 0.636391
-1439.9 0.63725
-1439.7 0.638175
-1439.5 0.639052
-1439.3 0.639935
-1439.1 0.640842
-1438.9 0.641738
-1438.7 0.64261
-1438.5 0.643505
-1438.3 0.644408
-1438.1 0.645315
-1437.9 0.646238
-1437.7 0.647108
-1437.5 0.648016
-1437.3 0.648903
-1437.1 0.649761
-1436.9 0.650676
-1436.7 0.651547
-1436.5 0.652371
-1436.3 0.653282
-1436.1 0.654239
-1435.9 0.65512
-1435.7 0.656008
-1435.5 0.656902
-1435.3 0.657837
-1435.1 0.6587
-1434.9 0.659573
-1434.7 0.660458
-1434.5 0.661408
-1434.3 0.662304
-1434.1 0.663235
-1433.9 0.664113
-1433.7 0.66501
-1433.5 0.665885
-1433.3 0.666802
-1433.1 0.667695
-1432.9 0.668634
-1432.7 0.669519
-1432.5 0.670422
-1432.3 0.671266
-1432.1 0.67221
-1431.9 0.67313
-1431.7 0.674122
-1431.5 0.67508
-1431.3 0.675924
-1431.1 0.67684
-1430.9 0.67779
-1430.7 0.678682
-1430.5 0.67962
-1430.3 0.680575
-1430.1 0.681528
-1429.9 0.682475
-1429.7 0.683476
-1429.5 0.684372
-1429.3 0.685271
-1429.1 0.686181
-1428.9 0.687092
-1428.7 0.688015
-1428.5 0.688948
-1428.3 0.689926
-1428.1 0.690822
-1427.9 0.691726
-1427.7 0.69267
-1427.5 0.693563
-1427.3 0.694503
-1427.1 0.695435
-1426.9 0.696311
-1426.7 0.697228
-1426.5 0.698181
-1426.3 0.699031
-1426.1 0.699883
-1425.9 0.700807
-1425.7 0.701703
-1425.5 0.702567
-1425.3 0.703449
-1425.1 0.704335
-1424.9 0.705218
-1424.7 0.706082
-1424.5 0.706968
-1424.3 0.707844
-1424.1 0.708735
-1423.9 0.709602
-1423.7 0.710495
-1423.5 0.711368
-1423.3 0.712258
-1423.1 0.713132
-1422.9 0.714022
-1422.7 0.714923
-1422.5 0.715828
-1422.3 0.716755
-1422.1 0.717615
-1421.9 0.718545
-1421.7 0.719439
-1421.5 0.720298
-1421.3 0.721126
-1421.1 0.722012
-1420.9 0.722919
-1420.7 0.723778
-1420.5 0.724634
-1420.3 0.72557
-1420.1 0.72643
-1419.9 0.72731
-1419.7 0.728247
-1419.5 0.729119
-1419.3 0.730043
-1419.1 0.730951
-1418.9 0.73181
-1418.7 0.732744
-1418.5 0.733629
-1418.3 0.734523
-1418.1 0.735408
-1417.9 0.73629
-1417.7 0.737166
-1417.5 0.738031
-1417.3 0.738955
-1417.1 0.739883
-1416.9 0.74083
-1416.7 0.741731
-1416.5 0.742701
-1416.3 0.743634
-1416.1 0.744531
-1415.9 0.745441
-1415.7 0.746363
-1415.5 0.747341
-1415.3 0.748318
-1415.1 0.749177
-1414.9 0.75011
-1414.7 0.750981
-1414.5 0.751889
-1414.3 0.752785
-1414.1 0.75369
-1413.9 0.754576
-1413.7 0.75547
-1413.5 0.756372
-1413.3 0.757289
-1413.1 0.75823
-1412.9 0.759226
-1412.7 0.760135
-1412.5 0.761022
-1412.3 0.761918
-1412.1 0.762866
-1411.9 0.763749
-1411.7 0.764638
-1411.5 0.765549
-1411.3 0.766441
-1411.1 0.767343
-1410.9 0.768228
-1410.7 0.769157
-1410.5 0.770075
-1410.3 0.770997
-1410.1 0.771905
-1409.9 0.7728
-1409.7 0.773687
-1409.5 0.7746
-1409.3 0.77552
-1409.1 0.776431
-1408.9 0.777305
-1408.7 0.778178
-1408.5 0.77907
-1408.3 0.779968
-1408.1 0.780859
-1407.9 0.781799
-1407.7 0.782659
-1407.5 0.783534
-1407.3 0.784399
-1407.1 0.785259
-1406.9 0.786164
-1406.7 0.787066
-1406.5 0.787975
-1406.3 0.788885
-1406.1 0.789759
-1405.9 0.790639
-1405.7 0.791486
-1405.5 0.79241
-1405.3 0.793373
-1405.1 0.794245
-1404.9 0.795192
-1404.7 0.796056
-1404.5 0.797031
-1404.3 0.797918
-1404.1 0.79879
-1403.9 0.79967
-1403.7 0.80053
-1403.5 0.80141
-1403.3 0.802292
-1403.1 0.803239
-1402.9 0.80416
-1402.7 0.804991
-1402.5 0.805867
-1402.3 0.806761
-1402.1 0.80762
-1401.9 0.808497
-1401.7 0.809346
-1401.5 0.810309
-1401.3 0.811215
-1401.1 0.812122
-1400.9 0.81301
-1400.7 0.813885
-1400.5 0.814749
-1400.3 0.815624
-1400.1 0.81647
-1399.9 0.817394
-1399.7 0.818255
-1399.5 0.819131
-1399.3 0.81998
-1399.1 0.820863
-1398.9 0.821802
-1398.7 0.822624
-1398.5 0.82356
-1398.3 0.824427
-1398.1 0.825362
-1397.9 0.826253
-1397.7 0.827197
-1397.5 0.828117
-1397.3 0.829008
-1397.1 0.829983
-1396.9 0.830878
-1396.7 0.831804
-1396.5 0.832724
-1396.3 0.833629
-1396.1 0.834595
-1395.9 0.83546
-1395.7 0.836348
-1395.5 0.83727
-1395.3 0.838148
-1395.1 0.839025
-1394.9 0.839902
-1394.7 0.840817
-1394.5 0.841708
-1394.3 0.842579
-1394.1 0.843511
-1393.9 0.844402
-1393.7 0.845291
-1393.5 0.846209
-1393.3 0.847203
-1393.1 0.848134
-1392.9 0.849067
-1392.7 0.850003
-1392.5 0.850932
-1392.3 0.851841
-1392.1 0.852774
-1391.9 0.853692
-1391.7 0.854663
-1391.5 0.855568
-1391.3 0.856483
-1391.1 0.857427
-1390.9 0.858267
-1390.7 0.859132
-1390.5 0.860064
-1390.3 0.860946
-1390.1 0.861865
-1389.9 0.862794
-1389.7 0.863703
-1389.5 0.864632
-1389.3 0.865524
-1389.1 0.866409
-1388.9 0.867294
-1388.7 0.868205
-1388.5 0.869068
-1388.3 0.869961
-1388.1 0.870787
-1387.9 0.871659
-1387.7 0.872481
-1387.5 0.873406
-1387.3 0.874319
-1387.1 0.875157
-1386.9 0.876012
-1386.7 0.876923
-1386.5 0.877848
-1386.3 0.878672
-1386.1 0.879559
-1385.9 0.880465
-1385.7 0.881388
-1385.5 0.882271
-1385.3 0.883166
-1385.1 0.883981
-1384.9 0.884871
-1384.7 0.885749
-1384.5 0.886634
-1384.3 0.887527
-1384.1 0.888399
-1383.9 0.889305
-1383.7 0.890196
-1383.5 0.89112
-1383.3 0.891986
-1383.1 0.892884
-1382.9 0.893771
-1382.7 0.894642
-1382.5 0.895487
-1382.3 0.896399
-1382.1 0.897277
-1381.9 0.89814
-1381.7 0.899025
-1381.5 0.899989
-1381.3 0.900844
-1381.1 0.901751
-1380.9 0.902642
-1380.7 0.9036
-1380.5 0.904534
-1380.3 0.905459
-1380.1 0.906347
-1379.9 0.907232
-1379.7 0.908141
-1379.5 0.909017
-1379.3 0.909899
-1379.1 0.910812
-1378.9 0.911703
-1378.7 0.912606
-1378.5 0.913511
-1378.3 0.914469
-1378.1 0.915367
-1377.9 0.916261
-1377.7 0.917189
-1377.5 0.918076
-1377.3 0.918983
-1377.1 0.919889
-1376.9 0.920797
-1376.7 0.921674
-1376.5 0.922559
-1376.3 0.92345
-1376.1 0.924388
-1375.9 0.925327
-1375.7 0.926214
-1375.5 0.927103
-1375.3 0.928017
-1375.1 0.928931
-1374.9 0.929797
-1374.7 0.930633
-1374.5 0.93152
-1374.3 0.932433
-1374.1 0.933343
-1373.9 0.934235
-1373.7 0.935099
-1373.5 0.935929
-1373.3 0.936803
-1373.1 0.937629
-1372.9 0.93847
-1372.7 0.939334
-1372.5 0.940183
-1372.3 0.941032
-1372.1 0.941822
-1371.9 0.942684
-1371.7 0.943504
-1371.5 0.944352
-1371.3 0.945166
-1371.1 0.946007
-1370.9 0.946806
-1370.7 0.947521
-1370.5 0.948278
-1370.3 0.949031
-1370.1 0.949797
-1369.9 0.950522
-1369.7 0.951315
-1369.5 0.952023
-1369.3 0.952712
-1369.1 0.953474
-1368.9 0.954203
-1368.7 0.954953
-1368.5 0.955653
-1368.3 0.956343
-1368.1 0.957025
-1367.9 0.957697
-1367.7 0.958391
-1367.5 0.959019
-1367.3 0.959663
-1367.1 0.960343
-1366.9 0.960949
-1366.7 0.961585
-1366.5 0.96223
-1366.3 0.962834
-1366.1 0.963426
-1365.9 0.964004
-1365.7 0.964606
-1365.5 0.965192
-1365.3 0.965807
-1365.1 0.966363
-1364.9 0.966906
-1364.7 0.967479
-1364.5 0.968034
-1364.3 0.968555
-1364.1 0.969041
-1363.9 0.969551
-1363.7 0.970084
-1363.5 0.970596
-1363.3 0.97116
-1363.1 0.971647
-1362.9 0.972142
-1362.7 0.972594
-1362.5 0.97307
-1362.3 0.973588
-1362.1 0.974042
-1361.9 0.974506
-1361.7 0.974941
-1361.5 0.975382
-1361.3 0.975822
-1361.1 0.976261
-1360.9 0.976692
-1360.7 0.977157
-1360.5 0.977592
-1360.3 0.978018
-1360.1 0.978427
-1359.9 0.978802
-1359.7 0.979158
-1359.5 0.979522
-1359.3 0.979918
-1359.1 0.980308
-1358.9 0.980673
-1358.7 0.981001
-1358.5 0.981364
-1358.3 0.981689
-1358.1 0.98202
-1357.9 0.98237
-1357.7 0.982721
-1357.5 0.983049
-1357.3 0.983365
-1357.1 0.983664
-1356.9 0.983961
-1356.7 0.984257
-1356.5 0.984534
-1356.3 0.984817
-1356.1 0.985109
-1355.9 0.985384
-1355.7 0.985659
-1355.5 0.985954
-1355.3 0.986233
-1355.1 0.986479
-1354.9 0.986749
-1354.7 0.987012
-1354.5 0.987253
-1354.3 0.987522
-1354.1 0.987735
-1353.9 0.98799
-1353.7 0.988202
-1353.5 0.988401
-1353.3 0.988597
-1353.1 0.988815
-1352.9 0.989021
-1352.7 0.989214
-1352.5 0.989448
-1352.3 0.989628
-1352.1 0.98986
-1351.9 0.990053
-1351.7 0.990234
-1351.5 0.990433
-1351.3 0.990636
-1351.1 0.990846
-1350.9 0.99102
-1350.7 0.991198
-1350.5 0.991354
-1350.3 0.991517
-1350.1 0.991686
-1349.9 0.991846
-1349.7 0.992007
-1349.5 0.992173
-1349.3 0.992359
-1349.1 0.992517
-1348.9 0.992661
-1348.7 0.992806
-1348.5 0.992933
-1348.3 0.993078
-1348.1 0.993216
-1347.9 0.993355
-1347.7 0.993521
-1347.5 0.993652
-1347.3 0.993783
-1347.1 0.993898
-1346.9 0.994018
-1346.7 0.994151
-1346.5 0.994268
-1346.3 0.994407
-1346.1 0.994545
-1345.9 0.994651
-1345.7 0.994767
-1345.5 0.994868
-1345.3 0.994981
-1345.1 0.995082
-1344.9 0.995173
-1344.7 0.995292
-1344.5 0.995402
-1344.3 0.995507
-1344.1 0.99562
-1343.9 0.995714
-1343.7 0.995809
-1343.5 0.995902
-1343.3 0.995991
-1343.1 0.996088
-1342.9 0.996163
-1342.7 0.996257
-1342.5 0.996332
-1342.3 0.996427
-1342.1 0.996506
-1341.9 0.996572
-1341.7 0.996657
-1341.5 0.996725
-1341.3 0.996806
-1341.1 0.996883
-1340.9 0.99695
-1340.7 0.997021
-1340.5 0.997092
-1340.3 0.997159
-1340.1 0.997213
-1339.9 0.997277
-1339.7 0.997327
-1339.5 0.997396
-1339.3 0.997446
-1339.1 0.997505
-1338.9 0.997549
-1338.7 0.997605
-1338.5 0.997652
-1338.3 0.997704
-1338.1 0.997756
-1337.9 0.997801
-1337.7 0.997831
-1337.5 0.997862
-1337.3 0.997892
-1337.1 0.997935
-1336.9 0.997962
-1336.7 0.998003
-1336.5 0.998039
-1336.3 0.998068
-1336.1 0.998105
-1335.9 0.99813
-1335.7 0.998166
-1335.5 0.998199
-1335.3 0.998229
-1335.1 0.998264
-1334.9 0.998286
-1334.7 0.99831
-1334.5 0.998341
-1334.3 0.998361
-1334.1 0.998388
-1333.9 0.998408
-1333.7 0.998425
-1333.5 0.998446
-1333.3 0.99847
-1333.1 0.998496
-1332.9 0.998513
-1332.7 0.998526
-1332.5 0.998547
-1332.3 0.998563
-1332.1 0.998585
-1331.9 0.998601
-1331.7 0.998629
-1331.5 0.99865
-1331.3 0.998664
-1331.1 0.998677
-1330.9 0.998693
-1330.7 0.998707
-1330.5 0.998716
-1330.3 0.998728
-1330.1 0.998744
-1329.9 0.998757
-1329.7 0.998776
-1329.5 0.998791
-1329.3 0.998814
-1329.1 0.998827
-1328.9 0.998837
-1328.7 0.998844
-1328.5 0.998852
-1328.3 0.998871
-1328.1 0.998882
-1327.9 0.998899
-1327.7 0.998911
-1327.5 0.998926
-1327.3 0.99894
-1327.1 0.998954
-1326.9 0.998965
-1326.7 0.998975
-1326.5 0.99899
-1326.3 0.999003
-1326.1 0.999012
-1325.9 0.999027
-1325.7 0.999043
-1325.5 0.999048
-1325.3 0.999057
-1325.1 0.999072
-1324.9 0.999082
-1324.7 0.999094
-1324.5 0.999106
-1324.3 0.999115
-1324.1 0.999124
-1323.9 0.999131
-1323.7 0.999135
-1323.5 0.99914
-1323.3 0.999147
-1323.1 0.999159
-1322.9 0.999166
-1322.7 0.999179
-1322.5 0.999183
-1322.3 0.999189
-1322.1 0.999198
-1321.9 0.999206
-1321.7 0.999214
-1321.5 0.999215
-1321.3 0.999223
-1321.1 0.999235
-1320.9 0.999242
-1320.7 0.999249
-1320.5 0.999256
-1320.3 0.99927
-1320.1 0.999276
-1319.9 0.999279
-1319.7 0.999286
-1319.5 0.999292
-1319.3 0.9993
-1319.1 0.999308
-1318.9 0.999316
-1318.7 0.999318
-1318.5 0.999328
-1318.3 0.999339
-1318.1 0.999345
-1317.9 0.999353
-1317.7 0.999362
-1317.5 0.999366
-1317.3 0.999374
-1317.1 0.99938
-1316.9 0.999388
-1316.7 0.999396
-1316.5 0.999402
-1316.3 0.999408
-1316.1 0.999419
-1315.9 0.999425
-1315.7 0.999431
-1315.5 0.999437
-1315.3 0.999446
-1315.1 0.999453
-1314.9 0.999463
-1314.7 0.99947
-1314.5 0.999478
-1314.3 0.999484
-1314.1 0.999493
-1313.9 0.999501
-1313.7 0.999508
-1313.5 0.999516
-1313.3 0.999521
-1313.1 0.999532
-1312.9 0.99954
-1312.7 0.999547
-1312.5 0.999552
-1312.3 0.999558
-1312.1 0.999568
-1311.9 0.99957
-1311.7 0.999574
-1311.5 0.999578
-1311.3 0.999585
-1311.1 0.999591
-1310.9 0.999595
-1310.7 0.999605
-1310.5 0.999608
-1310.3 0.999615
-1310.1 0.999623
-1309.9 0.999629
-1309.7 0.999634
-1309.5 0.999645
-1309.3 0.999649
-1309.1 0.999653
-1308.9 0.99966
-1308.7 0.999666
-1308.5 0.999673
-1308.3 0.999676
-1308.1 0.999687
-1307.9 0.999699
-1307.7 0.999706
-1307.5 0.999714
-1307.3 0.999721
-1307.1 0.999726
-1306.9 0.999733
-1306.7 0.999736
-1306.5 0.999744
-1306.3 0.99975
-1306.1 0.99976
-1305.9 0.999768
-1305.7 0.999778
-1305.5 0.999784
-1305.3 0.999793
-1305.1 0.999803
-1304.9 0.999807
-1304.7 0.999816
-1304.5 0.999821
-1304.3 0.999835
-1304.1 0.999837
-1303.9 0.999843
-1303.7 0.999848
-1303.5 0.999857
-1303.3 0.999863
-1303.1 0.99987
-1302.9 0.999874
-1302.7 0.999882
-1302.5 0.99989
-1302.3 0.999901
-1302.1 0.999907
-1301.9 0.999914
-1301.7 0.999922
-1301.5 0.999927
-1301.3 0.999933
-1301.1 0.999947
-1300.9 0.999956
-1300.7 0.999963
-1300.5 0.99997
-1300.3 0.999982
-1300.1 0.999993
-1299.9 1
