-1589.9 0
-1589.7 5
-1589.5 1
-1589.3 2
-1589.1 4
-1588.9 4
-1588.7 3
-1588.5 0
-1588.3 3
-1588.1 6
-1587.9 4
-1587.7 3
-1587.5 2
-1587.3 4
-1587.1 3
-1586.9 2
-1586.7 0
-1586.5 3
-1586.3 3
-1586.1 1
-1585.9 2
-1585.7 4
-1585.5 4
-1585.3 3
-1585.1 2
-1584.9 2
-1584.7 0
-1584.5 2
-1584.3 2
-1584.1 1
-1583.9 1
-1583.7 2
-1583.5 3
-1583.3 1
-1583.1 1
-1582.9 2
-1582.7 3
-1582.5 2
-1582.3 1
-1582.1 2
-1581.9 1
-1581.7 3
-1581.5 4
-1581.3 3
-1581.1 3
-1580.9 4
-1580.7 3
-1580.5 1
-1580.3 1
-1580.1 2
-1579.9 1
-1579.7 0
-1579.5 1
-1579.3 4
-1579.1 2
-1578.9 2
-1578.7 2
-1578.5 2
-1578.3 3
-1578.1 5
-1577.9 2
-1577.7 2
-1577.5 4
-1577.3 1
-1577.1 1
-1576.9 3
-1576.7 1
-1576.5 2
-1576.3 4
-1576.1 3
-1575.9 1
-1575.7 4
-1575.5 1
-1575.3 1
-1575.1 2
-1574.9 4
-1574.7 0
-1574.5 1
-1574.3 3
-1574.1 5
-1573.9 2
-1573.7 3
-1573.5 2
-1573.3 0
-1573.1 5
-1572.9 2
-1572.7 4
-1572.5 6
-1572.3 4
-1572.1 1
-1571.9 2
-1571.7 0
-1571.5 3
-1571.3 1
-1571.1 9
-1570.9 7
-1570.7 8
-1570.5 9
-1570.3 9
-1570.1 7
-1569.9 10
-1569.7 10
-1569.5 13
-1569.3 9
-1569.1 14
-1568.9 19
-1568.7 18
-1568.5 12
-1568.3 23
-1568.1 26
-1567.9 35
-1567.7 32
-1567.5 48
-1567.3 58
-1567.1 53
-1566.9 59
-1566.7 60
-1566.5 78
-1566.3 73
-1566.1 99
-1565.9 104
-1565.7 110
-1565.5 122
-1565.3 119
-1565.1 180
-1564.9 162
-1564.7 189
-1564.5 194
-1564.3 167
-1564.1 219
-1563.9 230
-1563.7 258
-1563.5 241
-1563.3 296
-1563.1 266
-1562.9 353
-1562.7 360
-1562.5 353
-1562.3 383
-1562.1 398
-1561.9 421
-1561.7 430
-1561.5 510
-1561.3 500
-1561.1 535
-1560.9 510
-1560.7 550
-1560.5 586
-1560.3 610
-1560.1 594
-1559.9 665
-1559.7 685
-1559.5 693
-1559.3 699
-1559.1 806
-1558.9 756
-1558.7 796
-1558.5 775
-1558.3 838
-1558.1 882
-1557.9 884
-1557.7 899
-1557.5 917
-1557.3 899
-1557.1 926
-1556.9 926
-1556.7 954
-1556.5 983
-1556.3 984
-1556.1 1031
-1555.9 1069
-1555.7 1038
-1555.5 995
-1555.3 1020
-1555.1 1033
-1554.9 1062
-1554.7 1113
-1554.5 1100
-1554.3 1092
-1554.1 1180
-1553.9 1098
-1553.7 1111
-1553.5 1095
-1553.3 1179
-1553.1 1097
-1552.9 1111
-1552.7 1155
-1552.5 1130
-1552.3 1219
-1552.1 1224
-1551.9 1136
-1551.7 1154
-1551.5 1157
-1551.3 1130
-1551.1 1147
-1550.9 1219
-1550.7 1171
-1550.5 1155
-1550.3 1148
-1550.1 1098
-1549.9 1147
-1549.7 1177
-1549.5 1143
-1549.3 1211
-1549.1 1125
-1548.9 1122
-1548.7 1121
-1548.5 1124
-1548.3 1104
-1548.1 1099
-1547.9 1137
-1547.7 1132
-1547.5 1130
-1547.3 1107
-1547.1 1141
-1546.9 1071
-1546.7 1039
-1546.5 1055
-1546.3 1012
-1546.1 1069
-1545.9 1049
-1545.7 1040
-1545.5 1086
-1545.3 1018
-1545.1 1040
-1544.9 1023
-1544.7 1016
-1544.5 973
-1544.3 1008
-1544.1 980
-1543.9 1016
-1543.7 945
-1543.5 965
-1543.3 985
-1543.1 963
-1542.9 1015
-1542.7 931
-1542.5 998
-1542.3 932
-1542.1 984
-1541.9 957
-1541.7 974
-1541.5 936
-1541.3 918
-1541.1 904
-1540.9 947
-1540.7 883
-1540.5 903
-1540.3 934
-1540.1 913
-1539.9 937
-1539.7 887
-1539.5 960
-1539.3 911
-1539.1 914
-1538.9 938
-1538.7 927
-1538.5 912
-1538.3 889
-1538.1 944
-1537.9 897
-1537.7 865
-1537.5 841
-1537.3 869
-1537.1 836
-1536.9 858
-1536.7 860
-1536.5 903
-1536.3 886
-1536.1 906
-1535.9 897
-1535.7 863
-1535.5 898
-1535.3 922
-1535.1 899
-1534.9 821
-1534.7 889
-1534.5 822
-1534.3 882
-1534.1 868
-1533.9 851
-1533.7 859
-1533.5 848
-1533.3 906
-1533.1 826
-1532.9 848
-1532.7 857
-1532.5 905
-1532.3 851
-1532.1 839
-1531.9 876
-1531.7 877
-1531.5 865
-1531.3 890
-1531.1 843
-1530.9 891
-1530.7 798
-1530.5 832
-1530.3 844
-1530.1 831
-1529.9 819
-1529.7 815
-1529.5 822
-1529.3 839
-1529.1 827
-1528.9 845
-1528.7 850
-1528.5 777
-1528.3 823
-1528.1 836
-1527.9 821
-1527.7 778
-1527.5 811
-1527.3 794
-1527.1 855
-1526.9 826
-1526.7 746
-1526.5 779
-1526.3 842
-1526.1 798
-1525.9 766
-1525.7 755
-1525.5 780
-1525.3 762
-1525.1 746
-1524.9 785
-1524.7 779
-1524.5 756
-1524.3 743
-1524.1 783
-1523.9 761
-1523.7 777
-1523.5 750
-1523.3 773
-1523.1 783
-1522.9 728
-1522.7 771
-1522.5 737
-1522.3 838
-1522.1 714
-1521.9 769
-1521.7 825
-1521.5 749
-1521.3 835
-1521.1 772
-1520.9 836
-1520.7 857
-1520.5 828
-1520.3 801
-1520.1 867
-1519.9 832
-1519.7 833
-1519.5 850
-1519.3 797
-1519.1 841
-1518.9 911
-1518.7 879
-1518.5 850
-1518.3 876
-1518.1 839
-1517.9 892
-1517.7 913
-1517.5 901
-1517.3 837
-1517.1 839
-1516.9 896
-1516.7 802
-1516.5 894
-1516.3 866
-1516.1 857
-1515.9 892
-1515.7 832
-1515.5 854
-1515.3 850
-1515.1 842
-1514.9 839
-1514.7 780
-1514.5 880
-1514.3 870
-1514.1 797
-1513.9 823
-1513.7 795
-1513.5 780
-1513.3 791
-1513.1 781
-1512.9 794
-1512.7 795
-1512.5 815
-1512.3 796
-1512.1 747
-1511.9 741
-1511.7 726
-1511.5 735
-1511.3 738
-1511.1 712
-1510.9 716
-1510.7 743
-1510.5 679
-1510.3 713
-1510.1 713
-1509.9 678
-1509.7 701
-1509.5 710
-1509.3 674
-1509.1 722
-1508.9 687
-1508.7 702
-1508.5 684
-1508.3 705
-1508.1 665
-1507.9 672
-1507.7 722
-1507.5 671
-1507.3 690
-1507.1 712
-1506.9 738
-1506.7 715
-1506.5 684
-1506.3 732
-1506.1 747
-1505.9 745
-1505.7 734
-1505.5 803
-1505.3 720
-1505.1 764
-1504.9 742
-1504.7 747
-1504.5 761
-1504.3 852
-1504.1 767
-1503.9 781
-1503.7 836
-1503.5 807
-1503.3 804
-1503.1 848
-1502.9 865
-1502.7 839
-1502.5 869
-1502.3 807
-1502.1 886
-1501.9 848
-1501.7 921
-1501.5 795
-1501.3 872
-1501.1 878
-1500.9 818
-1500.7 904
-1500.5 875
-1500.3 889
-1500.1 869
-1499.9 901
-1499.7 933
-1499.5 859
-1499.3 871
-1499.1 883
-1498.9 871
-1498.7 861
-1498.5 862
-1498.3 894
-1498.1 886
-1497.9 836
-1497.7 819
-1497.5 847
-1497.3 828
-1497.1 820
-1496.9 780
-1496.7 792
-1496.5 788
-1496.3 765
-1496.1 796
-1495.9 780
-1495.7 746
-1495.5 760
-1495.3 763
-1495.1 664
-1494.9 724
-1494.7 694
-1494.5 685
-1494.3 727
-1494.1 724
-1493.9 699
-1493.7 713
-1493.5 661
-1493.3 710
-1493.1 630
-1492.9 676
-1492.7 709
-1492.5 707
-1492.3 675
-1492.1 623
-1491.9 646
-1491.7 645
-1491.5 669
-1491.3 653
-1491.1 661
-1490.9 649
-1490.7 682
-1490.5 693
-1490.3 674
-1490.1 753
-1489.9 714
-1489.7 690
-1489.5 712
-1489.3 752
-1489.1 782
-1488.9 758
-1488.7 757
-1488.5 740
-1488.3 787
-1488.1 767
-1487.9 784
-1487.7 787
-1487.5 838
-1487.3 809
-1487.1 870
-1486.9 831
-1486.7 831
-1486.5 786
-1486.3 857
-1486.1 839
-1485.9 847
-1485.7 859
-1485.5 847
-1485.3 908
-1485.1 920
-1484.9 934
-1484.7 900
-1484.5 896
-1484.3 854
-1484.1 965
-1483.9 951
-1483.7 914
-1483.5 887
-1483.3 974
-1483.1 903
-1482.9 881
-1482.7 957
-1482.5 998
-1482.3 942
-1482.1 951
-1481.9 948
-1481.7 966
-1481.5 864
-1481.3 868
-1481.1 853
-1480.9 924
-1480.7 843
-1480.5 846
-1480.3 925
-1480.1 849
-1479.9 855
-1479.7 796
-1479.5 821
-1479.3 823
-1479.1 724
-1478.9 769
-1478.7 792
-1478.5 735
-1478.3 743
-1478.1 760
-1477.9 718
-1477.7 701
-1477.5 715
-1477.3 723
-1477.1 670
-1476.9 747
-1476.7 707
-1476.5 714
-1476.3 660
-1476.1 718
-1475.9 711
-1475.7 698
-1475.5 654
-1475.3 614
-1475.1 692
-1474.9 671
-1474.7 654
-1474.5 666
-1474.3 655
-1474.1 642
-1473.9 691
-1473.7 681
-1473.5 674
-1473.3 677
-1473.1 767
-1472.9 697
-1472.7 655
-1472.5 699
-1472.3 694
-1472.1 701
-1471.9 734
-1471.7 716
-1471.5 796
-1471.3 771
-1471.1 729
-1470.9 749
-1470.7 767
-1470.5 787
-1470.3 774
-1470.1 824
-1469.9 770
-1469.7 754
-1469.5 847
-1469.3 831
-1469.1 821
-1468.9 884
-1468.7 857
-1468.5 918
-1468.3 830
-1468.1 842
-1467.9 848
-1467.7 935
-1467.5 924
-1467.3 971
-1467.1 881
-1466.9 959
-1466.7 930
-1466.5 925
-1466.3 911
-1466.1 917
-1465.9 951
-1465.7 1006
-1465.5 922
-1465.3 981
-1465.1 873
-1464.9 919
-1464.7 941
-1464.5 899
-1464.3 910
-1464.1 943
-1463.9 917
-1463.7 922
-1463.5 899
-1463.3 875
-1463.1 893
-1462.9 853
-1462.7 888
-1462.5 867
-1462.3 866
-1462.1 845
-1461.9 820
-1461.7 834
-1461.5 813
-1461.3 770
-1461.1 813
-1460.9 745
-1460.7 767
-1460.5 754
-1460.3 768
-1460.1 733
-1459.9 747
-1459.7 785
-1459.5 736
-1459.3 722
-1459.1 700
-1458.9 688
-1458.7 711
-1458.5 715
-1458.3 708
-1458.1 695
-1457.9 725
-1457.7 745
-1457.5 676
-1457.3 713
-1457.1 706
-1456.9 751
-1456.7 697
-1456.5 732
-1456.3 695
-1456.1 640
-1455.9 718
-1455.7 690
-1455.5 728
-1455.3 698
-1455.1 718
-1454.9 719
-1454.7 723
-1454.5 714
-1454.3 724
-1454.1 766
-1453.9 734
-1453.7 730
-1453.5 710
-1453.3 812
-1453.1 772
-1452.9 788
-1452.7 768
-1452.5 736
-1452.3 827
-1452.1 782
-1451.9 813
-1451.7 856
-1451.5 844
-1451.3 823
-1451.1 857
-1450.9 812
-1450.7 879
-1450.5 871
-1450.3 893
-1450.1 871
-1449.9 915
-1449.7 927
-1449.5 892
-1449.3 945
-1449.1 921
-1448.9 950
-1448.7 897
-1448.5 927
-1448.3 962
-1448.1 920
-1447.9 879
-1447.7 934
-1447.5 910
-1447.3 946
-1447.1 864
-1446.9 977
-1446.7 893
-1446.5 917
-1446.3 892
-1446.1 927
-1445.9 906
-1445.7 878
-1445.5 840
-1445.3 813
-1445.1 822
-1444.9 787
-1444.7 874
-1444.5 799
-1444.3 872
-1444.1 824
-1443.9 771
-1443.7 765
-1443.5 797
-1443.3 755
-1443.1 817
-1442.9 793
-1442.7 789
-1442.5 732
-1442.3 767
-1442.1 725
-1441.9 769
-1441.7 701
-1441.5 744
-1441.3 753
-1441.1 723
-1440.9 697
-1440.7 700
-1440.5 716
-1440.3 736
-1440.1 732
-1439.9 752
-1439.7 734
-1439.5 726
-1439.3 705
-1439.1 672
-1438.9 705
-1438.7 651
-1438.5 715
-1438.3 718
-1438.1 731
-1437.9 709
-1437.7 729
-1437.5 715
-1437.3 733
-1437.1 737
-1436.9 734
-1436.7 742
-1436.5 715
-1436.3 697
-1436.1 707
-1435.9 737
-1435.7 761
-1435.5 736
-1435.3 717
-1435.1 793
-1434.9 725
-1434.7 820
-1434.5 775
-1434.3 855
-1434.1 824
-1433.9 818
-1433.7 855
-1433.5 818
-1433.3 825
-1433.1 775
-1432.9 868
-1432.7 836
-1432.5 858
-1432.3 830
-1432.1 849
-1431.9 875
-1431.7 869
-1431.5 792
-1431.3 864
-1431.1 894
-1430.9 873
-1430.7 879
-1430.5 877
-1430.3 870
-1430.1 855
-1429.9 846
-1429.7 860
-1429.5 854
-1429.3 876
-1429.1 863
-1428.9 904
-1428.7 932
-1428.5 832
-1428.3 874
-1428.1 869
-1427.9 859
-1427.7 873
-1427.5 911
-1427.3 900
-1427.1 785
-1426.9 850
-1426.7 865
-1426.5 813
-1426.3 838
-1426.1 865
-1425.9 834
-1425.7 818
-1425.5 816
-1425.3 808
-1425.1 815
-1424.9 772
-1424.7 777
-1424.5 765
-1424.3 740
-1424.1 754
-1423.9 785
-1423.7 756
-1423.5 816
-1423.3 712
-1423.1 748
-1422.9 738
-1422.7 753
-1422.5 769
-1422.3 737
-1422.1 677
-1421.9 771
-1421.7 750
-1421.5 740
-1421.3 736
-1421.1 814
-1420.9 748
-1420.7 761
-1420.5 693
-1420.3 700
-1420.1 721
-1419.9 768
-1419.7 761
-1419.5 728
-1419.3 740
-1419.1 782
-1418.9 754
-1418.7 762
-1418.5 768
-1418.3 768
-1418.1 760
-1417.9 773
-1417.7 773
-1417.5 758
-1417.3 758
-1417.1 769
-1416.9 787
-1416.7 798
-1416.5 775
-1416.3 801
-1416.1 739
-1415.9 808
-1415.7 830
-1415.5 741
-1415.3 800
-1415.1 792
-1414.9 837
-1414.7 869
-1414.5 843
-1414.3 852
-1414.1 815
-1413.9 875
-1413.7 834
-1413.5 824
-1413.3 830
-1413.1 851
-1412.9 893
-1412.7 847
-1412.5 858
-1412.3 888
-1412.1 845
-1411.9 847
-1411.7 900
-1411.5 867
-1411.3 851
-1411.1 855
-1410.9 856
-1410.7 841
-1410.5 800
-1410.3 872
-1410.1 854
-1409.9 846
-1409.7 835
-1409.5 799
-1409.3 840
-1409.1 872
-1408.9 871
-1408.7 813
-1408.5 809
-1408.3 839
-1408.1 808
-1407.9 810
-1407.7 856
-1407.5 811
-1407.3 783
-1407.1 781
-1406.9 789
-1406.7 808
-1406.5 830
-1406.3 828
-1406.1 786
-1405.9 742
-1405.7 761
-1405.5 736
-1405.3 765
-1405.1 816
-1404.9 739
-1404.7 733
-1404.5 770
-1404.3 781
-1404.1 779
-1403.9 813
-1403.7 748
-1403.5 775
-1403.3 769
-1403.1 757
-1402.9 764
-1402.7 768
-1402.5 754
-1402.3 771
-1402.1 794
-1401.9 761
-1401.7 784
-1401.5 808
-1401.3 763
-1401.1 772
-1400.9 782
-1400.7 778
-1400.5 793
-1400.3 747
-1400.1 769
-1399.9 774
-1399.7 778
-1399.5 801
-1399.3 719
-1399.1 816
-1398.9 782
-1398.7 809
-1398.5 795
-1398.3 810
-1398.1 787
-1397.9 762
-1397.7 817
-1397.5 839
-1397.3 798
-1397.1 827
-1396.9 785
-1396.7 824
-1396.5 796
-1396.3 773
-1396.1 804
-1395.9 825
-1395.7 796
-1395.5 872
-1395.3 761
-1395.1 840
-1394.9 777
-1394.7 856
-1394.5 851
-1394.3 812
-1394.1 761
-1393.9 814
-1393.7 833
-1393.5 886
-1393.3 755
-1393.1 822
-1392.9 897
-1392.7 852
-1392.5 807
-1392.3 840
-1392.1 879
-1391.9 822
-1391.7 801
-1391.5 830
-1391.3 814
-1391.1 849
-1390.9 825
-1390.7 796
-1390.5 799
-1390.3 790
-1390.1 770
-1389.9 833
-1389.7 755
-1389.5 784
-1389.3 820
-1389.1 840
-1388.9 837
-1388.7 776
-1388.5 809
-1388.3 783
-1388.1 791
-1387.9 801
-1387.7 790
-1387.5 761
-1387.3 811
-1387.1 757
-1386.9 736
-1386.7 793
-1386.5 820
-1386.3 800
-1386.1 847
-1385.9 780
-1385.7 819
-1385.5 765
-1385.3 718
-1385.1 798
-1384.9 804
-1384.7 735
-1384.5 771
-1384.3 744
-1384.1 737
-1383.9 799
-1383.7 784
-1383.5 766
-1383.3 742
-1383.1 809
-1382.9 767
-1382.7 750
-1382.5 722
-1382.3 692
-1382.1 761
-1381.9 798
-1381.7 767
-1381.5 771
-1381.3 737
-1381.1 791
-1380.9 728
-1380.7 783
-1380.5 790
-1380.3 750
-1380.1 793
-1379.9 767
-1379.7 769
-1379.5 776
-1379.3 733
-1379.1 785
-1378.9 775
-1378.7 779
-1378.5 798
-1378.3 870
-1378.1 738
-1377.9 769
-1377.7 860
-1377.5 791
-1377.3 800
-1377.1 846
-1376.9 808
-1376.7 881
-1376.5 862
-1376.3 838
-1376.1 786
-1375.9 822
-1375.7 795
-1375.5 841
-1375.3 830
-1375.1 801
-1374.9 795
-1374.7 795
-1374.5 796
-1374.3 796
-1374.1 807
-1373.9 830
-1373.7 805
-1373.5 774
-1373.3 772
-1373.1 789
-1372.9 807
-1372.7 824
-1372.5 843
-1372.3 815
-1372.1 812
-1371.9 806
-1371.7 817
-1371.5 836
-1371.3 798
-1371.1 747
-1370.9 829
-1370.7 775
-1370.5 751
-1370.3 792
-1370.1 825
-1369.9 831
-1369.7 807
-1369.5 832
-1369.3 699
-1369.1 808
-1368.9 735
-1368.7 779
-1368.5 772
-1368.3 735
-1368.1 818
-1367.9 814
-1367.7 708
-1367.5 771
-1367.3 795
-1367.1 794
-1366.9 737
-1366.7 792
-1366.5 784
-1366.3 841
-1366.1 738
-1365.9 773
-1365.7 724
-1365.5 766
-1365.3 741
-1365.1 783
-1364.9 768
-1364.7 743
-1364.5 795
-1364.3 790
-1364.1 760
-1363.9 744
-1363.7 774
-1363.5 819
-1363.3 716
-1363.1 806
-1362.9 787
-1362.7 751
-1362.5 797
-1362.3 753
-1362.1 764
-1361.9 824
-1361.7 756
-1361.5 746
-1361.3 804
-1361.1 775
-1360.9 776
-1360.7 782
-1360.5 794
-1360.3 773
-1360.1 787
-1359.9 770
-1359.7 808
-1359.5 828
-1359.3 760
-1359.1 788
-1358.9 752
-1358.7 766
-1358.5 763
-1358.3 828
-1358.1 758
-1357.9 800
-1357.7 764
-1357.5 815
-1357.3 735
-1357.1 792
-1356.9 770
-1356.7 775
-1356.5 775
-1356.3 763
-1356.1 793
-1355.9 752
-1355.7 717
-1355.5 725
-1355.3 776
-1355.1 753
-1354.9 754
-1354.7 741
-1354.5 724
-1354.3 753
-1354.1 752
-1353.9 707
-1353.7 761
-1353.5 724
-1353.3 750
-1353.1 720
-1352.9 690
-1352.7 708
-1352.5 677
-1352.3 686
-1352.1 664
-1351.9 688
-1351.7 656
-1351.5 681
-1351.3 683
-1351.1 700
-1350.9 641
-1350.7 606
-1350.5 662
-1350.3 651
-1350.1 648
-1349.9 625
-1349.7 610
-1349.5 634
-1349.3 590
-1349.1 542
-1348.9 567
-1348.7 570
-1348.5 591
-1348.3 553
-1348.1 532
-1347.9 566
-1347.7 589
-1347.5 525
-1347.3 536
-1347.1 533
-1346.9 506
-1346.7 477
-1346.5 550
-1346.3 502
-1346.1 505
-1345.9 507
-1345.7 425
-1345.5 468
-1345.3 500
-1345.1 487
-1344.9 457
-1344.7 390
-1344.5 436
-1344.3 437
-1344.1 415
-1343.9 427
-1343.7 422
-1343.5 390
-1343.3 412
-1343.1 387
-1342.9 391
-1342.7 370
-1342.5 412
-1342.3 356
-1342.1 344
-1341.9 381
-1341.7 374
-1341.5 370
-1341.3 349
-1341.1 342
-1340.9 351
-1340.7 311
-1340.5 333
-1340.3 319
-1340.1 346
-1339.9 329
-1339.7 334
-1339.5 305
-1339.3 289
-1339.1 287
-1338.9 328
-1338.7 280
-1338.5 280
-1338.3 275
-1338.1 257
-1337.9 273
-1337.7 263
-1337.5 242
-1337.3 245
-1337.1 190
-1336.9 235
-1336.7 249
-1336.5 244
-1336.3 227
-1336.1 231
-1335.9 217
-1335.7 236
-1335.5 247
-1335.3 211
-1335.1 177
-1334.9 214
-1334.7 228
-1334.5 184
-1334.3 208
-1334.1 197
-1333.9 189
-1333.7 183
-1333.5 199
-1333.3 188
-1333.1 197
-1332.9 164
-1332.7 155
-1332.5 162
-1332.3 177
-1332.1 157
-1331.9 150
-1331.7 160
-1331.5 157
-1331.3 159
-1331.1 135
-1330.9 158
-1330.7 147
-1330.5 139
-1330.3 139
-1330.1 129
-1329.9 125
-1329.7 116
-1329.5 143
-1329.3 122
-1329.1 113
-1328.9 113
-1328.7 97
-1328.5 87
-1328.3 100
-1328.1 105
-1327.9 100
-1327.7 97
-1327.5 85
-1327.3 114
-1327.1 79
-1326.9 78
-1326.7 114
-1326.5 86
-1326.3 67
-1326.1 87
-1325.9 72
-1325.7 83
-1325.5 77
-1325.3 78
-1325.1 76
-1324.9 75
-1324.7 72
-1324.5 77
-1324.3 53
-1324.1 65
-1323.9 77
-1323.7 64
-1323.5 56
-1323.3 77
-1323.1 48
-1322.9 46
-1322.7 61
-1322.5 42
-1322.3 41
-1322.1 37
-1321.9 36
-1321.7 38
-1321.5 39
-1321.3 44
-1321.1 33
-1320.9 47
-1320.7 37
-1320.5 48
-1320.3 44
-1320.1 36
-1319.9 27
-1319.7 34
-1319.5 26
-1319.3 25
-1319.1 32
-1318.9 44
-1318.7 36
-1318.5 34
-1318.3 34
-1318.1 31
-1317.9 40
-1317.7 29
-1317.5 32
-1317.3 24
-1317.1 19
-1316.9 14
-1316.7 24
-1316.5 20
-1316.3 23
-1316.1 25
-1315.9 20
-1315.7 19
-1315.5 13
-1315.3 18
-1315.1 25
-1314.9 13
-1314.7 11
-1314.5 22
-1314.3 14
-1314.1 13
-1313.9 15
-1313.7 12
-1313.5 17
-1313.3 16
-1313.1 10
-1312.9 15
-1312.7 11
-1312.5 16
-1312.3 8
-1312.1 6
-1311.9 4
-1311.7 9
-1311.5 5
-1311.3 14
-1311.1 13
-1310.9 8
-1310.7 14
-1310.5 8
-1310.3 7
-1310.1 10
-1309.9 10
-1309.7 17
-1309.5 16
-1309.3 6
-1309.1 9
-1308.9 9
-1308.7 11
-1308.5 11
-1308.3 11
-1308.1 12
-1307.9 8
-1307.7 9
-1307.5 9
-1307.3 9
-1307.1 11
-1306.9 7
-1306.7 11
-1306.5 11
-1306.3 7
-1306.1 8
-1305.9 8
-1305.7 8
-1305.5 8
-1305.3 7
-1305.1 6
-1304.9 11
-1304.7 7
-1304.5 7
-1304.3 5
-1304.1 7
-1303.9 4
-1303.7 7
-1303.5 9
-1303.3 6
-1303.1 8
-1302.9 8
-1302.7 7
-1302.5 13
-1302.3 5
-1302.1 9
-1301.9 6
-1301.7 12
-1301.5 6
-1301.3 9
-1301.1 9
-1300.9 3
-1300.7 6
-1300.5 5
-1300.3 3
-1300.1 5
