-1589.9 0
-1589.7 3
-1589.5 5
-1589.3 4
-1589.1 3
-1588.9 4
-1588.7 5
-1588.5 3
-1588.3 3
-1588.1 2
-1587.9 3
-1587.7 2
-1587.5 6
-1587.3 1
-1587.1 5
-1586.9 2
-1586.7 1
-1586.5 1
-1586.3 1
-1586.1 6
-1585.9 5
-1585.7 2
-1585.5 3
-1585.3 1
-1585.1 2
-1584.9 5
-1584.7 2
-1584.5 2
-1584.3 3
-1584.1 3
-1583.9 3
-1583.7 2
-1583.5 3
-1583.3 1
-1583.1 3
-1582.9 4
-1582.7 4
-1582.5 4
-1582.3 4
-1582.1 2
-1581.9 1
-1581.7 6
-1581.5 4
-1581.3 4
-1581.1 5
-1580.9 6
-1580.7 6
-1580.5 10
-1580.3 7
-1580.1 6
-1579.9 10
-1579.7 8
-1579.5 5
-1579.3 8
-1579.1 13
-1578.9 10
-1578.7 9
-1578.5 13
-1578.3 9
-1578.1 11
-1577.9 10
-1577.7 20
-1577.5 22
-1577.3 12
-1577.1 25
-1576.9 23
-1576.7 28
-1576.5 27
-1576.3 35
-1576.1 31
-1575.9 38
-1575.7 47
-1575.5 53
-1575.3 68
-1575.1 72
-1574.9 68
-1574.7 95
-1574.5 98
-1574.3 93
-1574.1 131
-1573.9 121
-1573.7 131
-1573.5 147
-1573.3 160
-1573.1 176
-1572.9 192
-1572.7 197
-1572.5 200
-1572.3 236
-1572.1 240
-1571.9 259
-1571.7 301
-1571.5 325
-1571.3 311
-1571.1 337
-1570.9 376
-1570.7 366
-1570.5 406
-1570.3 416
-1570.1 440
-1569.9 465
-1569.7 506
-1569.5 517
-1569.3 574
-1569.1 559
-1568.9 586
-1568.7 653
-1568.5 621
-1568.3 648
-1568.1 717
-1567.9 723
-1567.7 735
-1567.5 775
-1567.3 771
-1567.1 791
-1566.9 807
-1566.7 831
-1566.5 846
-1566.3 888
-1566.1 873
-1565.9 881
-1565.7 957
-1565.5 934
-1565.3 916
-1565.1 989
-1564.9 926
-1564.7 981
-1564.5 1038
-1564.3 1031
-1564.1 1042
-1563.9 1070
-1563.7 1082
-1563.5 1100
-1563.3 1095
-1563.1 1138
-1562.9 1084
-1562.7 1088
-1562.5 1142
-1562.3 1117
-1562.1 1139
-1561.9 1148
-1561.7 1166
-1561.5 1162
-1561.3 1197
-1561.1 1212
-1560.9 1176
-1560.7 1148
-1560.5 1134
-1560.3 1160
-1560.1 1125
-1559.9 1128
-1559.7 1168
-1559.5 1184
-1559.3 1176
-1559.1 1195
-1558.9 1096
-1558.7 1176
-1558.5 1187
-1558.3 1125
-1558.1 1188
-1557.9 1212
-1557.7 1143
-1557.5 1174
-1557.3 1139
-1557.1 1153
-1556.9 1148
-1556.7 1117
-1556.5 1112
-1556.3 1100
-1556.1 1114
-1555.9 1165
-1555.7 1078
-1555.5 1160
-1555.3 1093
-1555.1 1181
-1554.9 1008
-1554.7 1085
-1554.5 1077
-1554.3 1077
-1554.1 1121
-1553.9 1099
-1553.7 1063
-1553.5 1046
-1553.3 1023
-1553.1 1106
-1552.9 1016
-1552.7 1035
-1552.5 977
-1552.3 1009
-1552.1 1024
-1551.9 988
-1551.7 1009
-1551.5 932
-1551.3 1024
-1551.1 943
-1550.9 995
-1550.7 1000
-1550.5 948
-1550.3 981
-1550.1 1006
-1549.9 972
-1549.7 952
-1549.5 963
-1549.3 954
-1549.1 957
-1548.9 889
-1548.7 867
-1548.5 927
-1548.3 920
-1548.1 931
-1547.9 925
-1547.7 922
-1547.5 882
-1547.3 919
-1547.1 864
-1546.9 879
-1546.7 841
-1546.5 934
-1546.3 959
-1546.1 853
-1545.9 890
-1545.7 873
-1545.5 900
-1545.3 907
-1545.1 849
-1544.9 879
-1544.7 861
-1544.5 930
-1544.3 893
-1544.1 867
-1543.9 872
-1543.7 856
-1543.5 846
-1543.3 840
-1543.1 843
-1542.9 908
-1542.7 879
-1542.5 871
-1542.3 924
-1542.1 824
-1541.9 838
-1541.7 845
-1541.5 840
-1541.3 775
-1541.1 873
-1540.9 874
-1540.7 835
-1540.5 834
-1540.3 839
-1540.1 833
-1539.9 859
-1539.7 840
-1539.5 890
-1539.3 857
-1539.1 837
-1538.9 806
-1538.7 896
-1538.5 830
-1538.3 876
-1538.1 820
-1537.9 824
-1537.7 830
-1537.5 840
-1537.3 839
-1537.1 794
-1536.9 811
-1536.7 848
-1536.5 791
-1536.3 824
-1536.1 868
-1535.9 774
-1535.7 827
-1535.5 790
-1535.3 868
-1535.1 835
-1534.9 827
-1534.7 788
-1534.5 808
-1534.3 854
-1534.1 792
-1533.9 818
-1533.7 816
-1533.5 835
-1533.3 840
-1533.1 836
-1532.9 836
-1532.7 764
-1532.5 834
-1532.3 783
-1532.1 825
-1531.9 782
-1531.7 799
-1531.5 850
-1531.3 778
-1531.1 810
-1530.9 841
-1530.7 769
-1530.5 800
-1530.3 770
-1530.1 809
-1529.9 799
-1529.7 841
-1529.5 845
-1529.3 803
-1529.1 834
-1528.9 884
-1528.7 759
-1528.5 756
-1528.3 783
-1528.1 811
-1527.9 797
-1527.7 774
-1527.5 808
-1527.3 782
-1527.1 774
-1526.9 760
-1526.7 743
-1526.5 751
-1526.3 782
-1526.1 736
-1525.9 827
-1525.7 805
-1525.5 800
-1525.3 835
-1525.1 782
-1524.9 827
-1524.7 782
-1524.5 776
-1524.3 804
-1524.1 798
-1523.9 817
-1523.7 827
-1523.5 793
-1523.3 803
-1523.1 786
-1522.9 831
-1522.7 789
-1522.5 805
-1522.3 851
-1522.1 818
-1521.9 812
-1521.7 790
-1521.5 863
-1521.3 777
-1521.1 842
-1520.9 851
-1520.7 803
-1520.5 818
-1520.3 768
-1520.1 800
-1519.9 822
-1519.7 811
-1519.5 780
-1519.3 848
-1519.1 775
-1518.9 767
-1518.7 793
-1518.5 824
-1518.3 816
-1518.1 758
-1517.9 820
-1517.7 760
-1517.5 837
-1517.3 765
-1517.1 732
-1516.9 801
-1516.7 755
-1516.5 787
-1516.3 791
-1516.1 787
-1515.9 805
-1515.7 814
-1515.5 759
-1515.3 784
-1515.1 713
-1514.9 759
-1514.7 760
-1514.5 801
-1514.3 723
-1514.1 697
-1513.9 766
-1513.7 744
-1513.5 759
-1513.3 705
-1513.1 772
-1512.9 774
-1512.7 757
-1512.5 760
-1512.3 729
-1512.1 720
-1511.9 736
-1511.7 774
-1511.5 776
-1511.3 746
-1511.1 784
-1510.9 758
-1510.7 742
-1510.5 743
-1510.3 742
-1510.1 792
-1509.9 744
-1509.7 784
-1509.5 765
-1509.3 845
-1509.1 764
-1508.9 791
-1508.7 804
-1508.5 809
-1508.3 794
-1508.1 822
-1507.9 814
-1507.7 828
-1507.5 847
-1507.3 800
-1507.1 812
-1506.9 797
-1506.7 834
-1506.5 879
-1506.3 817
-1506.1 850
-1505.9 773
-1505.7 834
-1505.5 822
-1505.3 858
-1505.1 820
-1504.9 835
-1504.7 839
-1504.5 778
-1504.3 866
-1504.1 782
-1503.9 786
-1503.7 787
-1503.5 837
-1503.3 843
-1503.1 786
-1502.9 782
-1502.7 786
-1502.5 784
-1502.3 811
-1502.1 766
-1501.9 740
-1501.7 781
-1501.5 791
-1501.3 724
-1501.1 764
-1500.9 802
-1500.7 771
-1500.5 723
-1500.3 778
-1500.1 720
-1499.9 770
-1499.7 773
-1499.5 731
-1499.3 757
-1499.1 762
-1498.9 722
-1498.7 749
-1498.5 780
-1498.3 769
-1498.1 763
-1497.9 739
-1497.7 804
-1497.5 743
-1497.3 740
-1497.1 737
-1496.9 767
-1496.7 770
-1496.5 758
-1496.3 787
-1496.1 725
-1495.9 720
-1495.7 740
-1495.5 722
-1495.3 756
-1495.1 770
-1494.9 765
-1494.7 766
-1494.5 780
-1494.3 753
-1494.1 769
-1493.9 831
-1493.7 801
-1493.5 750
-1493.3 786
-1493.1 791
-1492.9 790
-1492.7 802
-1492.5 818
-1492.3 750
-1492.1 872
-1491.9 814
-1491.7 797
-1491.5 862
-1491.3 820
-1491.1 844
-1490.9 824
-1490.7 843
-1490.5 850
-1490.3 847
-1490.1 897
-1489.9 834
-1489.7 845
-1489.5 869
-1489.3 861
-1489.1 856
-1488.9 831
-1488.7 846
-1488.5 818
-1488.3 793
-1488.1 858
-1487.9 826
-1487.7 805
-1487.5 837
-1487.3 806
-1487.1 845
-1486.9 856
-1486.7 833
-1486.5 791
-1486.3 779
-1486.1 903
-1485.9 826
-1485.7 857
-1485.5 857
-1485.3 840
-1485.1 838
-1484.9 812
-1484.7 817
-1484.5 806
-1484.3 808
-1484.1 788
-1483.9 779
-1483.7 821
-1483.5 775
-1483.3 777
-1483.1 779
-1482.9 802
-1482.7 756
-1482.5 718
-1482.3 821
-1482.1 765
-1481.9 822
-1481.7 683
-1481.5 751
-1481.3 744
-1481.1 707
-1480.9 742
-1480.7 765
-1480.5 769
-1480.3 788
-1480.1 776
-1479.9 829
-1479.7 764
-1479.5 739
-1479.3 739
-1479.1 831
-1478.9 753
-1478.7 752
-1478.5 756
-1478.3 780
-1478.1 802
-1477.9 769
-1477.7 786
-1477.5 802
-1477.3 802
-1477.1 783
-1476.9 758
-1476.7 834
-1476.5 853
-1476.3 755
-1476.1 814
-1475.9 824
-1475.7 829
-1475.5 821
-1475.3 800
-1475.1 839
-1474.9 898
-1474.7 833
-1474.5 873
-1474.3 834
-1474.1 872
-1473.9 856
-1473.7 830
-1473.5 848
-1473.3 839
-1473.1 816
-1472.9 840
-1472.7 886
-1472.5 822
-1472.3 878
-1472.1 855
-1471.9 888
-1471.7 812
-1471.5 809
-1471.3 903
-1471.1 820
-1470.9 838
-1470.7 816
-1470.5 891
-1470.3 859
-1470.1 859
-1469.9 806
-1469.7 853
-1469.5 845
-1469.3 849
-1469.1 868
-1468.9 844
-1468.7 808
-1468.5 830
-1468.3 803
-1468.1 826
-1467.9 765
-1467.7 763
-1467.5 808
-1467.3 835
-1467.1 798
-1466.9 808
-1466.7 825
-1466.5 820
-1466.3 713
-1466.1 859
-1465.9 815
-1465.7 816
-1465.5 777
-1465.3 776
-1465.1 760
-1464.9 754
-1464.7 842
-1464.5 783
-1464.3 786
-1464.1 805
-1463.9 776
-1463.7 763
-1463.5 752
-1463.3 783
-1463.1 761
-1462.9 769
-1462.7 785
-1462.5 759
-1462.3 752
-1462.1 745
-1461.9 782
-1461.7 810
-1461.5 789
-1461.3 752
-1461.1 765
-1460.9 798
-1460.7 799
-1460.5 749
-1460.3 780
-1460.1 776
-1459.9 889
-1459.7 818
-1459.5 753
-1459.3 819
-1459.1 813
-1458.9 836
-1458.7 846
-1458.5 841
-1458.3 790
-1458.1 794
-1457.9 829
-1457.7 836
-1457.5 846
-1457.3 785
-1457.1 795
-1456.9 840
-1456.7 856
-1456.5 864
-1456.3 876
-1456.1 843
-1455.9 846
-1455.7 869
-1455.5 861
-1455.3 863
-1455.1 891
-1454.9 836
-1454.7 875
-1454.5 818
-1454.3 850
-1454.1 856
-1453.9 847
-1453.7 858
-1453.5 853
-1453.3 882
-1453.1 827
-1452.9 876
-1452.7 894
-1452.5 821
-1452.3 799
-1452.1 829
-1451.9 856
-1451.7 786
-1451.5 836
-1451.3 832
-1451.1 765
-1450.9 882
-1450.7 829
-1450.5 806
-1450.3 786
-1450.1 818
-1449.9 852
-1449.7 841
-1449.5 833
-1449.3 849
-1449.1 786
-1448.9 791
-1448.7 786
-1448.5 854
-1448.3 773
-1448.1 815
-1447.9 792
-1447.7 788
-1447.5 751
-1447.3 763
-1447.1 775
-1446.9 826
-1446.7 813
-1446.5 814
-1446.3 768
-1446.1 797
-1445.9 842
-1445.7 786
-1445.5 763
-1445.3 832
-1445.1 817
-1444.9 752
-1444.7 797
-1444.5 822
-1444.3 781
-1444.1 777
-1443.9 767
-1443.7 736
-1443.5 795
-1443.3 820
-1443.1 730
-1442.9 746
-1442.7 784
-1442.5 788
-1442.3 824
-1442.1 796
-1441.9 784
-1441.7 738
-1441.5 792
-1441.3 793
-1441.1 807
-1440.9 744
-1440.7 763
-1440.5 756
-1440.3 844
-1440.1 820
-1439.9 746
-1439.7 784
-1439.5 770
-1439.3 758
-1439.1 778
-1438.9 772
-1438.7 803
-1438.5 790
-1438.3 789
-1438.1 791
-1437.9 824
-1437.7 831
-1437.5 848
-1437.3 791
-1437.1 821
-1436.9 820
-1436.7 853
-1436.5 766
-1436.3 849
-1436.1 823
-1435.9 865
-1435.7 782
-1435.5 810
-1435.3 782
-1435.1 849
-1434.9 819
-1434.7 816
-1434.5 829
-1434.3 852
-1434.1 790
-1433.9 859
-1433.7 843
-1433.5 838
-1433.3 821
-1433.1 777
-1432.9 829
-1432.7 861
-1432.5 820
-1432.3 797
-1432.1 841
-1431.9 807
-1431.7 825
-1431.5 832
-1431.3 813
-1431.1 810
-1430.9 790
-1430.7 829
-1430.5 780
-1430.3 837
-1430.1 837
-1429.9 849
-1429.7 820
-1429.5 782
-1429.3 812
-1429.1 815
-1428.9 784
-1428.7 806
-1428.5 786
-1428.3 782
-1428.1 751
-1427.9 802
-1427.7 793
-1427.5 839
-1427.3 789
-1427.1 766
-1426.9 732
-1426.7 755
-1426.5 802
-1426.3 770
-1426.1 745
-1425.9 738
-1425.7 785
-1425.5 811
-1425.3 756
-1425.1 770
-1424.9 819
-1424.7 824
-1424.5 735
-1424.3 759
-1424.1 839
-1423.9 819
-1423.7 774
-1423.5 814
-1423.3 817
-1423.1 768
-1422.9 781
-1422.7 800
-1422.5 786
-1422.3 759
-1422.1 821
-1421.9 753
-1421.7 791
-1421.5 766
-1421.3 761
-1421.1 825
-1420.9 822
-1420.7 806
-1420.5 780
-1420.3 761
-1420.1 804
-1419.9 788
-1419.7 813
-1419.5 821
-1419.3 811
-1419.1 827
-1418.9 810
-1418.7 843
-1418.5 822
-1418.3 835
-1418.1 853
-1417.9 872
-1417.7 805
-1417.5 776
-1417.3 758
-1417.1 829
-1416.9 761
-1416.7 855
-1416.5 832
-1416.3 856
-1416.1 799
-1415.9 814
-1415.7 798
-1415.5 758
-1415.3 845
-1415.1 829
-1414.9 814
-1414.7 855
-1414.5 764
-1414.3 819
-1414.1 831
-1413.9 855
-1413.7 788
-1413.5 816
-1413.3 760
-1413.1 834
-1412.9 800
-1412.7 775
-1412.5 832
-1412.3 793
-1412.1 784
-1411.9 811
-1411.7 761
-1411.5 769
-1411.3 839
-1411.1 783
-1410.9 796
-1410.7 772
-1410.5 770
-1410.3 813
-1410.1 819
-1409.9 744
-1409.7 773
-1409.5 776
-1409.3 794
-1409.1 799
-1408.9 758
-1408.7 803
-1408.5 791
-1408.3 799
-1408.1 785
-1407.9 781
-1407.7 740
-1407.5 779
-1407.3 773
-1407.1 795
-1406.9 755
-1406.7 801
-1406.5 750
-1406.3 750
-1406.1 758
-1405.9 800
-1405.7 824
-1405.5 756
-1405.3 843
-1405.1 797
-1404.9 783
-1404.7 732
-1404.5 775
-1404.3 770
-1404.1 767
-1403.9 786
-1403.7 793
-1403.5 846
-1403.3 809
-1403.1 813
-1402.9 811
-1402.7 810
-1402.5 826
-1402.3 808
-1402.1 736
-1401.9 829
-1401.7 801
-1401.5 800
-1401.3 752
-1401.1 875
-1400.9 807
-1400.7 832
-1400.5 802
-1400.3 783
-1400.1 826
-1399.9 824
-1399.7 800
-1399.5 816
-1399.3 856
-1399.1 836
-1398.9 814
-1398.7 759
-1398.5 830
-1398.3 818
-1398.1 781
-1397.9 757
-1397.7 802
-1397.5 748
-1397.3 816
-1397.1 787
-1396.9 821
-1396.7 850
-1396.5 858
-1396.3 780
-1396.1 802
-1395.9 823
-1395.7 803
-1395.5 778
-1395.3 872
-1395.1 817
-1394.9 863
-1394.7 854
-1394.5 780
-1394.3 775
-1394.1 814
-1393.9 799
-1393.7 816
-1393.5 795
-1393.3 787
-1393.1 830
-1392.9 799
-1392.7 767
-1392.5 792
-1392.3 831
-1392.1 797
-1391.9 847
-1391.7 815
-1391.5 737
-1391.3 845
-1391.1 855
-1390.9 864
-1390.7 724
-1390.5 829
-1390.3 760
-1390.1 794
-1389.9 838
-1389.7 825
-1389.5 744
-1389.3 775
-1389.1 798
-1388.9 755
-1388.7 755
-1388.5 742
-1388.3 799
-1388.1 837
-1387.9 780
-1387.7 741
-1387.5 778
-1387.3 825
-1387.1 775
-1386.9 770
-1386.7 772
-1386.5 773
-1386.3 770
-1386.1 798
-1385.9 828
-1385.7 726
-1385.5 797
-1385.3 813
-1385.1 835
-1384.9 780
-1384.7 738
-1384.5 766
-1384.3 796
-1384.1 830
-1383.9 800
-1383.7 843
-1383.5 804
-1383.3 807
-1383.1 819
-1382.9 782
-1382.7 833
-1382.5 780
-1382.3 821
-1382.1 820
-1381.9 816
-1381.7 789
-1381.5 788
-1381.3 818
-1381.1 787
-1380.9 785
-1380.7 804
-1380.5 819
-1380.3 804
-1380.1 806
-1379.9 819
-1379.7 801
-1379.5 832
-1379.3 759
-1379.1 808
-1378.9 804
-1378.7 843
-1378.5 830
-1378.3 815
-1378.1 781
-1377.9 767
-1377.7 774
-1377.5 786
-1377.3 751
-1377.1 826
-1376.9 751
-1376.7 768
-1376.5 823
-1376.3 800
-1376.1 797
-1375.9 835
-1375.7 814
-1375.5 786
-1375.3 799
-1375.1 806
-1374.9 817
-1374.7 782
-1374.5 759
-1374.3 797
-1374.1 839
-1373.9 834
-1373.7 797
-1373.5 798
-1373.3 790
-1373.1 797
-1372.9 779
-1372.7 808
-1372.5 806
-1372.3 783
-1372.1 788
-1371.9 819
-1371.7 830
-1371.5 782
-1371.3 818
-1371.1 789
-1370.9 818
-1370.7 826
-1370.5 776
-1370.3 806
-1370.1 762
-1369.9 781
-1369.7 777
-1369.5 735
-1369.3 772
-1369.1 806
-1368.9 852
-1368.7 744
-1368.5 790
-1368.3 770
-1368.1 799
-1367.9 760
-1367.7 844
-1367.5 821
-1367.3 757
-1367.1 773
-1366.9 809
-1366.7 799
-1366.5 799
-1366.3 780
-1366.1 818
-1365.9 772
-1365.7 801
-1365.5 794
-1365.3 779
-1365.1 748
-1364.9 738
-1364.7 734
-1364.5 754
-1364.3 741
-1364.1 724
-1363.9 757
-1363.7 767
-1363.5 782
-1363.3 766
-1363.1 716
-1362.9 756
-1362.7 763
-1362.5 737
-1362.3 737
-1362.1 751
-1361.9 712
-1361.7 712
-1361.5 717
-1361.3 691
-1361.1 685
-1360.9 687
-1360.7 681
-1360.5 725
-1360.3 713
-1360.1 674
-1359.9 732
-1359.7 667
-1359.5 660
-1359.3 657
-1359.1 625
-1358.9 650
-1358.7 582
-1358.5 642
-1358.3 674
-1358.1 577
-1357.9 613
-1357.7 573
-1357.5 590
-1357.3 574
-1357.1 572
-1356.9 584
-1356.7 578
-1356.5 574
-1356.3 533
-1356.1 534
-1355.9 559
-1355.7 558
-1355.5 561
-1355.3 515
-1355.1 494
-1354.9 488
-1354.7 520
-1354.5 450
-1354.3 422
-1354.1 500
-1353.9 508
-1353.7 482
-1353.5 470
-1353.3 451
-1353.1 466
-1352.9 417
-1352.7 430
-1352.5 397
-1352.3 438
-1352.1 434
-1351.9 427
-1351.7 438
-1351.5 422
-1351.3 408
-1351.1 408
-1350.9 386
-1350.7 374
-1350.5 380
-1350.3 386
-1350.1 352
-1349.9 361
-1349.7 376
-1349.5 331
-1349.3 348
-1349.1 318
-1348.9 314
-1348.7 324
-1348.5 333
-1348.3 325
-1348.1 334
-1347.9 308
-1347.7 302
-1347.5 284
-1347.3 310
-1347.1 287
-1346.9 278
-1346.7 275
-1346.5 288
-1346.3 269
-1346.1 265
-1345.9 283
-1345.7 267
-1345.5 245
-1345.3 251
-1345.1 241
-1344.9 229
-1344.7 251
-1344.5 234
-1344.3 237
-1344.1 243
-1343.9 219
-1343.7 199
-1343.5 227
-1343.3 206
-1343.1 198
-1342.9 180
-1342.7 173
-1342.5 221
-1342.3 200
-1342.1 173
-1341.9 165
-1341.7 194
-1341.5 168
-1341.3 176
-1341.1 168
-1340.9 173
-1340.7 156
-1340.5 151
-1340.3 177
-1340.1 152
-1339.9 147
-1339.7 159
-1339.5 127
-1339.3 157
-1339.1 127
-1338.9 142
-1338.7 148
-1338.5 127
-1338.3 118
-1338.1 126
-1337.9 126
-1337.7 136
-1337.5 140
-1337.3 125
-1337.1 123
-1336.9 108
-1336.7 120
-1336.5 88
-1336.3 109
-1336.1 99
-1335.9 106
-1335.7 89
-1335.5 118
-1335.3 99
-1335.1 97
-1334.9 85
-1334.7 86
-1334.5 66
-1334.3 78
-1334.1 80
-1333.9 64
-1333.7 82
-1333.5 86
-1333.3 96
-1333.1 81
-1332.9 82
-1332.7 70
-1332.5 56
-1332.3 85
-1332.1 64
-1331.9 52
-1331.7 54
-1331.5 48
-1331.3 57
-1331.1 57
-1330.9 48
-1330.7 48
-1330.5 62
-1330.3 36
-1330.1 49
-1329.9 48
-1329.7 48
-1329.5 44
-1329.3 42
-1329.1 31
-1328.9 24
-1328.7 32
-1328.5 34
-1328.3 31
-1328.1 27
-1327.9 34
-1327.7 35
-1327.5 39
-1327.3 32
-1327.1 32
-1326.9 32
-1326.7 26
-1326.5 37
-1326.3 24
-1326.1 32
-1325.9 27
-1325.7 23
-1325.5 24
-1325.3 18
-1325.1 22
-1324.9 20
-1324.7 21
-1324.5 14
-1324.3 23
-1324.1 22
-1323.9 16
-1323.7 17
-1323.5 21
-1323.3 16
-1323.1 17
-1322.9 16
-1322.7 13
-1322.5 20
-1322.3 16
-1322.1 13
-1321.9 10
-1321.7 15
-1321.5 12
-1321.3 8
-1321.1 13
-1320.9 18
-1320.7 12
-1320.5 13
-1320.3 13
-1320.1 7
-1319.9 9
-1319.7 15
-1319.5 14
-1319.3 12
-1319.1 10
-1318.9 12
-1318.7 13
-1318.5 11
-1318.3 8
-1318.1 14
-1317.9 16
-1317.7 8
-1317.5 10
-1317.3 6
-1317.1 12
-1316.9 8
-1316.7 11
-1316.5 7
-1316.3 10
-1316.1 10
-1315.9 9
-1315.7 14
-1315.5 14
-1315.3 4
-1315.1 8
-1314.9 10
-1314.7 5
-1314.5 7
-1314.3 8
-1314.1 8
-1313.9 9
-1313.7 8
-1313.5 1
-1313.3 9
-1313.1 6
-1312.9 8
-1312.7 9
-1312.5 7
-1312.3 9
-1312.1 9
-1311.9 5
-1311.7 7
-1311.5 11
-1311.3 5
-1311.1 8
-1310.9 10
-1310.7 13
-1310.5 6
-1310.3 6
-1310.1 6
-1309.9 7
-1309.7 4
-1309.5 11
-1309.3 10
-1309.1 9
-1308.9 6
-1308.7 13
-1308.5 5
-1308.3 9
-1308.1 6
-1307.9 9
-1307.7 6
-1307.5 2
-1307.3 9
-1307.1 6
-1306.9 11
-1306.7 10
-1306.5 10
-1306.3 2
-1306.1 7
-1305.9 8
-1305.7 9
-1305.5 9
-1305.3 9
-1305.1 9
-1304.9 9
-1304.7 9
-1304.5 9
-1304.3 12
-1304.1 10
-1303.9 8
-1303.7 6
-1303.5 8
-1303.3 11
-1303.1 9
-1302.9 4
-1302.7 6
-1302.5 11
-1302.3 4
-1302.1 1
-1301.9 7
-1301.7 8
-1301.5 12
-1301.3 3
-1301.1 2
-1300.9 3
-1300.7 3
-1300.5 3
-1300.3 7
-1300.1 10
