-1589.9 0
-1589.7 5
-1589.5 3
-1589.3 3
-1589.1 6
-1588.9 0
-1588.7 3
-1588.5 7
-1588.3 3
-1588.1 6
-1587.9 3
-1587.7 5
-1587.5 2
-1587.3 1
-1587.1 3
-1586.9 5
-1586.7 4
-1586.5 3
-1586.3 3
-1586.1 5
-1585.9 2
-1585.7 0
-1585.5 2
-1585.3 1
-1585.1 2
-1584.9 2
-1584.7 2
-1584.5 5
-1584.3 2
-1584.1 3
-1583.9 4
-1583.7 5
-1583.5 1
-1583.3 6
-1583.1 5
-1582.9 3
-1582.7 4
-1582.5 2
-1582.3 6
-1582.1 4
-1581.9 5
-1581.7 5
-1581.5 0
-1581.3 2
-1581.1 9
-1580.9 2
-1580.7 5
-1580.5 4
-1580.3 2
-1580.1 8
-1579.9 7
-1579.7 6
-1579.5 1
-1579.3 3
-1579.1 8
-1578.9 8
-1578.7 10
-1578.5 9
-1578.3 13
-1578.1 17
-1577.9 14
-1577.7 5
-1577.5 13
-1577.3 23
-1577.1 19
-1576.9 13
-1576.7 28
-1576.5 26
-1576.3 30
-1576.1 39
-1575.9 31
-1575.7 63
-1575.5 45
-1575.3 60
-1575.1 71
-1574.9 83
-1574.7 79
-1574.5 90
-1574.3 97
-1574.1 119
-1573.9 127
-1573.7 136
-1573.5 142
-1573.3 146
-1573.1 167
-1572.9 214
-1572.7 219
-1572.5 216
-1572.3 253
-1572.1 249
-1571.9 273
-1571.7 288
-1571.5 316
-1571.3 327
-1571.1 344
-1570.9 371
-1570.7 394
-1570.5 445
-1570.3 435
-1570.1 465
-1569.9 507
-1569.7 518
-1569.5 515
-1569.3 608
-1569.1 620
-1568.9 623
-1568.7 676
-1568.5 653
-1568.3 717
-1568.1 701
-1567.9 725
-1567.7 774
-1567.5 760
-1567.3 842
-1567.1 804
-1566.9 818
-1566.7 877
-1566.5 928
-1566.3 935
-1566.1 993
-1565.9 914
-1565.7 959
-1565.5 963
-1565.3 1004
-1565.1 997
-1564.9 1036
-1564.7 1054
-1564.5 1043
-1564.3 1069
-1564.1 1058
-1563.9 1108
-1563.7 1135
-1563.5 1139
-1563.3 1116
-1563.1 1107
-1562.9 1165
-1562.7 1133
-1562.5 1137
-1562.3 1204
-1562.1 1152
-1561.9 1190
-1561.7 1180
-1561.5 1159
-1561.3 1254
-1561.1 1191
-1560.9 1242
-1560.7 1156
-1560.5 1129
-1560.3 1229
-1560.1 1207
-1559.9 1239
-1559.7 1190
-1559.5 1144
-1559.3 1193
-1559.1 1167
-1558.9 1249
-1558.7 1135
-1558.5 1215
-1558.3 1216
-1558.1 1187
-1557.9 1234
-1557.7 1155
-1557.5 1155
-1557.3 1135
-1557.1 1157
-1556.9 1155
-1556.7 1125
-1556.5 1146
-1556.3 1148
-1556.1 1159
-1555.9 1124
-1555.7 1111
-1555.5 1116
-1555.3 1173
-1555.1 1053
-1554.9 1094
-1554.7 1062
-1554.5 1072
-1554.3 991
-1554.1 1020
-1553.9 995
-1553.7 1067
-1553.5 1026
-1553.3 959
-1553.1 1031
-1552.9 1037
-1552.7 979
-1552.5 1058
-1552.3 1060
-1552.1 1048
-1551.9 1005
-1551.7 1004
-1551.5 1063
-1551.3 1032
-1551.1 1018
-1550.9 1010
-1550.7 946
-1550.5 1026
-1550.3 948
-1550.1 949
-1549.9 962
-1549.7 955
-1549.5 996
-1549.3 925
-1549.1 895
-1548.9 927
-1548.7 950
-1548.5 925
-1548.3 908
-1548.1 937
-1547.9 919
-1547.7 965
-1547.5 924
-1547.3 886
-1547.1 884
-1546.9 926
-1546.7 858
-1546.5 868
-1546.3 885
-1546.1 903
-1545.9 904
-1545.7 881
-1545.5 905
-1545.3 861
-1545.1 811
-1544.9 870
-1544.7 900
-1544.5 860
-1544.3 883
-1544.1 903
-1543.9 944
-1543.7 861
-1543.5 857
-1543.3 865
-1543.1 859
-1542.9 848
-1542.7 876
-1542.5 787
-1542.3 837
-1542.1 873
-1541.9 867
-1541.7 847
-1541.5 812
-1541.3 853
-1541.1 838
-1540.9 895
-1540.7 832
-1540.5 860
-1540.3 822
-1540.1 862
-1539.9 850
-1539.7 847
-1539.5 870
-1539.3 853
-1539.1 819
-1538.9 851
-1538.7 870
-1538.5 847
-1538.3 865
-1538.1 802
-1537.9 883
-1537.7 854
-1537.5 808
-1537.3 848
-1537.1 833
-1536.9 827
-1536.7 850
-1536.5 797
-1536.3 886
-1536.1 856
-1535.9 782
-1535.7 875
-1535.5 836
-1535.3 877
-1535.1 837
-1534.9 840
-1534.7 833
-1534.5 847
-1534.3 847
-1534.1 856
-1533.9 883
-1533.7 900
-1533.5 833
-1533.3 798
-1533.1 854
-1532.9 828
-1532.7 877
-1532.5 842
-1532.3 856
-1532.1 817
-1531.9 851
-1531.7 847
-1531.5 850
-1531.3 810
-1531.1 825
-1530.9 829
-1530.7 788
-1530.5 802
-1530.3 821
-1530.1 805
-1529.9 773
-1529.7 809
-1529.5 766
-1529.3 821
-1529.1 771
-1528.9 807
-1528.7 775
-1528.5 788
-1528.3 788
-1528.1 821
-1527.9 770
-1527.7 787
-1527.5 857
-1527.3 833
-1527.1 773
-1526.9 803
-1526.7 788
-1526.5 823
-1526.3 830
-1526.1 773
-1525.9 793
-1525.7 803
-1525.5 803
-1525.3 769
-1525.1 782
-1524.9 772
-1524.7 824
-1524.5 750
-1524.3 778
-1524.1 787
-1523.9 773
-1523.7 790
-1523.5 770
-1523.3 775
-1523.1 790
-1522.9 820
-1522.7 775
-1522.5 802
-1522.3 829
-1522.1 784
-1521.9 845
-1521.7 805
-1521.5 771
-1521.3 819
-1521.1 883
-1520.9 778
-1520.7 787
-1520.5 777
-1520.3 793
-1520.1 773
-1519.9 821
-1519.7 790
-1519.5 791
-1519.3 777
-1519.1 827
-1518.9 823
-1518.7 834
-1518.5 831
-1518.3 795
-1518.1 822
-1517.9 871
-1517.7 784
-1517.5 850
-1517.3 846
-1517.1 829
-1516.9 808
-1516.7 768
-1516.5 855
-1516.3 860
-1516.1 817
-1515.9 858
-1515.7 850
-1515.5 773
-1515.3 742
-1515.1 828
-1514.9 808
-1514.7 799
-1514.5 810
-1514.3 798
-1514.1 790
-1513.9 848
-1513.7 831
-1513.5 852
-1513.3 840
-1513.1 818
-1512.9 892
-1512.7 769
-1512.5 776
-1512.3 836
-1512.1 731
-1511.9 777
-1511.7 754
-1511.5 807
-1511.3 833
-1511.1 773
-1510.9 782
-1510.7 833
-1510.5 852
-1510.3 794
-1510.1 783
-1509.9 812
-1509.7 821
-1509.5 766
-1509.3 808
-1509.1 765
-1508.9 748
-1508.7 744
-1508.5 748
-1508.3 736
-1508.1 802
-1507.9 850
-1507.7 797
-1507.5 799
-1507.3 759
-1507.1 769
-1506.9 847
-1506.7 760
-1506.5 812
-1506.3 787
-1506.1 795
-1505.9 782
-1505.7 770
-1505.5 740
-1505.3 786
-1505.1 788
-1504.9 806
-1504.7 816
-1504.5 750
-1504.3 790
-1504.1 814
-1503.9 783
-1503.7 773
-1503.5 787
-1503.3 793
-1503.1 735
-1502.9 780
-1502.7 765
-1502.5 805
-1502.3 798
-1502.1 756
-1501.9 816
-1501.7 872
-1501.5 847
-1501.3 807
-1501.1 804
-1500.9 818
-1500.7 751
-1500.5 771
-1500.3 773
-1500.1 781
-1499.9 813
-1499.7 811
-1499.5 827
-1499.3 775
-1499.1 766
-1498.9 783
-1498.7 831
-1498.5 802
-1498.3 762
-1498.1 813
-1497.9 780
-1497.7 799
-1497.5 818
-1497.3 800
-1497.1 816
-1496.9 843
-1496.7 782
-1496.5 816
-1496.3 866
-1496.1 852
-1495.9 825
-1495.7 792
-1495.5 751
-1495.3 802
-1495.1 813
-1494.9 780
-1494.7 825
-1494.5 879
-1494.3 784
-1494.1 775
-1493.9 798
-1493.7 809
-1493.5 812
-1493.3 794
-1493.1 759
-1492.9 803
-1492.7 779
-1492.5 798
-1492.3 842
-1492.1 781
-1491.9 804
-1491.7 881
-1491.5 785
-1491.3 839
-1491.1 803
-1490.9 817
-1490.7 799
-1490.5 789
-1490.3 785
-1490.1 798
-1489.9 825
-1489.7 769
-1489.5 832
-1489.3 767
-1489.1 783
-1488.9 802
-1488.7 764
-1488.5 837
-1488.3 807
-1488.1 790
-1487.9 782
-1487.7 789
-1487.5 827
-1487.3 780
-1487.1 779
-1486.9 781
-1486.7 852
-1486.5 757
-1486.3 773
-1486.1 819
-1485.9 751
-1485.7 787
-1485.5 761
-1485.3 818
-1485.1 801
-1484.9 809
-1484.7 773
-1484.5 807
-1484.3 816
-1484.1 827
-1483.9 767
-1483.7 749
-1483.5 781
-1483.3 781
-1483.1 820
-1482.9 764
-1482.7 824
-1482.5 809
-1482.3 815
-1482.1 818
-1481.9 792
-1481.7 810
-1481.5 808
-1481.3 834
-1481.1 800
-1480.9 844
-1480.7 844
-1480.5 859
-1480.3 836
-1480.1 792
-1479.9 823
-1479.7 848
-1479.5 818
-1479.3 837
-1479.1 860
-1478.9 863
-1478.7 858
-1478.5 855
-1478.3 852
-1478.1 840
-1477.9 860
-1477.7 817
-1477.5 845
-1477.3 839
-1477.1 794
-1476.9 804
-1476.7 835
-1476.5 831
-1476.3 857
-1476.1 893
-1475.9 845
-1475.7 839
-1475.5 853
-1475.3 851
-1475.1 795
-1474.9 816
-1474.7 830
-1474.5 848
-1474.3 815
-1474.1 829
-1473.9 871
-1473.7 828
-1473.5 810
-1473.3 825
-1473.1 786
-1472.9 789
-1472.7 845
-1472.5 852
-1472.3 785
-1472.1 839
-1471.9 835
-1471.7 811
-1471.5 780
-1471.3 820
-1471.1 795
-1470.9 792
-1470.7 820
-1470.5 869
-1470.3 814
-1470.1 776
-1469.9 806
-1469.7 857
-1469.5 810
-1469.3 812
-1469.1 805
-1468.9 836
-1468.7 785
-1468.5 810
-1468.3 858
-1468.1 823
-1467.9 835
-1467.7 788
-1467.5 807
-1467.3 778
-1467.1 818
-1466.9 809
-1466.7 828
-1466.5 841
-1466.3 823
-1466.1 804
-1465.9 861
-1465.7 823
-1465.5 832
-1465.3 801
-1465.1 806
-1464.9 841
-1464.7 820
-1464.5 832
-1464.3 791
-1464.1 797
-1463.9 825
-1463.7 841
-1463.5 860
-1463.3 867
-1463.1 822
-1462.9 839
-1462.7 841
-1462.5 852
-1462.3 872
-1462.1 826
-1461.9 844
-1461.7 812
-1461.5 862
-1461.3 821
-1461.1 845
-1460.9 778
-1460.7 808
-1460.5 844
-1460.3 801
-1460.1 872
-1459.9 826
-1459.7 819
-1459.5 887
-1459.3 862
-1459.1 867
-1458.9 812
-1458.7 808
-1458.5 812
-1458.3 879
-1458.1 818
-1457.9 841
-1457.7 765
-1457.5 813
-1457.3 845
-1457.1 782
-1456.9 835
-1456.7 872
-1456.5 822
-1456.3 798
-1456.1 793
-1455.9 795
-1455.7 818
-1455.5 800
-1455.3 799
-1455.1 812
-1454.9 830
-1454.7 753
-1454.5 863
-1454.3 799
-1454.1 791
-1453.9 775
-1453.7 840
-1453.5 852
-1453.3 825
-1453.1 745
-1452.9 774
-1452.7 794
-1452.5 825
-1452.3 838
-1452.1 766
-1451.9 787
-1451.7 816
-1451.5 809
-1451.3 801
-1451.1 819
-1450.9 814
-1450.7 772
-1450.5 843
-1450.3 856
-1450.1 816
-1449.9 817
-1449.7 819
-1449.5 816
-1449.3 853
-1449.1 830
-1448.9 811
-1448.7 820
-1448.5 795
-1448.3 810
-1448.1 824
-1447.9 769
-1447.7 804
-1447.5 800
-1447.3 821
-1447.1 887
-1446.9 838
-1446.7 809
-1446.5 787
-1446.3 819
-1446.1 801
-1445.9 808
-1445.7 785
-1445.5 795
-1445.3 794
-1445.1 782
-1444.9 758
-1444.7 827
-1444.5 834
-1444.3 805
-1444.1 828
-1443.9 811
-1443.7 822
-1443.5 800
-1443.3 827
-1443.1 839
-1442.9 777
-1442.7 827
-1442.5 773
-1442.3 826
-1442.1 788
-1441.9 782
-1441.7 825
-1441.5 810
-1441.3 793
-1441.1 853
-1440.9 762
-1440.7 853
-1440.5 851
-1440.3 810
-1440.1 828
-1439.9 793
-1439.7 780
-1439.5 789
-1439.3 776
-1439.1 788
-1438.9 813
-1438.7 801
-1438.5 802
-1438.3 847
-1438.1 804
-1437.9 760
-1437.7 823
-1437.5 840
-1437.3 835
-1437.1 823
-1436.9 842
-1436.7 834
-1436.5 820
-1436.3 824
-1436.1 786
-1435.9 821
-1435.7 879
-1435.5 855
-1435.3 824
-1435.1 766
-1434.9 835
-1434.7 831
-1434.5 820
-1434.3 896
-1434.1 822
-1433.9 760
-1433.7 762
-1433.5 813
-1433.3 853
-1433.1 832
-1432.9 817
-1432.7 813
-1432.5 816
-1432.3 797
-1432.1 809
-1431.9 783
-1431.7 817
-1431.5 776
-1431.3 838
-1431.1 829
-1430.9 786
-1430.7 762
-1430.5 775
-1430.3 838
-1430.1 840
-1429.9 782
-1429.7 829
-1429.5 837
-1429.3 809
-1429.1 812
-1428.9 822
-1428.7 776
-1428.5 855
-1428.3 825
-1428.1 784
-1427.9 823
-1427.7 807
-1427.5 821
-1427.3 780
-1427.1 789
-1426.9 852
-1426.7 827
-1426.5 801
-1426.3 817
-1426.1 819
-1425.9 807
-1425.7 877
-1425.5 759
-1425.3 787
-1425.1 828
-1424.9 800
-1424.7 812
-1424.5 792
-1424.3 782
-1424.1 826
-1423.9 793
-1423.7 780
-1423.5 856
-1423.3 828
-1423.1 847
-1422.9 811
-1422.7 831
-1422.5 745
-1422.3 828
-1422.1 792
-1421.9 839
-1421.7 790
-1421.5 842
-1421.3 877
-1421.1 796
-1420.9 861
-1420.7 805
-1420.5 846
-1420.3 820
-1420.1 763
-1419.9 858
-1419.7 812
-1419.5 888
-1419.3 790
-1419.1 842
-1418.9 846
-1418.7 868
-1418.5 844
-1418.3 753
-1418.1 766
-1417.9 801
-1417.7 824
-1417.5 798
-1417.3 806
-1417.1 813
-1416.9 859
-1416.7 753
-1416.5 843
-1416.3 822
-1416.1 832
-1415.9 772
-1415.7 819
-1415.5 805
-1415.3 820
-1415.1 775
-1414.9 852
-1414.7 848
-1414.5 754
-1414.3 770
-1414.1 811
-1413.9 787
-1413.7 845
-1413.5 770
-1413.3 804
-1413.1 830
-1412.9 801
-1412.7 782
-1412.5 807
-1412.3 800
-1412.1 819
-1411.9 842
-1411.7 784
-1411.5 754
-1411.3 801
-1411.1 836
-1410.9 829
-1410.7 831
-1410.5 814
-1410.3 806
-1410.1 812
-1409.9 855
-1409.7 794
-1409.5 822
-1409.3 824
-1409.1 788
-1408.9 834
-1408.7 801
-1408.5 796
-1408.3 797
-1408.1 787
-1407.9 800
-1407.7 794
-1407.5 800
-1407.3 820
-1407.1 852
-1406.9 849
-1406.7 802
-1406.5 800
-1406.3 793
-1406.1 822
-1405.9 881
-1405.7 836
-1405.5 876
-1405.3 816
-1405.1 819
-1404.9 807
-1404.7 780
-1404.5 849
-1404.3 790
-1404.1 809
-1403.9 794
-1403.7 818
-1403.5 781
-1403.3 840
-1403.1 775
-1402.9 869
-1402.7 820
-1402.5 755
-1402.3 864
-1402.1 761
-1401.9 772
-1401.7 774
-1401.5 773
-1401.3 816
-1401.1 831
-1400.9 809
-1400.7 828
-1400.5 834
-1400.3 800
-1400.1 802
-1399.9 842
-1399.7 889
-1399.5 794
-1399.3 789
-1399.1 782
-1398.9 822
-1398.7 792
-1398.5 823
-1398.3 825
-1398.1 809
-1397.9 818
-1397.7 803
-1397.5 770
-1397.3 845
-1397.1 838
-1396.9 774
-1396.7 819
-1396.5 825
-1396.3 812
-1396.1 834
-1395.9 839
-1395.7 807
-1395.5 807
-1395.3 792
-1395.1 795
-1394.9 813
-1394.7 868
-1394.5 831
-1394.3 854
-1394.1 785
-1393.9 814
-1393.7 814
-1393.5 829
-1393.3 827
-1393.1 831
-1392.9 811
-1392.7 777
-1392.5 825
-1392.3 765
-1392.1 785
-1391.9 807
-1391.7 777
-1391.5 822
-1391.3 823
-1391.1 847
-1390.9 841
-1390.7 848
-1390.5 827
-1390.3 804
-1390.1 814
-1389.9 807
-1389.7 775
-1389.5 784
-1389.3 776
-1389.1 798
-1388.9 783
-1388.7 854
-1388.5 801
-1388.3 774
-1388.1 800
-1387.9 801
-1387.7 795
-1387.5 786
-1387.3 861
-1387.1 809
-1386.9 757
-1386.7 858
-1386.5 806
-1386.3 784
-1386.1 792
-1385.9 773
-1385.7 836
-1385.5 824
-1385.3 758
-1385.1 801
-1384.9 794
-1384.7 835
-1384.5 849
-1384.3 820
-1384.1 808
-1383.9 870
-1383.7 786
-1383.5 773
-1383.3 800
-1383.1 725
-1382.9 783
-1382.7 832
-1382.5 824
-1382.3 828
-1382.1 757
-1381.9 754
-1381.7 779
-1381.5 853
-1381.3 744
-1381.1 813
-1380.9 770
-1380.7 809
-1380.5 757
-1380.3 794
-1380.1 838
-1379.9 817
-1379.7 840
-1379.5 777
-1379.3 798
-1379.1 791
-1378.9 772
-1378.7 824
-1378.5 789
-1378.3 854
-1378.1 775
-1377.9 805
-1377.7 784
-1377.5 806
-1377.3 781
-1377.1 876
-1376.9 841
-1376.7 778
-1376.5 826
-1376.3 814
-1376.1 823
-1375.9 816
-1375.7 810
-1375.5 786
-1375.3 813
-1375.1 830
-1374.9 783
-1374.7 748
-1374.5 814
-1374.3 798
-1374.1 796
-1373.9 791
-1373.7 794
-1373.5 824
-1373.3 850
-1373.1 782
-1372.9 866
-1372.7 791
-1372.5 824
-1372.3 802
-1372.1 825
-1371.9 828
-1371.7 785
-1371.5 782
-1371.3 809
-1371.1 793
-1370.9 818
-1370.7 808
-1370.5 768
-1370.3 784
-1370.1 774
-1369.9 806
-1369.7 789
-1369.5 828
-1369.3 782
-1369.1 744
-1368.9 793
-1368.7 807
-1368.5 807
-1368.3 798
-1368.1 819
-1367.9 772
-1367.7 796
-1367.5 825
-1367.3 794
-1367.1 779
-1366.9 767
-1366.7 762
-1366.5 776
-1366.3 784
-1366.1 800
-1365.9 729
-1365.7 761
-1365.5 761
-1365.3 719
-1365.1 752
-1364.9 737
-1364.7 770
-1364.5 766
-1364.3 749
-1364.1 772
-1363.9 795
-1363.7 744
-1363.5 706
-1363.3 732
-1363.1 733
-1362.9 706
-1362.7 709
-1362.5 730
-1362.3 698
-1362.1 694
-1361.9 717
-1361.7 713
-1361.5 722
-1361.3 747
-1361.1 685
-1360.9 640
-1360.7 655
-1360.5 704
-1360.3 658
-1360.1 679
-1359.9 663
-1359.7 673
-1359.5 643
-1359.3 612
-1359.1 651
-1358.9 628
-1358.7 609
-1358.5 624
-1358.3 591
-1358.1 645
-1357.9 553
-1357.7 589
-1357.5 539
-1357.3 568
-1357.1 527
-1356.9 513
-1356.7 543
-1356.5 527
-1356.3 498
-1356.1 486
-1355.9 512
-1355.7 541
-1355.5 508
-1355.3 511
-1355.1 465
-1354.9 509
-1354.7 427
-1354.5 451
-1354.3 480
-1354.1 409
-1353.9 460
-1353.7 450
-1353.5 433
-1353.3 413
-1353.1 431
-1352.9 422
-1352.7 397
-1352.5 422
-1352.3 425
-1352.1 358
-1351.9 411
-1351.7 368
-1351.5 398
-1351.3 353
-1351.1 383
-1350.9 384
-1350.7 351
-1350.5 362
-1350.3 321
-1350.1 345
-1349.9 342
-1349.7 337
-1349.5 351
-1349.3 361
-1349.1 342
-1348.9 334
-1348.7 304
-1348.5 306
-1348.3 286
-1348.1 292
-1347.9 267
-1347.7 284
-1347.5 327
-1347.3 245
-1347.1 264
-1346.9 255
-1346.7 280
-1346.5 256
-1346.3 258
-1346.1 248
-1345.9 259
-1345.7 253
-1345.5 247
-1345.3 230
-1345.1 255
-1344.9 220
-1344.7 221
-1344.5 245
-1344.3 219
-1344.1 193
-1343.9 200
-1343.7 204
-1343.5 216
-1343.3 200
-1343.1 189
-1342.9 194
-1342.7 176
-1342.5 191
-1342.3 162
-1342.1 157
-1341.9 164
-1341.7 181
-1341.5 154
-1341.3 173
-1341.1 158
-1340.9 153
-1340.7 162
-1340.5 140
-1340.3 140
-1340.1 140
-1339.9 147
-1339.7 127
-1339.5 130
-1339.3 128
-1339.1 146
-1338.9 143
-1338.7 117
-1338.5 119
-1338.3 116
-1338.1 108
-1337.9 108
-1337.7 87
-1337.5 96
-1337.3 97
-1337.1 100
-1336.9 90
-1336.7 83
-1336.5 94
-1336.3 93
-1336.1 96
-1335.9 81
-1335.7 98
-1335.5 91
-1335.3 76
-1335.1 77
-1334.9 78
-1334.7 73
-1334.5 74
-1334.3 82
-1334.1 67
-1333.9 74
-1333.7 60
-1333.5 68
-1333.3 67
-1333.1 67
-1332.9 50
-1332.7 51
-1332.5 58
-1332.3 58
-1332.1 50
-1331.9 60
-1331.7 49
-1331.5 42
-1331.3 50
-1331.1 60
-1330.9 54
-1330.7 39
-1330.5 41
-1330.3 39
-1330.1 32
-1329.9 38
-1329.7 46
-1329.5 27
-1329.3 34
-1329.1 30
-1328.9 32
-1328.7 31
-1328.5 38
-1328.3 29
-1328.1 31
-1327.9 29
-1327.7 34
-1327.5 30
-1327.3 25
-1327.1 26
-1326.9 27
-1326.7 21
-1326.5 27
-1326.3 32
-1326.1 27
-1325.9 22
-1325.7 18
-1325.5 19
-1325.3 31
-1325.1 17
-1324.9 17
-1324.7 16
-1324.5 22
-1324.3 16
-1324.1 19
-1323.9 21
-1323.7 12
-1323.5 15
-1323.3 23
-1323.1 17
-1322.9 17
-1322.7 22
-1322.5 10
-1322.3 19
-1322.1 9
-1321.9 11
-1321.7 17
-1321.5 8
-1321.3 21
-1321.1 13
-1320.9 13
-1320.7 6
-1320.5 16
-1320.3 7
-1320.1 19
-1319.9 17
-1319.7 17
-1319.5 8
-1319.3 11
-1319.1 12
-1318.9 10
-1318.7 16
-1318.5 4
-1318.3 5
-1318.1 11
-1317.9 12
-1317.7 8
-1317.5 13
-1317.3 5
-1317.1 4
-1316.9 8
-1316.7 9
-1316.5 7
-1316.3 8
-1316.1 3
-1315.9 7
-1315.7 7
-1315.5 10
-1315.3 8
-1315.1 11
-1314.9 5
-1314.7 8
-1314.5 4
-1314.3 11
-1314.1 6
-1313.9 8
-1313.7 5
-1313.5 5
-1313.3 10
-1313.1 9
-1312.9 4
-1312.7 11
-1312.5 7
-1312.3 8
-1312.1 8
-1311.9 5
-1311.7 15
-1311.5 6
-1311.3 5
-1311.1 6
-1310.9 5
-1310.7 8
-1310.5 5
-1310.3 10
-1310.1 10
-1309.9 8
-1309.7 12
-1309.5 5
-1309.3 8
-1309.1 5
-1308.9 8
-1308.7 6
-1308.5 5
-1308.3 6
-1308.1 11
-1307.9 7
-1307.7 8
-1307.5 13
-1307.3 9
-1307.1 3
-1306.9 10
-1306.7 11
-1306.5 4
-1306.3 5
-1306.1 10
-1305.9 8
-1305.7 11
-1305.5 4
-1305.3 11
-1305.1 5
-1304.9 4
-1304.7 8
-1304.5 1
-1304.3 6
-1304.1 11
-1303.9 5
-1303.7 6
-1303.5 3
-1303.3 3
-1303.1 7
-1302.9 1
-1302.7 8
-1302.5 7
-1302.3 9
-1302.1 1
-1301.9 10
-1301.7 10
-1301.5 10
-1301.3 8
-1301.1 10
-1300.9 4
-1300.7 13
-1300.5 9
-1300.3 6
-1300.1 2
