-1589.9 0
-1589.7 2
-1589.5 2
-1589.3 6
-1589.1 3
-1588.9 0
-1588.7 3
-1588.5 1
-1588.3 3
-1588.1 2
-1587.9 4
-1587.7 1
-1587.5 2
-1587.3 1
-1587.1 4
-1586.9 2
-1586.7 3
-1586.5 2
-1586.3 4
-1586.1 3
-1585.9 2
-1585.7 2
-1585.5 6
-1585.3 1
-1585.1 3
-1584.9 2
-1584.7 1
-1584.5 1
-1584.3 4
-1584.1 3
-1583.9 3
-1583.7 0
-1583.5 4
-1583.3 3
-1583.1 3
-1582.9 4
-1582.7 5
-1582.5 3
-1582.3 2
-1582.1 4
-1581.9 0
-1581.7 1
-1581.5 2
-1581.3 2
-1581.1 0
-1580.9 2
-1580.7 4
-1580.5 2
-1580.3 0
-1580.1 3
-1579.9 0
-1579.7 5
-1579.5 1
-1579.3 4
-1579.1 3
-1578.9 1
-1578.7 4
-1578.5 1
-1578.3 4
-1578.1 3
-1577.9 0
-1577.7 0
-1577.5 2
-1577.3 1
-1577.1 3
-1576.9 1
-1576.7 5
-1576.5 1
-1576.3 1
-1576.1 2
-1575.9 6
-1575.7 0
-1575.5 1
-1575.3 0
-1575.1 3
-1574.9 7
-1574.7 5
-1574.5 2
-1574.3 1
-1574.1 2
-1573.9 2
-1573.7 3
-1573.5 4
-1573.3 1
-1573.1 1
-1572.9 4
-1572.7 4
-1572.5 0
-1572.3 5
-1572.1 4
-1571.9 5
-1571.7 5
-1571.5 3
-1571.3 3
-1571.1 3
-1570.9 5
-1570.7 4
-1570.5 5
-1570.3 3
-1570.1 6
-1569.9 4
-1569.7 4
-1569.5 11
-1569.3 11
-1569.1 8
-1568.9 8
-1568.7 13
-1568.5 13
-1568.3 16
-1568.1 25
-1567.9 10
-1567.7 19
-1567.5 17
-1567.3 22
-1567.1 21
-1566.9 31
-1566.7 39
-1566.5 46
-1566.3 33
-1566.1 59
-1565.9 59
-1565.7 64
-1565.5 68
-1565.3 81
-1565.1 87
-1564.9 104
-1564.7 118
-1564.5 112
-1564.3 127
-1564.1 158
-1563.9 170
-1563.7 161
-1563.5 190
-1563.3 195
-1563.1 222
-1562.9 223
-1562.7 271
-1562.5 288
-1562.3 312
-1562.1 301
-1561.9 344
-1561.7 346
-1561.5 347
-1561.3 403
-1561.1 452
-1560.9 450
-1560.7 493
-1560.5 529
-1560.3 507
-1560.1 558
-1559.9 573
-1559.7 616
-1559.5 581
-1559.3 633
-1559.1 605
-1558.9 674
-1558.7 736
-1558.5 776
-1558.3 740
-1558.1 814
-1557.9 783
-1557.7 815
-1557.5 861
-1557.3 875
-1557.1 915
-1556.9 957
-1556.7 941
-1556.5 1013
-1556.3 945
-1556.1 970
-1555.9 1004
-1555.7 931
-1555.5 1075
-1555.3 1067
-1555.1 1059
-1554.9 1060
-1554.7 1077
-1554.5 1089
-1554.3 1089
-1554.1 1105
-1553.9 1097
-1553.7 1129
-1553.5 1134
-1553.3 1125
-1553.1 1136
-1552.9 1151
-1552.7 1176
-1552.5 1189
-1552.3 1192
-1552.1 1157
-1551.9 1149
-1551.7 1182
-1551.5 1223
-1551.3 1140
-1551.1 1189
-1550.9 1193
-1550.7 1169
-1550.5 1173
-1550.3 1155
-1550.1 1168
-1549.9 1176
-1549.7 1140
-1549.5 1138
-1549.3 1177
-1549.1 1176
-1548.9 1188
-1548.7 1182
-1548.5 1157
-1548.3 1186
-1548.1 1103
-1547.9 1137
-1547.7 1159
-1547.5 1118
-1547.3 1110
-1547.1 1147
-1546.9 1151
-1546.7 1123
-1546.5 1143
-1546.3 1191
-1546.1 1182
-1545.9 1087
-1545.7 1166
-1545.5 1100
-1545.3 1147
-1545.1 1122
-1544.9 1109
-1544.7 1012
-1544.5 1084
-1544.3 1040
-1544.1 958
-1543.9 1015
-1543.7 1022
-1543.5 989
-1543.3 998
-1543.1 980
-1542.9 1035
-1542.7 1021
-1542.5 1007
-1542.3 964
-1542.1 968
-1541.9 1008
-1541.7 987
-1541.5 970
-1541.3 977
-1541.1 954
-1540.9 1005
-1540.7 961
-1540.5 935
-1540.3 881
-1540.1 943
-1539.9 960
-1539.7 920
-1539.5 1001
-1539.3 900
-1539.1 913
-1538.9 917
-1538.7 969
-1538.5 918
-1538.3 933
-1538.1 916
-1537.9 932
-1537.7 908
-1537.5 942
-1537.3 847
-1537.1 946
-1536.9 882
-1536.7 866
-1536.5 915
-1536.3 886
-1536.1 923
-1535.9 903
-1535.7 866
-1535.5 928
-1535.3 900
-1535.1 879
-1534.9 886
-1534.7 871
-1534.5 834
-1534.3 898
-1534.1 823
-1533.9 927
-1533.7 860
-1533.5 862
-1533.3 859
-1533.1 848
-1532.9 882
-1532.7 882
-1532.5 882
-1532.3 820
-1532.1 853
-1531.9 897
-1531.7 876
-1531.5 840
-1531.3 825
-1531.1 872
-1530.9 861
-1530.7 897
-1530.5 807
-1530.3 841
-1530.1 794
-1529.9 806
-1529.7 882
-1529.5 784
-1529.3 857
-1529.1 794
-1528.9 839
-1528.7 839
-1528.5 846
-1528.3 860
-1528.1 803
-1527.9 802
-1527.7 872
-1527.5 846
-1527.3 829
-1527.1 867
-1526.9 815
-1526.7 908
-1526.5 880
-1526.3 863
-1526.1 935
-1525.9 880
-1525.7 897
-1525.5 882
-1525.3 877
-1525.1 864
-1524.9 889
-1524.7 917
-1524.5 822
-1524.3 876
-1524.1 924
-1523.9 889
-1523.7 892
-1523.5 895
-1523.3 896
-1523.1 900
-1522.9 875
-1522.7 827
-1522.5 863
-1522.3 913
-1522.1 888
-1521.9 873
-1521.7 885
-1521.5 873
-1521.3 818
-1521.1 883
-1520.9 814
-1520.7 805
-1520.5 857
-1520.3 842
-1520.1 812
-1519.9 836
-1519.7 779
-1519.5 788
-1519.3 752
-1519.1 841
-1518.9 797
-1518.7 811
-1518.5 794
-1518.3 767
-1518.1 740
-1517.9 775
-1517.7 715
-1517.5 753
-1517.3 724
-1517.1 768
-1516.9 826
-1516.7 731
-1516.5 707
-1516.3 671
-1516.1 779
-1515.9 718
-1515.7 748
-1515.5 733
-1515.3 729
-1515.1 709
-1514.9 705
-1514.7 720
-1514.5 740
-1514.3 820
-1514.1 779
-1513.9 753
-1513.7 718
-1513.5 712
-1513.3 731
-1513.1 771
-1512.9 780
-1512.7 729
-1512.5 768
-1512.3 747
-1512.1 752
-1511.9 802
-1511.7 781
-1511.5 786
-1511.3 805
-1511.1 809
-1510.9 800
-1510.7 842
-1510.5 805
-1510.3 794
-1510.1 841
-1509.9 858
-1509.7 906
-1509.5 877
-1509.3 880
-1509.1 902
-1508.9 893
-1508.7 854
-1508.5 866
-1508.3 910
-1508.1 885
-1507.9 895
-1507.7 902
-1507.5 896
-1507.3 899
-1507.1 914
-1506.9 924
-1506.7 905
-1506.5 890
-1506.3 831
-1506.1 918
-1505.9 895
-1505.7 867
-1505.5 879
-1505.3 819
-1505.1 911
-1504.9 832
-1504.7 844
-1504.5 861
-1504.3 807
-1504.1 796
-1503.9 835
-1503.7 845
-1503.5 869
-1503.3 754
-1503.1 792
-1502.9 786
-1502.7 807
-1502.5 778
-1502.3 735
-1502.1 751
-1501.9 747
-1501.7 754
-1501.5 711
-1501.3 756
-1501.1 695
-1500.9 744
-1500.7 760
-1500.5 717
-1500.3 721
-1500.1 738
-1499.9 743
-1499.7 704
-1499.5 669
-1499.3 722
-1499.1 702
-1498.9 672
-1498.7 673
-1498.5 650
-1498.3 732
-1498.1 691
-1497.9 660
-1497.7 673
-1497.5 681
-1497.3 749
-1497.1 718
-1496.9 659
-1496.7 717
-1496.5 693
-1496.3 680
-1496.1 744
-1495.9 701
-1495.7 756
-1495.5 718
-1495.3 794
-1495.1 800
-1494.9 806
-1494.7 766
-1494.5 744
-1494.3 753
-1494.1 832
-1493.9 864
-1493.7 781
-1493.5 796
-1493.3 817
-1493.1 865
-1492.9 918
-1492.7 856
-1492.5 851
-1492.3 872
-1492.1 851
-1491.9 917
-1491.7 858
-1491.5 805
-1491.3 899
-1491.1 856
-1490.9 836
-1490.7 880
-1490.5 858
-1490.3 923
-1490.1 894
-1489.9 950
-1489.7 942
-1489.5 916
-1489.3 924
-1489.1 946
-1488.9 928
-1488.7 916
-1488.5 919
-1488.3 935
-1488.1 915
-1487.9 867
-1487.7 875
-1487.5 889
-1487.3 854
-1487.1 884
-1486.9 798
-1486.7 864
-1486.5 899
-1486.3 823
-1486.1 819
-1485.9 836
-1485.7 832
-1485.5 809
-1485.3 829
-1485.1 771
-1484.9 811
-1484.7 763
-1484.5 817
-1484.3 750
-1484.1 782
-1483.9 737
-1483.7 715
-1483.5 761
-1483.3 745
-1483.1 741
-1482.9 745
-1482.7 749
-1482.5 733
-1482.3 669
-1482.1 685
-1481.9 661
-1481.7 702
-1481.5 693
-1481.3 689
-1481.1 730
-1480.9 691
-1480.7 672
-1480.5 696
-1480.3 749
-1480.1 735
-1479.9 707
-1479.7 756
-1479.5 732
-1479.3 674
-1479.1 751
-1478.9 726
-1478.7 790
-1478.5 772
-1478.3 756
-1478.1 728
-1477.9 756
-1477.7 785
-1477.5 831
-1477.3 786
-1477.1 803
-1476.9 832
-1476.7 826
-1476.5 846
-1476.3 794
-1476.1 802
-1475.9 814
-1475.7 889
-1475.5 862
-1475.3 890
-1475.1 827
-1474.9 872
-1474.7 893
-1474.5 934
-1474.3 875
-1474.1 888
-1473.9 919
-1473.7 883
-1473.5 883
-1473.3 936
-1473.1 927
-1472.9 933
-1472.7 917
-1472.5 876
-1472.3 925
-1472.1 938
-1471.9 910
-1471.7 937
-1471.5 943
-1471.3 878
-1471.1 819
-1470.9 948
-1470.7 850
-1470.5 899
-1470.3 909
-1470.1 870
-1469.9 883
-1469.7 846
-1469.5 860
-1469.3 901
-1469.1 833
-1468.9 861
-1468.7 837
-1468.5 845
-1468.3 809
-1468.1 776
-1467.9 775
-1467.7 790
-1467.5 770
-1467.3 796
-1467.1 787
-1466.9 815
-1466.7 721
-1466.5 753
-1466.3 750
-1466.1 762
-1465.9 739
-1465.7 806
-1465.5 748
-1465.3 758
-1465.1 746
-1464.9 695
-1464.7 690
-1464.5 735
-1464.3 709
-1464.1 769
-1463.9 709
-1463.7 732
-1463.5 784
-1463.3 747
-1463.1 750
-1462.9 745
-1462.7 758
-1462.5 795
-1462.3 713
-1462.1 726
-1461.9 777
-1461.7 744
-1461.5 760
-1461.3 850
-1461.1 794
-1460.9 814
-1460.7 812
-1460.5 763
-1460.3 783
-1460.1 814
-1459.9 777
-1459.7 876
-1459.5 780
-1459.3 819
-1459.1 832
-1458.9 832
-1458.7 882
-1458.5 859
-1458.3 891
-1458.1 870
-1457.9 901
-1457.7 867
-1457.5 887
-1457.3 908
-1457.1 855
-1456.9 881
-1456.7 870
-1456.5 887
-1456.3 876
-1456.1 882
-1455.9 880
-1455.7 904
-1455.5 949
-1455.3 937
-1455.1 901
-1454.9 895
-1454.7 909
-1454.5 905
-1454.3 909
-1454.1 895
-1453.9 918
-1453.7 878
-1453.5 879
-1453.3 897
-1453.1 926
-1452.9 851
-1452.7 920
-1452.5 892
-1452.3 861
-1452.1 868
-1451.9 883
-1451.7 851
-1451.5 817
-1451.3 802
-1451.1 827
-1450.9 836
-1450.7 810
-1450.5 788
-1450.3 789
-1450.1 754
-1449.9 803
-1449.7 800
-1449.5 760
-1449.3 814
-1449.1 819
-1448.9 755
-1448.7 789
-1448.5 789
-1448.3 767
-1448.1 760
-1447.9 791
-1447.7 774
-1447.5 776
-1447.3 764
-1447.1 765
-1446.9 748
-1446.7 757
-1446.5 738
-1446.3 776
-1446.1 757
-1445.9 797
-1445.7 783
-1445.5 775
-1445.3 773
-1445.1 693
-1444.9 783
-1444.7 799
-1444.5 726
-1444.3 803
-1444.1 740
-1443.9 765
-1443.7 824
-1443.5 840
-1443.3 795
-1443.1 767
-1442.9 787
-1442.7 781
-1442.5 815
-1442.3 833
-1442.1 822
-1441.9 763
-1441.7 820
-1441.5 829
-1441.3 811
-1441.1 830
-1440.9 811
-1440.7 843
-1440.5 813
-1440.3 835
-1440.1 819
-1439.9 859
-1439.7 861
-1439.5 830
-1439.3 804
-1439.1 861
-1438.9 816
-1438.7 891
-1438.5 871
-1438.3 813
-1438.1 829
-1437.9 888
-1437.7 881
-1437.5 876
-1437.3 859
-1437.1 918
-1436.9 871
-1436.7 856
-1436.5 877
-1436.3 873
-1436.1 852
-1435.9 852
-1435.7 855
-1435.5 823
-1435.3 814
-1435.1 837
-1434.9 857
-1434.7 859
-1434.5 833
-1434.3 825
-1434.1 788
-1433.9 819
-1433.7 794
-1433.5 882
-1433.3 821
-1433.1 829
-1432.9 835
-1432.7 825
-1432.5 868
-1432.3 786
-1432.1 832
-1431.9 861
-1431.7 763
-1431.5 808
-1431.3 780
-1431.1 828
-1430.9 827
-1430.7 793
-1430.5 813
-1430.3 849
-1430.1 818
-1429.9 771
-1429.7 766
-1429.5 746
-1429.3 767
-1429.1 817
-1428.9 842
-1428.7 774
-1428.5 780
-1428.3 790
-1428.1 805
-1427.9 798
-1427.7 743
-1427.5 798
-1427.3 777
-1427.1 751
-1426.9 772
-1426.7 782
-1426.5 819
-1426.3 798
-1426.1 721
-1425.9 792
-1425.7 826
-1425.5 836
-1425.3 791
-1425.1 803
-1424.9 846
-1424.7 831
-1424.5 822
-1424.3 818
-1424.1 798
-1423.9 825
-1423.7 809
-1423.5 781
-1423.3 781
-1423.1 826
-1422.9 818
-1422.7 861
-1422.5 841
-1422.3 819
-1422.1 842
-1421.9 831
-1421.7 793
-1421.5 848
-1421.3 804
-1421.1 803
-1420.9 770
-1420.7 875
-1420.5 835
-1420.3 853
-1420.1 807
-1419.9 812
-1419.7 848
-1419.5 846
-1419.3 829
-1419.1 879
-1418.9 816
-1418.7 854
-1418.5 825
-1418.3 837
-1418.1 868
-1417.9 791
-1417.7 874
-1417.5 834
-1417.3 831
-1417.1 837
-1416.9 802
-1416.7 822
-1416.5 790
-1416.3 845
-1416.1 852
-1415.9 834
-1415.7 846
-1415.5 840
-1415.3 870
-1415.1 855
-1414.9 859
-1414.7 799
-1414.5 867
-1414.3 889
-1414.1 820
-1413.9 804
-1413.7 832
-1413.5 778
-1413.3 788
-1413.1 788
-1412.9 848
-1412.7 810
-1412.5 779
-1412.3 818
-1412.1 788
-1411.9 789
-1411.7 807
-1411.5 720
-1411.3 813
-1411.1 763
-1410.9 793
-1410.7 797
-1410.5 766
-1410.3 781
-1410.1 800
-1409.9 820
-1409.7 820
-1409.5 786
-1409.3 799
-1409.1 825
-1408.9 815
-1408.7 824
-1408.5 801
-1408.3 829
-1408.1 783
-1407.9 811
-1407.7 788
-1407.5 779
-1407.3 838
-1407.1 835
-1406.9 795
-1406.7 813
-1406.5 821
-1406.3 846
-1406.1 763
-1405.9 839
-1405.7 765
-1405.5 788
-1405.3 855
-1405.1 771
-1404.9 759
-1404.7 826
-1404.5 846
-1404.3 797
-1404.1 792
-1403.9 855
-1403.7 785
-1403.5 842
-1403.3 800
-1403.1 780
-1402.9 819
-1402.7 815
-1402.5 790
-1402.3 783
-1402.1 842
-1401.9 870
-1401.7 830
-1401.5 863
-1401.3 815
-1401.1 810
-1400.9 862
-1400.7 828
-1400.5 851
-1400.3 847
-1400.1 844
-1399.9 803
-1399.7 820
-1399.5 799
-1399.3 790
-1399.1 799
-1398.9 852
-1398.7 825
-1398.5 794
-1398.3 872
-1398.1 873
-1397.9 805
-1397.7 899
-1397.5 846
-1397.3 865
-1397.1 787
-1396.9 823
-1396.7 817
-1396.5 854
-1396.3 823
-1396.1 769
-1395.9 910
-1395.7 844
-1395.5 835
-1395.3 808
-1395.1 836
-1394.9 766
-1394.7 806
-1394.5 789
-1394.3 768
-1394.1 832
-1393.9 781
-1393.7 774
-1393.5 826
-1393.3 732
-1393.1 751
-1392.9 807
-1392.7 797
-1392.5 809
-1392.3 800
-1392.1 781
-1391.9 802
-1391.7 797
-1391.5 823
-1391.3 763
-1391.1 787
-1390.9 776
-1390.7 775
-1390.5 807
-1390.3 788
-1390.1 789
-1389.9 730
-1389.7 773
-1389.5 744
-1389.3 806
-1389.1 851
-1388.9 808
-1388.7 815
-1388.5 784
-1388.3 808
-1388.1 820
-1387.9 793
-1387.7 798
-1387.5 761
-1387.3 785
-1387.1 828
-1386.9 755
-1386.7 827
-1386.5 814
-1386.3 801
-1386.1 777
-1385.9 774
-1385.7 769
-1385.5 755
-1385.3 837
-1385.1 839
-1384.9 827
-1384.7 805
-1384.5 821
-1384.3 830
-1384.1 831
-1383.9 873
-1383.7 776
-1383.5 775
-1383.3 828
-1383.1 833
-1382.9 906
-1382.7 837
-1382.5 824
-1382.3 834
-1382.1 841
-1381.9 859
-1381.7 828
-1381.5 872
-1381.3 823
-1381.1 882
-1380.9 852
-1380.7 810
-1380.5 875
-1380.3 825
-1380.1 814
-1379.9 860
-1379.7 828
-1379.5 838
-1379.3 776
-1379.1 780
-1378.9 840
-1378.7 794
-1378.5 848
-1378.3 832
-1378.1 845
-1377.9 841
-1377.7 797
-1377.5 829
-1377.3 848
-1377.1 792
-1376.9 832
-1376.7 747
-1376.5 827
-1376.3 810
-1376.1 803
-1375.9 783
-1375.7 836
-1375.5 844
-1375.3 795
-1375.1 792
-1374.9 746
-1374.7 825
-1374.5 803
-1374.3 798
-1374.1 763
-1373.9 781
-1373.7 795
-1373.5 795
-1373.3 798
-1373.1 777
-1372.9 765
-1372.7 781
-1372.5 776
-1372.3 778
-1372.1 810
-1371.9 793
-1371.7 768
-1371.5 766
-1371.3 775
-1371.1 790
-1370.9 811
-1370.7 780
-1370.5 807
-1370.3 774
-1370.1 752
-1369.9 819
-1369.7 824
-1369.5 759
-1369.3 791
-1369.1 788
-1368.9 822
-1368.7 789
-1368.5 816
-1368.3 792
-1368.1 812
-1367.9 826
-1367.7 775
-1367.5 809
-1367.3 799
-1367.1 811
-1366.9 816
-1366.7 815
-1366.5 833
-1366.3 791
-1366.1 819
-1365.9 785
-1365.7 812
-1365.5 815
-1365.3 822
-1365.1 851
-1364.9 794
-1364.7 844
-1364.5 820
-1364.3 812
-1364.1 776
-1363.9 883
-1363.7 836
-1363.5 849
-1363.3 848
-1363.1 882
-1362.9 781
-1362.7 778
-1362.5 823
-1362.3 803
-1362.1 838
-1361.9 780
-1361.7 836
-1361.5 825
-1361.3 795
-1361.1 818
-1360.9 815
-1360.7 813
-1360.5 822
-1360.3 814
-1360.1 813
-1359.9 795
-1359.7 769
-1359.5 787
-1359.3 772
-1359.1 759
-1358.9 738
-1358.7 811
-1358.5 829
-1358.3 795
-1358.1 785
-1357.9 827
-1357.7 786
-1357.5 773
-1357.3 754
-1357.1 790
-1356.9 832
-1356.7 769
-1356.5 759
-1356.3 713
-1356.1 729
-1355.9 806
-1355.7 769
-1355.5 766
-1355.3 754
-1355.1 766
-1354.9 680
-1354.7 733
-1354.5 765
-1354.3 772
-1354.1 761
-1353.9 688
-1353.7 700
-1353.5 707
-1353.3 759
-1353.1 684
-1352.9 706
-1352.7 679
-1352.5 663
-1352.3 773
-1352.1 689
-1351.9 705
-1351.7 649
-1351.5 648
-1351.3 662
-1351.1 644
-1350.9 639
-1350.7 654
-1350.5 664
-1350.3 647
-1350.1 600
-1349.9 618
-1349.7 603
-1349.5 612
-1349.3 602
-1349.1 666
-1348.9 578
-1348.7 596
-1348.5 582
-1348.3 586
-1348.1 546
-1347.9 600
-1347.7 570
-1347.5 578
-1347.3 534
-1347.1 522
-1346.9 553
-1346.7 543
-1346.5 502
-1346.3 520
-1346.1 455
-1345.9 481
-1345.7 538
-1345.5 507
-1345.3 507
-1345.1 473
-1344.9 467
-1344.7 441
-1344.5 462
-1344.3 461
-1344.1 436
-1343.9 449
-1343.7 431
-1343.5 402
-1343.3 435
-1343.1 431
-1342.9 383
-1342.7 377
-1342.5 419
-1342.3 370
-1342.1 360
-1341.9 364
-1341.7 363
-1341.5 348
-1341.3 342
-1341.1 327
-1340.9 354
-1340.7 344
-1340.5 351
-1340.3 339
-1340.1 338
-1339.9 332
-1339.7 307
-1339.5 319
-1339.3 281
-1339.1 371
-1338.9 276
-1338.7 305
-1338.5 286
-1338.3 321
-1338.1 288
-1337.9 280
-1337.7 246
-1337.5 254
-1337.3 264
-1337.1 249
-1336.9 264
-1336.7 262
-1336.5 253
-1336.3 230
-1336.1 263
-1335.9 207
-1335.7 216
-1335.5 238
-1335.3 251
-1335.1 254
-1334.9 227
-1334.7 221
-1334.5 185
-1334.3 196
-1334.1 180
-1333.9 199
-1333.7 184
-1333.5 200
-1333.3 196
-1333.1 189
-1332.9 169
-1332.7 177
-1332.5 175
-1332.3 162
-1332.1 184
-1331.9 163
-1331.7 156
-1331.5 164
-1331.3 141
-1331.1 142
-1330.9 153
-1330.7 137
-1330.5 137
-1330.3 140
-1330.1 143
-1329.9 125
-1329.7 120
-1329.5 132
-1329.3 133
-1329.1 90
-1328.9 119
-1328.7 107
-1328.5 124
-1328.3 114
-1328.1 108
-1327.9 120
-1327.7 107
-1327.5 94
-1327.3 111
-1327.1 110
-1326.9 109
-1326.7 96
-1326.5 103
-1326.3 91
-1326.1 79
-1325.9 99
-1325.7 101
-1325.5 80
-1325.3 79
-1325.1 72
-1324.9 85
-1324.7 66
-1324.5 69
-1324.3 66
-1324.1 75
-1323.9 64
-1323.7 64
-1323.5 80
-1323.3 69
-1323.1 60
-1322.9 58
-1322.7 53
-1322.5 55
-1322.3 61
-1322.1 54
-1321.9 44
-1321.7 52
-1321.5 62
-1321.3 54
-1321.1 49
-1320.9 42
-1320.7 40
-1320.5 44
-1320.3 39
-1320.1 40
-1319.9 36
-1319.7 35
-1319.5 39
-1319.3 40
-1319.1 30
-1318.9 23
-1318.7 30
-1318.5 37
-1318.3 39
-1318.1 32
-1317.9 34
-1317.7 31
-1317.5 23
-1317.3 29
-1317.1 24
-1316.9 23
-1316.7 20
-1316.5 20
-1316.3 22
-1316.1 15
-1315.9 32
-1315.7 22
-1315.5 14
-1315.3 21
-1315.1 16
-1314.9 17
-1314.7 17
-1314.5 16
-1314.3 14
-1314.1 27
-1313.9 16
-1313.7 13
-1313.5 10
-1313.3 15
-1313.1 19
-1312.9 16
-1312.7 9
-1312.5 21
-1312.3 14
-1312.1 14
-1311.9 11
-1311.7 18
-1311.5 10
-1311.3 11
-1311.1 16
-1310.9 13
-1310.7 15
-1310.5 11
-1310.3 12
-1310.1 6
-1309.9 4
-1309.7 14
-1309.5 5
-1309.3 6
-1309.1 15
-1308.9 13
-1308.7 13
-1308.5 11
-1308.3 12
-1308.1 10
-1307.9 6
-1307.7 10
-1307.5 10
-1307.3 7
-1307.1 8
-1306.9 8
-1306.7 8
-1306.5 4
-1306.3 12
-1306.1 12
-1305.9 9
-1305.7 8
-1305.5 8
-1305.3 2
-1305.1 13
-1304.9 6
-1304.7 3
-1304.5 12
-1304.3 11
-1304.1 8
-1303.9 10
-1303.7 9
-1303.5 5
-1303.3 4
-1303.1 7
-1302.9 12
-1302.7 8
-1302.5 8
-1302.3 5
-1302.1 7
-1301.9 7
-1301.7 7
-1301.5 7
-1301.3 6
-1301.1 4
-1300.9 8
-1300.7 7
-1300.5 5
-1300.3 8
-1300.1 6
