-1589.9 0
-1589.7 6
-1589.5 2
-1589.3 2
-1589.1 1
-1588.9 2
-1588.7 3
-1588.5 4
-1588.3 2
-1588.1 2
-1587.9 2
-1587.7 2
-1587.5 2
-1587.3 3
-1587.1 5
-1586.9 0
-1586.7 3
-1586.5 4
-1586.3 3
-1586.1 1
-1585.9 2
-1585.7 2
-1585.5 3
-1585.3 2
-1585.1 4
-1584.9 4
-1584.7 1
-1584.5 2
-1584.3 3
-1584.1 9
-1583.9 5
-1583.7 4
-1583.5 5
-1583.3 7
-1583.1 5
-1582.9 3
-1582.7 1
-1582.5 4
-1582.3 0
-1582.1 1
-1581.9 4
-1581.7 3
-1581.5 3
-1581.3 2
-1581.1 3
-1580.9 6
-1580.7 6
-1580.5 5
-1580.3 9
-1580.1 6
-1579.9 10
-1579.7 9
-1579.5 8
-1579.3 5
-1579.1 15
-1578.9 10
-1578.7 11
-1578.5 14
-1578.3 12
-1578.1 11
-1577.9 19
-1577.7 16
-1577.5 20
-1577.3 16
-1577.1 33
-1576.9 34
-1576.7 32
-1576.5 42
-1576.3 41
-1576.1 42
-1575.9 49
-1575.7 55
-1575.5 67
-1575.3 87
-1575.1 79
-1574.9 92
-1574.7 116
-1574.5 109
-1574.3 118
-1574.1 123
-1573.9 156
-1573.7 151
-1573.5 162
-1573.3 187
-1573.1 214
-1572.9 209
-1572.7 241
-1572.5 262
-1572.3 281
-1572.1 324
-1571.9 348
-1571.7 323
-1571.5 356
-1571.3 366
-1571.1 384
-1570.9 386
-1570.7 422
-1570.5 472
-1570.3 493
-1570.1 487
-1569.9 549
-1569.7 541
-1569.5 565
-1569.3 635
-1569.1 609
-1568.9 631
-1568.7 724
-1568.5 709
-1568.3 663
-1568.1 744
-1567.9 786
-1567.7 804
-1567.5 812
-1567.3 880
-1567.1 892
-1566.9 801
-1566.7 869
-1566.5 871
-1566.3 926
-1566.1 935
-1565.9 912
-1565.7 975
-1565.5 1017
-1565.3 1035
-1565.1 989
-1564.9 1017
-1564.7 1052
-1564.5 1031
-1564.3 1017
-1564.1 1115
-1563.9 1098
-1563.7 1095
-1563.5 1143
-1563.3 1168
-1563.1 1118
-1562.9 1129
-1562.7 1198
-1562.5 1171
-1562.3 1253
-1562.1 1114
-1561.9 1132
-1561.7 1144
-1561.5 1230
-1561.3 1125
-1561.1 1168
-1560.9 1192
-1560.7 1177
-1560.5 1161
-1560.3 1235
-1560.1 1208
-1559.9 1214
-1559.7 1221
-1559.5 1277
-1559.3 1215
-1559.1 1153
-1558.9 1289
-1558.7 1273
-1558.5 1172
-1558.3 1229
-1558.1 1214
-1557.9 1188
-1557.7 1216
-1557.5 1202
-1557.3 1165
-1557.1 1189
-1556.9 1164
-1556.7 1184
-1556.5 1154
-1556.3 1216
-1556.1 1204
-1555.9 1169
-1555.7 1184
-1555.5 1106
-1555.3 1157
-1555.1 1122
-1554.9 1130
-1554.7 1119
-1554.5 1163
-1554.3 1095
-1554.1 1056
-1553.9 1088
-1553.7 1120
-1553.5 1079
-1553.3 1109
-1553.1 1107
-1552.9 1100
-1552.7 1063
-1552.5 1022
-1552.3 1056
-1552.1 1100
-1551.9 1051
-1551.7 1082
-1551.5 1080
-1551.3 1046
-1551.1 1071
-1550.9 1047
-1550.7 1027
-1550.5 1021
-1550.3 1080
-1550.1 938
-1549.9 1003
-1549.7 1044
-1549.5 971
-1549.3 993
-1549.1 1052
-1548.9 1010
-1548.7 1014
-1548.5 1002
-1548.3 979
-1548.1 976
-1547.9 942
-1547.7 1021
-1547.5 1003
-1547.3 991
-1547.1 1007
-1546.9 970
-1546.7 1006
-1546.5 981
-1546.3 946
-1546.1 976
-1545.9 984
-1545.7 968
-1545.5 971
-1545.3 933
-1545.1 1015
-1544.9 914
-1544.7 941
-1544.5 983
-1544.3 979
-1544.1 950
-1543.9 961
-1543.7 915
-1543.5 1038
-1543.3 981
-1543.1 897
-1542.9 946
-1542.7 907
-1542.5 911
-1542.3 948
-1542.1 925
-1541.9 992
-1541.7 905
-1541.5 941
-1541.3 874
-1541.1 901
-1540.9 899
-1540.7 959
-1540.5 883
-1540.3 913
-1540.1 888
-1539.9 917
-1539.7 895
-1539.5 962
-1539.3 922
-1539.1 910
-1538.9 914
-1538.7 926
-1538.5 928
-1538.3 905
-1538.1 953
-1537.9 912
-1537.7 870
-1537.5 874
-1537.3 852
-1537.1 918
-1536.9 910
-1536.7 877
-1536.5 856
-1536.3 905
-1536.1 906
-1535.9 911
-1535.7 894
-1535.5 913
-1535.3 903
-1535.1 881
-1534.9 932
-1534.7 835
-1534.5 887
-1534.3 893
-1534.1 909
-1533.9 892
-1533.7 974
-1533.5 885
-1533.3 886
-1533.1 877
-1532.9 946
-1532.7 859
-1532.5 918
-1532.3 836
-1532.1 891
-1531.9 847
-1531.7 913
-1531.5 913
-1531.3 895
-1531.1 848
-1530.9 875
-1530.7 878
-1530.5 885
-1530.3 900
-1530.1 871
-1529.9 929
-1529.7 867
-1529.5 919
-1529.3 877
-1529.1 917
-1528.9 878
-1528.7 847
-1528.5 879
-1528.3 882
-1528.1 903
-1527.9 862
-1527.7 914
-1527.5 827
-1527.3 929
-1527.1 881
-1526.9 886
-1526.7 880
-1526.5 903
-1526.3 899
-1526.1 907
-1525.9 880
-1525.7 882
-1525.5 871
-1525.3 902
-1525.1 876
-1524.9 898
-1524.7 877
-1524.5 866
-1524.3 907
-1524.1 867
-1523.9 839
-1523.7 893
-1523.5 859
-1523.3 840
-1523.1 868
-1522.9 868
-1522.7 861
-1522.5 867
-1522.3 876
-1522.1 787
-1521.9 850
-1521.7 891
-1521.5 902
-1521.3 800
-1521.1 816
-1520.9 892
-1520.7 829
-1520.5 861
-1520.3 800
-1520.1 843
-1519.9 880
-1519.7 893
-1519.5 838
-1519.3 853
-1519.1 861
-1518.9 815
-1518.7 845
-1518.5 806
-1518.3 895
-1518.1 857
-1517.9 854
-1517.7 821
-1517.5 886
-1517.3 914
-1517.1 836
-1516.9 833
-1516.7 930
-1516.5 863
-1516.3 871
-1516.1 869
-1515.9 840
-1515.7 921
-1515.5 889
-1515.3 846
-1515.1 913
-1514.9 892
-1514.7 899
-1514.5 885
-1514.3 868
-1514.1 849
-1513.9 931
-1513.7 898
-1513.5 865
-1513.3 863
-1513.1 942
-1512.9 890
-1512.7 894
-1512.5 833
-1512.3 939
-1512.1 925
-1511.9 899
-1511.7 834
-1511.5 889
-1511.3 936
-1511.1 876
-1510.9 897
-1510.7 856
-1510.5 849
-1510.3 879
-1510.1 853
-1509.9 844
-1509.7 852
-1509.5 835
-1509.3 849
-1509.1 870
-1508.9 867
-1508.7 824
-1508.5 862
-1508.3 884
-1508.1 909
-1507.9 873
-1507.7 864
-1507.5 839
-1507.3 814
-1507.1 863
-1506.9 822
-1506.7 841
-1506.5 890
-1506.3 797
-1506.1 846
-1505.9 803
-1505.7 858
-1505.5 858
-1505.3 815
-1505.1 851
-1504.9 886
-1504.7 830
-1504.5 871
-1504.3 819
-1504.1 832
-1503.9 831
-1503.7 857
-1503.5 881
-1503.3 853
-1503.1 861
-1502.9 840
-1502.7 859
-1502.5 860
-1502.3 838
-1502.1 900
-1501.9 858
-1501.7 907
-1501.5 870
-1501.3 863
-1501.1 839
-1500.9 854
-1500.7 887
-1500.5 908
-1500.3 836
-1500.1 880
-1499.9 874
-1499.7 876
-1499.5 847
-1499.3 885
-1499.1 917
-1498.9 937
-1498.7 888
-1498.5 880
-1498.3 821
-1498.1 890
-1497.9 972
-1497.7 914
-1497.5 868
-1497.3 854
-1497.1 934
-1496.9 884
-1496.7 868
-1496.5 937
-1496.3 857
-1496.1 849
-1495.9 914
-1495.7 859
-1495.5 840
-1495.3 868
-1495.1 897
-1494.9 872
-1494.7 864
-1494.5 893
-1494.3 875
-1494.1 912
-1493.9 875
-1493.7 854
-1493.5 885
-1493.3 914
-1493.1 860
-1492.9 900
-1492.7 871
-1492.5 867
-1492.3 870
-1492.1 856
-1491.9 882
-1491.7 865
-1491.5 911
-1491.3 890
-1491.1 954
-1490.9 902
-1490.7 860
-1490.5 815
-1490.3 841
-1490.1 838
-1489.9 891
-1489.7 875
-1489.5 863
-1489.3 906
-1489.1 833
-1488.9 873
-1488.7 828
-1488.5 963
-1488.3 895
-1488.1 892
-1487.9 889
-1487.7 886
-1487.5 884
-1487.3 807
-1487.1 891
-1486.9 858
-1486.7 915
-1486.5 893
-1486.3 888
-1486.1 867
-1485.9 910
-1485.7 843
-1485.5 918
-1485.3 865
-1485.1 861
-1484.9 850
-1484.7 877
-1484.5 869
-1484.3 949
-1484.1 897
-1483.9 841
-1483.7 889
-1483.5 869
-1483.3 921
-1483.1 877
-1482.9 961
-1482.7 838
-1482.5 868
-1482.3 886
-1482.1 892
-1481.9 915
-1481.7 900
-1481.5 958
-1481.3 872
-1481.1 876
-1480.9 913
-1480.7 895
-1480.5 873
-1480.3 896
-1480.1 892
-1479.9 906
-1479.7 879
-1479.5 853
-1479.3 895
-1479.1 878
-1478.9 875
-1478.7 871
-1478.5 955
-1478.3 898
-1478.1 949
-1477.9 922
-1477.7 862
-1477.5 874
-1477.3 885
-1477.1 891
-1476.9 889
-1476.7 877
-1476.5 882
-1476.3 861
-1476.1 882
-1475.9 859
-1475.7 908
-1475.5 911
-1475.3 883
-1475.1 893
-1474.9 868
-1474.7 922
-1474.5 865
-1474.3 923
-1474.1 884
-1473.9 921
-1473.7 904
-1473.5 910
-1473.3 831
-1473.1 872
-1472.9 875
-1472.7 888
-1472.5 882
-1472.3 878
-1472.1 933
-1471.9 855
-1471.7 909
-1471.5 844
-1471.3 936
-1471.1 968
-1470.9 851
-1470.7 869
-1470.5 854
-1470.3 920
-1470.1 896
-1469.9 911
-1469.7 839
-1469.5 910
-1469.3 887
-1469.1 928
-1468.9 878
-1468.7 897
-1468.5 883
-1468.3 941
-1468.1 927
-1467.9 906
-1467.7 861
-1467.5 945
-1467.3 898
-1467.1 891
-1466.9 880
-1466.7 891
-1466.5 899
-1466.3 840
-1466.1 872
-1465.9 874
-1465.7 904
-1465.5 920
-1465.3 889
-1465.1 842
-1464.9 843
-1464.7 942
-1464.5 861
-1464.3 848
-1464.1 888
-1463.9 855
-1463.7 888
-1463.5 910
-1463.3 895
-1463.1 903
-1462.9 913
-1462.7 876
-1462.5 915
-1462.3 927
-1462.1 853
-1461.9 860
-1461.7 854
-1461.5 861
-1461.3 873
-1461.1 896
-1460.9 899
-1460.7 853
-1460.5 865
-1460.3 841
-1460.1 910
-1459.9 888
-1459.7 943
-1459.5 879
-1459.3 880
-1459.1 845
-1458.9 880
-1458.7 869
-1458.5 829
-1458.3 874
-1458.1 890
-1457.9 883
-1457.7 859
-1457.5 853
-1457.3 879
-1457.1 848
-1456.9 902
-1456.7 851
-1456.5 902
-1456.3 888
-1456.1 864
-1455.9 859
-1455.7 917
-1455.5 881
-1455.3 883
-1455.1 893
-1454.9 861
-1454.7 870
-1454.5 849
-1454.3 877
-1454.1 860
-1453.9 891
-1453.7 882
-1453.5 847
-1453.3 857
-1453.1 902
-1452.9 904
-1452.7 924
-1452.5 906
-1452.3 870
-1452.1 880
-1451.9 926
-1451.7 899
-1451.5 853
-1451.3 904
-1451.1 898
-1450.9 864
-1450.7 896
-1450.5 874
-1450.3 855
-1450.1 959
-1449.9 910
-1449.7 880
-1449.5 892
-1449.3 837
-1449.1 905
-1448.9 905
-1448.7 891
-1448.5 883
-1448.3 861
-1448.1 884
-1447.9 823
-1447.7 944
-1447.5 923
-1447.3 889
-1447.1 872
-1446.9 882
-1446.7 897
-1446.5 903
-1446.3 917
-1446.1 899
-1445.9 873
-1445.7 851
-1445.5 867
-1445.3 901
-1445.1 881
-1444.9 899
-1444.7 893
-1444.5 950
-1444.3 920
-1444.1 922
-1443.9 864
-1443.7 905
-1443.5 859
-1443.3 873
-1443.1 856
-1442.9 916
-1442.7 839
-1442.5 846
-1442.3 855
-1442.1 843
-1441.9 897
-1441.7 860
-1441.5 856
-1441.3 890
-1441.1 851
-1440.9 885
-1440.7 868
-1440.5 899
-1440.3 886
-1440.1 890
-1439.9 922
-1439.7 885
-1439.5 893
-1439.3 895
-1439.1 867
-1438.9 869
-1438.7 878
-1438.5 859
-1438.3 807
-1438.1 859
-1437.9 908
-1437.7 892
-1437.5 905
-1437.3 876
-1437.1 892
-1436.9 853
-1436.7 947
-1436.5 868
-1436.3 874
-1436.1 848
-1435.9 913
-1435.7 864
-1435.5 842
-1435.3 839
-1435.1 890
-1434.9 873
-1434.7 859
-1434.5 885
-1434.3 893
-1434.1 906
-1433.9 911
-1433.7 958
-1433.5 892
-1433.3 908
-1433.1 888
-1432.9 896
-1432.7 858
-1432.5 880
-1432.3 894
-1432.1 866
-1431.9 913
-1431.7 838
-1431.5 917
-1431.3 911
-1431.1 842
-1430.9 944
-1430.7 937
-1430.5 935
-1430.3 874
-1430.1 855
-1429.9 953
-1429.7 890
-1429.5 878
-1429.3 908
-1429.1 887
-1428.9 863
-1428.7 902
-1428.5 850
-1428.3 897
-1428.1 949
-1427.9 866
-1427.7 897
-1427.5 831
-1427.3 855
-1427.1 889
-1426.9 893
-1426.7 946
-1426.5 870
-1426.3 938
-1426.1 895
-1425.9 932
-1425.7 867
-1425.5 876
-1425.3 898
-1425.1 889
-1424.9 840
-1424.7 912
-1424.5 904
-1424.3 855
-1424.1 907
-1423.9 815
-1423.7 904
-1423.5 839
-1423.3 895
-1423.1 855
-1422.9 961
-1422.7 884
-1422.5 889
-1422.3 863
-1422.1 858
-1421.9 866
-1421.7 904
-1421.5 878
-1421.3 919
-1421.1 896
-1420.9 900
-1420.7 859
-1420.5 862
-1420.3 869
-1420.1 904
-1419.9 887
-1419.7 905
-1419.5 875
-1419.3 907
-1419.1 906
-1418.9 863
-1418.7 946
-1418.5 838
-1418.3 899
-1418.1 924
-1417.9 879
-1417.7 861
-1417.5 877
-1417.3 882
-1417.1 891
-1416.9 858
-1416.7 857
-1416.5 896
-1416.3 910
-1416.1 855
-1415.9 897
-1415.7 820
-1415.5 893
-1415.3 945
-1415.1 921
-1414.9 907
-1414.7 942
-1414.5 951
-1414.3 890
-1414.1 859
-1413.9 902
-1413.7 924
-1413.5 895
-1413.3 885
-1413.1 905
-1412.9 882
-1412.7 907
-1412.5 892
-1412.3 866
-1412.1 905
-1411.9 933
-1411.7 905
-1411.5 933
-1411.3 894
-1411.1 852
-1410.9 918
-1410.7 942
-1410.5 843
-1410.3 921
-1410.1 898
-1409.9 931
-1409.7 911
-1409.5 920
-1409.3 904
-1409.1 881
-1408.9 823
-1408.7 879
-1408.5 883
-1408.3 929
-1408.1 872
-1407.9 919
-1407.7 841
-1407.5 865
-1407.3 894
-1407.1 938
-1406.9 868
-1406.7 833
-1406.5 859
-1406.3 892
-1406.1 942
-1405.9 856
-1405.7 926
-1405.5 841
-1405.3 876
-1405.1 898
-1404.9 899
-1404.7 840
-1404.5 871
-1404.3 867
-1404.1 870
-1403.9 827
-1403.7 814
-1403.5 863
-1403.3 907
-1403.1 853
-1402.9 871
-1402.7 854
-1402.5 888
-1402.3 880
-1402.1 871
-1401.9 875
-1401.7 926
-1401.5 869
-1401.3 855
-1401.1 888
-1400.9 911
-1400.7 890
-1400.5 900
-1400.3 862
-1400.1 918
-1399.9 868
-1399.7 933
-1399.5 881
-1399.3 899
-1399.1 934
-1398.9 860
-1398.7 872
-1398.5 864
-1398.3 855
-1398.1 917
-1397.9 929
-1397.7 856
-1397.5 893
-1397.3 920
-1397.1 891
-1396.9 873
-1396.7 856
-1396.5 833
-1396.3 908
-1396.1 910
-1395.9 913
-1395.7 885
-1395.5 952
-1395.3 911
-1395.1 817
-1394.9 852
-1394.7 863
-1394.5 926
-1394.3 841
-1394.1 907
-1393.9 910
-1393.7 940
-1393.5 873
-1393.3 910
-1393.1 897
-1392.9 875
-1392.7 864
-1392.5 912
-1392.3 854
-1392.1 919
-1391.9 905
-1391.7 856
-1391.5 854
-1391.3 901
-1391.1 908
-1390.9 883
-1390.7 866
-1390.5 895
-1390.3 878
-1390.1 909
-1389.9 876
-1389.7 941
-1389.5 873
-1389.3 846
-1389.1 869
-1388.9 848
-1388.7 852
-1388.5 893
-1388.3 834
-1388.1 832
-1387.9 942
-1387.7 961
-1387.5 895
-1387.3 895
-1387.1 918
-1386.9 902
-1386.7 900
-1386.5 863
-1386.3 939
-1386.1 865
-1385.9 903
-1385.7 855
-1385.5 858
-1385.3 890
-1385.1 839
-1384.9 862
-1384.7 889
-1384.5 824
-1384.3 849
-1384.1 824
-1383.9 890
-1383.7 823
-1383.5 843
-1383.3 873
-1383.1 864
-1382.9 877
-1382.7 878
-1382.5 901
-1382.3 833
-1382.1 884
-1381.9 911
-1381.7 849
-1381.5 837
-1381.3 909
-1381.1 868
-1380.9 887
-1380.7 871
-1380.5 898
-1380.3 833
-1380.1 909
-1379.9 911
-1379.7 875
-1379.5 849
-1379.3 865
-1379.1 833
-1378.9 897
-1378.7 867
-1378.5 816
-1378.3 840
-1378.1 922
-1377.9 883
-1377.7 860
-1377.5 854
-1377.3 896
-1377.1 886
-1376.9 856
-1376.7 816
-1376.5 848
-1376.3 884
-1376.1 856
-1375.9 927
-1375.7 855
-1375.5 871
-1375.3 839
-1375.1 919
-1374.9 890
-1374.7 895
-1374.5 886
-1374.3 815
-1374.1 875
-1373.9 905
-1373.7 884
-1373.5 918
-1373.3 921
-1373.1 858
-1372.9 867
-1372.7 864
-1372.5 899
-1372.3 860
-1372.1 845
-1371.9 896
-1371.7 853
-1371.5 907
-1371.3 843
-1371.1 820
-1370.9 907
-1370.7 890
-1370.5 846
-1370.3 891
-1370.1 865
-1369.9 891
-1369.7 861
-1369.5 909
-1369.3 832
-1369.1 841
-1368.9 873
-1368.7 852
-1368.5 839
-1368.3 864
-1368.1 843
-1367.9 871
-1367.7 854
-1367.5 835
-1367.3 808
-1367.1 826
-1366.9 842
-1366.7 839
-1366.5 813
-1366.3 821
-1366.1 847
-1365.9 850
-1365.7 858
-1365.5 859
-1365.3 816
-1365.1 812
-1364.9 840
-1364.7 799
-1364.5 839
-1364.3 855
-1364.1 808
-1363.9 836
-1363.7 803
-1363.5 788
-1363.3 769
-1363.1 784
-1362.9 767
-1362.7 781
-1362.5 774
-1362.3 820
-1362.1 774
-1361.9 746
-1361.7 799
-1361.5 689
-1361.3 755
-1361.1 730
-1360.9 736
-1360.7 738
-1360.5 733
-1360.3 690
-1360.1 742
-1359.9 638
-1359.7 647
-1359.5 660
-1359.3 620
-1359.1 673
-1358.9 714
-1358.7 654
-1358.5 628
-1358.3 629
-1358.1 610
-1357.9 641
-1357.7 598
-1357.5 634
-1357.3 634
-1357.1 603
-1356.9 575
-1356.7 572
-1356.5 578
-1356.3 506
-1356.1 521
-1355.9 555
-1355.7 524
-1355.5 530
-1355.3 537
-1355.1 520
-1354.9 487
-1354.7 527
-1354.5 508
-1354.3 474
-1354.1 450
-1353.9 499
-1353.7 415
-1353.5 443
-1353.3 432
-1353.1 426
-1352.9 429
-1352.7 457
-1352.5 418
-1352.3 390
-1352.1 441
-1351.9 400
-1351.7 371
-1351.5 423
-1351.3 390
-1351.1 332
-1350.9 351
-1350.7 357
-1350.5 363
-1350.3 337
-1350.1 350
-1349.9 328
-1349.7 323
-1349.5 341
-1349.3 363
-1349.1 328
-1348.9 313
-1348.7 295
-1348.5 312
-1348.3 314
-1348.1 285
-1347.9 277
-1347.7 309
-1347.5 270
-1347.3 297
-1347.1 265
-1346.9 272
-1346.7 262
-1346.5 231
-1346.3 252
-1346.1 261
-1345.9 265
-1345.7 235
-1345.5 243
-1345.3 237
-1345.1 212
-1344.9 245
-1344.7 259
-1344.5 214
-1344.3 186
-1344.1 195
-1343.9 193
-1343.7 220
-1343.5 196
-1343.3 214
-1343.1 180
-1342.9 176
-1342.7 175
-1342.5 179
-1342.3 155
-1342.1 176
-1341.9 162
-1341.7 154
-1341.5 177
-1341.3 179
-1341.1 139
-1340.9 143
-1340.7 147
-1340.5 142
-1340.3 162
-1340.1 150
-1339.9 145
-1339.7 136
-1339.5 134
-1339.3 118
-1339.1 119
-1338.9 115
-1338.7 138
-1338.5 129
-1338.3 106
-1338.1 115
-1337.9 107
-1337.7 101
-1337.5 110
-1337.3 104
-1337.1 114
-1336.9 87
-1336.7 80
-1336.5 95
-1336.3 80
-1336.1 102
-1335.9 88
-1335.7 91
-1335.5 95
-1335.3 76
-1335.1 72
-1334.9 82
-1334.7 67
-1334.5 73
-1334.3 79
-1334.1 80
-1333.9 55
-1333.7 66
-1333.5 67
-1333.3 65
-1333.1 55
-1332.9 54
-1332.7 56
-1332.5 57
-1332.3 65
-1332.1 59
-1331.9 51
-1331.7 43
-1331.5 42
-1331.3 31
-1331.1 48
-1330.9 38
-1330.7 39
-1330.5 41
-1330.3 42
-1330.1 44
-1329.9 32
-1329.7 30
-1329.5 39
-1329.3 31
-1329.1 36
-1328.9 31
-1328.7 35
-1328.5 27
-1328.3 34
-1328.1 40
-1327.9 27
-1327.7 36
-1327.5 21
-1327.3 26
-1327.1 29
-1326.9 19
-1326.7 26
-1326.5 11
-1326.3 11
-1326.1 28
-1325.9 20
-1325.7 15
-1325.5 12
-1325.3 25
-1325.1 17
-1324.9 17
-1324.7 18
-1324.5 14
-1324.3 14
-1324.1 16
-1323.9 16
-1323.7 16
-1323.5 19
-1323.3 18
-1323.1 14
-1322.9 9
-1322.7 13
-1322.5 13
-1322.3 8
-1322.1 10
-1321.9 19
-1321.7 9
-1321.5 19
-1321.3 13
-1321.1 10
-1320.9 10
-1320.7 14
-1320.5 11
-1320.3 5
-1320.1 9
-1319.9 14
-1319.7 11
-1319.5 7
-1319.3 13
-1319.1 18
-1318.9 11
-1318.7 10
-1318.5 10
-1318.3 8
-1318.1 11
-1317.9 17
-1317.7 10
-1317.5 13
-1317.3 14
-1317.1 9
-1316.9 7
-1316.7 10
-1316.5 8
-1316.3 13
-1316.1 8
-1315.9 11
-1315.7 9
-1315.5 4
-1315.3 11
-1315.1 11
-1314.9 8
-1314.7 8
-1314.5 12
-1314.3 3
-1314.1 7
-1313.9 7
-1313.7 12
-1313.5 9
-1313.3 3
-1313.1 5
-1312.9 6
-1312.7 10
-1312.5 7
-1312.3 9
-1312.1 8
-1311.9 13
-1311.7 9
-1311.5 12
-1311.3 9
-1311.1 14
-1310.9 6
-1310.7 5
-1310.5 6
-1310.3 7
-1310.1 7
-1309.9 10
-1309.7 2
-1309.5 19
-1309.3 5
-1309.1 8
-1308.9 5
-1308.7 15
-1308.5 6
-1308.3 12
-1308.1 11
-1307.9 8
-1307.7 9
-1307.5 5
-1307.3 7
-1307.1 4
-1306.9 11
-1306.7 14
-1306.5 4
-1306.3 9
-1306.1 7
-1305.9 8
-1305.7 9
-1305.5 12
-1305.3 7
-1305.1 11
-1304.9 8
-1304.7 8
-1304.5 1
-1304.3 10
-1304.1 6
-1303.9 4
-1303.7 5
-1303.5 6
-1303.3 8
-1303.1 10
-1302.9 15
-1302.7 9
-1302.5 4
-1302.3 12
-1302.1 8
-1301.9 8
-1301.7 8
-1301.5 8
-1301.3 12
-1301.1 8
-1300.9 13
-1300.7 5
-1300.5 10
-1300.3 3
-1300.1 6
