-1589.9 0
-1589.7 1
-1589.5 1
-1589.3 1
-1589.1 2
-1588.9 5
-1588.7 5
-1588.5 1
-1588.3 5
-1588.1 3
-1587.9 3
-1587.7 1
-1587.5 4
-1587.3 3
-1587.1 8
-1586.9 6
-1586.7 3
-1586.5 3
-1586.3 2
-1586.1 1
-1585.9 2
-1585.7 1
-1585.5 2
-1585.3 4
-1585.1 3
-1584.9 9
-1584.7 9
-1584.5 2
-1584.3 5
-1584.1 10
-1583.9 9
-1583.7 7
-1583.5 13
-1583.3 12
-1583.1 13
-1582.9 13
-1582.7 15
-1582.5 13
-1582.3 22
-1582.1 15
-1581.9 20
-1581.7 32
-1581.5 26
-1581.3 35
-1581.1 48
-1580.9 64
-1580.7 61
-1580.5 53
-1580.3 69
-1580.1 84
-1579.9 74
-1579.7 100
-1579.5 119
-1579.3 124
-1579.1 119
-1578.9 124
-1578.7 126
-1578.5 152
-1578.3 186
-1578.1 192
-1577.9 205
-1577.7 211
-1577.5 253
-1577.3 249
-1577.1 264
-1576.9 276
-1576.7 310
-1576.5 317
-1576.3 351
-1576.1 343
-1575.9 429
-1575.7 446
-1575.5 420
-1575.3 445
-1575.1 485
-1574.9 497
-1574.7 532
-1574.5 544
-1574.3 564
-1574.1 600
-1573.9 588
-1573.7 688
-1573.5 692
-1573.3 588
-1573.1 673
-1572.9 757
-1572.7 708
-1572.5 787
-1572.3 738
-1572.1 834
-1571.9 849
-1571.7 815
-1571.5 856
-1571.3 926
-1571.1 964
-1570.9 952
-1570.7 856
-1570.5 894
-1570.3 965
-1570.1 958
-1569.9 937
-1569.7 1037
-1569.5 984
-1569.3 1011
-1569.1 987
-1568.9 1064
-1568.7 1059
-1568.5 1015
-1568.3 1090
-1568.1 1093
-1567.9 1101
-1567.7 1111
-1567.5 1100
-1567.3 1141
-1567.1 1073
-1566.9 1245
-1566.7 1105
-1566.5 1174
-1566.3 1141
-1566.1 1150
-1565.9 1150
-1565.7 1228
-1565.5 1208
-1565.3 1118
-1565.1 1169
-1564.9 1203
-1564.7 1262
-1564.5 1163
-1564.3 1189
-1564.1 1135
-1563.9 1161
-1563.7 1154
-1563.5 1169
-1563.3 1125
-1563.1 1128
-1562.9 1079
-1562.7 1174
-1562.5 1115
-1562.3 1131
-1562.1 1166
-1561.9 1140
-1561.7 1141
-1561.5 1125
-1561.3 1069
-1561.1 1117
-1560.9 1174
-1560.7 1105
-1560.5 1052
-1560.3 1143
-1560.1 1098
-1559.9 1059
-1559.7 1089
-1559.5 1067
-1559.3 1126
-1559.1 1040
-1558.9 1066
-1558.7 1119
-1558.5 1051
-1558.3 1058
-1558.1 1056
-1557.9 1079
-1557.7 1079
-1557.5 1044
-1557.3 1061
-1557.1 1036
-1556.9 1047
-1556.7 1048
-1556.5 1028
-1556.3 968
-1556.1 1011
-1555.9 997
-1555.7 1013
-1555.5 1009
-1555.3 959
-1555.1 1010
-1554.9 940
-1554.7 1009
-1554.5 947
-1554.3 978
-1554.1 993
-1553.9 943
-1553.7 988
-1553.5 953
-1553.3 999
-1553.1 959
-1552.9 1020
-1552.7 947
-1552.5 934
-1552.3 945
-1552.1 990
-1551.9 867
-1551.7 948
-1551.5 947
-1551.3 956
-1551.1 953
-1550.9 957
-1550.7 951
-1550.5 914
-1550.3 973
-1550.1 922
-1549.9 939
-1549.7 958
-1549.5 949
-1549.3 943
-1549.1 874
-1548.9 913
-1548.7 919
-1548.5 938
-1548.3 899
-1548.1 949
-1547.9 963
-1547.7 917
-1547.5 890
-1547.3 906
-1547.1 854
-1546.9 903
-1546.7 945
-1546.5 892
-1546.3 856
-1546.1 865
-1545.9 920
-1545.7 876
-1545.5 898
-1545.3 916
-1545.1 853
-1544.9 896
-1544.7 848
-1544.5 903
-1544.3 939
-1544.1 875
-1543.9 900
-1543.7 864
-1543.5 942
-1543.3 930
-1543.1 933
-1542.9 892
-1542.7 895
-1542.5 919
-1542.3 855
-1542.1 859
-1541.9 885
-1541.7 877
-1541.5 917
-1541.3 891
-1541.1 901
-1540.9 889
-1540.7 838
-1540.5 887
-1540.3 899
-1540.1 899
-1539.9 830
-1539.7 848
-1539.5 885
-1539.3 882
-1539.1 897
-1538.9 883
-1538.7 893
-1538.5 840
-1538.3 856
-1538.1 865
-1537.9 842
-1537.7 826
-1537.5 875
-1537.3 886
-1537.1 881
-1536.9 852
-1536.7 867
-1536.5 931
-1536.3 865
-1536.1 860
-1535.9 864
-1535.7 899
-1535.5 865
-1535.3 933
-1535.1 856
-1534.9 867
-1534.7 908
-1534.5 904
-1534.3 903
-1534.1 896
-1533.9 896
-1533.7 888
-1533.5 866
-1533.3 920
-1533.1 894
-1532.9 890
-1532.7 871
-1532.5 886
-1532.3 890
-1532.1 857
-1531.9 873
-1531.7 840
-1531.5 836
-1531.3 906
-1531.1 852
-1530.9 892
-1530.7 880
-1530.5 812
-1530.3 914
-1530.1 794
-1529.9 820
-1529.7 818
-1529.5 839
-1529.3 857
-1529.1 838
-1528.9 857
-1528.7 816
-1528.5 818
-1528.3 837
-1528.1 757
-1527.9 841
-1527.7 811
-1527.5 827
-1527.3 822
-1527.1 803
-1526.9 821
-1526.7 757
-1526.5 796
-1526.3 774
-1526.1 800
-1525.9 752
-1525.7 747
-1525.5 753
-1525.3 767
-1525.1 738
-1524.9 815
-1524.7 789
-1524.5 777
-1524.3 773
-1524.1 796
-1523.9 821
-1523.7 808
-1523.5 800
-1523.3 835
-1523.1 833
-1522.9 803
-1522.7 777
-1522.5 771
-1522.3 795
-1522.1 804
-1521.9 795
-1521.7 826
-1521.5 829
-1521.3 850
-1521.1 854
-1520.9 865
-1520.7 891
-1520.5 830
-1520.3 877
-1520.1 917
-1519.9 872
-1519.7 881
-1519.5 827
-1519.3 921
-1519.1 928
-1518.9 860
-1518.7 875
-1518.5 901
-1518.3 847
-1518.1 855
-1517.9 887
-1517.7 911
-1517.5 993
-1517.3 924
-1517.1 993
-1516.9 982
-1516.7 931
-1516.5 930
-1516.3 845
-1516.1 922
-1515.9 878
-1515.7 889
-1515.5 908
-1515.3 855
-1515.1 907
-1514.9 917
-1514.7 912
-1514.5 896
-1514.3 865
-1514.1 858
-1513.9 837
-1513.7 863
-1513.5 856
-1513.3 809
-1513.1 871
-1512.9 836
-1512.7 932
-1512.5 850
-1512.3 826
-1512.1 866
-1511.9 826
-1511.7 865
-1511.5 775
-1511.3 816
-1511.1 784
-1510.9 771
-1510.7 795
-1510.5 830
-1510.3 785
-1510.1 827
-1509.9 749
-1509.7 782
-1509.5 773
-1509.3 783
-1509.1 779
-1508.9 798
-1508.7 796
-1508.5 782
-1508.3 823
-1508.1 774
-1507.9 759
-1507.7 794
-1507.5 809
-1507.3 818
-1507.1 738
-1506.9 782
-1506.7 834
-1506.5 774
-1506.3 800
-1506.1 781
-1505.9 767
-1505.7 767
-1505.5 810
-1505.3 765
-1505.1 772
-1504.9 818
-1504.7 790
-1504.5 783
-1504.3 873
-1504.1 827
-1503.9 834
-1503.7 877
-1503.5 866
-1503.3 861
-1503.1 851
-1502.9 845
-1502.7 906
-1502.5 914
-1502.3 872
-1502.1 923
-1501.9 877
-1501.7 916
-1501.5 881
-1501.3 884
-1501.1 915
-1500.9 929
-1500.7 960
-1500.5 887
-1500.3 891
-1500.1 932
-1499.9 908
-1499.7 924
-1499.5 940
-1499.3 915
-1499.1 908
-1498.9 908
-1498.7 946
-1498.5 902
-1498.3 870
-1498.1 912
-1497.9 950
-1497.7 904
-1497.5 903
-1497.3 903
-1497.1 898
-1496.9 876
-1496.7 879
-1496.5 899
-1496.3 881
-1496.1 897
-1495.9 919
-1495.7 821
-1495.5 841
-1495.3 895
-1495.1 885
-1494.9 840
-1494.7 886
-1494.5 810
-1494.3 850
-1494.1 804
-1493.9 857
-1493.7 825
-1493.5 819
-1493.3 822
-1493.1 842
-1492.9 804
-1492.7 806
-1492.5 869
-1492.3 817
-1492.1 806
-1491.9 768
-1491.7 824
-1491.5 826
-1491.3 822
-1491.1 792
-1490.9 772
-1490.7 832
-1490.5 796
-1490.3 792
-1490.1 779
-1489.9 816
-1489.7 751
-1489.5 770
-1489.3 784
-1489.1 846
-1488.9 781
-1488.7 758
-1488.5 810
-1488.3 843
-1488.1 795
-1487.9 811
-1487.7 840
-1487.5 772
-1487.3 812
-1487.1 841
-1486.9 853
-1486.7 868
-1486.5 861
-1486.3 865
-1486.1 825
-1485.9 819
-1485.7 928
-1485.5 876
-1485.3 849
-1485.1 894
-1484.9 915
-1484.7 868
-1484.5 908
-1484.3 897
-1484.1 893
-1483.9 888
-1483.7 916
-1483.5 883
-1483.3 946
-1483.1 914
-1482.9 954
-1482.7 936
-1482.5 898
-1482.3 894
-1482.1 873
-1481.9 908
-1481.7 894
-1481.5 889
-1481.3 931
-1481.1 940
-1480.9 864
-1480.7 927
-1480.5 902
-1480.3 900
-1480.1 897
-1479.9 942
-1479.7 930
-1479.5 894
-1479.3 874
-1479.1 884
-1478.9 878
-1478.7 861
-1478.5 888
-1478.3 867
-1478.1 837
-1477.9 858
-1477.7 919
-1477.5 830
-1477.3 866
-1477.1 848
-1476.9 859
-1476.7 880
-1476.5 855
-1476.3 858
-1476.1 876
-1475.9 831
-1475.7 812
-1475.5 817
-1475.3 821
-1475.1 819
-1474.9 799
-1474.7 828
-1474.5 882
-1474.3 784
-1474.1 824
-1473.9 851
-1473.7 825
-1473.5 811
-1473.3 838
-1473.1 809
-1472.9 892
-1472.7 801
-1472.5 816
-1472.3 777
-1472.1 831
-1471.9 781
-1471.7 816
-1471.5 770
-1471.3 828
-1471.1 798
-1470.9 811
-1470.7 805
-1470.5 883
-1470.3 821
-1470.1 890
-1469.9 875
-1469.7 810
-1469.5 871
-1469.3 846
-1469.1 840
-1468.9 844
-1468.7 858
-1468.5 844
-1468.3 831
-1468.1 856
-1467.9 845
-1467.7 850
-1467.5 873
-1467.3 880
-1467.1 848
-1466.9 893
-1466.7 865
-1466.5 928
-1466.3 875
-1466.1 885
-1465.9 947
-1465.7 893
-1465.5 859
-1465.3 916
-1465.1 905
-1464.9 907
-1464.7 858
-1464.5 852
-1464.3 1023
-1464.1 895
-1463.9 882
-1463.7 907
-1463.5 898
-1463.3 939
-1463.1 872
-1462.9 872
-1462.7 915
-1462.5 892
-1462.3 904
-1462.1 839
-1461.9 897
-1461.7 890
-1461.5 901
-1461.3 890
-1461.1 921
-1460.9 906
-1460.7 935
-1460.5 877
-1460.3 873
-1460.1 865
-1459.9 916
-1459.7 881
-1459.5 903
-1459.3 872
-1459.1 787
-1458.9 830
-1458.7 822
-1458.5 875
-1458.3 866
-1458.1 893
-1457.9 819
-1457.7 860
-1457.5 851
-1457.3 816
-1457.1 810
-1456.9 797
-1456.7 830
-1456.5 800
-1456.3 865
-1456.1 838
-1455.9 839
-1455.7 793
-1455.5 793
-1455.3 857
-1455.1 882
-1454.9 844
-1454.7 797
-1454.5 875
-1454.3 798
-1454.1 839
-1453.9 812
-1453.7 811
-1453.5 806
-1453.3 817
-1453.1 808
-1452.9 863
-1452.7 843
-1452.5 809
-1452.3 865
-1452.1 819
-1451.9 875
-1451.7 857
-1451.5 843
-1451.3 818
-1451.1 849
-1450.9 877
-1450.7 860
-1450.5 847
-1450.3 869
-1450.1 852
-1449.9 841
-1449.7 843
-1449.5 909
-1449.3 894
-1449.1 900
-1448.9 864
-1448.7 880
-1448.5 894
-1448.3 934
-1448.1 857
-1447.9 904
-1447.7 986
-1447.5 906
-1447.3 905
-1447.1 893
-1446.9 900
-1446.7 876
-1446.5 928
-1446.3 921
-1446.1 871
-1445.9 930
-1445.7 930
-1445.5 872
-1445.3 915
-1445.1 908
-1444.9 865
-1444.7 883
-1444.5 875
-1444.3 876
-1444.1 882
-1443.9 845
-1443.7 919
-1443.5 832
-1443.3 877
-1443.1 886
-1442.9 864
-1442.7 907
-1442.5 922
-1442.3 840
-1442.1 887
-1441.9 860
-1441.7 830
-1441.5 802
-1441.3 804
-1441.1 844
-1440.9 813
-1440.7 896
-1440.5 813
-1440.3 852
-1440.1 882
-1439.9 864
-1439.7 951
-1439.5 823
-1439.3 849
-1439.1 847
-1438.9 815
-1438.7 823
-1438.5 797
-1438.3 852
-1438.1 798
-1437.9 840
-1437.7 854
-1437.5 813
-1437.3 850
-1437.1 853
-1436.9 828
-1436.7 865
-1436.5 855
-1436.3 786
-1436.1 822
-1435.9 796
-1435.7 839
-1435.5 819
-1435.3 875
-1435.1 774
-1434.9 908
-1434.7 877
-1434.5 904
-1434.3 901
-1434.1 855
-1433.9 819
-1433.7 836
-1433.5 860
-1433.3 871
-1433.1 874
-1432.9 879
-1432.7 836
-1432.5 860
-1432.3 828
-1432.1 910
-1431.9 885
-1431.7 841
-1431.5 920
-1431.3 873
-1431.1 906
-1430.9 851
-1430.7 903
-1430.5 905
-1430.3 905
-1430.1 890
-1429.9 913
-1429.7 892
-1429.5 878
-1429.3 868
-1429.1 894
-1428.9 901
-1428.7 859
-1428.5 867
-1428.3 865
-1428.1 938
-1427.9 881
-1427.7 864
-1427.5 865
-1427.3 883
-1427.1 875
-1426.9 865
-1426.7 847
-1426.5 864
-1426.3 833
-1426.1 900
-1425.9 860
-1425.7 920
-1425.5 869
-1425.3 845
-1425.1 889
-1424.9 895
-1424.7 866
-1424.5 876
-1424.3 858
-1424.1 832
-1423.9 863
-1423.7 873
-1423.5 859
-1423.3 815
-1423.1 861
-1422.9 849
-1422.7 839
-1422.5 842
-1422.3 818
-1422.1 810
-1421.9 870
-1421.7 823
-1421.5 853
-1421.3 830
-1421.1 835
-1420.9 818
-1420.7 847
-1420.5 849
-1420.3 898
-1420.1 894
-1419.9 852
-1419.7 899
-1419.5 832
-1419.3 863
-1419.1 864
-1418.9 814
-1418.7 852
-1418.5 829
-1418.3 834
-1418.1 837
-1417.9 869
-1417.7 869
-1417.5 870
-1417.3 828
-1417.1 827
-1416.9 903
-1416.7 837
-1416.5 844
-1416.3 861
-1416.1 902
-1415.9 872
-1415.7 879
-1415.5 829
-1415.3 902
-1415.1 883
-1414.9 918
-1414.7 864
-1414.5 872
-1414.3 832
-1414.1 907
-1413.9 815
-1413.7 876
-1413.5 843
-1413.3 846
-1413.1 910
-1412.9 873
-1412.7 867
-1412.5 912
-1412.3 834
-1412.1 891
-1411.9 878
-1411.7 863
-1411.5 871
-1411.3 832
-1411.1 865
-1410.9 864
-1410.7 843
-1410.5 826
-1410.3 852
-1410.1 851
-1409.9 871
-1409.7 852
-1409.5 809
-1409.3 844
-1409.1 860
-1408.9 842
-1408.7 872
-1408.5 836
-1408.3 852
-1408.1 874
-1407.9 819
-1407.7 830
-1407.5 948
-1407.3 876
-1407.1 846
-1406.9 836
-1406.7 814
-1406.5 866
-1406.3 839
-1406.1 838
-1405.9 926
-1405.7 881
-1405.5 854
-1405.3 830
-1405.1 822
-1404.9 850
-1404.7 813
-1404.5 880
-1404.3 832
-1404.1 876
-1403.9 875
-1403.7 865
-1403.5 865
-1403.3 829
-1403.1 864
-1402.9 852
-1402.7 856
-1402.5 871
-1402.3 898
-1402.1 896
-1401.9 853
-1401.7 886
-1401.5 868
-1401.3 851
-1401.1 850
-1400.9 823
-1400.7 822
-1400.5 794
-1400.3 827
-1400.1 857
-1399.9 832
-1399.7 874
-1399.5 813
-1399.3 854
-1399.1 874
-1398.9 907
-1398.7 824
-1398.5 870
-1398.3 850
-1398.1 827
-1397.9 838
-1397.7 818
-1397.5 846
-1397.3 861
-1397.1 803
-1396.9 914
-1396.7 882
-1396.5 854
-1396.3 895
-1396.1 863
-1395.9 837
-1395.7 841
-1395.5 853
-1395.3 879
-1395.1 855
-1394.9 900
-1394.7 875
-1394.5 852
-1394.3 905
-1394.1 841
-1393.9 839
-1393.7 866
-1393.5 809
-1393.3 916
-1393.1 865
-1392.9 872
-1392.7 853
-1392.5 822
-1392.3 857
-1392.1 901
-1391.9 816
-1391.7 846
-1391.5 855
-1391.3 820
-1391.1 880
-1390.9 884
-1390.7 897
-1390.5 838
-1390.3 825
-1390.1 811
-1389.9 821
-1389.7 888
-1389.5 874
-1389.3 821
-1389.1 884
-1388.9 847
-1388.7 869
-1388.5 827
-1388.3 807
-1388.1 817
-1387.9 856
-1387.7 796
-1387.5 830
-1387.3 818
-1387.1 824
-1386.9 895
-1386.7 833
-1386.5 807
-1386.3 854
-1386.1 820
-1385.9 824
-1385.7 858
-1385.5 839
-1385.3 852
-1385.1 865
-1384.9 802
-1384.7 846
-1384.5 800
-1384.3 861
-1384.1 813
-1383.9 865
-1383.7 855
-1383.5 870
-1383.3 856
-1383.1 825
-1382.9 820
-1382.7 838
-1382.5 821
-1382.3 906
-1382.1 853
-1381.9 837
-1381.7 916
-1381.5 887
-1381.3 807
-1381.1 862
-1380.9 863
-1380.7 809
-1380.5 826
-1380.3 874
-1380.1 827
-1379.9 891
-1379.7 843
-1379.5 897
-1379.3 851
-1379.1 835
-1378.9 870
-1378.7 842
-1378.5 864
-1378.3 841
-1378.1 841
-1377.9 824
-1377.7 870
-1377.5 845
-1377.3 913
-1377.1 828
-1376.9 821
-1376.7 804
-1376.5 876
-1376.3 886
-1376.1 838
-1375.9 822
-1375.7 875
-1375.5 868
-1375.3 837
-1375.1 915
-1374.9 870
-1374.7 828
-1374.5 894
-1374.3 877
-1374.1 876
-1373.9 834
-1373.7 795
-1373.5 837
-1373.3 880
-1373.1 857
-1372.9 821
-1372.7 847
-1372.5 883
-1372.3 826
-1372.1 860
-1371.9 799
-1371.7 876
-1371.5 846
-1371.3 775
-1371.1 800
-1370.9 787
-1370.7 826
-1370.5 828
-1370.3 800
-1370.1 784
-1369.9 763
-1369.7 801
-1369.5 787
-1369.3 804
-1369.1 749
-1368.9 805
-1368.7 807
-1368.5 800
-1368.3 809
-1368.1 741
-1367.9 747
-1367.7 714
-1367.5 735
-1367.3 713
-1367.1 757
-1366.9 742
-1366.7 720
-1366.5 716
-1366.3 713
-1366.1 687
-1365.9 665
-1365.7 754
-1365.5 710
-1365.3 688
-1365.1 601
-1364.9 683
-1364.7 674
-1364.5 637
-1364.3 668
-1364.1 655
-1363.9 640
-1363.7 611
-1363.5 594
-1363.3 608
-1363.1 649
-1362.9 610
-1362.7 622
-1362.5 600
-1362.3 618
-1362.1 603
-1361.9 544
-1361.7 582
-1361.5 536
-1361.3 555
-1361.1 531
-1360.9 530
-1360.7 533
-1360.5 498
-1360.3 509
-1360.1 506
-1359.9 535
-1359.7 504
-1359.5 479
-1359.3 471
-1359.1 425
-1358.9 424
-1358.7 449
-1358.5 396
-1358.3 436
-1358.1 478
-1357.9 439
-1357.7 403
-1357.5 421
-1357.3 399
-1357.1 370
-1356.9 380
-1356.7 393
-1356.5 396
-1356.3 368
-1356.1 365
-1355.9 327
-1355.7 386
-1355.5 342
-1355.3 324
-1355.1 318
-1354.9 291
-1354.7 306
-1354.5 361
-1354.3 328
-1354.1 334
-1353.9 312
-1353.7 298
-1353.5 289
-1353.3 290
-1353.1 294
-1352.9 268
-1352.7 314
-1352.5 269
-1352.3 290
-1352.1 263
-1351.9 255
-1351.7 303
-1351.5 252
-1351.3 235
-1351.1 222
-1350.9 249
-1350.7 262
-1350.5 244
-1350.3 225
-1350.1 217
-1349.9 197
-1349.7 214
-1349.5 226
-1349.3 230
-1349.1 202
-1348.9 186
-1348.7 233
-1348.5 204
-1348.3 193
-1348.1 177
-1347.9 176
-1347.7 164
-1347.5 179
-1347.3 150
-1347.1 138
-1346.9 178
-1346.7 156
-1346.5 162
-1346.3 167
-1346.1 168
-1345.9 161
-1345.7 138
-1345.5 149
-1345.3 153
-1345.1 140
-1344.9 127
-1344.7 137
-1344.5 131
-1344.3 123
-1344.1 148
-1343.9 110
-1343.7 127
-1343.5 107
-1343.3 122
-1343.1 106
-1342.9 98
-1342.7 90
-1342.5 90
-1342.3 111
-1342.1 100
-1341.9 95
-1341.7 81
-1341.5 89
-1341.3 88
-1341.1 77
-1340.9 90
-1340.7 92
-1340.5 76
-1340.3 72
-1340.1 78
-1339.9 75
-1339.7 86
-1339.5 80
-1339.3 81
-1339.1 65
-1338.9 66
-1338.7 50
-1338.5 61
-1338.3 51
-1338.1 60
-1337.9 47
-1337.7 45
-1337.5 51
-1337.3 52
-1337.1 49
-1336.9 52
-1336.7 40
-1336.5 54
-1336.3 46
-1336.1 39
-1335.9 32
-1335.7 34
-1335.5 42
-1335.3 33
-1335.1 43
-1334.9 38
-1334.7 38
-1334.5 31
-1334.3 28
-1334.1 30
-1333.9 32
-1333.7 30
-1333.5 13
-1333.3 33
-1333.1 36
-1332.9 23
-1332.7 18
-1332.5 25
-1332.3 27
-1332.1 21
-1331.9 13
-1331.7 18
-1331.5 14
-1331.3 21
-1331.1 24
-1330.9 20
-1330.7 12
-1330.5 21
-1330.3 15
-1330.1 13
-1329.9 21
-1329.7 9
-1329.5 11
-1329.3 20
-1329.1 11
-1328.9 16
-1328.7 15
-1328.5 9
-1328.3 19
-1328.1 10
-1327.9 15
-1327.7 18
-1327.5 10
-1327.3 9
-1327.1 13
-1326.9 12
-1326.7 8
-1326.5 11
-1326.3 13
-1326.1 16
-1325.9 16
-1325.7 14
-1325.5 14
-1325.3 12
-1325.1 10
-1324.9 10
-1324.7 10
-1324.5 11
-1324.3 9
-1324.1 13
-1323.9 8
-1323.7 9
-1323.5 7
-1323.3 9
-1323.1 4
-1322.9 8
-1322.7 13
-1322.5 7
-1322.3 9
-1322.1 10
-1321.9 12
-1321.7 7
-1321.5 10
-1321.3 14
-1321.1 7
-1320.9 10
-1320.7 7
-1320.5 9
-1320.3 10
-1320.1 17
-1319.9 6
-1319.7 8
-1319.5 9
-1319.3 11
-1319.1 6
-1318.9 13
-1318.7 8
-1318.5 5
-1318.3 8
-1318.1 6
-1317.9 8
-1317.7 4
-1317.5 8
-1317.3 7
-1317.1 4
-1316.9 5
-1316.7 6
-1316.5 5
-1316.3 10
-1316.1 9
-1315.9 3
-1315.7 10
-1315.5 6
-1315.3 7
-1315.1 13
-1314.9 7
-1314.7 6
-1314.5 6
-1314.3 5
-1314.1 11
-1313.9 7
-1313.7 8
-1313.5 6
-1313.3 8
-1313.1 8
-1312.9 11
-1312.7 7
-1312.5 7
-1312.3 7
-1312.1 7
-1311.9 6
-1311.7 7
-1311.5 8
-1311.3 5
-1311.1 10
-1310.9 9
-1310.7 4
-1310.5 7
-1310.3 8
-1310.1 7
-1309.9 8
-1309.7 9
-1309.5 5
-1309.3 3
-1309.1 5
-1308.9 3
-1308.7 7
-1308.5 7
-1308.3 6
-1308.1 6
-1307.9 7
-1307.7 4
-1307.5 9
-1307.3 11
-1307.1 7
-1306.9 4
-1306.7 7
-1306.5 7
-1306.3 10
-1306.1 5
-1305.9 12
-1305.7 8
-1305.5 9
-1305.3 6
-1305.1 4
-1304.9 5
-1304.7 7
-1304.5 9
-1304.3 9
-1304.1 7
-1303.9 9
-1303.7 9
-1303.5 9
-1303.3 10
-1303.1 6
-1302.9 4
-1302.7 7
-1302.5 3
-1302.3 4
-1302.1 4
-1301.9 7
-1301.7 6
-1301.5 3
-1301.3 5
-1301.1 7
-1300.9 6
-1300.7 7
-1300.5 6
-1300.3 7
-1300.1 11
